-0.9805133874 -0.9999645038 -0.7361595222 -0.8590953175 -0.8432893132 -0.7775559128 -0.8386550515 -0.8868721920 -0.8727226967 -0.8493243890 0.7642960388 -0.9911836582 -0.8539530387 -0.8474236171
-0.9800378179 -0.9998880738 -0.7355015026 -0.8587040269 -0.8430713464 -0.7773280503 -0.8386865342 -0.8865029427 -0.8725127704 -0.8490700325 0.7631382306 -0.9915402369 -0.8538105454 -0.8461853881
-0.9795252674 -0.9997694328 -0.7348737921 -0.8583120354 -0.8428600411 -0.7771255881 -0.8387300662 -0.8861253645 -0.8723011738 -0.8488200106 0.7619945163 -0.9918702955 -0.8536728746 -0.8449360447
-0.9789744642 -0.9996073040 -0.7342742802 -0.8579175756 -0.8426534920 -0.7769463774 -0.8387836123 -0.8857377847 -0.8720861088 -0.8485724573 0.7608631173 -0.9921722269 -0.8535381271 -0.8436741581
-0.9783841367 -0.9994004102 -0.7337008564 -0.8575188800 -0.8424497938 -0.7767882696 -0.8388451369 -0.8853385307 -0.8718657774 -0.8483255065 0.7597422547 -0.9924444238 -0.8534044038 -0.8423982992
-0.9777530134 -0.9991474746 -0.7331514103 -0.8571141813 -0.8422470412 -0.7766491160 -0.8389126047 -0.8849259297 -0.8716383817 -0.8480772920 0.7586301499 -0.9926852790 -0.8532698054 -0.8411070391
-0.9770798225 -0.9988472200 -0.7326238313 -0.8567017118 -0.8420433288 -0.7765267679 -0.8389839801 -0.8844983091 -0.8714021236 -0.8478259477 0.7575250242 -0.9928931853 -0.8531324327 -0.8397989487
-0.9763632926 -0.9984983696 -0.7321160089 -0.8562797043 -0.8418367513 -0.7764190766 -0.8390572277 -0.8840539963 -0.8711552053 -0.8475696074 0.7564250988 -0.9930665356 -0.8529903865 -0.8384725992
-0.9756021519 -0.9980996463 -0.7316258327 -0.8558463911 -0.8416254034 -0.7763238935 -0.8391303120 -0.8835913184 -0.8708958286 -0.8473064050 0.7553285952 -0.9932037226 -0.8528417677 -0.8371265614
-0.9747951288 -0.9976497731 -0.7311511921 -0.8554000049 -0.8414073799 -0.7762390698 -0.8392011977 -0.8831086028 -0.8706221956 -0.8470344744 0.7542337344 -0.9933031392 -0.8526846770 -0.8357594066
-0.9739409517 -0.9971474730 -0.7306899767 -0.8549387783 -0.8411807752 -0.7761624570 -0.8392678493 -0.8826041769 -0.8703325084 -0.8467519494 0.7531387380 -0.9933631781 -0.8525172152 -0.8343697055
-0.9730383490 -0.9965914690 -0.7302400760 -0.8544609436 -0.8409436842 -0.7760919062 -0.8393282313 -0.8820763679 -0.8700249689 -0.8464569640 0.7520418270 -0.9933822321 -0.8523374831 -0.8329560294
-0.9720860490 -0.9959804842 -0.7297993794 -0.8539647336 -0.8406942015 -0.7760252689 -0.8393803083 -0.8815235033 -0.8696977792 -0.8461476519 0.7509412230 -0.9933586942 -0.8521435816 -0.8315169491
-0.9710827802 -0.9953132414 -0.7293657765 -0.8534483807 -0.8404304218 -0.7759603963 -0.8394220448 -0.8809439101 -0.8693491413 -0.8458221470 0.7498351470 -0.9932909570 -0.8519336114 -0.8300510358
-0.9700272708 -0.9945884638 -0.7289371567 -0.8529101175 -0.8401504398 -0.7758951397 -0.8394514054 -0.8803359159 -0.8689772572 -0.8454785833 0.7487218204 -0.9931774133 -0.8517056733 -0.8285568604
-0.9689182494 -0.9938048743 -0.7285114096 -0.8523481765 -0.8398523501 -0.7758273506 -0.8394663547 -0.8796978479 -0.8685803289 -0.8451150945 0.7475994646 -0.9930164561 -0.8514578681 -0.8270329940
-0.9677544442 -0.9929611960 -0.7280864248 -0.8517607903 -0.8395342474 -0.7757548801 -0.8394648572 -0.8790280335 -0.8681565585 -0.8447298146 0.7464663008 -0.9928064780 -0.8511882966 -0.8254780075
-0.9665345837 -0.9920561517 -0.7276600916 -0.8511461914 -0.8391942265 -0.7756755796 -0.8394448774 -0.8783247998 -0.8677041479 -0.8443208773 0.7453205502 -0.9925458720 -0.8508950596 -0.8238904720
-0.9652573961 -0.9910884646 -0.7272302996 -0.8505026124 -0.8388303819 -0.7755873005 -0.8394043799 -0.8775864744 -0.8672212992 -0.8438864166 0.7441604342 -0.9922330307 -0.8505762580 -0.8222689586
-0.9639216100 -0.9900568577 -0.7267949383 -0.8498282857 -0.8384408084 -0.7754878940 -0.8393413293 -0.8768113843 -0.8667062144 -0.8434245664 0.7429841742 -0.9918663470 -0.8502299925 -0.8206120381
-0.9625259536 -0.9889600538 -0.7263518972 -0.8491214440 -0.8380236006 -0.7753752115 -0.8392536901 -0.8759978571 -0.8661570955 -0.8429334604 0.7417899912 -0.9914442137 -0.8498543638 -0.8189182818
-0.9610691554 -0.9877967761 -0.7258990658 -0.8483803198 -0.8375768532 -0.7752471043 -0.8391394269 -0.8751442200 -0.8655721445 -0.8424112326 0.7405761068 -0.9909650236 -0.8494474729 -0.8171862605
-0.9595499437 -0.9865657476 -0.7254343336 -0.8476031456 -0.8370986610 -0.7751014237 -0.8389965042 -0.8742488003 -0.8649495634 -0.8418560169 0.7393407421 -0.9904271696 -0.8490074205 -0.8154145452
-0.9579670469 -0.9852656911 -0.7249555902 -0.8467881540 -0.8365871185 -0.7749360210 -0.8388228865 -0.8733099253 -0.8642875544 -0.8412659470 0.7380821184 -0.9898290443 -0.8485323074 -0.8136017071
-0.9563191933 -0.9838953299 -0.7244607250 -0.8459335775 -0.8360403204 -0.7747487475 -0.8386165385 -0.8723259224 -0.8635843193 -0.8406391569 0.7367984571 -0.9891690407 -0.8480202344 -0.8117463171
-0.9546051114 -0.9824533867 -0.7239476275 -0.8450376487 -0.8354563615 -0.7745374546 -0.8383754247 -0.8712951189 -0.8628380601 -0.8399737804 0.7354879794 -0.9884455515 -0.8474693023 -0.8098469463
-0.9528235296 -0.9809385847 -0.7234141872 -0.8440986001 -0.8348333364 -0.7742999936 -0.8380975096 -0.8702158420 -0.8620469790 -0.8392679514 0.7341489066 -0.9876569696 -0.8468776119 -0.8079021656
-0.9509731761 -0.9793496469 -0.7228582937 -0.8431146643 -0.8341693398 -0.7740342158 -0.8377807579 -0.8690864191 -0.8612092780 -0.8385198038 0.7327794601 -0.9868016877 -0.8462432640 -0.8059105461
-0.9490527795 -0.9776852962 -0.7222778365 -0.8420840737 -0.8334624663 -0.7737379725 -0.8374231339 -0.8679051775 -0.8603231589 -0.8377274713 0.7313778610 -0.9858780986 -0.8455643595 -0.8038706589
-0.9470610679 -0.9759442556 -0.7216707050 -0.8410050610 -0.8327108107 -0.7734091150 -0.8370226024 -0.8666704445 -0.8593868240 -0.8368890880 0.7299423308 -0.9848845952 -0.8448389990 -0.8017810748
