-0.5088210696 -0.1720897057 -0.4718505562 -0.1010939940 0.5055044192 -0.0877599700 -0.4690500612 -0.1192916961 0.4626365486 -0.0488287514 -0.0356947380 -0.1500086517 0.0050017740 -0.0153113022
-0.4857141294 -0.1525210535 -0.4490177298 -0.0816433777 0.5197108159 -0.0683321193 -0.4458987058 -0.0993294351 0.4772133505 -0.0296868148 -0.0534305317 -0.1305000917 0.0243355012 0.0041382316
-0.4619542517 -0.1325154992 -0.4255604702 -0.0618255237 0.5338529632 -0.0485500919 -0.4221368326 -0.0790006354 0.4917562882 -0.0102203770 -0.0714566717 -0.1105753955 0.0439300662 0.0238653733
-0.4375338199 -0.1120681279 -0.4014715427 -0.0416367252 0.5479284679 -0.0284104073 -0.3977576811 -0.0583017643 0.5062634089 0.0095736026 -0.0897760328 -0.0902300002 0.0637873106 0.0438722278
-0.4124452173 -0.0911740246 -0.3767437124 -0.0210732752 0.5619349367 -0.0079095849 -0.3727544911 -0.0372292895 0.5207327598 0.0296981644 -0.1083914900 -0.0694593431 0.0839090762 0.0641608999
-0.3866808273 -0.0698282743 -0.3513697446 -0.0001314670 0.5758699762 0.0129558560 -0.3471205022 -0.0157796784 0.5351623878 0.0501563491 -0.1273059180 -0.0482588615 0.1042972046 0.0847334944
-0.3602330333 -0.0480259620 -0.3253424045 0.0211924063 0.5897311932 0.0341893958 -0.3208489542 0.0060506014 0.5495503402 0.0709511971 -0.1465221917 -0.0266239927 0.1249535375 0.1055921162
-0.3330942187 -0.0257621727 -0.2986544573 0.0429020518 0.6035161944 0.0557945153 -0.2939330867 0.0282650825 0.5638946639 0.0920857489 -0.1660431859 -0.0045501738 0.1458799164 0.1267388700
-0.3052567669 -0.0030319916 -0.2712986683 0.0650011761 0.6172225865 0.0777746948 -0.2663661395 0.0508672973 0.5781934062 0.1135630450 -0.1858717754 0.0179671579 0.1670781832 0.1481758608
-0.2767130612 0.0201694965 -0.2432678026 0.0874934862 0.6308479761 0.1001334151 -0.2381413522 0.0738607783 0.5924446141 0.1353861261 -0.2060108351 0.0409325650 0.1885501795 0.1699051934
-0.2474554850 0.0438472066 -0.2145546255 0.1103826891 0.6443899700 0.1228741567 -0.2092519644 0.0972490580 0.6066463348 0.1575580325 -0.2264632398 0.0643506105 0.2102977468 0.1919289726
-0.2174764217 0.0680060534 -0.1851519023 0.1336724915 0.6578461749 0.1460004002 -0.1796912160 0.1210356689 0.6207966152 0.1800818048 -0.2472318644 0.0882258569 0.2323227270 0.2142493032
-0.1867682547 0.0926509522 -0.1550523980 0.1573666003 0.6712141974 0.1695156262 -0.1494523465 0.1452241435 0.6348935026 0.2029604836 -0.2683195837 0.1125628671 0.2546269616 0.2368682901
-0.1553233674 0.1177868178 -0.1242488780 0.1814687225 0.6844916443 0.1934233153 -0.1185285957 0.1698180142 0.6489350440 0.2261971092 -0.2897292724 0.1373662039 0.2772122923 0.2597880381
-0.1231341431 0.1434185652 -0.0927341075 0.2059825649 0.6976761223 0.2177269480 -0.0869132032 0.1948208137 0.6629192865 0.2497947224 -0.3114638056 0.1626404298 0.3000805609 0.2830106520
-0.0901929653 0.1695511095 -0.0605008517 0.2309118344 0.7107652380 0.2424300049 -0.0545994088 0.2202360743 0.6768442773 0.2737563635 -0.3335260579 0.1883901078 0.3232336088 0.3065382367
-0.0564922173 0.1961893655 -0.0275418758 0.2562602378 0.7237565982 0.2675359666 -0.0215804521 0.2460673285 0.6907080634 0.2980850732 -0.3559189043 0.2146198006 0.3466732779 0.3303728970
-0.0220242824 0.2233382483 0.0061500550 0.2820314821 0.7366478096 0.2930483137 0.0121504272 0.2723181089 0.7045086920 0.3227838918 -0.3786452195 0.2413340708 0.3704014098 0.3545167378
0.0132184558 0.2510026729 0.0405821755 0.3082292742 0.7494364788 0.3189705267 0.0465999893 0.2989919479 0.7182442101 0.3478558600 -0.4017078784 0.2685374814 0.3944198461 0.3789718639
0.0492436141 0.2791875542 0.0757617203 0.3348573208 0.7621202126 0.3453060863 0.0817749947 0.3260923781 0.7319126648 0.3733040182 -0.4251097559 0.2962345949 0.4187304285 0.4037403800
0.0860588091 0.3078978072 0.1116959244 0.3619193289 0.7746966176 0.3720584731 0.1176822036 0.3536229318 0.7455121033 0.3991314070 -0.4488537267 0.3244299741 0.4433349987 0.4288243912
0.1236716573 0.3371383469 0.1483920225 0.3894190054 0.7871633006 0.3992311675 0.1543283763 0.3815871417 0.7590405727 0.4253410669 -0.4729426658 0.3531281819 0.4682353984 0.4542260021
0.1620897755 0.3669140883 0.1858572493 0.4173600572 0.7995178683 0.4268276502 0.1917202731 0.4099885401 0.7724961200 0.4519360384 -0.4973794479 0.3823337809 0.4934334691 0.4799473176
0.2013207801 0.3972299464 0.2240988397 0.4457461911 0.8117579273 0.4548514019 0.2298646545 0.4388306596 0.7858767924 0.4789193620 -0.5221669479 0.4120513339 0.5189310527 0.5059904426
0.2413722879 0.4280908361 0.2631240284 0.4745811139 0.8238810844 0.4833059029 0.2687682805 0.4681170327 0.7991806369 0.5062940782 -0.5473080406 0.4422854037 0.5447299906 0.5323574819
0.2822519155 0.4595016724 0.3029400502 0.5038685327 0.8358849462 0.5121946340 0.3084379117 0.4978511919 0.8124057007 0.5340632276 -0.5728056008 0.4730405529 0.5708321247 0.5590505403
0.3239672794 0.4914673704 0.3435541399 0.5336121543 0.8477671195 0.5415210757 0.3488803082 0.5280366696 0.8255500309 0.5622298507 -0.5986625035 0.5043213444 0.5972392965 0.5860717227
0.3665259963 0.5239928449 0.3849735322 0.5638156855 0.8595252110 0.5712887086 0.3901022305 0.5586769983 0.8386116746 0.5907969880 -0.6248816234 0.5361323409 0.6239533478 0.6134231339
0.4099356829 0.5570830110 0.4272054620 0.5944828332 0.8711568273 0.6015010133 0.4321104387 0.5897757106 0.8515886788 0.6197676800 -0.6514658353 0.5684781051 0.6509761201 0.6411068787
0.4542039556 0.5907427836 0.4702571641 0.6256173044 0.8826595751 0.6321614704 0.4749116933 0.6213363389 0.8644790907 0.6491449672 -0.6784180142 0.6013631998 0.6783094552 0.6691250620
