-0.8913456752 -0.6306086702 -0.9036392853 -0.5466621001 0.0020439059 -0.5084630418 -0.9033866519 -0.5515930091 0.0082600158 -0.4816199470 0.4264878047 -0.6040288316 -0.3830989216 -0.3356473222
-0.8882359706 -0.6271666478 -0.9006565903 -0.5430139536 0.0070037229 -0.5048870937 -0.9004279313 -0.5479857165 0.0131168439 -0.4778896163 0.4225331469 -0.6002625920 -0.3789906108 -0.3320838711
-0.8850753515 -0.6236868966 -0.8976216840 -0.5393323794 0.0119690081 -0.5012789529 -0.8974174814 -0.5443446184 0.0179793364 -0.4741288532 0.4185512687 -0.5964611122 -0.3748575077 -0.3284951810
-0.8818635384 -0.6201692023 -0.8945342764 -0.5356171997 0.0169397058 -0.4976384424 -0.8943550010 -0.5406695322 0.0228474459 -0.4703375006 0.4145420452 -0.5926242140 -0.3706995106 -0.3248811085
-0.8786002518 -0.6166133509 -0.8913940773 -0.5318682366 0.0219157605 -0.4939653851 -0.8912401889 -0.5369602752 0.0277211253 -0.4665154015 0.4105053513 -0.5887517191 -0.3665165177 -0.3212415101
-0.8752852122 -0.6130191283 -0.8882007968 -0.5280853122 0.0268971165 -0.4902596041 -0.8880727436 -0.5332166647 0.0326003273 -0.4626623988 0.4064410623 -0.5848434490 -0.3623084272 -0.3175762425
-0.8719181400 -0.6093863203 -0.8849541447 -0.5242682486 0.0318837182 -0.4865209224 -0.8848523640 -0.5294385180 0.0374850050 -0.4587783353 0.4023490530 -0.5808992256 -0.3580751374 -0.3138851621
-0.8684987557 -0.6057147129 -0.8816538309 -0.5204168680 0.0368755101 -0.4827491631 -0.8815787489 -0.5256256523 0.0423751109 -0.4548630540 0.3982291987 -0.5769188705 -0.3538165464 -0.3101681257
-0.8650267799 -0.6020040920 -0.8782995655 -0.5165309925 0.0418724365 -0.4789441491 -0.8782515968 -0.5217778850 0.0472705981 -0.4509163979 0.3940813744 -0.5729022054 -0.3495325525 -0.3064249898
-0.8615019330 -0.5982542433 -0.8748910582 -0.5126104442 0.0468744419 -0.4751057034 -0.8748706065 -0.5178950334 0.0521714192 -0.4469382097 0.3899054550 -0.5688490519 -0.3452230539 -0.3026556109
-0.8579239356 -0.5944649529 -0.8714280191 -0.5086550452 0.0518814705 -0.4712336492 -0.8714354768 -0.5139769148 0.0570775272 -0.4429283325 0.3857013158 -0.5647592318 -0.3408879488 -0.2988598456
-0.8542925080 -0.5906360066 -0.8679101581 -0.5046646177 0.0568934670 -0.4673278094 -0.8679459064 -0.5100233464 0.0619888748 -0.4388866092 0.3814688318 -0.5606325667 -0.3365271354 -0.2950375505
-0.8506073709 -0.5867671903 -0.8643371851 -0.5006389837 0.0619103755 -0.4633880070 -0.8644015940 -0.5060341455 0.0669054149 -0.4348128826 0.3772078780 -0.5564688783 -0.3321405120 -0.2911885823
-0.8468682446 -0.5828582899 -0.8607088100 -0.4965779655 0.0669321406 -0.4594140650 -0.8608022383 -0.5020091295 0.0718271002 -0.4307069957 0.3729183294 -0.5522679884 -0.3277279767 -0.2873127973
-0.8430748498 -0.5789090913 -0.8570247428 -0.4924813850 0.0719587067 -0.4554058065 -0.8571475381 -0.4979481156 0.0767538837 -0.4265687914 0.3686000613 -0.5480297185 -0.3232894278 -0.2834100524
-0.8392269068 -0.5749193804 -0.8532846933 -0.4883490645 0.0769900180 -0.4513630545 -0.8534371920 -0.4938509211 0.0816857182 -0.4223981126 0.3642529485 -0.5437538904 -0.3188247634 -0.2794802040
-0.8353241361 -0.5708889430 -0.8494883715 -0.4841808261 0.0820260191 -0.4472856320 -0.8496708989 -0.4897173634 0.0866225563 -0.4181948022 0.3598768663 -0.5394403258 -0.3143338819 -0.2755231087
-0.8313662583 -0.5668175651 -0.8456354874 -0.4799764918 0.0870666543 -0.4431733620 -0.8458483573 -0.4855472597 0.0915643511 -0.4139587032 0.3554716896 -0.5350888463 -0.3098166814 -0.2715386230
-0.8273529939 -0.5627050325 -0.8417257508 -0.4757358839 0.0921118681 -0.4390260676 -0.8419692662 -0.4813404273 0.0965110553 -0.4096896584 0.3510372935 -0.5306992736 -0.3052730601 -0.2675266037
-0.8232840633 -0.5585511312 -0.8377588718 -0.4714588244 0.0971616048 -0.4348435717 -0.8380333240 -0.4770966835 0.1014626217 -0.4053875108 0.3465735531 -0.5262714294 -0.3007029163 -0.2634869072
-0.8191591870 -0.5543556470 -0.8337345601 -0.4671451354 0.1022158088 -0.4306256975 -0.8340402297 -0.4728158456 0.1064190031 -0.4010521032 0.3420803434 -0.5218051355 -0.2961061482 -0.2594193901
-0.8149780856 -0.5501183658 -0.8296525258 -0.4627946392 0.1072744246 -0.4263722678 -0.8299896819 -0.4684977310 0.1113801525 -0.3966832787 0.3375575395 -0.5173002134 -0.2914826539 -0.2553239090
-0.8107404794 -0.5458390736 -0.8255124787 -0.4584071577 0.1123373965 -0.4220831057 -0.8258813794 -0.4641421568 0.1163460225 -0.3922808800 0.3330050166 -0.5127564848 -0.2868323318 -0.2512003205
-0.8064460891 -0.5415175561 -0.8213141288 -0.4539825132 0.1174046689 -0.4177580343 -0.8217150208 -0.4597489404 0.1213165660 -0.3878447502 0.3284226495 -0.5081737715 -0.2821550799 -0.2470484812
-0.8020946350 -0.5371535994 -0.8170571861 -0.4495205277 0.1224761862 -0.4133968765 -0.8174903050 -0.4553178991 0.1262917359 -0.3833747322 0.3238103135 -0.5035518952 -0.2774507966 -0.2428682476
-0.7976858378 -0.5327469892 -0.8127413604 -0.4450210233 0.1275518929 -0.4089994554 -0.8132069305 -0.4508488501 0.1312714850 -0.3788706687 0.3191678835 -0.4988906774 -0.2727193801 -0.2386594763
-0.7932194177 -0.5282975115 -0.8083663617 -0.4404838223 0.1326317333 -0.4045655941 -0.8088645962 -0.4463416109 0.1362557660 -0.3743324029 0.3144952347 -0.4941899400 -0.2679607285 -0.2344220240
-0.7886950955 -0.5238049522 -0.8039318999 -0.4359087467 0.1377156518 -0.4000951154 -0.8044630007 -0.4417959986 0.1412445319 -0.3697597775 0.3097922420 -0.4894495045 -0.2631747401 -0.2301557471
-0.7841125915 -0.5192690971 -0.7994376849 -0.4312956186 0.1428035929 -0.3955878425 -0.8000018429 -0.4372118305 0.1462377354 -0.3651526355 0.3050587806 -0.4846691927 -0.2583613131 -0.2258605023
-0.7794716262 -0.5146897322 -0.7948834267 -0.4266442602 0.1478955009 -0.3910435983 -0.7954808213 -0.4325889240 0.1512353293 -0.3605108199 0.3002947256 -0.4798488263 -0.2535203458 -0.2215361461
