-0.9404591726 -0.9580536830 -0.7660916683 0.7809097515 -0.5448444617 -0.8427110652 -0.8747194189 0.7846478968 -0.8572745883 -0.8583902614 -0.8908203818 -0.4980901890 0.8323166036 0.8771637383
-0.9358810907 -0.9556432708 -0.7634252893 0.7778306092 -0.5406207148 -0.8408364716 -0.8718467644 0.7806192982 -0.8514784897 -0.8567778694 -0.8861813998 -0.4959343633 0.8288937280 0.8745272732
-0.9311351468 -0.9531275133 -0.7606945432 0.7746803009 -0.5363692194 -0.8388869517 -0.8688836027 0.7765107129 -0.8455623136 -0.8550892322 -0.8814294499 -0.4937786761 0.8253852471 0.8718017370
-0.9262215146 -0.9505042825 -0.7578969710 0.7714566355 -0.5320878425 -0.8368597920 -0.8658278585 0.7723204910 -0.8395257890 -0.8533215283 -0.8765635803 -0.4916197201 0.8217892893 0.8689849282
-0.9211403681 -0.9477714500 -0.7550301135 0.7681574219 -0.5277744512 -0.8347522792 -0.8626774570 0.7680469828 -0.8333686452 -0.8514719361 -0.8715828393 -0.4894540880 0.8181039833 0.8660746456
-0.9158918812 -0.9449268878 -0.7520915118 0.7647804689 -0.5234269125 -0.8325616998 -0.8594303231 0.7636885383 -0.8270906110 -0.8495376340 -0.8664862751 -0.4872783725 0.8143274575 0.8630686877
-0.9104762279 -0.9419684676 -0.7490787069 0.7613235854 -0.5190430934 -0.8302853404 -0.8560843816 0.7592435078 -0.8206914157 -0.8475158002 -0.8612729357 -0.4850891664 0.8104578405 0.8599648532
-0.9048935819 -0.9388940613 -0.7459892396 0.7577845803 -0.5146208611 -0.8279204875 -0.8526375575 0.7547102414 -0.8141707881 -0.8454036132 -0.8559418695 -0.4828830622 0.8064932607 0.8567609406
-0.8991441173 -0.9357015407 -0.7428206510 0.7541612626 -0.5101580825 -0.8254644278 -0.8490877759 0.7500870893 -0.8075284575 -0.8431982515 -0.8504921247 -0.4806566528 0.8024318467 0.8534547488
-0.8932280079 -0.9323887775 -0.7395704821 0.7504514410 -0.5056526247 -0.8229144477 -0.8454329615 0.7453724017 -0.8007641528 -0.8408968932 -0.8449227493 -0.4784065308 0.7982717269 0.8500440762
-0.8871454275 -0.9289536436 -0.7362362737 0.7466529244 -0.5011023548 -0.8202678338 -0.8416710395 0.7405645288 -0.7938776030 -0.8384967169 -0.8392327917 -0.4761292890 0.7940110300 0.8465267215
-0.8808965502 -0.9253940108 -0.7328155669 0.7427635218 -0.4965051397 -0.8175218728 -0.8377999347 0.7356618207 -0.7868685374 -0.8359949008 -0.8334212999 -0.4738215200 0.7896478844 0.8429004834
-0.8744815499 -0.9217077509 -0.7293059026 0.7387810421 -0.4918588466 -0.8146738512 -0.8338175721 0.7306626276 -0.7797366849 -0.8333886235 -0.8274873223 -0.4714798165 0.7851804187 0.8391631604
-0.8679006003 -0.9178927358 -0.7257048219 0.7347032940 -0.4871613424 -0.8117210555 -0.8297218766 0.7255652998 -0.7724817745 -0.8306750631 -0.8214299070 -0.4691007713 0.7806067613 0.8353125512
-0.8611538754 -0.9139468371 -0.7220098656 0.7305280865 -0.4824104943 -0.8086607723 -0.8255107731 0.7203681873 -0.7651035354 -0.8278513982 -0.8152481022 -0.4666809770 0.7759250408 0.8313464544
-0.8542415492 -0.9098679269 -0.7182185747 0.7262532285 -0.4776041692 -0.8054902883 -0.8211821867 0.7150696403 -0.7576016966 -0.8249148071 -0.8089409561 -0.4642170264 0.7711333856 0.8272626687
-0.8471637955 -0.9056538768 -0.7143284902 0.7218765288 -0.4727402342 -0.8022068899 -0.8167340423 0.7096680090 -0.7499759871 -0.8218624682 -0.8025075169 -0.4617055122 0.7662299244 0.8230589927
-0.8399207883 -0.9013025586 -0.7103371531 0.7173957964 -0.4678165564 -0.7988078637 -0.8121642648 0.7041616437 -0.7422261360 -0.8186915598 -0.7959468328 -0.4591430270 0.7612127856 0.8187332250
-0.8325127013 -0.8968118443 -0.7062421043 0.7128088400 -0.4628310028 -0.7952904964 -0.8074707791 0.6985488943 -0.7343518725 -0.8153992604 -0.7892579520 -0.4565261635 0.7560800977 0.8142831643
-0.8249397086 -0.8921796055 -0.7020408847 0.7081134687 -0.4577814404 -0.7916520745 -0.8026515103 0.6928281113 -0.7263529254 -0.8119827482 -0.7824399226 -0.4538515146 0.7508299892 0.8097066092
-0.8172019841 -0.8874037141 -0.6977310355 0.7033074912 -0.4526657364 -0.7878898844 -0.7977043832 0.6869976446 -0.7182290239 -0.8084392018 -0.7754917929 -0.4511156728 0.7454605888 0.8050013582
-0.8092997015 -0.8824820420 -0.6933100975 0.6983887166 -0.4474817576 -0.7840012129 -0.7926273228 0.6810558446 -0.7099798970 -0.8047657994 -0.7684126112 -0.4483152309 0.7399700248 0.8001652101
-0.8012330350 -0.8774124609 -0.6887756116 0.6933549535 -0.4422273712 -0.7799833465 -0.7874182541 0.6750010613 -0.7016052739 -0.8009597194 -0.7612014255 -0.4454467816 0.7343564258 0.7951959635
-0.7930021582 -0.8721928427 -0.6841251189 0.6882040110 -0.4369004443 -0.7758335718 -0.7820751020 0.6688316450 -0.6931048835 -0.7970181402 -0.7538572840 -0.4425069176 0.7286179203 0.7900914170
-0.7846072458 -0.8668210592 -0.6793561604 0.6829336976 -0.4314988710 -0.7715491754 -0.7765957916 0.6625459454 -0.6844784817 -0.7929382404 -0.7463792352 -0.4394922316 0.7227526368 0.7848493692
-0.7760484698 -0.8612949819 -0.6744662769 0.6775418230 -0.4260204369 -0.7671274435 -0.7709782474 0.6561423138 -0.6757257172 -0.7887171978 -0.7387663267 -0.4363993162 0.7167587040 0.7794676189
-0.7673260060 -0.8556124831 -0.6694530095 0.6720261953 -0.4204630905 -0.7625656632 -0.7652203948 0.6496190993 -0.6668463994 -0.7843521912 -0.7310176073 -0.4332247642 0.7106342501 0.7739439645
-0.7584400276 -0.8497714343 -0.6643138991 0.6663846237 -0.4148246717 -0.7578611207 -0.7593201587 0.6429746525 -0.6578402306 -0.7798403991 -0.7231321249 -0.4299651684 0.7043774039 0.7682762047
-0.7493907086 -0.8437697075 -0.6590464866 0.6606149170 -0.4091030475 -0.7530111028 -0.7532754638 0.6362073235 -0.6487069398 -0.7751789995 -0.7151089277 -0.4266171214 0.6979862937 0.7624621382
-0.7401782229 -0.8376051743 -0.6536483132 0.6547148842 -0.4032960850 -0.7480128960 -0.7470842352 0.6293154625 -0.6394462562 -0.7703651711 -0.7069470640 -0.4231772158 0.6914590481 0.7564995637
