-0.7766145500 -0.8011346415 -0.6859719995 -0.6800100446 -0.6501194392 -0.7003906825 -0.6174239774 -0.6720064264 -0.6979756080 -0.6447204349 0.5861243603 -0.6367816170 -0.5736683916 -0.7339136226
-0.7702203821 -0.7950277444 -0.6803350878 -0.6741499881 -0.6445427338 -0.6942561503 -0.6117916982 -0.6662752477 -0.6923187551 -0.6389514307 0.5799472289 -0.6319015366 -0.5680399131 -0.7275490073
-0.7637142758 -0.7888044771 -0.6745904786 -0.6681846367 -0.6388617108 -0.6880162985 -0.6060590555 -0.6604386174 -0.6865530714 -0.6330802074 0.5736774006 -0.6269130735 -0.5623157460 -0.7210772842
-0.7570953916 -0.7824638997 -0.6687372259 -0.6621131016 -0.6330754421 -0.6816702838 -0.6002251637 -0.6544956238 -0.6806776049 -0.6271058864 0.5673141443 -0.6218151498 -0.5564950428 -0.7144976333
-0.7503628905 -0.7760050721 -0.6627743837 -0.6559344938 -0.6271829999 -0.6752172627 -0.5942891370 -0.6484453552 -0.6746914033 -0.6210275895 0.5608567288 -0.6166066879 -0.5505769560 -0.7078092346
-0.7435159332 -0.7694270544 -0.6567010060 -0.6496479245 -0.6211834563 -0.6686563920 -0.5882500896 -0.6422869001 -0.6685935146 -0.6148444381 0.5543044228 -0.6112866100 -0.5445606383 -0.7010112683
-0.7365536805 -0.7627289066 -0.6505161468 -0.6432525049 -0.6150758833 -0.6619868281 -0.5821071359 -0.6360193468 -0.6623829867 -0.6085555539 0.5476564951 -0.6058538385 -0.5384452421 -0.6941029143
-0.7294752933 -0.7559096888 -0.6442188600 -0.6367473461 -0.6088593532 -0.6552077278 -0.5758593901 -0.6296417837 -0.6560588674 -0.6021600585 0.5409122145 -0.6003072957 -0.5322299200 -0.6870833527
-0.7222799323 -0.7489684611 -0.6378081997 -0.6301315592 -0.6025329379 -0.6483182477 -0.5695059664 -0.6231532992 -0.6496202045 -0.5956570733 0.5340708498 -0.5946459038 -0.5259138246 -0.6799517635
-0.7149667584 -0.7419042834 -0.6312832199 -0.6234042554 -0.5960957096 -0.6413175443 -0.5630459792 -0.6165529816 -0.6430660461 -0.5890457201 0.5271316698 -0.5888685852 -0.5194961083 -0.6727073267
-0.7075349323 -0.7347162158 -0.6246429745 -0.6165645457 -0.5895467404 -0.6342047744 -0.5564785426 -0.6098399193 -0.6363954400 -0.5823251203 0.5200939432 -0.5829742621 -0.5129759238 -0.6653492225
-0.6999836149 -0.7274033184 -0.6178865174 -0.6096115414 -0.5828851023 -0.6269790945 -0.5498027710 -0.6030132008 -0.6296074339 -0.5754943956 0.5129569388 -0.5769618568 -0.5063524236 -0.6578766308
-0.6923119670 -0.7199646512 -0.6110129029 -0.6025443535 -0.5761098675 -0.6196396612 -0.5430177786 -0.5960719143 -0.6227010759 -0.5685526675 0.5057199255 -0.5708302917 -0.4996247601 -0.6502887317
-0.6845191493 -0.7123992742 -0.6040211847 -0.5953620933 -0.5692201081 -0.6121856312 -0.5361226796 -0.5890151483 -0.6156754138 -0.5614990577 0.4983821719 -0.5645784890 -0.4927920861 -0.6425847052
-0.6766043227 -0.7047062474 -0.5969104169 -0.5880638717 -0.5622148962 -0.6046161611 -0.5291165885 -0.5818419911 -0.6085294955 -0.5543326876 0.4909429469 -0.5582053710 -0.4858535539 -0.6347637314
-0.6685666480 -0.6968846310 -0.5896796535 -0.5806488001 -0.5550933039 -0.5969304076 -0.5219986193 -0.5745515312 -0.6012623687 -0.5470526789 0.4834015193 -0.5517098600 -0.4788083162 -0.6268249903
-0.6604052859 -0.6889334850 -0.5823279485 -0.5731159895 -0.5478544032 -0.5891275272 -0.5147678864 -0.5671428568 -0.5938730816 -0.5396581532 0.4757571578 -0.5450908783 -0.4716555255 -0.6187676619
-0.6521193973 -0.6808518693 -0.5748543558 -0.5654645510 -0.5404972663 -0.5812066765 -0.5074235041 -0.5596150564 -0.5863606818 -0.5321482320 0.4680091312 -0.5383473483 -0.4643943343 -0.6105909263
-0.6437081431 -0.6726388441 -0.5672579295 -0.5576935957 -0.5330209653 -0.5731670123 -0.4999645865 -0.5519672183 -0.5787242173 -0.5245220369 0.4601567083 -0.5314781921 -0.4570238952 -0.6022939636
-0.6351706839 -0.6642934693 -0.5595377236 -0.5498022349 -0.5254245722 -0.5650076910 -0.4923902481 -0.5441984309 -0.5709627359 -0.5167786895 0.4521991579 -0.5244823321 -0.4495433607 -0.5938759537
-0.6265061806 -0.6558148051 -0.5516927919 -0.5417895797 -0.5177071592 -0.5567278694 -0.4846996029 -0.5363077826 -0.5630752856 -0.5089173114 0.4441357488 -0.5173586905 -0.4419518834 -0.5853360768
-0.6177137940 -0.6472019115 -0.5437221887 -0.5336547411 -0.5098677984 -0.5483267041 -0.4768917654 -0.5282943618 -0.5550609142 -0.5009370241 0.4359657497 -0.5101061898 -0.4342486158 -0.5766735128
-0.6087926849 -0.6384538484 -0.5356249677 -0.5253968304 -0.5019055619 -0.5398033517 -0.4689658498 -0.5201572568 -0.5469186695 -0.4928369492 0.4276884294 -0.5027237521 -0.4264327105 -0.5678874418
-0.5997420141 -0.6295696760 -0.5274001830 -0.5170149586 -0.4938195217 -0.5311569688 -0.4609209702 -0.5118955560 -0.5386475995 -0.4846162084 0.4193030567 -0.4952102998 -0.4185033199 -0.5589770438
-0.5905609424 -0.6205484543 -0.5190468886 -0.5085082369 -0.4856087500 -0.5223867120 -0.4527562411 -0.5035083478 -0.5302467521 -0.4762739232 0.4108089005 -0.4875647552 -0.4104595967 -0.5499414989
-0.5812486306 -0.6113892432 -0.5105641386 -0.4998757765 -0.4772723189 -0.5134917379 -0.4444707766 -0.4949947206 -0.5217151751 -0.4678092151 0.4022052294 -0.4797860405 -0.4023006934 -0.5407799871
-0.5718042395 -0.6020911030 -0.5019509868 -0.4911166884 -0.4688093004 -0.5044712033 -0.4360636911 -0.4863537628 -0.5130519164 -0.4592212058 0.3934913122 -0.4718730780 -0.3940257625 -0.5314916885
-0.5622269300 -0.5926530936 -0.4932064872 -0.4822300838 -0.4602187667 -0.4953242646 -0.4275340987 -0.4775845627 -0.5042560238 -0.4505090168 0.3846664178 -0.4638247901 -0.3856339566 -0.5220757831
-0.5525158628 -0.5830742750 -0.4843296940 -0.4732150739 -0.4514997899 -0.4860500786 -0.4188811138 -0.4686862086 -0.4953265453 -0.4416717697 0.3757298150 -0.4556400991 -0.3771244282 -0.5125314509
-0.5426701987 -0.5733537073 -0.4753196609 -0.4640707697 -0.4426514420 -0.4766478018 -0.4101038506 -0.4596577891 -0.4862625287 -0.4327085861 0.3666807724 -0.4473179271 -0.3684963298 -0.5028578720
