-0.9303693550 -0.8550949210 -0.7041830800 0.7955144785 -0.7343692677 -0.9226152865 -0.6946282748 0.9043113867 -0.8300442810 -0.9486927129 -0.8211511411 -0.8649198530 0.7562867989 0.8544694426
-0.9269146467 -0.8501544281 -0.7016411426 0.7922898465 -0.7302134998 -0.9196847621 -0.6916597047 0.9010093275 -0.8273014138 -0.9463947629 -0.8184975701 -0.8627735061 0.7521987030 0.8508258771
-0.9233737088 -0.8451337289 -0.6990645966 0.7890147049 -0.7260094040 -0.9166873190 -0.6886551529 0.8976400880 -0.8245065362 -0.9440320410 -0.8157936761 -0.8605743031 0.7480598748 0.8471216704
-0.9197463603 -0.8400329522 -0.6964524220 0.7856883511 -0.7217565189 -0.9136223239 -0.6856137290 0.8942031438 -0.8216588241 -0.9416037044 -0.8130385967 -0.8583212612 0.7438698534 0.8433563177
-0.9160324205 -0.8348522269 -0.6938035990 0.7823100828 -0.7174543828 -0.9104891436 -0.6825345425 0.8906979703 -0.8187574533 -0.9391089106 -0.8102314693 -0.8560133976 0.7396281778 0.8395293146
-0.9122317085 -0.8295916820 -0.6911171077 0.7788791975 -0.7131025343 -0.9072871448 -0.6794167030 0.8871240429 -0.8158015998 -0.9365468171 -0.8073714317 -0.8536497295 0.7353343870 0.8356401563
-0.9083440436 -0.8242514462 -0.6883919283 0.7753949929 -0.7087005118 -0.9040156942 -0.6762593201 0.8834808371 -0.8127904397 -0.9339165813 -0.8044576214 -0.8512292740 0.7309880201 0.8316883384
-0.9043692450 -0.8188316485 -0.6856270407 0.7718567665 -0.7042478538 -0.9006741586 -0.6730615034 0.8797678283 -0.8097231488 -0.9312173605 -0.8014891759 -0.8487510484 0.7265886160 0.8276733562
-0.9003071317 -0.8133324178 -0.6828214252 0.7682638159 -0.6997440986 -0.8972619047 -0.6698223624 0.8759844921 -0.8065989032 -0.9284483124 -0.7984652329 -0.8462140699 0.7221357138 0.8235947051
-0.8961575231 -0.8077538829 -0.6799740619 0.7646154387 -0.6951887849 -0.8937782993 -0.6665410068 0.8721303038 -0.8034168786 -0.9256085942 -0.7953849299 -0.8436173557 0.7176288525 0.8194518806
-0.8919202383 -0.8020961728 -0.6770839309 0.7609109325 -0.6905814510 -0.8902227090 -0.6632165461 0.8682047389 -0.8001762512 -0.9226973634 -0.7922474046 -0.8409599229 0.7130675712 0.8152443779
-0.8875950966 -0.7963594163 -0.6741500122 0.7571495948 -0.6859216354 -0.8865945006 -0.6598480899 0.8642072729 -0.7968761969 -0.9197137774 -0.7890517945 -0.8382407888 0.7084514089 0.8109716927
-0.8831819169 -0.7905437422 -0.6711712862 0.7533307233 -0.6812088765 -0.8828930408 -0.6564347478 0.8601373812 -0.7935158915 -0.9166569937 -0.7857972373 -0.8354589706 0.7037799046 0.8066333201
-0.8786805187 -0.7846492796 -0.6681467327 0.7494536155 -0.6764427128 -0.8791176964 -0.6529756294 0.8559945393 -0.7900945112 -0.9135261697 -0.7824828704 -0.8326134854 0.6990525973 0.8022287557
-0.8740907210 -0.7786761572 -0.6650753321 0.7455175690 -0.6716226827 -0.8752678341 -0.6494698442 0.8517782226 -0.7866112317 -0.9103204629 -0.7791078315 -0.8297033505 0.6942690260 0.7977574949
-0.8694123431 -0.7726245039 -0.6619560643 0.7415218813 -0.6667483248 -0.8713428206 -0.6459165018 0.8474879065 -0.7830652291 -0.9070390306 -0.7756712581 -0.8267275830 0.6894287299 0.7932190331
-0.8646452042 -0.7664944488 -0.6587879096 0.7374658502 -0.6618191775 -0.8673420228 -0.6423147119 0.8431230667 -0.7794556794 -0.9036810303 -0.7721722879 -0.8236852001 0.6845312479 0.7886128656
-0.8597891234 -0.7602861205 -0.6555698479 0.7333487732 -0.6568347791 -0.8632648072 -0.6386635839 0.8386831783 -0.7757817584 -0.9002456194 -0.7686100585 -0.8205752191 0.6795761190 0.7839384879
-0.8548439199 -0.7539996480 -0.6523008596 0.7291699477 -0.6517946683 -0.8591105406 -0.6349622275 0.8341677171 -0.7720426421 -0.8967319554 -0.7649837073 -0.8173966571 0.6745628823 0.7791953953
-0.8498094129 -0.7476351603 -0.6489799246 0.7249286716 -0.6466983834 -0.8548785898 -0.6312097523 0.8295761583 -0.7682375065 -0.8931391957 -0.7612923721 -0.8141485314 0.6694910767 0.7743830834
-0.8446854216 -0.7411927861 -0.6456060231 0.7206242422 -0.6415454628 -0.8505683215 -0.6274052678 0.8249079774 -0.7643655276 -0.8894664977 -0.7575351904 -0.8108298590 0.6643602414 0.7695010474
-0.8394717652 -0.7346726544 -0.6421781352 0.7162559572 -0.6363354452 -0.8461791025 -0.6235478837 0.8201626500 -0.7604258812 -0.8857130189 -0.7537112998 -0.8074396573 0.6591699154 0.7645487829
-0.8341682629 -0.7280748940 -0.6386952410 0.7118231143 -0.6310678688 -0.8417102994 -0.6196367094 0.8153396514 -0.7564177434 -0.8818779167 -0.7498198378 -0.8039769435 0.6539196376 0.7595257851
-0.8287747339 -0.7213996339 -0.6351563207 0.7073250108 -0.6257422722 -0.8371612790 -0.6156708547 0.8104384571 -0.7523402900 -0.8779603485 -0.7458599421 -0.8004407346 0.6486089472 0.7544315496
-0.8232909973 -0.7146470029 -0.6315603544 0.7027609446 -0.6203581938 -0.8325314081 -0.6116494290 0.8054585426 -0.7481926971 -0.8739594717 -0.7418307502 -0.7968300479 0.6432373830 0.7492655717
-0.8177168724 -0.7078171299 -0.6279063222 0.6981302131 -0.6149151721 -0.8278200533 -0.6075715419 0.8003993833 -0.7439741406 -0.8698744439 -0.7377313998 -0.7931439007 0.6378044843 0.7440273468
-0.8120521783 -0.7009101437 -0.6241932041 0.6934321139 -0.6094127456 -0.8230265814 -0.6034363031 0.7952604547 -0.7396837964 -0.8657044223 -0.7335610284 -0.7893813100 0.6323097899 0.7387163703
-0.8062967342 -0.6939261734 -0.6204199804 0.6886659446 -0.6038504526 -0.8181503592 -0.5992428221 0.7900412322 -0.7353208405 -0.8614485645 -0.7293187736 -0.7855412932 0.6267528389 0.7333321376
-0.8004503594 -0.6868653477 -0.6165856312 0.6838310028 -0.5982278316 -0.8131907533 -0.5949902085 0.7847411912 -0.7308844488 -0.8571060279 -0.7250037729 -0.7816228673 0.6211331704 0.7278741442
-0.7945128730 -0.6797277955 -0.6126891365 0.6789265861 -0.5925444212 -0.8081471306 -0.5906775719 0.7793598073 -0.7263737974 -0.8526759699 -0.7206151641 -0.7776250497 0.6154503233 0.7223418855
