0.2023279138 0.3161000032 0.2516862582 0.2371297038 0.4173239174 0.3037403317 0.2469345739 0.2338439221 0.4177784355 0.3102371738 -0.3493201767 0.3031955000 0.1765120134 0.2720946376
0.2179841631 0.3297885845 0.2665602129 0.2521768566 0.4288170949 0.3175978019 0.2619017510 0.2489554600 0.4292717864 0.3239668531 -0.3623656542 0.3170753756 0.1926348406 0.2862135603
0.2337714956 0.3435778435 0.2815489803 0.2673461029 0.4404030944 0.3315611895 0.2769845340 0.2641896431 0.4408574910 0.3378013795 -0.3755058908 0.3310607539 0.2088948315 0.3004591955
0.2496904042 0.3574681350 0.2966529701 0.2826378957 0.4520822928 0.3456308790 0.2921833350 0.2795469262 0.4525359232 0.3517411346 -0.3887412233 0.3451520158 0.2252925005 0.3148320595
0.2657413822 0.3714598138 0.3118725922 0.2980526882 0.4638550670 0.3598072549 0.3074985658 0.2950277640 0.4643074565 0.3657865001 -0.4020719885 0.3593495422 0.2418283619 0.3293326685
0.2819249226 0.3855532349 0.3272082565 0.3135909336 0.4757217939 0.3740907017 0.3229306386 0.3106326112 0.4761724648 0.3799378575 -0.4154985233 0.3736537140 0.2585029300 0.3439615387
0.2982415185 0.3997487529 0.3426603728 0.3292530850 0.4876828503 0.3884816039 0.3384799653 0.3263619223 0.4881313216 0.3941955886 -0.4290211646 0.3880649122 0.2753167192 0.3587191861
0.3146916630 0.4140467229 0.3582293510 0.3450395955 0.4997386132 0.4029803460 0.3541469579 0.3422161522 0.5001844009 0.4085600749 -0.4426402490 0.4025835176 0.2922702439 0.3736061271
0.3312758491 0.4284474995 0.3739156008 0.3609509184 0.5118894593 0.4175873124 0.3699320286 0.3581957555 0.5123320761 0.4230316981 -0.4563561136 0.4172099113 0.3093640184 0.3886228778
0.3479945701 0.4429514377 0.3897195322 0.3769875068 0.5241357658 0.4323028877 0.3858355892 0.3743011869 0.5245747212 0.4376108397 -0.4701690950 0.4319444740 0.3265985571 0.4037699543
0.3648483190 0.4575588923 0.4056415550 0.3931498138 0.5364779093 0.4471274564 0.4018580519 0.3905329010 0.5369127098 0.4522978815 -0.4840795302 0.4467875868 0.3439743742 0.4190478729
0.3818375889 0.4722702181 0.4216820789 0.4094382926 0.5489162668 0.4620614029 0.4179998286 0.4068913526 0.5493464155 0.4670932051 -0.4980877559 0.4617396306 0.3614919842 0.4344571498
0.3989628729 0.4870857700 0.4378415140 0.4258533963 0.5614512152 0.4771051118 0.4342613313 0.4233769964 0.5618762122 0.4819971920 -0.5121941090 0.4768009862 0.3791519014 0.4499983011
0.4162246640 0.5020059027 0.4541202699 0.4423955782 0.5740831314 0.4922589675 0.4506429721 0.4399902869 0.5745024735 0.4970102240 -0.5263989264 0.4919720346 0.3969546401 0.4656718430
0.4336234554 0.5170309712 0.4705187566 0.4590652913 0.5868123923 0.5075233545 0.4671451630 0.4567316789 0.5872255732 0.5121326826 -0.5407025448 0.5072531567 0.4149007148 0.4814782917
0.4511597402 0.5321613302 0.4870373839 0.4758629888 0.5996393747 0.5228986574 0.4837683160 0.4736016272 0.6000458849 0.5273649495 -0.5551053011 0.5226447334 0.4329906397 0.4974181633
0.4688340115 0.5473973347 0.5036765617 0.4927891239 0.6125644556 0.5383852605 0.5005128431 0.4906005863 0.6129637825 0.5427074063 -0.5696075322 0.5381471458 0.4512249292 0.5134919742
0.4866467624 0.5627393394 0.5204366997 0.5098441497 0.6255880117 0.5539835485 0.5173791563 0.5077290109 0.6259796395 0.5581604347 -0.5842095748 0.5537607745 0.4696040977 0.5297002403
0.5045984859 0.5781876993 0.5373182079 0.5270285194 0.6387104201 0.5696939058 0.5343676677 0.5249873558 0.6390938297 0.5737244162 -0.5989117658 0.5694860007 0.4881286594 0.5460434780
0.5226896752 0.5937427690 0.5543214961 0.5443426861 0.6519320576 0.5855167168 0.5514787892 0.5423760755 0.6523067269 0.5893997325 -0.6137144420 0.5853232052 0.5067991289 0.5625222034
0.5409208234 0.6094049035 0.5714469740 0.5617871030 0.6652533011 0.6014523662 0.5687129329 0.5598956249 0.6656187047 0.6051867652 -0.6286179402 0.6012727689 0.5256160203 0.5791369327
0.5592924235 0.6251744576 0.5886950517 0.5793622232 0.6786745275 0.6175012383 0.5860705109 0.5775464586 0.6790301369 0.6210858960 -0.6436225974 0.6173350728 0.5445798480 0.5958881821
0.5778049686 0.6410517861 0.6060661388 0.5970684999 0.6921961137 0.6336637177 0.6035519350 0.5953290312 0.6925413972 0.6370975064 -0.6587287503 0.6335104978 0.5636911265 0.6127764677
0.5964589520 0.6570372440 0.6235606453 0.6149063863 0.7058184365 0.6499401888 0.6211576174 0.6132437974 0.7061528593 0.6532219782 -0.6739367357 0.6497994247 0.5829503700 0.6298023057
0.6152548665 0.6731311859 0.6411789810 0.6328763355 0.7195418729 0.6663310362 0.6388879700 0.6312912120 0.7198648969 0.6694596930 -0.6892468905 0.6662022346 0.6023580929 0.6469662124
0.6341932055 0.6893339668 0.6589215558 0.6509788007 0.7333667997 0.6828366444 0.6567434049 0.6494717296 0.7336778837 0.6858110323 -0.7046595515 0.6827193083 0.6219148096 0.6642687039
0.6532744618 0.7056459415 0.6767887794 0.6692142350 0.7472935938 0.6994573977 0.6747243341 0.6677858049 0.7475921934 0.7022763778 -0.7201750555 0.6993510268 0.6416210344 0.6817102963
0.6724991287 0.7220674648 0.6947810618 0.6875830915 0.7613226322 0.7161936809 0.6928311695 0.6862338926 0.7616081998 0.7188561111 -0.7357937394 0.7160977709 0.6614772816 0.6992915060
0.6918676993 0.7385988916 0.7128988127 0.7060858235 0.7754542916 0.7330458782 0.7110643233 0.7048164473 0.7757262766 0.7355506139 -0.7515159401 0.7329599216 0.6814840656 0.7170128489
0.7113806666 0.7552405767 0.7311424420 0.7247228841 0.7896889491 0.7500143743 0.7294242075 0.7235339238 0.7899467975 0.7523602678 -0.7673419942 0.7499378599 0.7016419008 0.7348748414
