-0.9712193219 -0.8355262166 -0.9607404295 -0.7995969343 -0.5601617412 -0.7618751453 -0.9651481380 -0.7980061203 -0.5422756526 -0.7617774439 0.7496341527 -0.8574915392 -0.7371299544 -0.6316651968
-0.9722884898 -0.8351249495 -0.9620154807 -0.7987374761 -0.5563357702 -0.7609394631 -0.9662967938 -0.7971964822 -0.5385099820 -0.7606247503 0.7481096577 -0.8567388503 -0.7353310938 -0.6301343530
-0.9733419613 -0.8347129313 -0.9632748698 -0.7978670028 -0.5524973253 -0.7599938877 -0.9674316811 -0.7963760595 -0.5347327029 -0.7594614171 0.7465736842 -0.8559733891 -0.7335202656 -0.6285963411
-0.9743794571 -0.8342899479 -0.9645183068 -0.7969853366 -0.5486464622 -0.7590382421 -0.9685524987 -0.7955446696 -0.5309438624 -0.7582872872 0.7450261072 -0.8551949772 -0.7316973682 -0.6270510178
-0.9754006975 -0.8338557850 -0.9657455015 -0.7960922994 -0.5447832365 -0.7580723493 -0.9696589452 -0.7947021298 -0.5271435077 -0.7571022036 0.7434668017 -0.8544034364 -0.7298622998 -0.6254982396
-0.9764054030 -0.8334102287 -0.9669561640 -0.7951877135 -0.5409077038 -0.7570960324 -0.9707507194 -0.7938482573 -0.5233316860 -0.7559060092 0.7418956430 -0.8535985883 -0.7280149585 -0.6239378631
-0.9773932942 -0.8329530648 -0.9681500041 -0.7942714010 -0.5370199197 -0.7561091144 -0.9718275200 -0.7929828695 -0.5195084444 -0.7546985468 0.7403125059 -0.8527802546 -0.7261552425 -0.6223697450
-0.9783640916 -0.8324840791 -0.9693267317 -0.7933431840 -0.5331199397 -0.7551114183 -0.9728890458 -0.7921057837 -0.5156738302 -0.7534796594 0.7387172657 -0.8519482569 -0.7242830501 -0.6207937417
-0.9793175155 -0.8320030577 -0.9704860569 -0.7924028846 -0.5292078196 -0.7541027671 -0.9739349954 -0.7912168171 -0.5118278905 -0.7522491899 0.7371097973 -0.8511024171 -0.7223982796 -0.6192097098
-0.9802532866 -0.8315097863 -0.9716276894 -0.7914503249 -0.5252836148 -0.7530829838 -0.9749650676 -0.7903157870 -0.5079706725 -0.7510069812 0.7354899758 -0.8502425567 -0.7205008290 -0.6176175060
-0.9811711253 -0.8310040509 -0.9727513393 -0.7904853271 -0.5213473811 -0.7520518915 -0.9759789611 -0.7894025108 -0.5041022234 -0.7497528763 0.7338576763 -0.8493684975 -0.7185905967 -0.6160169868
-0.9820707521 -0.8304856373 -0.9738567165 -0.7895077133 -0.5173991739 -0.7510093132 -0.9769763746 -0.7884768057 -0.5002225903 -0.7484867180 0.7322127739 -0.8484800610 -0.7166674808 -0.6144080088
-0.9829518875 -0.8299543315 -0.9749435308 -0.7885173056 -0.5134390489 -0.7499550719 -0.9779570069 -0.7875384890 -0.4963318204 -0.7472083493 0.7305551436 -0.8475770691 -0.7147313796 -0.6127904286
-0.9838142520 -0.8294099194 -0.9760114923 -0.7875139261 -0.5094670617 -0.7488889906 -0.9789205566 -0.7865873781 -0.4924299610 -0.7459176130 0.7288846604 -0.8466593434 -0.7127821913 -0.6111641027
-0.9846575661 -0.8288521867 -0.9770603109 -0.7864973970 -0.5054832679 -0.7478108923 -0.9798667226 -0.7856232902 -0.4885170591 -0.7446143521 0.7272011995 -0.8457267056 -0.7108198141 -0.6095288878
-0.9854815502 -0.8282809195 -0.9780896964 -0.7854675404 -0.5014877231 -0.7467206001 -0.9807952035 -0.7846460425 -0.4845931620 -0.7432984096 0.7255046359 -0.8447789773 -0.7088441462 -0.6078846403
-0.9862859248 -0.8276959036 -0.9790993588 -0.7844241783 -0.4974804829 -0.7456179369 -0.9817056980 -0.7836554525 -0.4806583168 -0.7419696282 0.7237948446 -0.8438159803 -0.7068550858 -0.6062312170
-0.9870704105 -0.8270969249 -0.9800890080 -0.7833671330 -0.4934616029 -0.7445027259 -0.9825979049 -0.7826513374 -0.4767125707 -0.7406278510 0.7220717008 -0.8428375362 -0.7048525312 -0.6045684743
-0.9878347278 -0.8264837693 -0.9810583541 -0.7822962265 -0.4894311387 -0.7433747899 -0.9834715229 -0.7816335145 -0.4727559709 -0.7392729208 0.7203350795 -0.8418434667 -0.7028363805 -0.6028962689
-0.9885785971 -0.8258562227 -0.9820071067 -0.7812112810 -0.4853891459 -0.7422339521 -0.9843262507 -0.7806018010 -0.4687885646 -0.7379046806 0.7185848557 -0.8408335935 -0.7008065321 -0.6012144573
-0.9893017388 -0.8252140709 -0.9829349760 -0.7801121186 -0.4813356801 -0.7410800355 -0.9851617871 -0.7795560144 -0.4648103989 -0.7365229733 0.7168209046 -0.8398077383 -0.6987628840 -0.5995228961
-0.9900038736 -0.8245570999 -0.9838416719 -0.7789985614 -0.4772707969 -0.7399128630 -0.9859778307 -0.7784959718 -0.4608215210 -0.7351276417 0.7150431012 -0.8387657228 -0.6967053345 -0.5978214419
-0.9906847219 -0.8238850956 -0.9847269042 -0.7778704315 -0.4731945518 -0.7387322577 -0.9867740804 -0.7774214906 -0.4568219781 -0.7337185289 0.7132513205 -0.8377073686 -0.6946337819 -0.5961099513
-0.9913440042 -0.8231978438 -0.9855903829 -0.7767275511 -0.4691070006 -0.7375380426 -0.9875502347 -0.7763323880 -0.4528118174 -0.7322954777 0.7114454376 -0.8366324974 -0.6925481243 -0.5943882808
-0.9919814410 -0.8224951305 -0.9864318179 -0.7755697423 -0.4650081988 -0.7363300407 -0.9883059925 -0.7752284814 -0.4487910860 -0.7308583310 0.7096253277 -0.8355409310 -0.6904482600 -0.5926562870
-0.9925967527 -0.8217767415 -0.9872509192 -0.7743968272 -0.4608982020 -0.7351080751 -0.9890410525 -0.7741095881 -0.4447598312 -0.7294069317 0.7077908656 -0.8344324910 -0.6883340872 -0.5909138265
-0.9931896599 -0.8210424627 -0.9880473966 -0.7732086279 -0.4567770658 -0.7338719687 -0.9897551134 -0.7729755253 -0.4407181001 -0.7279411228 0.7059419266 -0.8333069991 -0.6862055040 -0.5891607560
-0.9937598830 -0.8202920800 -0.9888209602 -0.7720049665 -0.4526448457 -0.7326215447 -0.9904478738 -0.7718261104 -0.4366659398 -0.7264607472 0.7040783857 -0.8321642769 -0.6840624088 -0.5873969319
-0.9943071426 -0.8195253793 -0.9895713197 -0.7707856653 -0.4485015975 -0.7313566259 -0.9911190327 -0.7706611606 -0.4326033976 -0.7249656478 0.7022001179 -0.8310041462 -0.6819046997 -0.5856222108
-0.9948311591 -0.8187421465 -0.9902981853 -0.7695505462 -0.4443473767 -0.7300770355 -0.9917682885 -0.7694804932 -0.4285305207 -0.7234556675 0.7003069983 -0.8298264286 -0.6797322749 -0.5838364494
