-0.9368376198 -0.9312420826 -0.8651077476 -0.8847710050 -0.8525519358 -0.9143214562 -0.8514083077 -0.8711989131 -0.8692913300 -0.8694465330 0.8961796164 -0.7849822980 -0.8425849718 -0.9422741769
-0.9373359050 -0.9313417286 -0.8641344588 -0.8839821767 -0.8513281308 -0.9139080351 -0.8500631903 -0.8702422071 -0.8684017057 -0.8683802903 0.8951951768 -0.7830114195 -0.8410016904 -0.9422635374
-0.9378632366 -0.9314829175 -0.8632124023 -0.8832373828 -0.8501558953 -0.9135309817 -0.8487665129 -0.8693332022 -0.8675632073 -0.8673594031 0.8942408851 -0.7811132129 -0.8394650930 -0.9422835431
-0.9384187754 -0.9316647092 -0.8623406318 -0.8825357342 -0.8490343015 -0.9131894527 -0.8475173898 -0.8684709868 -0.8667748827 -0.8663829930 0.8933160100 -0.7792866003 -0.8379743322 -0.9423333743
-0.9390016822 -0.9318861638 -0.8615182015 -0.8818763422 -0.8479624215 -0.9128826047 -0.8463149353 -0.8676546492 -0.8660357798 -0.8654501815 0.8924198203 -0.7775305040 -0.8365285605 -0.9424122108
-0.9396111177 -0.9321463415 -0.8607441654 -0.8812583179 -0.8469393274 -0.9126095943 -0.8451582636 -0.8668832779 -0.8653449464 -0.8645600902 0.8915515848 -0.7758438464 -0.8351269305 -0.9425192327
-0.9402462429 -0.9324443021 -0.8600175773 -0.8806807724 -0.8459640912 -0.9123695781 -0.8440464891 -0.8661559611 -0.8647014304 -0.8637118407 0.8907105722 -0.7742255497 -0.8337685947 -0.9426536201
-0.9409062184 -0.9327791058 -0.8593374913 -0.8801428168 -0.8450357851 -0.9121617127 -0.8429787259 -0.8654717874 -0.8641042797 -0.8629045546 0.8898960514 -0.7726745362 -0.8324527057 -0.9428145530
-0.9415902051 -0.9331498126 -0.8587029615 -0.8796435623 -0.8441534812 -0.9119851549 -0.8419540884 -0.8648298450 -0.8635525422 -0.8621373535 0.8891072910 -0.7711897282 -0.8311784161 -0.9430012114
-0.9422973638 -0.9335554825 -0.8581130417 -0.8791821200 -0.8433162515 -0.9118390611 -0.8409716909 -0.8642292223 -0.8630452658 -0.8614093589 0.8883435600 -0.7697700481 -0.8299448783 -0.9432127754
-0.9430268553 -0.9339951756 -0.8575667860 -0.8787576011 -0.8425231682 -0.9117225881 -0.8400306474 -0.8636690078 -0.8625814983 -0.8607196924 0.8876041271 -0.7684144180 -0.8287512448 -0.9434484251
-0.9437778404 -0.9344679519 -0.8570632484 -0.8783691166 -0.8417733034 -0.9116348923 -0.8391300725 -0.8631482897 -0.8621602875 -0.8600674757 0.8868882611 -0.7671217604 -0.8275966684 -0.9437073404
-0.9445494799 -0.9349728714 -0.8566014829 -0.8780157778 -0.8410657292 -0.9115751306 -0.8382690802 -0.8626661565 -0.8617806815 -0.8594518302 0.8861952307 -0.7658909974 -0.8264803014 -0.9439887014
-0.9453409346 -0.9355089943 -0.8561805434 -0.8776966957 -0.8403995176 -0.9115424594 -0.8374467849 -0.8622216966 -0.8614417280 -0.8588718775 0.8855243047 -0.7647210515 -0.8254012965 -0.9442916881
-0.9461513654 -0.9360753805 -0.8557994839 -0.8774109816 -0.8397737408 -0.9115360355 -0.8366623009 -0.8618139982 -0.8611424750 -0.8583267393 0.8848747519 -0.7636108448 -0.8243588061 -0.9446154807
-0.9469799329 -0.9366710901 -0.8554573584 -0.8771577464 -0.8391874709 -0.9115550154 -0.8359147423 -0.8614421499 -0.8608819702 -0.8578155371 0.8842458412 -0.7625592997 -0.8233519829 -0.9449592591
-0.9478257981 -0.9372951831 -0.8551532210 -0.8769361015 -0.8386397799 -0.9115985557 -0.8352032235 -0.8611052399 -0.8606592617 -0.8573373925 0.8836368412 -0.7615653385 -0.8223799793 -0.9453222033
-0.9486881217 -0.9379467196 -0.8548861256 -0.8767451578 -0.8381297400 -0.9116658132 -0.8345268588 -0.8608023567 -0.8604733972 -0.8568914271 0.8830470208 -0.7606278834 -0.8214419479 -0.9457034935
-0.9495660645 -0.9386247596 -0.8546551262 -0.8765840266 -0.8376564233 -0.9117559443 -0.8338847623 -0.8605325885 -0.8603234247 -0.8564767624 0.8824756487 -0.7597458568 -0.8205370413 -0.9461023096
-0.9504587874 -0.9393283631 -0.8544592768 -0.8764518190 -0.8372189018 -0.9118681058 -0.8332760485 -0.8602950239 -0.8602083920 -0.8560925201 0.8819219938 -0.7589181810 -0.8196644120 -0.9465178317
-0.9513654511 -0.9400565903 -0.8542976313 -0.8763476461 -0.8368162477 -0.9120014542 -0.8326998314 -0.8600887512 -0.8601273469 -0.8557378217 0.8813853247 -0.7581437782 -0.8188232125 -0.9469492398
-0.9522852165 -0.9408085010 -0.8541692439 -0.8762706190 -0.8364475331 -0.9121551462 -0.8321552254 -0.8599128587 -0.8600793375 -0.8554117888 0.8808649104 -0.7574215707 -0.8180125954 -0.9473957140
-0.9532172442 -0.9415831554 -0.8540731683 -0.8762198489 -0.8361118300 -0.9123283384 -0.8316413448 -0.8597664348 -0.8600634115 -0.8551135429 0.8803600195 -0.7567504809 -0.8172317132 -0.9478564343
-0.9541606953 -0.9423796136 -0.8540084588 -0.8761944469 -0.8358082106 -0.9125201874 -0.8311573038 -0.8596485679 -0.8600786168 -0.8548422057 0.8798699208 -0.7561294310 -0.8164797185 -0.9483305808
-0.9551147304 -0.9431969355 -0.8539741692 -0.8761935242 -0.8355357470 -0.9127298498 -0.8307022167 -0.8595583465 -0.8601240013 -0.8545968987 0.8793938832 -0.7555573434 -0.8157557638 -0.9488173335
-0.9560785103 -0.9440341811 -0.8539693535 -0.8762161919 -0.8352935112 -0.9129564823 -0.8302751977 -0.8594948587 -0.8601986130 -0.8543767436 0.8789311754 -0.7550331402 -0.8150590017 -0.9493158724
-0.9570511959 -0.9448904107 -0.8539930657 -0.8762615611 -0.8350805754 -0.9131992415 -0.8298753612 -0.8594571931 -0.8603014995 -0.8541808618 0.8784810662 -0.7545557439 -0.8143885847 -0.9498253776
-0.9580319480 -0.9457646841 -0.8540443599 -0.8763287430 -0.8348960117 -0.9134572840 -0.8295018213 -0.8594444380 -0.8604317089 -0.8540083750 0.8780428244 -0.7541240767 -0.8137436653 -0.9503450291
-0.9590199274 -0.9466560614 -0.8541222899 -0.8764168486 -0.8347388921 -0.9137297665 -0.8291536924 -0.8594556818 -0.8605882891 -0.8538584048 0.8776157188 -0.7537370609 -0.8131233961 -0.9508740070
-0.9600142948 -0.9475636027 -0.8542259098 -0.8765249892 -0.8346082888 -0.9140158455 -0.8288300887 -0.8594900129 -0.8607702878 -0.8537300727 0.8771990181 -0.7533936188 -0.8125269296 -0.9514114912
