-0.9710583975 -0.8063334087 -0.8310445713 -0.9000266289 -0.8771515247 -0.8532509889 -0.8811215593 -0.8804407922 -0.8665577517 -0.8466422201 0.9356704876 -0.9494832120 -0.8909402663 -0.9288101435
-0.9698631846 -0.8060808509 -0.8308939914 -0.8996756298 -0.8771136969 -0.8529529811 -0.8807257521 -0.8801276732 -0.8665131604 -0.8462892671 0.9350630044 -0.9491531704 -0.8902064026 -0.9285002482
-0.9686392967 -0.8058142754 -0.8307284378 -0.8993049414 -0.8770587844 -0.8526381317 -0.8803111272 -0.8797961235 -0.8664520503 -0.8459196114 0.9344327501 -0.9488007535 -0.8894517440 -0.9281692224
-0.9673864821 -0.8055332309 -0.8305474524 -0.8989141550 -0.8769863275 -0.8523060103 -0.8798772762 -0.8794457230 -0.8663739591 -0.8455328283 0.9337793628 -0.9484255645 -0.8886759326 -0.9278166600
-0.9661044892 -0.8052372664 -0.8303505771 -0.8985028615 -0.8768958661 -0.8519561862 -0.8794237909 -0.8790760516 -0.8662784249 -0.8451284929 0.9331024806 -0.9480272066 -0.8878786109 -0.9274421553
-0.9647930663 -0.8049259305 -0.8301373541 -0.8980706523 -0.8767869406 -0.8515882289 -0.8789502629 -0.8786866890 -0.8661649854 -0.8447061804 0.9324017415 -0.9476052830 -0.8870594209 -0.9270453024
-0.9634519617 -0.8045987722 -0.8299073251 -0.8976171182 -0.8766590910 -0.8512017080 -0.8784562840 -0.8782772152 -0.8660331785 -0.8442654660 0.9316767835 -0.9471593970 -0.8862180048 -0.9266256952
-0.9620809238 -0.8042553401 -0.8296600324 -0.8971418506 -0.8765118574 -0.8507961927 -0.8779414457 -0.8778472100 -0.8658825421 -0.8438059248 0.9309272446 -0.9466891517 -0.8853540050 -0.9261829280
-0.9606797007 -0.8038951832 -0.8293950177 -0.8966444406 -0.8763447800 -0.8503712527 -0.8774053398 -0.8773962532 -0.8657126141 -0.8433271321 0.9301527630 -0.9461941504 -0.8844670635 -0.9257165948
-0.9592480409 -0.8035178502 -0.8291118231 -0.8961244792 -0.8761573989 -0.8499264573 -0.8768475580 -0.8769239247 -0.8655229322 -0.8428286631 0.9293529766 -0.9456739962 -0.8835568227 -0.9252262897
-0.9577856927 -0.8031228900 -0.8288099906 -0.8955815576 -0.8759492543 -0.8494613761 -0.8762676920 -0.8764298044 -0.8653130344 -0.8423100928 0.9285275235 -0.9451282925 -0.8826229247 -0.9247116069
-0.9562924043 -0.8027098513 -0.8284890621 -0.8950152670 -0.8757198863 -0.8489755785 -0.8756653334 -0.8759134720 -0.8650824586 -0.8417709965 0.9276760417 -0.9445566424 -0.8816650118 -0.9241721403
-0.9547679242 -0.8022782829 -0.8281485797 -0.8944251984 -0.8754688350 -0.8484686339 -0.8750400740 -0.8753745075 -0.8648307426 -0.8412109494 0.9267981693 -0.9439586491 -0.8806827261 -0.9236074842
-0.9532120005 -0.8018277337 -0.8277880852 -0.8938109431 -0.8751956405 -0.8479401118 -0.8743915054 -0.8748124907 -0.8645574242 -0.8406295267 0.9258935442 -0.9433339159 -0.8796757099 -0.9230172327
-0.9516243816 -0.8013577525 -0.8274071208 -0.8931720920 -0.8748998430 -0.8473895818 -0.8737192193 -0.8742270015 -0.8642620414 -0.8400263034 0.9249618046 -0.9426820460 -0.8786436054 -0.9224009797
-0.9500048159 -0.8008678881 -0.8270052282 -0.8925082365 -0.8745809827 -0.8468166131 -0.8730228075 -0.8736176197 -0.8639441319 -0.8394008549 0.9240025885 -0.9420026425 -0.8775860549 -0.9217583195
-0.9483530516 -0.8003576893 -0.8265819496 -0.8918189675 -0.8742385996 -0.8462207754 -0.8723018615 -0.8729839251 -0.8636032338 -0.8387527563 0.9230155338 -0.9412953088 -0.8765027005 -0.9210888461
-0.9466688371 -0.7998267049 -0.8261368270 -0.8911038762 -0.8738722339 -0.8456016380 -0.8715559731 -0.8723254976 -0.8632388848 -0.8380815827 0.9220002787 -0.9405596479 -0.8753931844 -0.9203921536
-0.9449519207 -0.7992744837 -0.8256694022 -0.8903625538 -0.8734814257 -0.8449587704 -0.8707847339 -0.8716419171 -0.8628506227 -0.8373869094 0.9209564612 -0.9397952632 -0.8742571489 -0.9196678361
-0.9432020506 -0.7987005746 -0.8251792173 -0.8895945915 -0.8730657152 -0.8442917422 -0.8699877358 -0.8709327634 -0.8624379856 -0.8366683115 0.9198837193 -0.9390017578 -0.8730942362 -0.9189154878
-0.9414189753 -0.7981045262 -0.8246658142 -0.8887995802 -0.8726246425 -0.8436001227 -0.8691645702 -0.8701976163 -0.8620005112 -0.8359253642 0.9187816910 -0.9381787351 -0.8719040885 -0.9181347026
-0.9396024430 -0.7974858875 -0.8241287349 -0.8879771112 -0.8721577477 -0.8428834814 -0.8683148290 -0.8694360558 -0.8615377373 -0.8351576428 0.9176500144 -0.9373257980 -0.8706863480 -0.9173250748
-0.9377522020 -0.7968442073 -0.8235675215 -0.8871267755 -0.8716645710 -0.8421413877 -0.8674381038 -0.8686476616 -0.8610492020 -0.8343647223 0.9164883276 -0.9364425500 -0.8694406569 -0.9164861984
-0.9358680006 -0.7961790343 -0.8229817158 -0.8862481644 -0.8711446525 -0.8413734112 -0.8665339863 -0.8678320137 -0.8605344429 -0.8335461779 0.9152962685 -0.9355285942 -0.8681666575 -0.9156176675
-0.9339495872 -0.7954899174 -0.8223708599 -0.8853408690 -0.8705975323 -0.8405791213 -0.8656020682 -0.8669886918 -0.8599929981 -0.8327015849 0.9140734753 -0.9345835339 -0.8668639919 -0.9147190763
-0.9319967101 -0.7947764054 -0.8217344957 -0.8844044803 -0.8700227506 -0.8397580875 -0.8646419412 -0.8661172758 -0.8594244053 -0.8318305184 0.9128195858 -0.9336069722 -0.8655323024 -0.9137900188
-0.9300091176 -0.7940380471 -0.8210721652 -0.8834385895 -0.8694198475 -0.8389098792 -0.8636531970 -0.8652173456 -0.8588282024 -0.8309325536 0.9115342383 -0.9325985123 -0.8641712313 -0.9128300890
-0.9279865580 -0.7932743912 -0.8203834105 -0.8824427878 -0.8687883631 -0.8380340658 -0.8626354272 -0.8642884810 -0.8582039274 -0.8300072657 0.9102170707 -0.9315577576 -0.8627804206 -0.9118388812
-0.9259287796 -0.7924849867 -0.8196677733 -0.8814166663 -0.8681278376 -0.8371302169 -0.8615882235 -0.8633302619 -0.8575511180 -0.8290542299 0.9088677210 -0.9304843111 -0.8613595127 -0.9108159894
-0.9238355307 -0.7916693823 -0.8189247959 -0.8803598160 -0.8674378111 -0.8361979019 -0.8605111777 -0.8623422681 -0.8568693121 -0.8280730212 0.9074858273 -0.9293777761 -0.8599081497 -0.9097610078
