-0.4094675678 -0.3386813610 -0.4694666632 0.3438967725 -0.4928169561 -0.4807676696 -0.4976388704 0.4299254866 -0.3763796759 -0.4161243978 -0.4076111567 -0.3774979895 0.5863861196 0.4620119597
-0.3997307723 -0.3320543193 -0.4596815559 0.3349798874 -0.4835966428 -0.4706930991 -0.4873202145 0.4196720867 -0.3671643641 -0.4056531034 -0.3970516276 -0.3674356974 0.5771702104 0.4519487998
-0.3898186407 -0.3252307177 -0.4497062293 0.3258941859 -0.4741729039 -0.4604290676 -0.4768108409 0.4092446298 -0.3577756373 -0.3950140847 -0.3863276941 -0.3572104617 0.5677266520 0.4417008784
-0.3797291674 -0.3182070940 -0.4395385037 0.3166374351 -0.4645431743 -0.4499735157 -0.4661087667 0.3986413232 -0.3482113166 -0.3842057138 -0.3754378046 -0.3468205608 0.5580525644 0.4312661922
-0.3694603470 -0.3109799859 -0.4291761998 0.3072074020 -0.4547048890 -0.4393243836 -0.4552120087 0.3878603744 -0.3384692230 -0.3732263630 -0.3643804081 -0.3362642732 0.5481450678 0.4206427381
-0.3590101740 -0.3035459312 -0.4186171379 0.2976018537 -0.4446554831 -0.4284796117 -0.4441185839 0.3768999909 -0.3285471777 -0.3620744046 -0.3531539530 -0.3255398774 0.5380012824 0.4098285129
-0.3483766429 -0.2959014675 -0.4078591386 0.2878185573 -0.4343923915 -0.4174371403 -0.4328265092 0.3657583803 -0.3184430016 -0.3507482106 -0.3417568880 -0.3146456520 0.5276183285 0.3988215132
-0.3375577483 -0.2880431325 -0.3969000224 0.2778552797 -0.4239130492 -0.4061949098 -0.4213338014 0.3544337499 -0.3081545159 -0.3392461533 -0.3301876619 -0.3035798753 0.5169933261 0.3876197358
-0.3265514847 -0.2799674641 -0.3857376097 0.2677097882 -0.4132148914 -0.3947508605 -0.4096384776 0.3429243073 -0.2976795417 -0.3275666048 -0.3184447233 -0.2923408259 0.5061233954 0.3762211776
-0.3153558466 -0.2716710000 -0.3743697211 0.2573798496 -0.4022953528 -0.3831029328 -0.3977385546 0.3312282600 -0.2870158999 -0.3157079375 -0.3065265209 -0.2809267822 0.4950056567 0.3646238352
-0.3039688285 -0.2631502778 -0.3627941769 0.2468632311 -0.3911518687 -0.3712490671 -0.3856320493 0.3193438154 -0.2761614118 -0.3036685235 -0.2944315033 -0.2693360229 0.4836372300 0.3528257055
-0.2923884249 -0.2544018353 -0.3510087978 0.2361576998 -0.3797818739 -0.3591872037 -0.3733169786 0.3072691810 -0.2651138983 -0.2914467350 -0.2821581192 -0.2575668262 0.4720152356 0.3408247852
-0.2806126304 -0.2454222103 -0.3390114041 0.2252610226 -0.3681828035 -0.3469152829 -0.3607913596 0.2950025643 -0.2538711806 -0.2790409442 -0.2697048173 -0.2456174709 0.4601367936 0.3286190711
-0.2686394395 -0.2362079404 -0.3267998164 0.2141709667 -0.3563520925 -0.3344312451 -0.3480532090 0.2825421729 -0.2424310797 -0.2664495233 -0.2570700463 -0.2334862353 0.4479990243 0.3162065599
-0.2564668467 -0.2267555635 -0.3143718551 0.2028852991 -0.3442871759 -0.3217330307 -0.3351005438 0.2698862141 -0.2307914166 -0.2536708445 -0.2442522548 -0.2211713979 0.4355990477 0.3035852485
-0.2440928465 -0.2170616172 -0.3017253408 0.1914017868 -0.3319854887 -0.3088185800 -0.3219313809 0.2570328955 -0.2189500126 -0.2407032801 -0.2312498914 -0.2086712372 0.4229339841 0.2907531335
-0.2315154335 -0.2071226393 -0.2888580939 0.1797181969 -0.3194444659 -0.2956858333 -0.3085437372 0.2439804245 -0.2069046886 -0.2275452021 -0.2180614049 -0.1959840317 0.4100009536 0.2777082117
-0.2187326021 -0.1969351674 -0.2757679350 0.1678322964 -0.3066615425 -0.2823327311 -0.2949356297 0.2307270086 -0.1946532657 -0.2141949829 -0.2046852440 -0.1831080600 0.3967970765 0.2644484800
-0.2057423470 -0.1864957394 -0.2624526844 0.1557418525 -0.2936341535 -0.2687572136 -0.2811050752 0.2172708554 -0.1821935649 -0.2006509945 -0.1911198573 -0.1700416004 0.3833194728 0.2509719350
-0.1925426626 -0.1758008929 -0.2489101626 0.1434446322 -0.2803597340 -0.2549572212 -0.2670500906 0.2036101722 -0.1695234075 -0.1869116094 -0.1773636934 -0.1567829316 0.3695652628 0.2372765736
-0.1791315434 -0.1648471658 -0.2351381903 0.1309384024 -0.2668357189 -0.2409306943 -0.2527686930 0.1897431667 -0.1566406144 -0.1729751995 -0.1634152010 -0.1433303319 0.3555315666 0.2233603925
-0.1655069839 -0.1536310956 -0.2211345878 0.1182209304 -0.2530595432 -0.2266755732 -0.2382588991 0.1756680462 -0.1435430067 -0.1588401372 -0.1492728289 -0.1296820799 0.3412155044 0.2092213885
-0.1516669788 -0.1421492202 -0.2068971756 0.1052899831 -0.2390286420 -0.2121897983 -0.2235187259 0.1613830183 -0.1302284056 -0.1445047946 -0.1349350257 -0.1158364541 0.3266141964 0.1948575583
-0.1376095224 -0.1303980773 -0.1924237742 0.0921433275 -0.2247404502 -0.1974713100 -0.2085461904 0.1468862904 -0.1166946319 -0.1299675439 -0.1204002400 -0.1017917329 0.3117247627 0.1802668987
-0.1233326094 -0.1183742046 -0.1777122042 0.0787787308 -0.2101924029 -0.1825180485 -0.1933393094 0.1321760700 -0.1029395070 -0.1152267574 -0.1056669205 -0.0875461948 0.2965443236 0.1654474065
-0.1088342342 -0.1060741399 -0.1627602859 0.0651939600 -0.1953819350 -0.1673279542 -0.1778960998 0.1172505646 -0.0889608517 -0.1002808072 -0.0907335159 -0.0730981185 0.2810699992 0.1503970785
-0.0941123914 -0.0934944208 -0.1475658399 0.0513867822 -0.1803064816 -0.1518989675 -0.1622145787 0.1021079817 -0.0747564873 -0.0851280656 -0.0755984748 -0.0584457822 0.2652989096 0.1351139113
-0.0791650755 -0.0806315851 -0.1321266866 0.0373549644 -0.1649634777 -0.1362290288 -0.1462927627 0.0867465288 -0.0603242347 -0.0697669047 -0.0602602460 -0.0435874646 0.2492281751 0.1195959018
-0.0639902810 -0.0674821706 -0.1164406466 0.0230962736 -0.1493503583 -0.1203160783 -0.1301286690 0.0711644133 -0.0456619150 -0.0541956968 -0.0447172781 -0.0285214441 0.2328549159 0.1038410468
-0.0485860024 -0.0540427149 -0.1005055403 0.0086084769 -0.1334645583 -0.1041580565 -0.1137203144 0.0553598428 -0.0307673494 -0.0384128140 -0.0289680198 -0.0132459992 0.2161762520 0.0878473430
