-0.9676302958 -0.9918230542 -0.9921555575 -0.9946443257 -0.9930253459 -0.9932234567 -0.9942831109 -0.9939989004 -0.9927639145 -0.9932235549 0.9964222708 -0.9958989634 -0.9956331283 -0.9952815252
-0.9677450707 -0.9878247732 -0.9883237780 -0.9920377407 -0.9896257487 -0.9899160504 -0.9914970888 -0.9910742713 -0.9892350095 -0.9899149963 0.9946884735 -0.9939126893 -0.9935066938 -0.9929906464
-0.9678721955 -0.9838860186 -0.9845516824 -0.9894781120 -0.9862840250 -0.9866619802 -0.9887588038 -0.9881996958 -0.9857649136 -0.9866589807 0.9929909050 -0.9919687157 -0.9914177832 -0.9907447989
-0.9680114184 -0.9800063391 -0.9808388126 -0.9869650307 -0.9829997149 -0.9834608157 -0.9860678478 -0.9853747537 -0.9823531646 -0.9834550832 0.9913292034 -0.9900666456 -0.9893660387 -0.9885435766
-0.9681624877 -0.9761852835 -0.9771847105 -0.9844980879 -0.9797723586 -0.9803121263 -0.9834238124 -0.9825990249 -0.9789993004 -0.9803028789 0.9897030067 -0.9882060824 -0.9873511024 -0.9863865738
-0.9683251517 -0.9724224007 -0.9735889183 -0.9820768748 -0.9766014961 -0.9772154814 -0.9808262893 -0.9798720893 -0.9757028587 -0.9772019431 0.9881119530 -0.9863866293 -0.9853726167 -0.9842733845
-0.9684991588 -0.9687172395 -0.9700509777 -0.9797009826 -0.9734866676 -0.9741704505 -0.9782748701 -0.9771935266 -0.9724633776 -0.9741518510 0.9865556804 -0.9846078894 -0.9834302237 -0.9822036028
-0.9686842573 -0.9650693487 -0.9665704309 -0.9773700022 -0.9704274132 -0.9711766030 -0.9757691465 -0.9745629167 -0.9692803949 -0.9711521776 0.9850338268 -0.9828694661 -0.9815235657 -0.9801768228
-0.9688801955 -0.9614782771 -0.9631468198 -0.9750835249 -0.9674232731 -0.9682335085 -0.9733087103 -0.9719798396 -0.9661534483 -0.9682024983 0.9835460302 -0.9811709624 -0.9796522848 -0.9781926386
-0.9690867216 -0.9579435735 -0.9597796864 -0.9728411419 -0.9644737874 -0.9653407364 -0.9708931531 -0.9694438750 -0.9630820759 -0.9653023881 0.9820919288 -0.9795119817 -0.9778160233 -0.9762506443
-0.9693035841 -0.9544647866 -0.9564685726 -0.9706424441 -0.9615784963 -0.9624978562 -0.9685220667 -0.9669546028 -0.9600658154 -0.9624514223 0.9806711606 -0.9778921271 -0.9760144234 -0.9743504341
-0.9695305312 -0.9510414654 -0.9532130204 -0.9684870229 -0.9587369398 -0.9597044372 -0.9661950426 -0.9645116028 -0.9571042047 -0.9596491761 0.9792833636 -0.9763110019 -0.9742471273 -0.9724916020
-0.9697673113 -0.9476731587 -0.9500125719 -0.9663744692 -0.9559486581 -0.9569600491 -0.9639116726 -0.9621144549 -0.9541967818 -0.9568952246 0.9779281758 -0.9747682093 -0.9725137772 -0.9706737420
-0.9700136726 -0.9443594152 -0.9468667689 -0.9643043743 -0.9532131914 -0.9542642612 -0.9616715484 -0.9597627390 -0.9513430843 -0.9541891430 0.9766052352 -0.9732633524 -0.9708140154 -0.9688964484
-0.9702693634 -0.9410997837 -0.9437751535 -0.9622763292 -0.9505300797 -0.9516166430 -0.9594742616 -0.9574560349 -0.9485426504 -0.9515305064 0.9753141800 -0.9717960346 -0.9691474840 -0.9671593152
-0.9705341322 -0.9378938131 -0.9407372677 -0.9602899251 -0.9478988632 -0.9490167639 -0.9573194040 -0.9551939224 -0.9457950176 -0.9489188902 0.9740546482 -0.9703658590 -0.9675138254 -0.9654619365
-0.9708077271 -0.9347410521 -0.9377526534 -0.9583447531 -0.9453190821 -0.9464641935 -0.9552065672 -0.9529759814 -0.9430997241 -0.9463538693 0.9728262777 -0.9689724288 -0.9659126816 -0.9638039064
-0.9710898966 -0.9316410497 -0.9348208525 -0.9564404044 -0.9427902765 -0.9439585012 -0.9531353430 -0.9508017917 -0.9404563076 -0.9438350192 0.9716287067 -0.9676153473 -0.9643436949 -0.9621848190
-0.9713803889 -0.9285933545 -0.9319414072 -0.9545764701 -0.9403119865 -0.9414992564 -0.9511053229 -0.9486709333 -0.9378643059 -0.9413619148 0.9704615731 -0.9662942177 -0.9628065075 -0.9606042685
-0.9716789524 -0.9255975154 -0.9291138593 -0.9527525413 -0.9378837522 -0.9390860286 -0.9491160988 -0.9465829859 -0.9353232570 -0.9389341314 0.9693245150 -0.9650086432 -0.9613007617 -0.9590618488
-0.9719853353 -0.9226530813 -0.9263377508 -0.9509682092 -0.9355051138 -0.9367183873 -0.9471672622 -0.9445375295 -0.9328326987 -0.9365512442 0.9682171705 -0.9637582269 -0.9598260996 -0.9575571541
-0.9722992859 -0.9197596008 -0.9236126238 -0.9492230648 -0.9331756114 -0.9343959019 -0.9452584049 -0.9425341438 -0.9303921689 -0.9342128283 0.9671391775 -0.9625425722 -0.9583821635 -0.9560897786
-0.9726205527 -0.9169166229 -0.9209380201 -0.9475166994 -0.9308947852 -0.9321181420 -0.9433891186 -0.9405724086 -0.9280012055 -0.9319184589 0.9660901742 -0.9613612823 -0.9569685956 -0.9546593162
-0.9729488838 -0.9141236963 -0.9183134818 -0.9458487040 -0.9286621753 -0.9298846769 -0.9415589949 -0.9386519040 -0.9256593462 -0.9296677113 0.9650697985 -0.9602139603 -0.9555850381 -0.9532653612
-0.9732840277 -0.9113803698 -0.9157385509 -0.9442186697 -0.9264773217 -0.9276950761 -0.9397676256 -0.9367722097 -0.9233661291 -0.9274601606 0.9640776885 -0.9591002094 -0.9542311333 -0.9519075075
-0.9736257326 -0.9086861923 -0.9132127692 -0.9426261878 -0.9243397648 -0.9255489091 -0.9380146022 -0.9349329055 -0.9211210918 -0.9252953819 0.9631134822 -0.9580196330 -0.9529065232 -0.9505853494
-0.9739737468 -0.9060407126 -0.9107356789 -0.9410708494 -0.9222490445 -0.9234457453 -0.9362995166 -0.9331335713 -0.9189237724 -0.9231729505 0.9621768177 -0.9569718342 -0.9516108503 -0.9492984809
-0.9743278187 -0.9034434794 -0.9083068219 -0.9395522455 -0.9202047010 -0.9213851543 -0.9346219604 -0.9313737870 -0.9167737087 -0.9210924415 0.9612673330 -0.9559564161 -0.9503437566 -0.9480464960
-0.9746876966 -0.9008940416 -0.9059257401 -0.9380699673 -0.9182062745 -0.9193667054 -0.9329815253 -0.9296531324 -0.9146704385 -0.9190534301 0.9603846661 -0.9549729822 -0.9491048843 -0.9468289890
-0.9750531288 -0.8983919481 -0.9035919755 -0.9366236059 -0.9162533051 -0.9173899681 -0.9313778029 -0.9279711874 -0.9126134997 -0.9170554915 0.9595284551 -0.9540211354 -0.9478938758 -0.9456455539
