-0.9931905851 -0.9940022585 -0.8672992538 -0.8785130714 -0.8340381811 -0.9146748981 -0.8116403539 -0.8627974771 -0.8784196974 -0.8434910723 0.8255081143 -0.7732428188 -0.7760515635 -0.9582559001
-0.9923289008 -0.9934975473 -0.8666787486 -0.8776371996 -0.8332948571 -0.9136267517 -0.8106737010 -0.8620105096 -0.8778405303 -0.8425263449 0.8238322491 -0.7731331967 -0.7748648077 -0.9571474717
-0.9914106648 -0.9929385032 -0.8660129825 -0.8767146978 -0.8325084567 -0.9125289486 -0.8096651432 -0.8611782576 -0.8772153727 -0.8415173741 0.8221119475 -0.7729863205 -0.7736382954 -0.9559860528
-0.9904350380 -0.9923241861 -0.8653010097 -0.8757446774 -0.8316780522 -0.9113806455 -0.8086137948 -0.8602998094 -0.8765432722 -0.8404632815 0.8203464782 -0.7728011123 -0.7723711792 -0.9547708235
-0.9894011812 -0.9916536563 -0.8645418839 -0.8747262493 -0.8308027155 -0.9101809989 -0.8075187699 -0.8593742534 -0.8758232769 -0.8393631886 0.8185351102 -0.7725764945 -0.7710626115 -0.9535009637
-0.9883082551 -0.9909259736 -0.8637346593 -0.8736585248 -0.8298815189 -0.9089291654 -0.8063791830 -0.8584006781 -0.8750544346 -0.8382162171 0.8166771120 -0.7723113893 -0.7697117450 -0.9521756535
-0.9871554206 -0.9901401981 -0.8628783899 -0.8725406150 -0.8289135345 -0.9076243018 -0.8051941482 -0.8573781717 -0.8742357931 -0.8370214885 0.8147717526 -0.7720047190 -0.7683177322 -0.9507940729
-0.9859418386 -0.9892953898 -0.8619721295 -0.8713716310 -0.8278978342 -0.9062655645 -0.8039627798 -0.8563058227 -0.8733664004 -0.8357781243 0.8128183006 -0.7716554060 -0.7668797256 -0.9493554020
-0.9846666697 -0.9883906089 -0.8610149322 -0.8701506839 -0.8268334902 -0.9048521103 -0.8026841920 -0.8551827195 -0.8724453044 -0.8344852462 0.8108160249 -0.7712623726 -0.7653968777 -0.9478588208
-0.9833290747 -0.9874249153 -0.8600058520 -0.8688768850 -0.8257195747 -0.9033830958 -0.8013574992 -0.8540079503 -0.8714715528 -0.8331419758 0.8087641943 -0.7708245409 -0.7638683412 -0.9463035094
-0.9819282146 -0.9863973691 -0.8589439429 -0.8675493452 -0.8245551596 -0.9018576775 -0.7999818156 -0.8527806037 -0.8704441936 -0.8317474346 0.8066620775 -0.7703408334 -0.7622932685 -0.9446886478
-0.9804632501 -0.9853070304 -0.8578282589 -0.8661671758 -0.8233393172 -0.9002750121 -0.7985562555 -0.8514997679 -0.8693622747 -0.8303007442 0.8045089434 -0.7698101723 -0.7606708122 -0.9430134160
-0.9789333420 -0.9841529591 -0.8566578539 -0.8647294879 -0.8220711195 -0.8986342563 -0.7970799331 -0.8501645314 -0.8682248439 -0.8288010263 0.8023040606 -0.7692314799 -0.7590001249 -0.9412769941
-0.9773376511 -0.9829342153 -0.8554317820 -0.8632353926 -0.8207496386 -0.8969345666 -0.7955519627 -0.8487739825 -0.8670309491 -0.8272474022 0.8000466981 -0.7686036784 -0.7572803590 -0.9394785621
-0.9756753382 -0.9816498590 -0.8541490971 -0.8616840011 -0.8193739467 -0.8951750997 -0.7939714585 -0.8473272095 -0.8657796382 -0.8256389937 0.7977361245 -0.7679256903 -0.7555106672 -0.9376173001
-0.9739455642 -0.9802989504 -0.8528088532 -0.8600744244 -0.8179431157 -0.8933550122 -0.7923375349 -0.8458233010 -0.8644699590 -0.8239749224 0.7953716086 -0.7671964378 -0.7536902019 -0.9356923881
-0.9721474897 -0.9788805494 -0.8514101044 -0.8584057738 -0.8164562178 -0.8914734607 -0.7906493060 -0.8442613452 -0.8631009595 -0.8222543097 0.7929524193 -0.7664148432 -0.7518181157 -0.9337030062
-0.9702802757 -0.9773937160 -0.8499519046 -0.8566771604 -0.8149123252 -0.8895296018 -0.7889058863 -0.8426404305 -0.8616716875 -0.8204762774 0.7904778253 -0.7655798287 -0.7498935612 -0.9316483343
-0.9683430829 -0.9758375104 -0.8484333078 -0.8548876953 -0.8133105099 -0.8875225922 -0.7871063898 -0.8409596453 -0.8601811909 -0.8186399469 0.7879470954 -0.7646903167 -0.7479156909 -0.9295275526
-0.9663350722 -0.9742109925 -0.8468533680 -0.8530364897 -0.8116498439 -0.8854515885 -0.7852499309 -0.8392180781 -0.8586285176 -0.8167444398 0.7853594983 -0.7637452295 -0.7458836574 -0.9273398410
-0.9642554042 -0.9725132224 -0.8452111391 -0.8511226546 -0.8099293995 -0.8833157474 -0.7833356239 -0.8374148170 -0.8570127155 -0.8147888778 0.7827143030 -0.7627434894 -0.7437966131 -0.9250843797
-0.9621032399 -0.9707432602 -0.8435056753 -0.8491453012 -0.8081482487 -0.8811142253 -0.7813625830 -0.8355489506 -0.8553328323 -0.8127723824 0.7800107780 -0.7616840186 -0.7416537107 -0.9227603486
-0.9598777401 -0.9689001658 -0.8417360304 -0.8471035407 -0.8063054636 -0.8788461790 -0.7793299225 -0.8336195672 -0.8535879161 -0.8106940751 0.7772481923 -0.7605657394 -0.7394541026 -0.9203669277
-0.9575780655 -0.9669829994 -0.8399012584 -0.8449964842 -0.8044001163 -0.8765107651 -0.7772367566 -0.8316257552 -0.8517770146 -0.8085530777 0.7744258146 -0.7593875742 -0.7371969415 -0.9179032973
-0.9552033770 -0.9649908209 -0.8380004134 -0.8428232427 -0.8024312789 -0.8741071402 -0.7750821996 -0.8295666029 -0.8498991758 -0.8063485115 0.7715429137 -0.7581484452 -0.7348813798 -0.9153686371
-0.9527528353 -0.9629226904 -0.8360325493 -0.8405829276 -0.8003980235 -0.8716344609 -0.7728653658 -0.8274411988 -0.8479534476 -0.8040794983 0.7685987583 -0.7568472748 -0.7325065701 -0.9127621275
-0.9502256013 -0.9607776680 -0.8339967202 -0.8382746498 -0.7982994223 -0.8690918839 -0.7705853695 -0.8252486312 -0.8459388777 -0.8017451596 0.7655926173 -0.7554829852 -0.7300716650 -0.9100829482
-0.9476208357 -0.9585548137 -0.8318919799 -0.8358975206 -0.7961345472 -0.8664785657 -0.7682413248 -0.8229879885 -0.8438545141 -0.7993446170 0.7625237594 -0.7540544987 -0.7275758169 -0.9073302795
-0.9449376994 -0.9562531875 -0.8297173826 -0.8334506511 -0.7939024704 -0.8637936631 -0.7658323461 -0.8206583590 -0.8416994047 -0.7968769920 0.7593914535 -0.7525607376 -0.7250181786 -0.9045033013
-0.9421753532 -0.9538718494 -0.8274719822 -0.8309331523 -0.7916022641 -0.8610363325 -0.7633575477 -0.8182588312 -0.8394725974 -0.7943414063 0.7561949682 -0.7510006243 -0.7223979023 -0.9016011937
