-0.6216888886 -0.5423611537 -0.3749430737 0.7033354062 -0.7777060027 -0.7985156662 -0.6377185331 0.7200613554 -0.7245304377 0.9108464679 -0.5140083612 -0.2349366009 0.3986386209 0.5674691792
-0.6147601186 -0.5291775790 -0.3675471501 0.6920840174 -0.7684547886 -0.7897325681 -0.6291840690 0.7094919378 -0.7176422922 0.9202487268 -0.5050207689 -0.2274340177 0.3919394895 0.5576410518
-0.6076142384 -0.5158186088 -0.3600070101 0.6805998927 -0.7589507006 -0.7806887572 -0.6204342130 0.6986871476 -0.7105072630 0.9292138760 -0.4958551949 -0.2198279538 0.3850865699 0.5476228643
-0.6002461216 -0.5022847431 -0.3523182741 0.6688818005 -0.7491903525 -0.7713804222 -0.6114651731 0.6876449628 -0.7031200424 0.9377253890 -0.4865084066 -0.2121143198 0.3780748596 0.5374120184
-0.5926506417 -0.4885764818 -0.3444765624 0.6569285087 -0.7391703587 -0.7618037517 -0.6022731573 0.6763633615 -0.6954753228 0.9457667395 -0.4769771714 -0.2042890258 0.3708993561 0.5270059156
-0.5848226720 -0.4746943250 -0.3364774956 0.6447387854 -0.7288873330 -0.7519549344 -0.5928543734 0.6648403216 -0.6875677967 0.9533214010 -0.4672582569 -0.1963479821 0.3635550572 0.5164019577
-0.5767570861 -0.4606387725 -0.3283166939 0.6323113989 -0.7183378896 -0.7418301591 -0.5832050295 0.6530738212 -0.6793921565 0.9603728472 -0.4573484304 -0.1882870991 0.3560369603 0.5055975464
-0.5684487576 -0.4464103242 -0.3199897778 0.6196451172 -0.7075186425 -0.7314256144 -0.5733213333 0.6410618384 -0.6709430946 0.9669045517 -0.4472444594 -0.1801022871 0.3483400631 0.4945900835
-0.5598925598 -0.4320094801 -0.3114923677 0.6067387083 -0.6964262060 -0.7207374890 -0.5631994929 0.6288023512 -0.6622153034 0.9728999881 -0.4369431113 -0.1717894563 0.3404593631 0.4833769704
-0.5510833662 -0.4174367402 -0.3028200839 0.5935909405 -0.6850571939 -0.7097619716 -0.5528357161 0.6162933377 -0.6532034754 0.9783426301 -0.4264411537 -0.1633445172 0.3323898580 0.4719556091
-0.5420160504 -0.4026926044 -0.2939685470 0.5802005818 -0.6734082205 -0.6984952509 -0.5422262109 0.6035327758 -0.6439023029 0.9832159513 -0.4157353539 -0.1547633799 0.3241265454 0.4603234011
-0.5326854858 -0.3877775726 -0.2849333772 0.5665664003 -0.6614758997 -0.6869335156 -0.5313671852 0.5905186437 -0.6343064785 0.9875034252 -0.4048224794 -0.1460419548 0.3156644227 0.4484777481
-0.5230865459 -0.3726921447 -0.2757101951 0.5526871641 -0.6492568457 -0.6750729543 -0.5202548469 0.5772489194 -0.6244106945 0.9911885255 -0.3936992977 -0.1371761523 0.3069984877 0.4364160519
-0.5132141042 -0.3574368207 -0.2662946209 0.5385616414 -0.6367476725 -0.6629097558 -0.5088854039 0.5637215809 -0.6142096433 0.9942547259 -0.3823625761 -0.1281618825 0.2981237379 0.4241357141
-0.5030630342 -0.3420121005 -0.2566822751 0.5241886002 -0.6239449943 -0.6504401087 -0.4972550642 0.5499346063 -0.6036980173 0.9966854999 -0.3708090823 -0.1189950558 0.2890351709 0.4116341364
-0.4926282094 -0.3264184841 -0.2468687781 0.5095668087 -0.6108454251 -0.6376602017 -0.4853600358 0.5358859736 -0.5928705091 0.9984643212 -0.3590355835 -0.1096715826 0.2797277843 0.3989087205
-0.4819045032 -0.3106564714 -0.2368497503 0.4946950349 -0.5974455789 -0.6245662236 -0.4731965264 0.5215736609 -0.5817218110 0.9995746633 -0.3470388473 -0.1001873731 0.2701965757 0.3859568681
-0.4708867891 -0.2947265624 -0.2266208121 0.4795720470 -0.5837420699 -0.6111543629 -0.4607607440 0.5069956462 -0.5702466154 1.0000000000 -0.3348156411 -0.0905383376 0.2604365426 0.3727759809
-0.4595699406 -0.2786292569 -0.2161775838 0.4641966130 -0.5697315122 -0.5974208085 -0.4480488966 0.4921499076 -0.5584396147 0.9997238048 -0.3223627323 -0.0807203864 0.2504426828 0.3593634606
-0.4479488313 -0.2623650549 -0.2055156860 0.4485675012 -0.5554105198 -0.5833617489 -0.4350571921 0.4770344230 -0.5462955014 0.9987295513 -0.3096768884 -0.0707294299 0.2402099936 0.3457167088
-0.4360183345 -0.2459344564 -0.1946307390 0.4326834795 -0.5407757067 -0.5689733729 -0.4217818383 0.4616471706 -0.5338089679 0.9970007131 -0.2967548769 -0.0605613783 0.2297334728 0.3318331273
-0.4237733237 -0.2293379613 -0.1835183631 0.4165433161 -0.5258236872 -0.5542518691 -0.4082190433 0.4459861284 -0.5209747067 0.9945207640 -0.2835934652 -0.0502121420 0.2190081180 0.3177101178
-0.4112086726 -0.2125760695 -0.1721741789 0.4001457791 -0.5105510752 -0.5391934263 -0.3943650149 0.4300492744 -0.5077874100 0.9912731774 -0.2701894208 -0.0396776313 0.2080289267 0.3033450818
-0.3983192544 -0.1956492809 -0.1605938066 0.3834896366 -0.4949544849 -0.5237942332 -0.3802159611 0.4138345867 -0.4942417705 0.9872414271 -0.2565395110 -0.0289537564 0.1967908965 0.2887354213
-0.3850999428 -0.1785580956 -0.1487728668 0.3665736568 -0.4790305302 -0.5080504783 -0.3657680898 0.3973400433 -0.4803324804 0.9824089866 -0.2426405035 -0.0180364277 0.1852890250 0.2738785377
-0.3715456112 -0.1613030134 -0.1367069797 0.3493966076 -0.4627758254 -0.4919583505 -0.3510176089 0.3805636223 -0.4660542322 0.9767593295 -0.2284891655 -0.0069215554 0.1735183098 0.2587718328
-0.3576511331 -0.1438845342 -0.1243917659 0.3319572573 -0.4461869844 -0.4755140383 -0.3359607263 0.3635033017 -0.4514017184 0.9702759295 -0.2140822646 0.0043949500 0.1614737484 0.2434127083
-0.3434113820 -0.1263031581 -0.1118228456 0.3142543739 -0.4292606215 -0.4587137306 -0.3205936500 0.3461570596 -0.4363696313 0.9629422602 -0.1994165681 0.0159171784 0.1491503386 0.2277985659
-0.3288212313 -0.1085593849 -0.0989958394 0.2962867255 -0.4119933505 -0.4415536159 -0.3049125878 0.3285228740 -0.4209526633 0.9547417953 -0.1844888437 0.0276492194 0.1365430778 0.2119268073
-0.3138755545 -0.0906537147 -0.0859063676 0.2780530803 -0.3943817857 -0.4240298830 -0.2889137477 0.3105987229 -0.4051455070 0.9456580082 -0.1692958586 0.0395951626 0.1236469637 0.1957948341
