-0.3063168724 0.0062671523 -0.3442361375 0.2964971185 -0.3725571931 0.3314959608 -0.4591649059 0.3371263114 -0.4407381832 0.5646764432 -0.2997349714 -0.1994496156 0.2737864977 0.2870590305
-0.2955855997 0.0195945583 -0.3314643844 0.2851646535 -0.3601116576 0.3173094175 -0.4467144587 0.3274682084 -0.4279380212 0.5521286237 -0.2848932770 -0.1898227065 0.2651397974 0.2762066665
-0.2846680207 0.0329715828 -0.3185221827 0.2736573327 -0.3474820359 0.3029731201 -0.4340520274 0.3175990707 -0.4149366413 0.5393360914 -0.2699181937 -0.1800287890 0.2562885858 0.2651758822
-0.2735616775 0.0463974191 -0.3054083279 0.2619731646 -0.3346667640 0.2884870436 -0.4211756504 0.3075155465 -0.4017324123 0.5262964647 -0.2548104327 -0.1700651265 0.2472290956 0.2539643937
-0.2622641120 0.0598712606 -0.2921216153 0.2501101577 -0.3216642776 0.2738511633 -0.4080833663 0.2972142835 -0.3883237029 0.5130073619 -0.2395707056 -0.1599289820 0.2379575596 0.2425699167
-0.2507728661 0.0733923006 -0.2786608404 0.2380663203 -0.3084730129 0.2590654543 -0.3947732137 0.2866919296 -0.3747088818 0.4994664016 -0.2241997237 -0.1496176188 0.2284702106 0.2309901673
-0.2390854820 0.0869597325 -0.2650247987 0.2258396609 -0.2950914056 0.2441298918 -0.3812432310 0.2759451328 -0.3608863176 0.4856712021 -0.2086981984 -0.1391283002 0.2187632814 0.2192228613
-0.2271995016 0.1005727496 -0.2512122854 0.2134281880 -0.2815178916 0.2290444509 -0.3674914567 0.2649705409 -0.3468543791 0.4716193819 -0.1930668410 -0.1284582893 0.2088330046 0.2072657147
-0.2151124669 0.1142305454 -0.2372220961 0.2008299101 -0.2677509070 0.2138091068 -0.3535159295 0.2537648018 -0.3326114350 0.4573085593 -0.1773063630 -0.1176048493 0.1986756131 0.1951164433
-0.2028219199 0.1279323131 -0.2230530262 0.1880428355 -0.2537888875 0.1984238347 -0.3393146878 0.2423245635 -0.3181558541 0.4427363528 -0.1614174758 -0.1065652435 0.1882873396 0.1827727632
-0.1903254026 0.1416772462 -0.2087038710 0.1750649727 -0.2396302690 0.1828886097 -0.3248857703 0.2306464737 -0.3034860049 0.4279003809 -0.1454008906 -0.0953367350 0.1776644169 0.1702323902
-0.1776204570 0.1554645380 -0.1941734260 0.1618943302 -0.2252734876 0.1672034071 -0.3102272153 0.2187271805 -0.2886002563 0.4127982618 -0.1292573191 -0.0839165871 0.1668030777 0.1574930403
-0.1647046250 0.1692933818 -0.1794604867 0.1485289164 -0.2107169791 0.1513682019 -0.2953370614 0.2065633317 -0.2734969769 0.3974276141 -0.1129874724 -0.0723020630 0.1556995548 0.1445524293
-0.1515754488 0.1831629710 -0.1645638483 0.1349667397 -0.1959591794 0.1353829694 -0.2802133473 0.1941515753 -0.2581745354 0.3817860562 -0.0965920620 -0.0604904259 0.1443500810 0.1314082732
-0.1382304703 0.1970724991 -0.1494823065 0.1212058087 -0.1809985244 0.1192476846 -0.2648541113 0.1814885590 -0.2426313006 0.3658712065 -0.0800717993 -0.0484789390 0.1327508890 0.1180582880
-0.1246672315 0.2110211592 -0.1342146565 0.1072441317 -0.1658334500 0.1029623228 -0.2492573921 0.1685709308 -0.2268656411 0.3496806833 -0.0634273957 -0.0362648655 0.1208982117 0.1045001894
-0.1108832744 0.2250081449 -0.1187596938 0.0930797172 -0.1504623922 0.0865268592 -0.2334212282 0.1553953386 -0.2108759257 0.3332121052 -0.0466595625 -0.0238454686 0.1087882817 0.0907316936
-0.0968761410 0.2390326494 -0.1031162138 0.0787105736 -0.1348837867 0.0699412689 -0.2173436580 0.1419584303 -0.1946605230 0.3164630905 -0.0297690112 -0.0112180115 0.0964173318 0.0767505163
-0.0826433733 0.2530938662 -0.0872830119 0.0641347095 -0.1190960697 0.0532055270 -0.2010227202 0.1282568538 -0.1782178018 0.2994312577 -0.0127564532 0.0016202425 0.0837815948 0.0625543735
-0.0681825133 0.2671909885 -0.0712588836 0.0493501332 -0.1030976768 0.0363196088 -0.1844564532 0.1142872570 -0.1615461308 0.2821142252 0.0043774003 0.0146720303 0.0708773034 0.0481409811
-0.0534911029 0.2813232098 -0.0550426243 0.0343548531 -0.0868870442 0.0192834894 -0.1676428956 0.1000462877 -0.1446438787 0.2645096113 0.0216318377 0.0279400886 0.0577006905 0.0335080551
-0.0385666843 0.2954897234 -0.0386330293 0.0191468779 -0.0704626076 0.0020971439 -0.1505800860 0.0855305939 -0.1275094142 0.2466150346 0.0390061477 0.0414271542 0.0442479887 0.0186533113
-0.0234067993 0.3096897226 -0.0220288941 0.0037242158 -0.0538228029 -0.0152394524 -0.1332660628 0.0707368235 -0.1101411060 0.2284281134 0.0564996189 0.0551359639 0.0305154309 0.0035744657
-0.0080089901 0.3239224009 -0.0052290142 -0.0119151247 -0.0369660662 -0.0327263244 -0.1156988646 0.0556616244 -0.0925373228 0.2099464661 0.0741115400 0.0690692546 0.0164992497 -0.0117307658
0.0076292015 0.3381869516 0.0117678151 -0.0277731351 -0.0198908332 -0.0503634970 -0.0978765299 0.0403016444 -0.0746964333 0.1911677112 0.0918411995 0.0832297629 0.0021956781 -0.0272646673
0.0235102334 0.3524825680 0.0289627983 -0.0438518070 -0.0025955399 -0.0681509949 -0.0797970973 0.0246535315 -0.0566168063 0.1720894672 0.1096878860 0.0976202258 -0.0123990514 -0.0430295228
0.0396365636 0.3668084435 0.0463571400 -0.0601531319 0.0149213778 -0.0860888431 -0.0614586053 0.0087139335 -0.0382968104 0.1527093523 0.1276508882 0.1122433799 -0.0272887058 -0.0590276165
0.0560106501 0.3811637715 0.0639520449 -0.0766791014 0.0326614840 -0.1041770663 -0.0428590923 -0.0075205017 -0.0197348143 0.1330249850 0.1457294946 0.1271019620 -0.0424770525 -0.0752612323
0.0726349509 0.3955477454 0.0817487174 -0.0934317070 0.0506263427 -0.1224156893 -0.0239965970 -0.0240531261 -0.0009291868 0.1130339838 0.1639229940 0.1421987091 -0.0579678587 -0.0917326545
0.0895119241 0.4099595584 0.0997483622 -0.1104129403 0.0688175182 -0.1408047371 -0.0048691579 -0.0408872918 0.0181217035 0.0927339670 0.1822306748 0.1575363577 -0.0737648916 -0.1084441670
