-0.6697501763 -0.9045438832 -0.7612495282 0.8457645055 -0.7402982384 0.7927072527 -0.8251693717 0.6763597582 -0.8177419599 0.7317220654 -0.7075453405 -0.5988939111 0.8034123223 0.6249207007
-0.6633610508 -0.9018563244 -0.7568871242 0.8396243008 -0.7352479483 0.7842296946 -0.8211740639 0.6700234898 -0.8125394303 0.7267987383 -0.7032384416 -0.5929500058 0.7974263484 0.6199876727
-0.6568597700 -0.8990177722 -0.7523994113 0.8333326705 -0.7300746020 0.7755867380 -0.8170407011 0.6635737986 -0.8071963766 0.7217546630 -0.6988181773 -0.5869109649 0.7913003295 0.6149572412
-0.6502445701 -0.8960243942 -0.7477834480 0.8268879518 -0.7247756700 0.7667786466 -0.8127661860 0.6570088953 -0.8017104602 0.7165872187 -0.6942815055 -0.5807746554 0.7850324080 0.6098266617
-0.6435136873 -0.8928723578 -0.7430362927 0.8202884821 -0.7193486228 0.7578056843 -0.8083474214 0.6503269905 -0.7960793427 0.7112937847 -0.6896253842 -0.5745389443 0.7786207261 0.6045931899
-0.6366653579 -0.8895578306 -0.7381550041 0.8135325985 -0.7137909310 0.7486681148 -0.8037813098 0.6435262948 -0.7903006855 0.7058717404 -0.6848467711 -0.5682016984 0.7720634263 0.5992540815
-0.6296978181 -0.8860769801 -0.7331366405 0.8066186383 -0.7081000650 0.7393662022 -0.7990647542 0.6366050189 -0.7843721501 0.7003184652 -0.6799426242 -0.5617607848 0.7653586508 0.5938065920
-0.6226093041 -0.8824259738 -0.7279782604 0.7995449389 -0.7022734954 0.7299002100 -0.7941946572 0.6295613735 -0.7782913981 0.6946313383 -0.6749099015 -0.5552140702 0.7585045421 0.5882479773
-0.6153980522 -0.8786009791 -0.7226769224 0.7923098374 -0.6963086927 0.7202704023 -0.7891679215 0.6223935692 -0.7720560908 0.6888077391 -0.6697455607 -0.5485594217 0.7514992424 0.5825754929
-0.6080622986 -0.8745981637 -0.7172296850 0.7849116711 -0.6902031273 0.7104770429 -0.7839814499 0.6150998167 -0.7656638899 0.6828450470 -0.6644465598 -0.5417947062 0.7443408941 0.5767863945
-0.6006002796 -0.8704136951 -0.7116336065 0.7773487774 -0.6839542698 0.7005203955 -0.7786321451 0.6076783266 -0.7591124567 0.6767406413 -0.6590098566 -0.5349177906 0.7370276395 0.5708779378
-0.5930102313 -0.8660437406 -0.7058857456 0.7696194934 -0.6775595908 0.6904007240 -0.7731169099 0.6001273096 -0.7523994528 0.6704919013 -0.6534324092 -0.5279265419 0.7295576210 0.5648473783
-0.5852903901 -0.8614844679 -0.6999831607 0.7617221565 -0.6710165606 0.6801182922 -0.7674326469 0.5924449763 -0.7455225397 0.6640962063 -0.6477111753 -0.5208188269 0.7219289808 0.5586919718
-0.5774389921 -0.8567320445 -0.6939229103 0.7536551038 -0.6643226499 0.6696733640 -0.7615762590 0.5846295374 -0.7384793788 0.6575509357 -0.6418431129 -0.5135925127 0.7141398614 0.5524089740
-0.5694542736 -0.8517826378 -0.6877020529 0.7454166727 -0.6574753291 0.6590662032 -0.7555446488 0.5766792036 -0.7312676317 0.6508534689 -0.6358251799 -0.5062454660 0.7061884051 0.5459956404
-0.5613344708 -0.8466324154 -0.6813176469 0.7370052005 -0.6504720688 0.6482970737 -0.7493347190 0.5685921854 -0.7238849598 0.6440011851 -0.6296543341 -0.4987755540 0.6980727542 0.5394492267
-0.5530778200 -0.8412775448 -0.6747667509 0.7284190243 -0.6433103395 0.6373662392 -0.7429433725 0.5603666936 -0.7163290247 0.6369914637 -0.6233275335 -0.4911806434 0.6897910511 0.5327669887
-0.5446825574 -0.8357141935 -0.6680464234 0.7196564815 -0.6359876116 0.6262739636 -0.7363675119 0.5520009388 -0.7085974878 0.6298216840 -0.6168417359 -0.4834586012 0.6813414380 0.5259461819
-0.5361469192 -0.8299385290 -0.6611537228 0.7107159093 -0.6285013557 0.6150205107 -0.7296040399 0.5434931317 -0.7006880106 0.6224892254 -0.6101938993 -0.4756072944 0.6727220574 0.5189840620
-0.5274691416 -0.8239467188 -0.6540857077 0.7015956450 -0.6208490424 0.6036061445 -0.7226498594 0.5348414829 -0.6925982547 0.6149914672 -0.6033809815 -0.4676245899 0.6639310515 0.5118778847
-0.5186474610 -0.8177349304 -0.6468394365 0.6922940258 -0.6130281420 0.5920311286 -0.7155018730 0.5260442030 -0.6843258814 0.6073257888 -0.5963999405 -0.4595083546 0.6549665628 0.5046249056
-0.5096801135 -0.8112993314 -0.6394119677 0.6828093891 -0.6050361251 0.5802957269 -0.7081569834 0.5170995028 -0.6758685523 0.5994895694 -0.5892477340 -0.4512564554 0.6458267334 0.4972223804
-0.5005653354 -0.8046360892 -0.6318003598 0.6731400721 -0.5968704623 0.5684002033 -0.7006120935 0.5080055928 -0.6672239289 0.5914801885 -0.5819213202 -0.4428667593 0.6365097059 0.4896675647
-0.4913013629 -0.7977413713 -0.6240016714 0.6632844120 -0.5885286241 0.5563448216 -0.6928641059 0.4987606838 -0.6583896727 0.5832950253 -0.5744176567 -0.4343371332 0.6270136225 0.4819577142
-0.4818864322 -0.7906113453 -0.6160129608 0.6532407461 -0.5800080809 0.5441298457 -0.6849099233 0.4893629864 -0.6493634451 0.5749314592 -0.5667337016 -0.4256654440 0.6173366255 0.4740900846
-0.4723187796 -0.7832421787 -0.6078312866 0.6430074117 -0.5713063032 0.5317555393 -0.6767464485 0.4798107112 -0.6401429077 0.5663868696 -0.5588664127 -0.4168495587 0.6074768574 0.4660619315
-0.4625966413 -0.7756300390 -0.5994537073 0.6325827460 -0.5624207617 0.5192221663 -0.6683705842 0.4701020689 -0.6307257220 0.5576586357 -0.5508127479 -0.4078873441 0.5974324603 0.4578705105
-0.4527182535 -0.7677710937 -0.5908772813 0.6219650863 -0.5533489267 0.5065299905 -0.6597792332 0.4602352701 -0.6211095494 0.5487441369 -0.5425696651 -0.3987766673 0.5872015768 0.4495130774
-0.4426818525 -0.7596615103 -0.5820990672 0.6111527700 -0.5440882689 0.4936792758 -0.6509692982 0.4502085255 -0.6112920514 0.5396407525 -0.5341341222 -0.3895153951 0.5767823490 0.4409868878
-0.4324856746 -0.7512974563 -0.5731161234 0.6001441341 -0.5346362586 0.4806702860 -0.6419376818 0.4400200458 -0.6012708896 0.5303458619 -0.5255030771 -0.3801013945 0.5661729194 0.4322891973
