-0.9188565956 -0.9431924632 -0.9942354370 0.9732220596 -0.9785397817 0.9784703334 -0.9436088826 0.9632440402 -0.9304019719 0.9747556796 -0.9975270961 -0.9683044213 0.9312719889 0.9683395889
-0.9097581214 -0.9365107897 -0.9935225663 0.9700804173 -0.9760516912 0.9759179541 -0.9372123718 0.9590515874 -0.9349176337 0.9772130549 -0.9965350963 -0.9707374757 0.9337520223 0.9645147437
-0.9008773858 -0.9299140048 -0.9928041146 0.9669763922 -0.9735984258 0.9733887754 -0.9309494687 0.9549386957 -0.9392887184 0.9795492690 -0.9953788830 -0.9730838731 0.9362283882 0.9607126898
-0.8922100802 -0.9233996236 -0.9920778944 0.9639075626 -0.9711774705 0.9708805021 -0.9248167638 0.9509024307 -0.9435144918 0.9817635477 -0.9940591388 -0.9753422397 0.9386982753 0.9569314174
-0.8837518961 -0.9169651616 -0.9913417180 0.9608715072 -0.9687863102 0.9683908393 -0.9188108474 0.9469398578 -0.9475942197 0.9838551167 -0.9925765465 -0.9775112018 0.9411588720 0.9531689168
-0.8754985249 -0.9106081339 -0.9905933979 0.9578658043 -0.9664224301 0.9659174917 -0.9129283100 0.9430480427 -0.9515271679 0.9858232020 -0.9909317885 -0.9795893858 0.9436073669 0.9494231783
-0.8674456581 -0.9043260560 -0.9898307464 0.9548880324 -0.9640833152 0.9634581644 -0.9071657420 0.9392240509 -0.9553126023 0.9876670294 -0.9891255476 -0.9815754179 0.9460409485 0.9456921922
-0.8595889873 -0.8981164431 -0.9890515760 0.9519357700 -0.9617664505 0.9610105622 -0.9015197337 0.9354649479 -0.9589497886 0.9893858247 -0.9871585064 -0.9834679244 0.9484568053 0.9419739488
-0.8519242037 -0.8919768105 -0.9882536991 0.9490065955 -0.9594693211 0.9585723900 -0.8959868757 0.9317677992 -0.9624379928 0.9909788137 -0.9850313475 -0.9852655316 0.9508521258 0.9382664384
-0.8444469990 -0.8859046735 -0.9874349280 0.9460980874 -0.9571894120 0.9561413527 -0.8905637582 0.9281296704 -0.9657764805 0.9924452224 -0.9827447535 -0.9869668658 0.9532240987 0.9345676512
-0.8371530646 -0.8798975475 -0.9865930752 0.9432078242 -0.9549242083 0.9537151553 -0.8852469717 0.9245476271 -0.9689645177 0.9937842764 -0.9802994072 -0.9885705533 0.9555699123 0.9308755775
-0.8300380919 -0.8739529477 -0.9857259531 0.9403333843 -0.9526711950 0.9512915026 -0.8800331066 0.9210187346 -0.9720013701 0.9949952018 -0.9776959912 -0.9900752204 0.9578867552 0.9271882077
-0.8230977725 -0.8680683895 -0.9848313740 0.9374723462 -0.9504278572 0.9488680995 -0.8749187533 0.9175400586 -0.9748863036 0.9960772242 -0.9749351880 -0.9914794934 0.9601718160 0.9235035320
-0.8163277978 -0.8622413881 -0.9839071504 0.9346222883 -0.9481916799 0.9464426511 -0.8699005022 0.9141086647 -0.9776185839 0.9970295696 -0.9720176803 -0.9927819985 0.9624222831 0.9198195408
-0.8097238592 -0.8564694589 -0.9829510947 0.9317807891 -0.9459601481 0.9440128620 -0.8649749437 0.9107216183 -0.9801974769 0.9978514637 -0.9689441508 -0.9939813622 0.9646353450 0.9161342242
-0.8032816482 -0.8507501171 -0.9819610193 0.9289454271 -0.9437307469 0.9415764374 -0.8601386682 0.9073759849 -0.9826222485 0.9985421325 -0.9657152821 -0.9950762106 0.9668081904 0.9124455726
-0.7969968564 -0.8450808781 -0.9809347366 0.9261137808 -0.9415009613 0.9391310820 -0.8553882661 0.9040688302 -0.9848921644 0.9991008017 -0.9623317568 -0.9960651701 0.9689380077 0.9087515763
-0.7908651751 -0.8394592572 -0.9798700589 0.9232834285 -0.9392682765 0.9366745008 -0.8507203278 0.9007972196 -0.9870064904 0.9995266973 -0.9587942576 -0.9969468669 0.9710219855 0.9050502256
-0.7848822958 -0.8338827697 -0.9787647988 0.9204519489 -0.9370301773 0.9342043986 -0.8461314438 0.8975582187 -0.9889644924 0.9998190449 -0.9551034672 -0.9977199275 0.9730573122 0.9013395107
-0.7790439101 -0.8283489308 -0.9776167685 0.9176169202 -0.9347841490 0.9317184805 -0.8416182044 0.8943488930 -0.9907654362 0.9999770706 -0.9512600681 -0.9983829779 0.9750411764 0.8976174219
-0.7733457093 -0.8228552559 -0.9764237806 0.9147759210 -0.9325276764 0.9292144513 -0.8371772000 0.8911663080 -0.9924085876 1.0000000000 -0.9472647429 -0.9989346447 0.9769707666 0.8938819496
-0.7677833850 -0.8173992603 -0.9751836473 0.9119265298 -0.9302582447 0.9266900159 -0.8328050210 0.8880075293 -0.9938932124 0.9998870591 -0.9431181745 -0.9993735539 0.9788432713 0.8901310840
-0.7623526285 -0.8119784594 -0.9738941812 0.9090663250 -0.9279733390 0.9241428792 -0.8284982579 0.8848696225 -0.9952185765 0.9996374737 -0.9388210453 -0.9996983321 0.9806558791 0.8863628155
-0.7570491315 -0.8065903683 -0.9725531945 0.9061928851 -0.9256704441 0.9215707461 -0.8242535010 0.8817496529 -0.9963839456 0.9992504696 -0.9343740380 -0.9999076053 0.9824057785 0.8825751342
-0.7518685853 -0.8012325024 -0.9711584998 0.9033037885 -0.9233470453 0.9189713215 -0.8200673407 0.8786446863 -0.9973885857 0.9987252726 -0.9297778352 -1.0000000000 0.9840901580 0.8787660305
-0.7468066814 -0.7959023770 -0.9697079094 0.9003966137 -0.9210006275 0.9163423104 -0.8159363675 0.8755517880 -0.9982317624 0.9980611087 -0.9250331197 -0.9999741424 0.9857062060 0.8749334947
-0.7418591113 -0.7905975075 -0.9681992357 0.8974689392 -0.9186286758 0.9136814176 -0.8118571718 0.8724680237 -0.9989127416 0.9972572036 -0.9201405739 -0.9998286588 0.9872511113 0.8710755170
-0.7370215664 -0.7853154091 -0.9666302911 0.8945183435 -0.9162286753 0.9109863481 -0.8078263439 0.8693904589 -0.9994307891 0.9963127831 -0.9151008807 -0.9995621756 0.9887220622 0.8671900878
-0.7322897383 -0.7800535971 -0.9649988880 0.8915424049 -0.9137981109 0.9082548067 -0.8038404742 0.8663161591 -0.9997851708 0.9952270732 -0.9099147225 -0.9991733190 0.9901162472 0.8632751974
-0.7276593183 -0.7748095868 -0.9633028389 0.8885387019 -0.9113344677 0.9054844984 -0.7998961533 0.8632421899 -0.9999751525 0.9939992996 -0.9045827821 -0.9986607152 0.9914308550 0.8593288359
