-0.6296554014 -0.7048110303 -0.9977072457 0.8998514842 -0.8009706362 -0.8694645993 -0.8565172192 0.9991602594 -0.2600458937 -0.8700718137 -0.8519347788 -0.8830195273 0.9773334931 0.9955361522
-0.6273902963 -0.7022217198 -0.9981728089 0.8971979384 -0.8055935658 -0.8690780056 -0.8550294578 0.9985878446 -0.2582450270 -0.8697392027 -0.8500887157 -0.8845951016 0.9773243855 0.9942929399
-0.6252591181 -0.6997066620 -0.9985948882 0.8944844958 -0.8103199802 -0.8687125729 -0.8535422981 0.9978670390 -0.2568414353 -0.8694287792 -0.8482368155 -0.8862349332 0.9772732549 0.9928944436
-0.6232557435 -0.6972609866 -0.9989695326 0.8917088229 -0.8151417729 -0.8683634978 -0.8520517843 0.9969965584 -0.2558238731 -0.8691356981 -0.8463753936 -0.8879325876 0.9771763214 0.9913397603
-0.6213740491 -0.6948798229 -0.9992927908 0.8888685859 -0.8200508376 -0.8680259772 -0.8505539608 0.9959751188 -0.2551810948 -0.8688551141 -0.8445007655 -0.8896816301 0.9770298051 0.9896279869
-0.6196079118 -0.6925583004 -0.9995607117 0.8859614512 -0.8250390677 -0.8676952076 -0.8490448719 0.9948014360 -0.2549018551 -0.8685821821 -0.8426092465 -0.8914756263 0.9768299262 0.9877582204
-0.6179512082 -0.6902915487 -0.9997693442 0.8829850850 -0.8300983569 -0.8673663859 -0.8475205618 0.9934742258 -0.2549749082 -0.8683120569 -0.8406971521 -0.8933081415 0.9765729048 0.9857295575
-0.6163978151 -0.6880746973 -0.9999147372 0.8799371539 -0.8352205987 -0.8670347087 -0.8459770750 0.9919922042 -0.2553890088 -0.8680398932 -0.8387607978 -0.8951727413 0.9762549609 0.9835410954
-0.6149416092 -0.6859028755 -0.9999929395 0.8768153240 -0.8403976868 -0.8666953728 -0.8444104558 0.9903540870 -0.2561329114 -0.8677608459 -0.8367964989 -0.8970629910 0.9758723148 0.9811919308
-0.6135764673 -0.6837712130 -1.0000000000 0.8736172618 -0.8456215146 -0.8663435747 -0.8428167485 0.9885585901 -0.2571953704 -0.8674700698 -0.8348005709 -0.8989724561 0.9754211865 0.9786811606
-0.6122962660 -0.6816748393 -0.9999319676 0.8703406335 -0.8508839758 -0.8659745113 -0.8411919973 0.9866044294 -0.2585651403 -0.8671627197 -0.8327693293 -0.9008947021 0.9748977963 0.9760078819
-0.6110948821 -0.6796088837 -0.9997848911 0.8669831055 -0.8561769639 -0.8655833793 -0.8395322467 0.9844903208 -0.2602309757 -0.8668339503 -0.8306990894 -0.9028232944 0.9742983641 0.9731711915
-0.6099661923 -0.6775684758 -0.9995548194 0.8635423442 -0.8614923725 -0.8651653753 -0.8378335409 0.9822149800 -0.2621816310 -0.8664789166 -0.8285861666 -0.9047517984 0.9736191101 0.9701701864
-0.6089040733 -0.6755487451 -0.9992378014 0.8600160159 -0.8668220952 -0.8647156960 -0.8360919243 0.9797771231 -0.2644058606 -0.8660927732 -0.8264268765 -0.9066737796 0.9728562545 0.9670039634
-0.6079024019 -0.6735448211 -0.9988298860 0.8564017868 -0.8721580256 -0.8642295382 -0.8343034412 0.9771754659 -0.2668924193 -0.8656706751 -0.8242175345 -0.9085828034 0.9720060174 0.9636716194
-0.6069550548 -0.6715518332 -0.9983271219 0.8526973235 -0.8774920571 -0.8637020986 -0.8324641360 0.9744087242 -0.2696300613 -0.8652077769 -0.8219544558 -0.9104724353 0.9710646188 0.9601722514
-0.6060559088 -0.6695649111 -0.9977255582 0.8489002921 -0.8828160835 -0.8631285738 -0.8305700528 0.9714756140 -0.2726075412 -0.8646992335 -0.8196339561 -0.9123362408 0.9700282790 0.9565049564
-0.6051988404 -0.6675791841 -0.9970212435 0.8450083591 -0.8881219982 -0.8625041607 -0.8286172362 0.9683748511 -0.2758136135 -0.8641401998 -0.8172523508 -0.9141677852 0.9688932180 0.9526688311
-0.6043777266 -0.6655897817 -0.9962102269 0.8410191907 -0.8934016949 -0.8618240558 -0.8266017303 0.9651051513 -0.2792370327 -0.8635258304 -0.8148059551 -0.9159606340 0.9676556561 0.9486629726
-0.6035864440 -0.6635918335 -0.9952885572 0.8369304534 -0.8986470671 -0.8610834558 -0.8245195796 0.9616652307 -0.2828665533 -0.8628512803 -0.8122910847 -0.9177083527 0.9663118132 0.9444864777
-0.6028188693 -0.6615804689 -0.9942522832 0.8327398134 -0.9038500084 -0.8602775576 -0.8223668283 0.9580538049 -0.2866909298 -0.8621117041 -0.8097040549 -0.9194045066 0.9648579095 0.9401384433
-0.6020688792 -0.6595508175 -0.9930974538 0.8284449371 -0.9090024124 -0.8594015578 -0.8201395208 0.9542695900 -0.2906989166 -0.8613022568 -0.8070411811 -0.9210426614 0.9632901652 0.9356179664
-0.6013303505 -0.6574980086 -0.9918201179 0.8240434908 -0.9140961726 -0.8584506531 -0.8178337014 0.9503113018 -0.2948792683 -0.8604180931 -0.8042987789 -0.9226163823 0.9616048003 0.9309241440
-0.6005971600 -0.6554171719 -0.9904163244 0.8195331408 -0.9191231826 -0.8574200402 -0.8154454143 0.9461776561 -0.2992207394 -0.8594543679 -0.8014731635 -0.9241192348 0.9597980351 0.9260560728
-0.5998631843 -0.6533034368 -0.9888821221 0.8149115536 -0.9240753360 -0.8563049158 -0.8129707041 0.9418673689 -0.3037120843 -0.8584062358 -0.7985606504 -0.9255447844 0.9578660896 0.9210128498
-0.5991223001 -0.6511519327 -0.9872135599 0.8101763954 -0.9289445264 -0.8551004767 -0.8104056149 0.9373791560 -0.3083420575 -0.8572688518 -0.7955575552 -0.9268865966 0.9558051839 0.9157935720
-0.5983683843 -0.6489577893 -0.9854066866 0.8053253326 -0.9337226473 -0.8538019194 -0.8077461910 0.9327117333 -0.3130994137 -0.8560373707 -0.7924601931 -0.9281382367 0.9536115382 0.9103973363
-0.5975953134 -0.6467161359 -0.9834575511 0.8003560315 -0.9384015923 -0.8524044408 -0.8049884769 0.9278638167 -0.3179729071 -0.8547069471 -0.7892648796 -0.9292932703 0.9512813726 0.9048232395
-0.5967969644 -0.6444221021 -0.9813622023 0.7952661585 -0.9429732549 -0.8509032376 -0.8021285168 0.9228341220 -0.3229512924 -0.8532727360 -0.7859679302 -0.9303452627 0.9488109072 0.8990703785
-0.5959672137 -0.6420708174 -0.9791166891 0.7900533799 -0.9474295289 -0.8492935064 -0.7991623551 0.9176213651 -0.3280233240 -0.8517298922 -0.7825656603 -0.9312877794 0.9461963622 0.8931378504
