-0.2174764217 0.0680060534 -0.1851519023 0.1336724915 0.6578461749 0.1460004002 -0.1796912160 0.1210356689 0.6207966152 0.1800818048 -0.2472318644 0.0882258569 0.2323227270 0.2142493032
-0.1867682547 0.0926509522 -0.1550523980 0.1573666003 0.6712141974 0.1695156262 -0.1494523465 0.1452241435 0.6348935026 0.2029604836 -0.2683195837 0.1125628671 0.2546269616 0.2368682901
-0.1553233674 0.1177868178 -0.1242488780 0.1814687225 0.6844916443 0.1934233153 -0.1185285957 0.1698180142 0.6489350440 0.2261971092 -0.2897292724 0.1373662039 0.2772122923 0.2597880381
-0.1231341431 0.1434185652 -0.0927341075 0.2059825649 0.6976761223 0.2177269480 -0.0869132032 0.1948208137 0.6629192865 0.2497947224 -0.3114638056 0.1626404298 0.3000805609 0.2830106520
-0.0901929653 0.1695511095 -0.0605008517 0.2309118344 0.7107652380 0.2424300049 -0.0545994088 0.2202360743 0.6768442773 0.2737563635 -0.3335260579 0.1883901078 0.3232336088 0.3065382367
-0.0564922173 0.1961893655 -0.0275418758 0.2562602378 0.7237565982 0.2675359666 -0.0215804521 0.2460673285 0.6907080634 0.2980850732 -0.3559189043 0.2146198006 0.3466732779 0.3303728970
-0.0220242824 0.2233382483 0.0061500550 0.2820314821 0.7366478096 0.2930483137 0.0121504272 0.2723181089 0.7045086920 0.3227838918 -0.3786452195 0.2413340708 0.3704014098 0.3545167378
0.0132184558 0.2510026729 0.0405821755 0.3082292742 0.7494364788 0.3189705267 0.0465999893 0.2989919479 0.7182442101 0.3478558600 -0.4017078784 0.2685374814 0.3944198461 0.3789718639
0.0492436141 0.2791875542 0.0757617203 0.3348573208 0.7621202126 0.3453060863 0.0817749947 0.3260923781 0.7319126648 0.3733040182 -0.4251097559 0.2962345949 0.4187304285 0.4037403800
0.0860588091 0.3078978072 0.1116959244 0.3619193289 0.7746966176 0.3720584731 0.1176822036 0.3536229318 0.7455121033 0.3991314070 -0.4488537267 0.3244299741 0.4433349987 0.4288243912
0.1236716573 0.3371383469 0.1483920225 0.3894190054 0.7871633006 0.3992311675 0.1543283763 0.3815871417 0.7590405727 0.4253410669 -0.4729426658 0.3531281819 0.4682353984 0.4542260021
0.1620897755 0.3669140883 0.1858572493 0.4173600572 0.7995178683 0.4268276502 0.1917202731 0.4099885401 0.7724961200 0.4519360384 -0.4973794479 0.3823337809 0.4934334691 0.4799473176
0.2013207801 0.3972299464 0.2240988397 0.4457461911 0.8117579273 0.4548514019 0.2298646545 0.4388306596 0.7858767924 0.4789193620 -0.5221669479 0.4120513339 0.5189310527 0.5059904426
0.2413722879 0.4280908361 0.2631240284 0.4745811139 0.8238810844 0.4833059029 0.2687682805 0.4681170327 0.7991806369 0.5062940782 -0.5473080406 0.4422854037 0.5447299906 0.5323574819
0.2822519155 0.4595016724 0.3029400502 0.5038685327 0.8358849462 0.5121946340 0.3084379117 0.4978511919 0.8124057007 0.5340632276 -0.5728056008 0.4730405529 0.5708321247 0.5590505403
0.3239672794 0.4914673704 0.3435541399 0.5336121543 0.8477671195 0.5415210757 0.3488803082 0.5280366696 0.8255500309 0.5622298507 -0.5986625035 0.5043213444 0.5972392965 0.5860717227
0.3665259963 0.5239928449 0.3849735322 0.5638156855 0.8595252110 0.5712887086 0.3901022305 0.5586769983 0.8386116746 0.5907969880 -0.6248816234 0.5361323409 0.6239533478 0.6134231339
0.4099356829 0.5570830110 0.4272054620 0.5944828332 0.8711568273 0.6015010133 0.4321104387 0.5897757106 0.8515886788 0.6197676800 -0.6514658353 0.5684781051 0.6509761201 0.6411068787
0.4542039556 0.5907427836 0.4702571641 0.6256173044 0.8826595751 0.6321614704 0.4749116933 0.6213363389 0.8644790907 0.6491449672 -0.6784180142 0.6013631998 0.6783094552 0.6691250620
0.4993384312 0.6249770778 0.5141358731 0.6572228058 0.8940310612 0.6632735604 0.5185127545 0.6533624157 0.8772809574 0.6789318902 -0.7057410348 0.6347921878 0.7059551948 0.6974797886
0.5453467263 0.6597908085 0.5588488239 0.6893030444 0.9052688923 0.6948407639 0.5629203826 0.6858574735 0.8899923260 0.7091314894 -0.7334377719 0.6687696317 0.7339151804 0.7261731634
0.5922364575 0.6951888907 0.6044032513 0.7218617271 0.9163706750 0.7268665615 0.6081413380 0.7188250448 0.9026112435 0.7397468054 -0.7615111005 0.7033000944 0.7621912538 0.7552072911
0.6400152413 0.7311762394 0.6508063900 0.7549025607 0.9273340161 0.7593544338 0.6541823810 0.7522686621 0.9151357572 0.7707808787 -0.7899638953 0.7383881385 0.7907852566 0.7845842766
0.6886906945 0.7677577695 0.6980654748 0.7884292521 0.9381565222 0.7923078614 0.7010502719 0.7861918579 0.9275639141 0.8022367499 -0.8187990312 0.7740383269 0.8196990305 0.8143062247
0.7382704336 0.8049383961 0.7461877406 0.8224455082 0.9488358000 0.8257303248 0.7487517709 0.8205981647 0.9398937612 0.8341174594 -0.8480193830 0.8102552223 0.8489344172 0.8443752404
0.7887620753 0.8427230341 0.7951804220 0.8569550359 0.9593694563 0.8596253047 0.7972936385 0.8554911149 0.9521233457 0.8664260477 -0.8776278255 0.8470433874 0.8784932582 0.8747934283
0.8401732362 0.8811165985 0.8450507538 0.8919615421 0.9697550978 0.8939962815 0.8466826349 0.8908742410 0.9642507148 0.8991655554 -0.9076272337 0.8844073849 0.9083773954 0.9055628934
0.8925115328 0.9201240043 0.8958059709 0.9274687335 0.9799903311 0.9288467360 0.8969255204 0.9267510756 0.9762739155 0.9323390230 -0.9380204822 0.9223517777 0.9385886703 0.9366857405
0.9457845819 0.9597501665 0.9474533081 0.9634803172 0.9900727629 0.9641801486 0.9480290553 0.9631251511 0.9881909948 0.9659494911 -0.9688104461 0.9608811285 0.9691289246 0.9681640744
1.0000000000 1.0000000000 1.0000000000 1.0000000000 1.0000000000 1.0000000000 1.0000000000 1.0000000000 1.0000000000 1.0000000000 -1.0000000000 1.0000000000 1.0000000000 1.0000000000
