-0.9680953629 -0.8709227347 -0.9507776020 0.8757805629 -0.9370759095 -0.8321310375 -0.9279540268 0.8993857607 -0.9913267370 -0.9958328822 -0.9592311606 -0.9948145255 0.9298644661 0.9998000309
-0.9712265755 -0.8682926043 -0.9494666898 0.8727667371 -0.9355806257 -0.8278075526 -0.9260872792 0.8972779414 -0.9910676706 -0.9931382103 -0.9577381628 -0.9955889040 0.9285076544 0.9996504905
-0.9741941010 -0.8657228129 -0.9481529277 0.8697863465 -0.9340954209 -0.8235227891 -0.9242268557 0.8952105276 -0.9907926528 -0.9898032018 -0.9562196342 -0.9963042243 0.9271794320 0.9994577372
-0.9769982735 -0.8632111789 -0.9468348488 0.8668376995 -0.9326186649 -0.8192752309 -0.9223712570 0.8931815426 -0.9905002122 -0.9858382669 -0.9546744932 -0.9969595252 0.9258778566 0.9992207086
-0.9796394274 -0.8607555209 -0.9455109861 0.8639191042 -0.9311487281 -0.8150633621 -0.9205189841 0.8911890093 -0.9901888773 -0.9812538157 -0.9531016579 -0.9975538456 0.9246009857 0.9989383421
-0.9821178966 -0.8583536573 -0.9441798728 0.8610288690 -0.9296839804 -0.8108856663 -0.9186685377 0.8892309509 -0.9898571766 -0.9760602584 -0.9515000466 -0.9980862242 0.9233468774 0.9986095753
-0.9844340153 -0.8560034067 -0.9428400419 0.8581653021 -0.9282227920 -0.8067406276 -0.9168184188 0.8873053906 -0.9895036386 -0.9702680052 -0.9498685775 -0.9985556997 0.9221135892 0.9982333456
-0.9865881177 -0.8537025875 -0.9414900266 0.8553267119 -0.9267635329 -0.8026267297 -0.9149671282 0.8854103512 -0.9891267918 -0.9638874663 -0.9482061690 -0.9989613110 0.9208991788 0.9978085906
-0.9885805379 -0.8514490183 -0.9401283599 0.8525114067 -0.9253045733 -0.7985424566 -0.9131131667 0.8835438561 -0.9887251647 -0.9569290518 -0.9465117392 -0.9993020968 0.9197017042 0.9973342477
-0.9904116101 -0.8492405176 -0.9387535750 0.8497176946 -0.9238442831 -0.7944862921 -0.9112550351 0.8817039281 -0.9882972858 -0.9494031720 -0.9447842065 -0.9995770958 0.9185192229 0.9968092545
-0.9920816684 -0.8470749037 -0.9373642048 0.8469438841 -0.9223810327 -0.7904567201 -0.9093912344 0.8798885905 -0.9878416836 -0.9413202370 -0.9430224890 -0.9997853469 0.9173497928 0.9962325485
-0.9935910470 -0.8449499953 -0.9359587826 0.8441882833 -0.9209131919 -0.7864522244 -0.9075202653 0.8780958663 -0.9873568866 -0.9326906570 -0.9412255051 -0.9999258887 0.9161914715 0.9956030672
-0.9949400799 -0.8428636109 -0.9345358414 0.8414492006 -0.9194391310 -0.7824712890 -0.9056406287 0.8763237786 -0.9868414233 -0.9235248421 -0.9393921729 -0.9999977602 0.9150423169 0.9949197480
-0.9961291014 -0.8408135689 -0.9330939143 0.8387249443 -0.9179572199 -0.7785123978 -0.9037508254 0.8745703505 -0.9862938223 -0.9138332026 -0.9375214109 -1.0000000000 0.9139003866 0.9941815285
-0.9971584457 -0.8387976878 -0.9316315344 0.8360138226 -0.9164658289 -0.7745740345 -0.9018493563 0.8728336050 -0.9857126119 -0.9036261486 -0.9356121371 -0.9999316469 0.9127637384 0.9933873462
-0.9980284468 -0.8368137861 -0.9301472347 0.8333141439 -0.9149633279 -0.7706546832 -0.8999347222 0.8711115653 -0.9850963209 -0.8929140904 -0.9336632699 -0.9997917397 0.9116304301 0.9925361386
-0.9987394388 -0.8348596823 -0.9286395485 0.8306242163 -0.9134480872 -0.7667528275 -0.8980054240 0.8694022544 -0.9844434775 -0.8817074379 -0.9316737275 -0.9995793171 0.9104985193 0.9916268431
-0.9992917560 -0.8329331950 -0.9271070087 0.8279423483 -0.9119184767 -0.7628669515 -0.8960599625 0.8677036955 -0.9837526104 -0.8700166016 -0.9296424281 -0.9992934180 0.9093660639 0.9906583973
-0.9996857325 -0.8310321425 -0.9255481486 0.8252668481 -0.9103728666 -0.7589955390 -0.8940968386 0.8660139116 -0.9830222480 -0.8578519915 -0.9275682901 -0.9989330811 0.9082311216 0.9896297388
-0.9999217025 -0.8291543435 -0.9239615010 0.8225960239 -0.9088096270 -0.7551370739 -0.8921145531 0.8643309258 -0.9822509188 -0.8452240178 -0.9254502317 -0.9984973451 0.9070917501 0.9885398049
-1.0000000000 -0.8272976164 -0.9223455993 0.8199281841 -0.9072271279 -0.7512900400 -0.8901116068 0.8626527611 -0.9814371515 -0.8321430906 -0.9232871712 -0.9979852488 0.9059460071 0.9873875332
-0.9999209593 -0.8254597797 -0.9206989763 0.8172616370 -0.9056237395 -0.7474529213 -0.8880865006 0.8609774408 -0.9805794743 -0.8186196203 -0.9210780267 -0.9973958310 0.9047919504 0.9861718612
-0.9996849144 -0.8236386518 -0.9190201654 0.8145946907 -0.9039978319 -0.7436242015 -0.8860377354 0.8593029878 -0.9796764159 -0.8046640169 -0.9188217166 -0.9967281305 0.9036276378 0.9848917265
-0.9992921995 -0.8218320514 -0.9173076994 0.8119256537 -0.9023477750 -0.7398023647 -0.8839638119 0.8576274253 -0.9787265048 -0.7902866906 -0.9165171591 -0.9959811860 0.9024511270 0.9835460664
-0.9987431489 -0.8200377969 -0.9155601116 0.8092528342 -0.9006719392 -0.7359858945 -0.8818632310 0.8559487763 -0.9777282694 -0.7754980516 -0.9141632724 -0.9951540364 0.9012604757 0.9821338185
-0.9980380965 -0.8182537067 -0.9137759351 0.8065745405 -0.8989686943 -0.7321732750 -0.8797344936 0.8542650639 -0.9766802383 -0.7603085101 -0.9117589749 -0.9942457203 0.9000537417 0.9806539204
-0.9971773766 -0.8164775994 -0.9119537028 0.8038890809 -0.8972364106 -0.7283629900 -0.8775761005 0.8525743113 -0.9755809400 -0.7447284763 -0.9093031847 -0.9932552765 0.8988289827 0.9791053094
-0.9961613233 -0.8147072936 -0.9100919479 0.8011947636 -0.8954734581 -0.7245535234 -0.8753865526 0.8508745414 -0.9744289029 -0.7287683603 -0.9067948202 -0.9921817438 0.8975842564 0.9774869232
-0.9949902708 -0.8129406075 -0.9081892036 0.7984898970 -0.8936782068 -0.7207433591 -0.8731643507 0.8491637774 -0.9732226557 -0.7124385723 -0.9042327996 -0.9910241611 0.8963176206 0.9757976992
-0.9936645532 -0.8111753599 -0.9062440029 0.7957727893 -0.8918490270 -0.7169309808 -0.8709079956 0.8474400424 -0.9719607267 -0.6957495225 -0.9016160411 -0.9897815669 0.8950271331 0.9740365749
