-0.6695118273 -0.7434473382 -0.9901669574 0.9278715410 -0.7565180319 -0.8775026807 -0.8758571472 0.9949221733 -0.3167371063 -0.8775574272 -0.8749734243 -0.8714668821 0.9755408628 0.9986712772
-0.6651619849 -0.7395870947 -0.9908461388 0.9257547305 -0.7592668430 -0.8764874981 -0.8740536238 0.9960302868 -0.3092917905 -0.8765806402 -0.8729100101 -0.8717694736 0.9757412012 0.9992210314
-0.6610195485 -0.7358595501 -0.9915292498 0.9236060271 -0.7622164161 -0.8755511161 -0.8722981701 0.9970054189 -0.3023786956 -0.8756841830 -0.8708849737 -0.8722135371 0.9759448751 0.9996263386
-0.6570783950 -0.7322598338 -0.9922123395 0.9214230973 -0.7653586445 -0.8746887312 -0.8705868304 0.9978462856 -0.2959865764 -0.8748632106 -0.8688946304 -0.8727926380 0.9761481046 0.9998862958
-0.6533324010 -0.7287830754 -0.9928914566 0.9192036074 -0.7686854221 -0.8738955403 -0.8689156491 0.9985516027 -0.2901041871 -0.8741128777 -0.8669352957 -0.8735003417 0.9763471099 1.0000000000
-0.6497754434 -0.7254244044 -0.9935626500 0.9169452237 -0.7721886422 -0.8731667400 -0.8672806705 0.9991200861 -0.2847202824 -0.8734283392 -0.8650032850 -0.8743302138 0.9765381110 0.9999665480
-0.6464013988 -0.7221789502 -0.9942219686 0.9146456125 -0.7758601985 -0.8724975271 -0.8656779390 0.9995504516 -0.2798236167 -0.8728047497 -0.8630949138 -0.8752758195 0.9767173281 0.9997850367
-0.6432041439 -0.7190418423 -0.9948654613 0.9123024402 -0.7796919845 -0.8718830982 -0.8641034987 0.9998414152 -0.2754029445 -0.8722372642 -0.8612064974 -0.8763307244 0.9768809812 0.9994545631
-0.6401775556 -0.7160082103 -0.9954891768 0.9099133732 -0.7836758939 -0.8713186501 -0.8625533942 0.9999916927 -0.2714470204 -0.8717210374 -0.8593343514 -0.8774884940 0.9770252906 0.9989742241
-0.6373155104 -0.7130731836 -0.9960891642 0.9074760778 -0.7878038202 -0.8707993794 -0.8610236696 1.0000000000 -0.2679445987 -0.8712512242 -0.8574747910 -0.8787426936 0.9771464764 0.9983431166
-0.6346118852 -0.7102318917 -0.9966614722 0.9049882202 -0.7920676570 -0.8703204830 -0.8595103694 0.9998650530 -0.2648844341 -0.8708229793 -0.8556241319 -0.8800868887 0.9772407587 0.9975603375
-0.6320605566 -0.7074794641 -0.9972021498 0.9024474669 -0.7964592978 -0.8698771574 -0.8580095378 0.9995855675 -0.2622552809 -0.8704314575 -0.8537786893 -0.8815146448 0.9773043575 0.9966249838
-0.6296554014 -0.7048110303 -0.9977072457 0.8998514842 -0.8009706362 -0.8694645993 -0.8565172192 0.9991602594 -0.2600458937 -0.8700718137 -0.8519347788 -0.8830195273 0.9773334931 0.9955361522
-0.6273902963 -0.7022217198 -0.9981728089 0.8971979384 -0.8055935658 -0.8690780056 -0.8550294578 0.9985878446 -0.2582450270 -0.8697392027 -0.8500887157 -0.8845951016 0.9773243855 0.9942929399
-0.6252591181 -0.6997066620 -0.9985948882 0.8944844958 -0.8103199802 -0.8687125729 -0.8535422981 0.9978670390 -0.2568414353 -0.8694287792 -0.8482368155 -0.8862349332 0.9772732549 0.9928944436
-0.6232557435 -0.6972609866 -0.9989695326 0.8917088229 -0.8151417729 -0.8683634978 -0.8520517843 0.9969965584 -0.2558238731 -0.8691356981 -0.8463753936 -0.8879325876 0.9771763214 0.9913397603
-0.6213740491 -0.6948798229 -0.9992927908 0.8888685859 -0.8200508376 -0.8680259772 -0.8505539608 0.9959751188 -0.2551810948 -0.8688551141 -0.8445007655 -0.8896816301 0.9770298051 0.9896279869
-0.6196079118 -0.6925583004 -0.9995607117 0.8859614512 -0.8250390677 -0.8676952076 -0.8490448719 0.9948014360 -0.2549018551 -0.8685821821 -0.8426092465 -0.8914756263 0.9768299262 0.9877582204
-0.6179512082 -0.6902915487 -0.9997693442 0.8829850850 -0.8300983569 -0.8673663859 -0.8475205618 0.9934742258 -0.2549749082 -0.8683120569 -0.8406971521 -0.8933081415 0.9765729048 0.9857295575
-0.6163978151 -0.6880746973 -0.9999147372 0.8799371539 -0.8352205987 -0.8670347087 -0.8459770750 0.9919922042 -0.2553890088 -0.8680398932 -0.8387607978 -0.8951727413 0.9762549609 0.9835410954
-0.6149416092 -0.6859028755 -0.9999929395 0.8768153240 -0.8403976868 -0.8666953728 -0.8444104558 0.9903540870 -0.2561329114 -0.8677608459 -0.8367964989 -0.8970629910 0.9758723148 0.9811919308
-0.6135764673 -0.6837712130 -1.0000000000 0.8736172618 -0.8456215146 -0.8663435747 -0.8428167485 0.9885585901 -0.2571953704 -0.8674700698 -0.8348005709 -0.8989724561 0.9754211865 0.9786811606
-0.6122962660 -0.6816748393 -0.9999319676 0.8703406335 -0.8508839758 -0.8659745113 -0.8411919973 0.9866044294 -0.2585651403 -0.8671627197 -0.8327693293 -0.9008947021 0.9748977963 0.9760078819
-0.6110948821 -0.6796088837 -0.9997848911 0.8669831055 -0.8561769639 -0.8655833793 -0.8395322467 0.9844903208 -0.2602309757 -0.8668339503 -0.8306990894 -0.9028232944 0.9742983641 0.9731711915
-0.6099661923 -0.6775684758 -0.9995548194 0.8635423442 -0.8614923725 -0.8651653753 -0.8378335409 0.9822149800 -0.2621816310 -0.8664789166 -0.8285861666 -0.9047517984 0.9736191101 0.9701701864
-0.6089040733 -0.6755487451 -0.9992378014 0.8600160159 -0.8668220952 -0.8647156960 -0.8360919243 0.9797771231 -0.2644058606 -0.8660927732 -0.8264268765 -0.9066737796 0.9728562545 0.9670039634
-0.6079024019 -0.6735448211 -0.9988298860 0.8564017868 -0.8721580256 -0.8642295382 -0.8343034412 0.9771754659 -0.2668924193 -0.8656706751 -0.8242175345 -0.9085828034 0.9720060174 0.9636716194
-0.6069550548 -0.6715518332 -0.9983271219 0.8526973235 -0.8774920571 -0.8637020986 -0.8324641360 0.9744087242 -0.2696300613 -0.8652077769 -0.8219544558 -0.9104724353 0.9710646188 0.9601722514
-0.6060559088 -0.6695649111 -0.9977255582 0.8489002921 -0.8828160835 -0.8631285738 -0.8305700528 0.9714756140 -0.2726075412 -0.8646992335 -0.8196339561 -0.9123362408 0.9700282790 0.9565049564
-0.6051988404 -0.6675791841 -0.9970212435 0.8450083591 -0.8881219982 -0.8625041607 -0.8286172362 0.9683748511 -0.2758136135 -0.8641401998 -0.8172523508 -0.9141677852 0.9688932180 0.9526688311
