-0.5347387393 -0.5759019967 -0.5406412710 0.5639549286 -0.6258719078 0.8091588290 -0.6106488052 0.6045567285 -0.6145224635 0.7739904625 -0.6181645260 -0.5301126409 0.6746974848 0.5708094742
-0.5296954163 -0.5708585696 -0.5355683158 0.5584077059 -0.6211449793 0.8051712567 -0.6048952132 0.6000780510 -0.6093065038 0.7689288220 -0.6128092082 -0.5258837535 0.6687875311 0.5649617666
-0.5245811042 -0.5657404054 -0.5304239800 0.5527893177 -0.6163372032 0.8010825016 -0.5990672212 0.5955192429 -0.6040131409 0.7637744965 -0.6073768425 -0.5215802830 0.6627981159 0.5590437507
-0.5193951215 -0.5605467996 -0.5252075861 0.5470991864 -0.6114477710 0.7968914748 -0.5931642744 0.5908794486 -0.5986416894 0.7585266730 -0.6018667748 -0.5172013564 0.6567286855 0.5530549168
-0.5141367870 -0.5552770474 -0.5199184563 0.5413367345 -0.6064758742 0.7925970874 -0.5871858177 0.5861578125 -0.5931914638 0.7531845389 -0.5962783508 -0.5127461007 0.6505786857 0.5469947550
-0.5088054194 -0.5499304444 -0.5145559133 0.5355013841 -0.6014207042 0.7881982505 -0.5811312963 0.5813534790 -0.5876617789 0.7477472815 -0.5906109164 -0.5082136431 0.6443475625 0.5408627553
-0.5034003376 -0.5445062859 -0.5091192794 0.5295925577 -0.5962814527 0.7836938752 -0.5750001552 0.5764655926 -0.5820519492 0.7422140880 -0.5848638173 -0.5036031105 0.6380347620 0.5346584080
-0.4979208601 -0.5390038672 -0.5036078771 0.5236096776 -0.5910573110 0.7790828725 -0.5687918395 0.5714932975 -0.5763612894 0.7365841456 -0.5790363993 -0.4989136301 0.6316397302 0.5283812032
-0.4923663057 -0.5334224837 -0.4980210288 0.5175521661 -0.5857474708 0.7743641536 -0.5625057941 0.5664357382 -0.5705891139 0.7308566417 -0.5731280081 -0.4941443290 0.6251619131 0.5220306310
-0.4867359931 -0.5277614309 -0.4923580569 0.5114194456 -0.5803511235 0.7695366295 -0.5561414643 0.5612920591 -0.5647347376 0.7250307636 -0.5671379897 -0.4892943341 0.6186007566 0.5156061814
-0.4810292411 -0.5220200040 -0.4866182840 0.5052109384 -0.5748674607 0.7645992113 -0.5496982951 0.5560614045 -0.5587974749 0.7191056984 -0.5610656898 -0.4843627726 0.6119557068 0.5091073448
-0.4752453683 -0.5161974985 -0.4808010324 0.4989260669 -0.5692956738 0.7595508100 -0.5431757314 0.5507429189 -0.5527766405 0.7130806335 -0.5549104541 -0.4793487715 0.6052262096 0.5025336111
-0.4693836936 -0.5102932098 -0.4749056246 0.4925642534 -0.5636349544 0.7543903369 -0.5365732184 0.5453357467 -0.5466715490 0.7069547561 -0.5486716284 -0.4742514580 0.5984117112 0.4958844706
-0.4634435356 -0.5043064333 -0.4689313830 0.4861249202 -0.5578844940 0.7491167029 -0.5298902012 0.5398390321 -0.5404815150 0.7007272535 -0.5423485586 -0.4690699589 0.5915116574 0.4891594133
-0.4574242130 -0.4982364642 -0.4628776300 0.4796074898 -0.5520434840 0.7437288192 -0.5231261248 0.5342519197 -0.5342058531 0.6943973129 -0.5359405905 -0.4638034015 0.5845254943 0.4823579294
-0.4513250446 -0.4920825980 -0.4567436882 0.4730113843 -0.5461111161 0.7382255968 -0.5162804342 0.5285735539 -0.5278438779 0.6879641217 -0.5294470697 -0.4584509128 0.5774526679 0.4754795090
-0.4451453491 -0.4858441301 -0.4505288799 0.4663360262 -0.5400865816 0.7326059468 -0.5093525746 0.5228030789 -0.5213949041 0.6814268671 -0.5228673421 -0.4530116199 0.5702926241 0.4685236422
-0.4388844452 -0.4795203558 -0.4442325276 0.4595808379 -0.5339690722 0.7268687803 -0.5023419910 0.5169396392 -0.5148582463 0.6747847364 -0.5162007536 -0.4474846497 0.5630448091 0.4614898192
-0.4325416516 -0.4731105706 -0.4378539537 0.4527452416 -0.5277577793 0.7210130084 -0.4952481284 0.5109823793 -0.5082332190 0.6680369167 -0.5094466498 -0.4418691295 0.5557086688 0.4543775302
-0.4261162871 -0.4666140698 -0.4313924807 0.4458286596 -0.5214518944 0.7150375422 -0.4880704320 0.5049304434 -0.5015191369 0.6611825955 -0.5026043766 -0.4361641862 0.5482836491 0.4471862651
-0.4196076704 -0.4600301488 -0.4248474310 0.4388305145 -0.5150506091 0.7089412927 -0.4808083467 0.4987829760 -0.4947153146 0.6542209600 -0.4956732797 -0.4303689469 0.5407691961 0.4399155143
-0.4130151202 -0.4533581029 -0.4182181270 0.4317502284 -0.5085531149 0.7027231711 -0.4734613177 0.4925391214 -0.4878210666 0.6471511974 -0.4886527050 -0.4244825387 0.5331647559 0.4325647677
-0.4063379552 -0.4465972276 -0.4115038913 0.4245872237 -0.5019586032 0.6963820884 -0.4660287900 0.4861980241 -0.4808357077 0.6399724950 -0.4815419982 -0.4185040887 0.5254697743 0.4251335156
-0.3995754942 -0.4397468182 -0.4047040461 0.4173409228 -0.4952662656 0.6899169557 -0.4585102087 0.4797588285 -0.4737585524 0.6326840401 -0.4743405051 -0.4124327239 0.5176836974 0.4176212480
-0.3927270558 -0.4328061701 -0.3978179141 0.4100107480 -0.4884752936 0.6833266840 -0.4509050188 0.4732206789 -0.4665889154 0.6252850199 -0.4670475715 -0.4062675714 0.5098059713 0.4100274552
-0.3857919589 -0.4257745787 -0.3908448175 0.4025961217 -0.4815848787 0.6766101846 -0.4432126654 0.4665827197 -0.4593261112 0.6177746218 -0.4596625433 -0.4000077582 0.5018360418 0.4023516271
-0.3787695220 -0.4186513394 -0.3837840789 0.3950964662 -0.4745942124 0.6697663684 -0.4354325936 0.4598440953 -0.4519694545 0.6101520329 -0.4521847661 -0.3936524114 0.4937733551 0.3945932541
-0.3716590640 -0.4114357475 -0.3766350207 0.3875112038 -0.4675024862 0.6627941466 -0.4275642484 0.4530039502 -0.4445182598 0.6024164406 -0.4446135858 -0.3872006582 0.4856173570 0.3867518261
-0.3644599036 -0.4041270985 -0.3693969654 0.3798397568 -0.4603088917 0.6556924302 -0.4196070749 0.4460614287 -0.4369718418 0.5945670321 -0.4369483481 -0.3806516254 0.4773674937 0.3788268333
-0.3571713595 -0.3967246876 -0.3620692353 0.3720815477 -0.4530126203 0.6484601303 -0.4115605181 0.4390156751 -0.4293295151 0.5866029946 -0.4291883989 -0.3740044403 0.4690232111 0.3708177659
