-0.9665345837 -0.9920561517 -0.7276600916 -0.8511461914 -0.8391942265 -0.7756755796 -0.8394448774 -0.8783247998 -0.8677041479 -0.8443208773 0.7453205502 -0.9925458720 -0.8508950596 -0.8238904720
-0.9652573961 -0.9910884646 -0.7272302996 -0.8505026124 -0.8388303819 -0.7755873005 -0.8394043799 -0.8775864744 -0.8672212992 -0.8438864166 0.7441604342 -0.9922330307 -0.8505762580 -0.8222689586
-0.9639216100 -0.9900568577 -0.7267949383 -0.8498282857 -0.8384408084 -0.7754878940 -0.8393413293 -0.8768113843 -0.8667062144 -0.8434245664 0.7429841742 -0.9918663470 -0.8502299925 -0.8206120381
-0.9625259536 -0.9889600538 -0.7263518972 -0.8491214440 -0.8380236006 -0.7753752115 -0.8392536901 -0.8759978571 -0.8661570955 -0.8429334604 0.7417899912 -0.9914442137 -0.8498543638 -0.8189182818
-0.9610691554 -0.9877967761 -0.7258990658 -0.8483803198 -0.8375768532 -0.7752471043 -0.8391394269 -0.8751442200 -0.8655721445 -0.8424112326 0.7405761068 -0.9909650236 -0.8494474729 -0.8171862605
-0.9595499437 -0.9865657476 -0.7254343336 -0.8476031456 -0.8370986610 -0.7751014237 -0.8389965042 -0.8742488003 -0.8649495634 -0.8418560169 0.7393407421 -0.9904271696 -0.8490074205 -0.8154145452
-0.9579670469 -0.9852656911 -0.7249555902 -0.8467881540 -0.8365871185 -0.7749360210 -0.8388228865 -0.8733099253 -0.8642875544 -0.8412659470 0.7380821184 -0.9898290443 -0.8485323074 -0.8136017071
-0.9563191933 -0.9838953299 -0.7244607250 -0.8459335775 -0.8360403204 -0.7747487475 -0.8386165385 -0.8723259224 -0.8635843193 -0.8406391569 0.7367984571 -0.9891690407 -0.8480202344 -0.8117463171
-0.9546051114 -0.9824533867 -0.7239476275 -0.8450376487 -0.8354563615 -0.7745374546 -0.8383754247 -0.8712951189 -0.8628380601 -0.8399737804 0.7354879794 -0.9884455515 -0.8474693023 -0.8098469463
-0.9528235296 -0.9809385847 -0.7234141872 -0.8440986001 -0.8348333364 -0.7742999936 -0.8380975096 -0.8702158420 -0.8620469790 -0.8392679514 0.7341489066 -0.9876569696 -0.8468776119 -0.8079021656
-0.9509731761 -0.9793496469 -0.7228582937 -0.8431146643 -0.8341693398 -0.7740342158 -0.8377807579 -0.8690864191 -0.8612092780 -0.8385198038 0.7327794601 -0.9868016877 -0.8462432640 -0.8059105461
-0.9490527795 -0.9776852962 -0.7222778365 -0.8420840737 -0.8334624663 -0.7737379725 -0.8374231339 -0.8679051775 -0.8603231589 -0.8377274713 0.7313778610 -0.9858780986 -0.8455643595 -0.8038706589
-0.9470610679 -0.9759442556 -0.7216707050 -0.8410050610 -0.8327108107 -0.7734091150 -0.8370226024 -0.8666704445 -0.8593868240 -0.8368890880 0.7299423308 -0.9848845952 -0.8448389990 -0.8017810748
-0.9449967700 -0.9741252482 -0.7210347887 -0.8398758586 -0.8319124676 -0.7730454946 -0.8365771278 -0.8653805474 -0.8583984751 -0.8360027876 0.7284710906 -0.9838195702 -0.8440652834 -0.7996403650
-0.9428586139 -0.9722269969 -0.7203679772 -0.8386946992 -0.8310655317 -0.7726449628 -0.8360846747 -0.8640338137 -0.8573563143 -0.8350667040 0.7269623618 -0.9826814165 -0.8432413135 -0.7974471004
-0.9406453281 -0.9702482248 -0.7196681600 -0.8374598153 -0.8301680976 -0.7722053707 -0.8355432077 -0.8626285704 -0.8562585437 -0.8340789711 0.7254143657 -0.9814685269 -0.8423651901 -0.7951998521
-0.9383556410 -0.9681876549 -0.7189332265 -0.8361694394 -0.8292182602 -0.7717245697 -0.8349506913 -0.8611631451 -0.8551033651 -0.8330377228 0.7238253235 -0.9801792941 -0.8414350140 -0.7928971912
-0.9359882809 -0.9660440101 -0.7181610664 -0.8348218040 -0.8282141139 -0.7712004111 -0.8343050901 -0.8596358649 -0.8538889808 -0.8319410928 0.7221934566 -0.9788121110 -0.8404488859 -0.7905376885
-0.9335419763 -0.9638160135 -0.7173495690 -0.8334151417 -0.8271537536 -0.7706307463 -0.8336043686 -0.8580450572 -0.8526135925 -0.8307872152 0.7205169863 -0.9773653704 -0.8394049068 -0.7881199152
-0.9310154554 -0.9615023880 -0.7164966239 -0.8319476851 -0.8260352739 -0.7700134265 -0.8328464914 -0.8563890494 -0.8512754025 -0.8295742237 0.7187941338 -0.9758374651 -0.8383011774 -0.7856424422
-0.9284074467 -0.9591018567 -0.7156001206 -0.8304176667 -0.8248567694 -0.7693463031 -0.8320294230 -0.8546661687 -0.8498726127 -0.8283002522 0.7170231204 -0.9742267878 -0.8371357984 -0.7831038406
-0.9257166786 -0.9566131426 -0.7146579486 -0.8288233190 -0.8236163349 -0.7686272274 -0.8311511280 -0.8528747425 -0.8484034251 -0.8269634346 0.7152021675 -0.9725317315 -0.8359068708 -0.7805026814
-0.9229418793 -0.9540349686 -0.7136679974 -0.8271628746 -0.8223120650 -0.7678540508 -0.8302095709 -0.8510130980 -0.8468660417 -0.8255619047 0.7133294962 -0.9707506889 -0.8346124952 -0.7778375357
-0.9200817774 -0.9513660578 -0.7126281565 -0.8254345660 -0.8209420544 -0.7670246244 -0.8292027163 -0.8490795626 -0.8452586646 -0.8240937964 0.7114033280 -0.9688820527 -0.8332507725 -0.7751069743
-0.9171351012 -0.9486051332 -0.7115363154 -0.8236366258 -0.8195043978 -0.7661367997 -0.8281285288 -0.8470724636 -0.8435794958 -0.8225572436 0.7094218841 -0.9669242159 -0.8318198035 -0.7723095684
-0.9141005790 -0.9457509177 -0.7103903636 -0.8217672865 -0.8179971898 -0.7651884280 -0.8269849729 -0.8449901283 -0.8418267372 -0.8209503801 0.7073833858 -0.9648755712 -0.8303176890 -0.7694438890
-0.9109769392 -0.9428021344 -0.7091881907 -0.8198247806 -0.8164185252 -0.7641773605 -0.8257700131 -0.8428308840 -0.8399985909 -0.8192713398 0.7052860543 -0.9627345114 -0.8287425297 -0.7665085071
-0.9077629103 -0.9397575063 -0.7079276861 -0.8178073408 -0.8147664986 -0.7631014486 -0.8244816141 -0.8405930581 -0.8380932590 -0.8175182566 0.7031281111 -0.9604994293 -0.8270924265 -0.7635019937
-0.9044572205 -0.9366157564 -0.7066067393 -0.8157131994 -0.8130392047 -0.7619585437 -0.8231177403 -0.8382749778 -0.8361089434 -0.8156892644 0.7009077773 -0.9581687178 -0.8253654803 -0.7604229198
-0.9010585983 -0.9333756076 -0.7052232399 -0.8135405892 -0.8112347381 -0.7607464970 -0.8216763563 -0.8358749705 -0.8340438462 -0.8137824969 0.6986232742 -0.9557407696 -0.8235597916 -0.7572698564
