-0.7467394169 -0.6879749546 -0.8126358472 -0.8059371524 -0.8482375519 -0.7734728284 -0.7683726739 -0.8007785556 -0.8641907559 -0.8291596793 0.7844982445 -0.8398491202 -0.6483892295 -0.7100328643
-0.7446664224 -0.6858655725 -0.8106340903 -0.8041700092 -0.8463594819 -0.7716211613 -0.7665695556 -0.7989925792 -0.8624931328 -0.8277311781 0.7827807619 -0.8388624051 -0.6463764870 -0.7087254420
-0.7425603026 -0.6837259255 -0.8085960181 -0.8023670168 -0.8444434233 -0.7697351876 -0.7647324092 -0.7971709955 -0.8607568445 -0.8262658873 0.7810285106 -0.8378386349 -0.6443354777 -0.7073871431
-0.7404206734 -0.6815556320 -0.8065212395 -0.8005277492 -0.8424889685 -0.7678144919 -0.7628608121 -0.7953133811 -0.8589814576 -0.8247633323 0.7792410561 -0.8367772711 -0.6422658035 -0.7060174693
-0.7382471505 -0.6793543102 -0.8044093632 -0.7986517805 -0.8404957098 -0.7658586591 -0.7609543417 -0.7934193124 -0.8571665389 -0.8232230389 0.7774179643 -0.8356777750 -0.6401670666 -0.7046159226
-0.7360393499 -0.6771215782 -0.8022599979 -0.7967386846 -0.8384632396 -0.7638672740 -0.7590125754 -0.7914883661 -0.8553116553 -0.8216445325 0.7755588008 -0.8345396082 -0.6380388692 -0.7031820049
-0.7337968873 -0.6748570544 -0.8000727523 -0.7947880355 -0.8363911504 -0.7618399213 -0.7570350907 -0.7895201185 -0.8534163735 -0.8200273389 0.7736631312 -0.8333622320 -0.6358808133 -0.7017152180
-0.7315193787 -0.6725603571 -0.7978472351 -0.7927994074 -0.8342790345 -0.7597761859 -0.7550214648 -0.7875141463 -0.8514802601 -0.8183709835 0.7717305212 -0.8321451078 -0.6336925010 -0.7002150638
-0.7292064400 -0.6702311044 -0.7955830551 -0.7907723742 -0.8321264843 -0.7576756524 -0.7529712754 -0.7854700260 -0.8495028821 -0.8166749920 0.7697605366 -0.8308876971 -0.6314735344 -0.6986810443
-0.7268576869 -0.6678689145 -0.7932798210 -0.7887065100 -0.8299330922 -0.7555379058 -0.7508840997 -0.7833873341 -0.8474838062 -0.8149388900 0.7677527429 -0.8295894612 -0.6292235158 -0.6971126613
-0.7244727354 -0.6654734059 -0.7909371415 -0.7866013888 -0.8276984505 -0.7533625307 -0.7487595153 -0.7812656471 -0.8454225990 -0.8131622030 0.7657067060 -0.8282498616 -0.6269420471 -0.6955094167
-0.7220512013 -0.6630441966 -0.7885546254 -0.7844565846 -0.8254221518 -0.7511491119 -0.7465970994 -0.7791045416 -0.8433188275 -0.8113444567 0.7636219914 -0.8268683598 -0.6246287305 -0.6938708124
-0.7195927004 -0.6605809050 -0.7861318813 -0.7822716714 -0.8231037884 -0.7488972343 -0.7443964295 -0.7769035941 -0.8411720582 -0.8094851766 0.7614981648 -0.8254444170 -0.6222831681 -0.6921963503
-0.7170968487 -0.6580831493 -0.7836685181 -0.7800462233 -0.8207429527 -0.7466064826 -0.7421570831 -0.7746623811 -0.8389818581 -0.8075838883 0.7593347920 -0.8239774948 -0.6199049620 -0.6904855323
-0.7145632620 -0.6555505478 -0.7811641443 -0.7777798143 -0.8183392370 -0.7442764416 -0.7398786376 -0.7723804792 -0.8367477939 -0.8056401174 0.7571314385 -0.8224670545 -0.6174937143 -0.6887378603
-0.7119915561 -0.6529827186 -0.7786183689 -0.7754720185 -0.8158922338 -0.7419066961 -0.7375606703 -0.7700574648 -0.8344694322 -0.8036533895 0.7548876702 -0.8209125576 -0.6150490271 -0.6869528361
-0.7093813469 -0.6503792801 -0.7760308004 -0.7731224098 -0.8134015354 -0.7394968308 -0.7352027588 -0.7676929146 -0.8321463400 -0.8016232302 0.7526030526 -0.8193134654 -0.6125705026 -0.6851299616
-0.7067322503 -0.6477398504 -0.7734010476 -0.7707305622 -0.8108667343 -0.7370464306 -0.7328044803 -0.7652864050 -0.8297780839 -0.7995491650 0.7502771514 -0.8176692395 -0.6100577428 -0.6832687388
-0.7040438822 -0.6450640479 -0.7707287193 -0.7682960499 -0.8082874229 -0.7345550802 -0.7303654123 -0.7628375125 -0.8273642308 -0.7974307197 0.7479095324 -0.8159793412 -0.6075103499 -0.6813686695
-0.7013158583 -0.6423514908 -0.7680134241 -0.7658184469 -0.8056631935 -0.7320223644 -0.7278851323 -0.7603458137 -0.8249043473 -0.7952674196 0.7454997611 -0.8142432319 -0.6049279260 -0.6794292557
-0.6985477946 -0.6396017974 -0.7652547709 -0.7632973270 -0.8029936385 -0.7294478680 -0.7253632176 -0.7578108851 -0.8223980003 -0.7930587906 0.7430474033 -0.8124603730 -0.6023100731 -0.6774499991
-0.6957393069 -0.6368145858 -0.7624523682 -0.7607322645 -0.8002783503 -0.7268311758 -0.7227992457 -0.7552323033 -0.8198447564 -0.7908043580 0.7405520247 -0.8106302260 -0.5996563935 -0.6754304017
-0.6928900111 -0.6339894743 -0.7596058249 -0.7581228333 -0.7975169214 -0.7241718725 -0.7201927940 -0.7526096447 -0.8172441825 -0.7885036476 0.7380131910 -0.8087522523 -0.5969664892 -0.6733699654
-0.6899995231 -0.6311260812 -0.7567147496 -0.7554686075 -0.7947089441 -0.7214695429 -0.7175434399 -0.7499424860 -0.8145958454 -0.7861561849 0.7354304677 -0.8068259133 -0.5942399622 -0.6712681921
-0.6870674586 -0.6282240248 -0.7537787512 -0.7527691610 -0.7918540107 -0.7187237719 -0.7148507608 -0.7472304035 -0.8118993117 -0.7837614955 0.7328034207 -0.8048506704 -0.5914764148 -0.6691245837
-0.6840934336 -0.6252829232 -0.7507974383 -0.7500240679 -0.7889517138 -0.7159341442 -0.7121143341 -0.7444729740 -0.8091541483 -0.7813191050 0.7301316155 -0.8028259850 -0.5886754491 -0.6669386420
-0.6810770639 -0.6223023948 -0.7477704196 -0.7472329023 -0.7860016456 -0.7131002445 -0.7093337373 -0.7416697738 -0.8063599219 -0.7788285389 0.7274146179 -0.8007513186 -0.5858366671 -0.6647098690
-0.6780179654 -0.6192820577 -0.7446973039 -0.7443952381 -0.7830033987 -0.7102216577 -0.7065085477 -0.7388203795 -0.8035161992 -0.7762893230 0.7246519935 -0.7986261325 -0.5829596710 -0.6624377665
-0.6749157540 -0.6162215302 -0.7415776999 -0.7415106494 -0.7799565653 -0.7072979686 -0.7036383428 -0.7359243676 -0.8006225471 -0.7737009826 0.7218433081 -0.7964498883 -0.5800440628 -0.6601218364
-0.6717700455 -0.6131204307 -0.7384112164 -0.7385787102 -0.7768607379 -0.7043287619 -0.7007227000 -0.7329813147 -0.7976785323 -0.7710630436 0.7189881272 -0.7942220471 -0.5770894447 -0.6577615806
