-0.7378546935 -0.6117889629 -0.9047617880 -0.8932692045 -0.8599700307 -0.8003373069 -0.8106890616 -0.8683281796 -0.8958890628 -0.8504044611 0.8053620734 -0.8420684195 -0.9692069887 -0.8917444561
-0.7358780042 -0.6102494030 -0.9054627031 -0.8931671558 -0.8599621930 -0.7995048743 -0.8099888191 -0.8680739919 -0.8958825097 -0.8503368453 0.8037692309 -0.8409170550 -0.9694381823 -0.8914714094
-0.7339919402 -0.6089077853 -0.9062072062 -0.8930938782 -0.8600108529 -0.7987495996 -0.8093618284 -0.8678628421 -0.8959055500 -0.8503311572 0.8022275825 -0.8398022382 -0.9696509153 -0.8912232865
-0.7321916050 -0.6077570757 -0.9069902610 -0.8930449092 -0.8601110027 -0.7980664044 -0.8088030333 -0.8676900624 -0.8959536703 -0.8503823115 0.8007328126 -0.8387197573 -0.9698414687 -0.8909957597
-0.7304721021 -0.6067902398 -0.9078068309 -0.8930157864 -0.8602576345 -0.7974502105 -0.8083073778 -0.8675509851 -0.8960223570 -0.8504852230 0.7992806058 -0.8376654006 -0.9700061235 -0.8907845014
-0.7288285350 -0.6060002434 -0.9086518795 -0.8930020470 -0.8604457405 -0.7968959396 -0.8078698057 -0.8674409423 -0.8961070966 -0.8506348065 0.7978666468 -0.8366349562 -0.9701411607 -0.8905851840
-0.7272560071 -0.6053800522 -0.9095203704 -0.8929992285 -0.8606703127 -0.7963985133 -0.8074852611 -0.8673552661 -0.8962033756 -0.8508259765 0.7964866202 -0.8356242126 -0.9702428613 -0.8903934798
-0.7257496219 -0.6049226320 -0.9104072672 -0.8930028685 -0.8609263435 -0.7959528533 -0.8071486877 -0.8672892887 -0.8963066803 -0.8510536480 0.7951362105 -0.8346289579 -0.9703075064 -0.8902050612
-0.7243044830 -0.6046209486 -0.9113075335 -0.8930085042 -0.8612088250 -0.7955538813 -0.8068550296 -0.8672383422 -0.8964124974 -0.8513127355 0.7938111024 -0.8336449803 -0.9703313769 -0.8900156006
-0.7229156937 -0.6044679675 -0.9122161327 -0.8930116732 -0.8615127492 -0.7951965191 -0.8065992307 -0.8671977588 -0.8965163132 -0.8515981539 0.7925069804 -0.8326680683 -0.9703107538 -0.8898207704
-0.7215783576 -0.6044566546 -0.9131280284 -0.8930079129 -0.8618331084 -0.7948756882 -0.8063762347 -0.8671628707 -0.8966136143 -0.8519048178 0.7912195291 -0.8316940100 -0.9702419183 -0.8896162430
-0.7202875781 -0.6045799756 -0.9140381843 -0.8929927608 -0.8621648947 -0.7945863104 -0.8061809857 -0.8671290101 -0.8966998872 -0.8522276420 0.7899444332 -0.8307185936 -0.9701211511 -0.8893976906
-0.7190384588 -0.6048308963 -0.9149415639 -0.8929617542 -0.8625031003 -0.7943233074 -0.8060084276 -0.8670915090 -0.8967706182 -0.8525615412 0.7886773772 -0.8297376075 -0.9699447335 -0.8891607858
-0.7178261030 -0.6052023823 -0.9158331308 -0.8929104306 -0.8628427173 -0.7940816008 -0.8058535043 -0.8670456997 -0.8968212939 -0.8529014302 0.7874140458 -0.8287468398 -0.9697089463 -0.8889012009
-0.7166456144 -0.6056873995 -0.9167078484 -0.8928343275 -0.8631787379 -0.7938561124 -0.8057111597 -0.8669869142 -0.8968474007 -0.8532422237 0.7861501234 -0.8277420790 -0.9694100706 -0.8886146083
-0.7154920963 -0.6062789135 -0.9175606805 -0.8927289823 -0.8635061543 -0.7936417638 -0.8055763376 -0.8669104849 -0.8968444252 -0.8535788364 0.7848812948 -0.8267191131 -0.9690443874 -0.8882966803
-0.7143606522 -0.6069698901 -0.9183865905 -0.8925899324 -0.8638199586 -0.7934334767 -0.8054439821 -0.8668117437 -0.8968078538 -0.8539061830 0.7836032446 -0.8256737305 -0.9686081777 -0.8879430893
-0.7132463857 -0.6077532951 -0.9191805420 -0.8924127153 -0.8641151429 -0.7932261729 -0.8053090370 -0.8666860229 -0.8967331729 -0.8542191783 0.7823116572 -0.8246017195 -0.9680977225 -0.8875495077
-0.7121444001 -0.6086220941 -0.9199374986 -0.8921928683 -0.8643866995 -0.7930147739 -0.8051664463 -0.8665286547 -0.8966158691 -0.8545127370 0.7810022174 -0.8234988682 -0.9675093028 -0.8871116080
-0.7110497991 -0.6095692529 -0.9206524239 -0.8919259291 -0.8646296205 -0.7927942015 -0.8050111538 -0.8663349712 -0.8964514289 -0.8547817738 0.7796706096 -0.8223609650 -0.9668391997 -0.8866250623
-0.7099576860 -0.6105877373 -0.9213202814 -0.8916074349 -0.8648388980 -0.7925593775 -0.8048381034 -0.8661003045 -0.8962353386 -0.8550212035 0.7783125186 -0.8211837981 -0.9660836941 -0.8860855433
-0.7088631643 -0.6116705129 -0.9219360347 -0.8912329232 -0.8650095242 -0.7923052233 -0.8046422392 -0.8658199868 -0.8959630847 -0.8552259408 0.7769236289 -0.8199631558 -0.9652390670 -0.8854887231
-0.7077613376 -0.6128105456 -0.9224946473 -0.8907979316 -0.8651364912 -0.7920266609 -0.8044185049 -0.8654893504 -0.8956301539 -0.8553909004 0.7754996251 -0.8186948263 -0.9643015995 -0.8848302742
-0.7066473092 -0.6140008009 -0.9229910828 -0.8902979973 -0.8652147913 -0.7917186118 -0.8041618445 -0.8651037272 -0.8952320324 -0.8555109971 0.7740361918 -0.8173745979 -0.9632675725 -0.8841058690
-0.7055161828 -0.6152342448 -0.9234203049 -0.8897286578 -0.8652394166 -0.7913759977 -0.8038672020 -0.8646584496 -0.8947642069 -0.8555811455 0.7725290136 -0.8159982588 -0.9621332671 -0.8833111799
-0.7043630616 -0.6165038429 -0.9237772769 -0.8890854507 -0.8652053591 -0.7909937403 -0.8035295212 -0.8641488496 -0.8942221637 -0.8555962605 0.7709737751 -0.8145615974 -0.9608949643 -0.8824418792
-0.7031830494 -0.6178025610 -0.9240569626 -0.8883639133 -0.8651076112 -0.7905667613 -0.8031437460 -0.8635702594 -0.8936013893 -0.8555512568 0.7693661608 -0.8130604018 -0.9595489451 -0.8814936393
-0.7019712494 -0.6191233647 -0.9242543255 -0.8875595830 -0.8649411649 -0.7900899825 -0.8027048203 -0.8629180111 -0.8928973703 -0.8554410490 0.7677018555 -0.8114904604 -0.9580914904 -0.8804621325
-0.7007227653 -0.6204592199 -0.9243643291 -0.8866679973 -0.8647010125 -0.7895583254 -0.8022076881 -0.8621874370 -0.8921055930 -0.8552605519 0.7659765436 -0.8098475613 -0.9565188814 -0.8793430314
-0.6994327004 -0.6218030923 -0.9243819370 -0.8856846937 -0.8643821460 -0.7889667118 -0.8016472933 -0.8613738692 -0.8912215440 -0.8550046802 0.7641859098 -0.8081274929 -0.9548273989 -0.8781320082
