-0.8203961244 -0.7693661137 -0.7208236668 0.6642419037 -0.6303961116 -0.6999793952 -0.8252939389 0.7363722839 -0.7602224220 0.8794118869 -0.6526848825 -0.5390103801 0.7706434432 0.6442397993
-0.8174425828 -0.7633685186 -0.7162959535 0.6587493558 -0.6256235683 -0.6939528475 -0.8206598717 0.7314205769 -0.7559004167 0.8738150202 -0.6495085070 -0.5355636073 0.7662050443 0.6398602101
-0.8144022535 -0.7572837071 -0.7116914730 0.6531856414 -0.6207849273 -0.6878500809 -0.8159361950 0.7263896505 -0.7514971266 0.8680925090 -0.6462654388 -0.5320636038 0.7616839395 0.6354133607
-0.8112736198 -0.7511113060 -0.7070092488 0.6475501167 -0.6158792752 -0.6816706547 -0.8111220004 0.7212786860 -0.7470115122 0.8622444390 -0.6429541939 -0.5285089512 0.7570791342 0.6308981996
-0.8080551647 -0.7448509421 -0.7022483047 0.6418421381 -0.6109056985 -0.6754141283 -0.8062163797 0.7160868646 -0.7424425339 0.8562708961 -0.6395732885 -0.5248982312 0.7523896339 0.6263136754
-0.8047453713 -0.7385022421 -0.6974076642 0.6360610618 -0.6058632837 -0.6690800611 -0.8012184245 0.7108133676 -0.7377891524 0.8501719660 -0.6361212387 -0.5212300254 0.7476144442 0.6216587364
-0.8013427226 -0.7320648327 -0.6924863512 0.6302062442 -0.6007511174 -0.6626680124 -0.7961272265 0.7054573763 -0.7330503281 0.8439477346 -0.6325965604 -0.5175029154 0.7427525705 0.6169323311
-0.7978457013 -0.7255383406 -0.6874833892 0.6242770416 -0.5955682782 -0.6561775406 -0.7909418774 0.7000180721 -0.7282250133 0.8375982928 -0.6289977699 -0.5137154828 0.7378030184 0.6121334081
-0.7942527916 -0.7189223929 -0.6823978020 0.6182728099 -0.5903138765 -0.6496082080 -0.7856614690 0.6944946359 -0.7233121931 0.8311237108 -0.6253233833 -0.5098663094 0.7327647933 0.6072609157
-0.7905624754 -0.7122166159 -0.6772286132 0.6121929059 -0.5849869749 -0.6429595711 -0.7802850927 0.6888862494 -0.7183108035 0.8245240900 -0.6215719167 -0.5059539766 0.7276369009 0.6023138026
-0.7867732362 -0.7054206366 -0.6719748465 0.6060366857 -0.5795866680 -0.6362311901 -0.7748118405 0.6831920937 -0.7132198130 0.8177995110 -0.6177418860 -0.5019770661 0.7224183466 0.5972910170
-0.7828835570 -0.6985340817 -0.6666355256 0.5998035056 -0.5741120423 -0.6294226244 -0.7692408038 0.6774113502 -0.7080381823 0.8109500596 -0.6138318076 -0.4979341595 0.7171081359 0.5921915076
-0.7788919209 -0.6915565780 -0.6612096742 0.5934927218 -0.5685621844 -0.6225334335 -0.7635710745 0.6715432001 -0.7027648718 0.8039758216 -0.6098401973 -0.4938238385 0.7117052743 0.5870142228
-0.7747968110 -0.6844877521 -0.6556963159 0.5871036907 -0.5629361807 -0.6155631766 -0.7578017442 0.6655868246 -0.6973988421 0.7968768828 -0.6057655714 -0.4896446846 0.7062087673 0.5817581111
-0.7705967103 -0.6773272309 -0.6500944744 0.5806357685 -0.5572331179 -0.6085114131 -0.7519319046 0.6595414052 -0.6919390535 0.7896533289 -0.6016064460 -0.4853952795 0.7006176205 0.5764221209
-0.7662901019 -0.6700746412 -0.6444031735 0.5740883116 -0.5514520825 -0.6013777024 -0.7459606474 0.6534061230 -0.6863844667 0.7823052459 -0.5973613371 -0.4810742049 0.6949308394 0.5710052007
-0.7618754689 -0.6627296095 -0.6386214367 0.5674606763 -0.5455921610 -0.5941616038 -0.7398870642 0.6471801594 -0.6807340422 0.7748327194 -0.5930287609 -0.4766800423 0.6891474294 0.5655062990
-0.7573512942 -0.6552917628 -0.6327482878 0.5607522187 -0.5396524400 -0.5868626768 -0.7337102468 0.6408626956 -0.6749867404 0.7672358353 -0.5886072334 -0.4722113733 0.6832663961 0.5599243642
-0.7527160611 -0.6477607278 -0.6267827504 0.5539622953 -0.5336320060 -0.5794804806 -0.7274292868 0.6344529130 -0.6691415218 0.7595146793 -0.5840952708 -0.4676667797 0.6772867450 0.5542583450
-0.7479682524 -0.6401361311 -0.6207238483 0.5470902623 -0.5275299455 -0.5720145746 -0.7210432760 0.6279499927 -0.6631973470 0.7516693373 -0.5794913891 -0.4630448429 0.6712074816 0.5485071896
-0.7431063514 -0.6324175996 -0.6145706050 0.5401354760 -0.5213453452 -0.5644645183 -0.7145513059 0.6213531162 -0.6571531765 0.7436998950 -0.5747941045 -0.4583441447 0.6650276114 0.5426698466
-0.7381288410 -0.6246047600 -0.6083220443 0.5330972926 -0.5150772915 -0.5568298708 -0.7079524684 0.6146614646 -0.6510079707 0.7356064383 -0.5700019330 -0.4535632666 0.6587461400 0.5367452645
-0.7330342044 -0.6166972391 -0.6019771899 0.5259750686 -0.5087248710 -0.5491101917 -0.7012458550 0.6078742193 -0.6447606901 0.7273890529 -0.5651133908 -0.4487007902 0.6523620727 0.5307323917
-0.7278209246 -0.6086946636 -0.5955350654 0.5187681601 -0.5022871702 -0.5413050403 -0.6944305575 0.6009905615 -0.6384102954 0.7190478246 -0.5601269939 -0.4437552973 0.6458744152 0.5246301767
-0.7224874846 -0.6005966602 -0.5889946946 0.5114759235 -0.4957632758 -0.5334139759 -0.6875056675 0.5940096726 -0.6319557469 0.7105828392 -0.5550412584 -0.4387253694 0.6392821730 0.5184375680
-0.7170323675 -0.5924028558 -0.5823551010 0.5040977150 -0.4891522741 -0.5254365580 -0.6804702768 0.5869307338 -0.6253960052 0.7019941826 -0.5498547006 -0.4336095881 0.6325843516 0.5121535141
-0.7114540564 -0.5841128770 -0.5756153084 0.4966328909 -0.4824532518 -0.5173723458 -0.6733234770 0.5797529265 -0.6187300307 0.6932819405 -0.5445658363 -0.4284065351 0.6257799564 0.5057769635
-0.7057510343 -0.5757263507 -0.5687743405 0.4890808076 -0.4756652955 -0.5092208987 -0.6660643598 0.5724754318 -0.6119567841 0.6844461986 -0.5391731818 -0.4231147919 0.6188679930 0.4993068645
-0.6999217843 -0.5672429035 -0.5618312209 0.4814408213 -0.4687874915 -0.5009817761 -0.6586920169 0.5650974311 -0.6050752257 0.6754870429 -0.5336752532 -0.4177329403 0.6118474669 0.4927421657
-0.6939647895 -0.5586621623 -0.5547849733 0.4737122884 -0.4618189266 -0.4926545373 -0.6512055400 0.5576181056 -0.5980843161 0.6664045590 -0.5280705665 -0.4122595618 0.6047173837 0.4860818156
