-0.9156755416 -0.7750564471 -0.9133767310 -0.9079604853 -0.8774864152 -0.8877654463 -0.8644955019 -0.8898580100 -0.8989345129 -0.8552693814 0.8332686193 -0.9911749371 -0.8455038386 -0.8660790683
-0.9137451286 -0.7722987190 -0.9114248834 -0.9054315177 -0.8759710685 -0.8855308156 -0.8628285633 -0.8876529390 -0.8969084452 -0.8535809402 0.8324804630 -0.9893608972 -0.8432169469 -0.8634576282
-0.9116498109 -0.7694042289 -0.9093085762 -0.9027381499 -0.8742996623 -0.8831366028 -0.8610080238 -0.8852878996 -0.8947208285 -0.8517408061 0.8315469520 -0.9873592489 -0.8407793001 -0.8606804592
-0.9093850214 -0.7663688267 -0.9070232542 -0.8998761842 -0.8724673418 -0.8805784113 -0.8590291144 -0.8827584781 -0.8923671436 -0.8497442170 0.8304627442 -0.9851656117 -0.8381865039 -0.8577433912
-0.9069461929 -0.7631883623 -0.9045643621 -0.8968414229 -0.8704692526 -0.8778518445 -0.8568870661 -0.8800602609 -0.8898428714 -0.8475864108 0.8292224979 -0.9827756052 -0.8354341641 -0.8546422544
-0.9043287585 -0.7598586855 -0.9019273444 -0.8936296683 -0.8683005401 -0.8749525058 -0.8545771100 -0.8771888344 -0.8871434925 -0.8452626252 0.8278208712 -0.9801848490 -0.8325178863 -0.8513728787
-0.9015281496 -0.7563756459 -0.8991076459 -0.8902367225 -0.8659563363 -0.8718759981 -0.8520944771 -0.8741397848 -0.8842644745 -0.8427680979 0.8262525222 -0.9773889626 -0.8294332760 -0.8479310940
-0.8985398034 -0.7527350942 -0.8961007116 -0.8866583883 -0.8634318269 -0.8686179260 -0.8494343986 -0.8709086987 -0.8812013380 -0.8400980678 0.8245121087 -0.9743835663 -0.8261759395 -0.8443127310
-0.8953591485 -0.7489328795 -0.8929019857 -0.8828904674 -0.8607221170 -0.8651738918 -0.8465921053 -0.8674911624 -0.8779495240 -0.8372477716 0.8225942892 -0.9711642791 -0.8227414818 -0.8405136191
-0.8919816194 -0.7449648520 -0.8895069131 -0.8789287625 -0.8578223657 -0.8615394991 -0.8435628283 -0.8638827621 -0.8745045266 -0.8342124476 0.8204937216 -0.9677267206 -0.8191255088 -0.8365295886
-0.8884026488 -0.7408268614 -0.8859109386 -0.8747690756 -0.8547277182 -0.8577103513 -0.8403417986 -0.8600790844 -0.8708618264 -0.8309873336 0.8182050641 -0.9640665107 -0.8153236263 -0.8323564694
-0.8846176699 -0.7365147576 -0.8821095068 -0.8704072091 -0.8514333200 -0.8536820519 -0.8369242474 -0.8560757156 -0.8670169043 -0.8275676674 0.8157229748 -0.9601792689 -0.8113314398 -0.8279900918
-0.8806221154 -0.7320243905 -0.8780980623 -0.8658389653 -0.8479343166 -0.8494502042 -0.8333054056 -0.8518682420 -0.8629652411 -0.8239486870 0.8130421118 -0.9560606148 -0.8071445551 -0.8234262856
-0.8764114184 -0.7273516101 -0.8738720500 -0.8610601465 -0.8442258534 -0.8450104116 -0.8294805043 -0.8474522500 -0.8587023176 -0.8201256303 0.8101571332 -0.9517061682 -0.8027585779 -0.8186608810
-0.8719810116 -0.7224922660 -0.8694269144 -0.8560665550 -0.8403030758 -0.8403582775 -0.8254447745 -0.8428233260 -0.8542236146 -0.8160937350 0.8070626971 -0.9471115485 -0.7981691138 -0.8136897080
-0.8673263282 -0.7174422083 -0.8647581003 -0.8508539930 -0.8361611293 -0.8354894052 -0.8211934472 -0.8379770563 -0.8495246127 -0.8118482390 0.8037534616 -0.9422723754 -0.7933717685 -0.8085085966
-0.8624428009 -0.7121972868 -0.8598610524 -0.8454182629 -0.8317951593 -0.8303993982 -0.8167217535 -0.8329090274 -0.8446007929 -0.8073843802 0.8002240847 -0.9371842686 -0.7883621478 -0.8031133769
-0.8573258627 -0.7067533513 -0.8547312154 -0.8397551668 -0.8272003113 -0.8250838597 -0.8120249244 -0.8276148256 -0.8394476359 -0.8026973965 0.7964692248 -0.9318428477 -0.7831358571 -0.7974998790
-0.8519709465 -0.7011062518 -0.8493640340 -0.8338605072 -0.8223717306 -0.8195383933 -0.8070981910 -0.8220900373 -0.8340606225 -0.7977825256 0.7924835397 -0.9262437322 -0.7776885024 -0.7916639329
-0.8463734853 -0.6952518380 -0.8437549528 -0.8277300863 -0.8173045628 -0.8137586022 -0.8019367843 -0.8163302488 -0.8284352334 -0.7926350056 0.7882616877 -0.9203825419 -0.7720156892 -0.7856013686
-0.8405289120 -0.6891859599 -0.8378994165 -0.8213597063 -0.8119939533 -0.8077400899 -0.7965359353 -0.8103310465 -0.8225669495 -0.7872500742 0.7837983268 -0.9142548964 -0.7661130232 -0.7793080162
-0.8344326595 -0.6829044673 -0.8317928700 -0.8147451696 -0.8064350475 -0.8014784597 -0.7908908751 -0.8040880168 -0.8164512516 -0.7816229693 0.7790881151 -0.9078564152 -0.7599761101 -0.7727797057
-0.8280801607 -0.6764032101 -0.8254307578 -0.8078822784 -0.8006229908 -0.7949693150 -0.7849968347 -0.7975967460 -0.8100836204 -0.7757489287 0.7741257108 -0.9011827181 -0.7536005556 -0.7660122673
-0.8214668486 -0.6696780382 -0.8188085246 -0.8007668351 -0.7945529287 -0.7882082592 -0.7788490451 -0.7908528206 -0.8034595367 -0.7696231904 0.7689057719 -0.8942294246 -0.7469819653 -0.7590015308
-0.8145881561 -0.6627248014 -0.8119216152 -0.7933946419 -0.7882200066 -0.7811908956 -0.7724427374 -0.7838518268 -0.7965744812 -0.7632409922 0.7634229567 -0.8869921543 -0.7401159450 -0.7517433265
-0.8074395160 -0.6555393496 -0.8047654742 -0.7857615011 -0.7816193701 -0.7739128277 -0.7657731426 -0.7765893512 -0.7894239349 -0.7565975719 0.7576719230 -0.8794665269 -0.7329981003 -0.7442334843
-0.8000163614 -0.6481175327 -0.7973355463 -0.7778632150 -0.7747461644 -0.7663696588 -0.7588354917 -0.7690609799 -0.7820033784 -0.7496881674 0.7516473292 -0.8716481621 -0.7256240369 -0.7364678342
-0.7923141252 -0.6404552005 -0.7896272763 -0.7696955859 -0.7675955350 -0.7585569923 -0.7516250159 -0.7612622995 -0.7743082926 -0.7425080165 0.7453438332 -0.8635326794 -0.7179893605 -0.7284422064
-0.7843282402 -0.6325482029 -0.7816361088 -0.7612544160 -0.7601626275 -0.7504704316 -0.7441369460 -0.7531888962 -0.7663341582 -0.7350523572 0.7387560933 -0.8551156984 -0.7100896768 -0.7201524309
-0.7760541394 -0.6243923897 -0.7733574885 -0.7525355077 -0.7524425871 -0.7421055801 -0.7363665133 -0.7448363565 -0.7580764560 -0.7273164273 0.7318787674 -0.8463928389 -0.7019205913 -0.7115943376
