-0.6108568242 -0.5118583714 -0.6178364342 0.5618850442 -0.5780780066 -0.4593600201 -0.5161609512 0.4826835719 -0.4838375046 -0.7031916616 -0.5700538305 -0.5327423992 0.4113645425 0.3745758044
-0.5993827056 -0.4994351527 -0.6059134126 0.5520363769 -0.5684552805 -0.4465094306 -0.5058878965 0.4701010438 -0.4734239666 -0.6878344261 -0.5583037983 -0.5207769192 0.3997781306 0.3644654139
-0.5876047332 -0.4867551887 -0.5936895047 0.5418816184 -0.5585178960 -0.4334261516 -0.4953303383 0.4572741856 -0.4627392409 -0.6721153838 -0.5462679232 -0.5085416167 0.3879608459 0.3541193615
-0.5755184972 -0.4738153937 -0.5811606563 0.5314151896 -0.5482599955 -0.4201077332 -0.4844832966 0.4442001969 -0.4517786325 -0.6560364242 -0.5339422407 -0.4960329023 0.3759093788 0.3435332374
-0.5631195877 -0.4606126819 -0.5683228134 0.5206315111 -0.5376757217 -0.4065517258 -0.4733417915 0.4308762772 -0.4405374462 -0.6395994367 -0.5213227862 -0.4832471866 0.3636204200 0.3327026316
-0.5504035945 -0.4471439674 -0.5551719218 0.5095250036 -0.5267592172 -0.3927556795 -0.4619008432 0.4172996261 -0.4290109869 -0.6228063108 -0.5084055952 -0.4701808802 0.3510906600 0.3216231344
-0.5373661079 -0.4334061645 -0.5417039274 0.4980900879 -0.5155046245 -0.3787171446 -0.4501554719 0.4034674431 -0.4171945596 -0.6056589360 -0.4951867031 -0.4568303936 0.3383167894 0.3102903359
-0.5240027180 -0.4193961871 -0.5279147762 0.4863211848 -0.5039060861 -0.3644336712 -0.4381006975 0.3893769278 -0.4050834693 -0.5881592017 -0.4816621453 -0.4431921375 0.3252954989 0.2986998262
-0.5103090146 -0.4051109497 -0.5138004140 0.4742127148 -0.4919577447 -0.3499028096 -0.4257315403 0.3750252797 -0.3926730209 -0.5703089974 -0.4678279572 -0.4292625224 0.3120234789 0.2868471955
-0.4962805880 -0.3905473662 -0.4993567867 0.4617590988 -0.4796537429 -0.3351221100 -0.4130430204 0.3604096983 -0.3799585192 -0.5521102124 -0.4536801743 -0.4150379590 0.2984974202 0.2747280338
-0.4819130282 -0.3757023509 -0.4845798403 0.4489547575 -0.4669882232 -0.3200891226 -0.4000301579 0.3455273833 -0.3669352693 -0.5335647364 -0.4392148320 -0.4005148578 0.2847140131 0.2623379314
-0.4672019252 -0.3605728180 -0.4694655206 0.4357941117 -0.4539553282 -0.3048013976 -0.3866879729 0.3303755340 -0.3535985761 -0.5146744586 -0.4244279657 -0.3856896293 0.2706699484 0.2496724783
-0.4521428691 -0.3451556816 -0.4540097735 0.4222715819 -0.4405492005 -0.2892564853 -0.3730114856 0.3149513502 -0.3399437444 -0.4954412686 -0.4093156108 -0.3705586843 0.2563619166 0.2367272647
-0.4367314500 -0.3294478559 -0.4382085449 0.4083815891 -0.4267639827 -0.2734519358 -0.3589957160 0.2992520314 -0.3259660792 -0.4758670559 -0.3938738028 -0.3551184333 0.2417866083 0.2234978807
-0.4209632579 -0.3134462551 -0.4220577807 0.3941185538 -0.4125938173 -0.2573852994 -0.3446356843 0.2832747770 -0.3116608856 -0.4559537098 -0.3780985771 -0.3393652868 0.2269407141 0.2099799166
-0.4048338829 -0.2971477933 -0.4055534268 0.3794768969 -0.3980328469 -0.2410541263 -0.3299264107 0.2670167867 -0.2970234683 -0.4357031199 -0.3619859692 -0.3232956554 0.2118209246 0.1961689623
-0.3883389151 -0.2805493847 -0.3886914291 0.3644510390 -0.3830752141 -0.2244559667 -0.3148629151 0.2504752600 -0.2820491323 -0.4151171755 -0.3455320144 -0.3069059499 0.1964239302 0.1820606081
-0.3714739444 -0.2636479435 -0.3714677335 0.3490354009 -0.3677150615 -0.2075883709 -0.2994402179 0.2336473964 -0.2667331826 -0.3941977662 -0.3287327482 -0.2901925806 0.1807464217 0.1676504440
-0.3542345610 -0.2464403839 -0.3538782859 0.3332244033 -0.3519465317 -0.1904488890 -0.2836533390 0.2165303955 -0.2510709240 -0.3729467813 -0.3115842059 -0.2731519583 0.1647850897 0.1529340603
-0.3366163550 -0.2289236200 -0.3359190321 0.3170124669 -0.3357637672 -0.1730350712 -0.2674972987 0.1991214568 -0.2350576616 -0.3513661105 -0.2940824232 -0.2557804935 0.1485366246 0.1379070471
-0.3186149164 -0.2110945660 -0.3175859182 0.3003940125 -0.3191609106 -0.1553444679 -0.2509671170 0.1814177800 -0.2186887002 -0.3294576430 -0.2762234353 -0.2380745968 0.1319977170 0.1225649944
-0.3002258352 -0.1929501361 -0.2988748899 0.2833634607 -0.3021321045 -0.1373746291 -0.2340578140 0.1634165644 -0.2019593448 -0.3072232683 -0.2580032777 -0.2200306787 0.1151650576 0.1069034925
-0.2814447015 -0.1744872445 -0.2797818933 0.2659152324 -0.2846714915 -0.1191231051 -0.2167644099 0.1451150097 -0.1848649003 -0.2846648760 -0.2394179858 -0.2016451500 0.0980353370 0.0909181315
-0.2622671055 -0.1557028052 -0.2603028740 0.2480437482 -0.2667732141 -0.1005874462 -0.1990819249 0.1265103155 -0.1674006716 -0.2617843554 -0.2204635950 -0.1829144211 0.0806052456 0.0746045015
-0.2426886370 -0.1365937325 -0.2404337782 0.2297434289 -0.2484314149 -0.0817652025 -0.1810053789 0.1075996812 -0.1495619637 -0.2385835961 -0.2011361409 -0.1638349027 0.0628714742 0.0579581926
-0.2227048863 -0.1171569406 -0.2201705516 0.2110086952 -0.2296402366 -0.0626539242 -0.1625297922 0.0883803064 -0.1313440815 -0.2150644874 -0.1814316587 -0.1444030053 0.0448307132 0.0409747950
-0.2023114433 -0.0973893437 -0.1995091402 0.1918339678 -0.2103938216 -0.0432511617 -0.1436501849 0.0688493907 -0.1127423300 -0.1912289188 -0.1613461840 -0.1246151395 0.0264796533 0.0236498988
-0.1815038982 -0.0772878558 -0.1784454898 0.1722136674 -0.1906863126 -0.0235544650 -0.1243615771 0.0490041336 -0.0937520140 -0.1670787798 -0.1408757522 -0.1044677160 0.0078149850 0.0059790942
-0.1602778410 -0.0568493912 -0.1569755464 0.1521422149 -0.1705118522 -0.0035613844 -0.1046589889 0.0288417347 -0.0743684385 -0.1426159599 -0.1200163986 -0.0839571453 -0.0111666011 -0.0120420287
-0.1386288617 -0.0360708641 -0.1350952558 0.1316140308 -0.1498645829 0.0167305298 -0.0845374405 0.0083593934 -0.0545869084 -0.1178423484 -0.0987641587 -0.0630798379 -0.0304684143 -0.0304178797
