-0.8996628744 -0.9954057919 -0.8348721626 -0.8565363589 -0.8633349109 -0.8943929820 -0.8182618491 -0.8693367736 -0.8668605394 -0.8883836973 0.8577229688 -0.9889652267 -0.8297504690 -0.9769162659
-0.8983805527 -0.9959228202 -0.8338340300 -0.8553964324 -0.8625236358 -0.8940121911 -0.8169225826 -0.8684536366 -0.8661379975 -0.8877684392 0.8569048451 -0.9890925774 -0.8282218967 -0.9763791286
-0.8971110448 -0.9964168345 -0.8328672017 -0.8543076007 -0.8617687868 -0.8936775133 -0.8156578407 -0.8676199133 -0.8654720014 -0.8871963957 0.8561473071 -0.9892086535 -0.8267527510 -0.9758186129
-0.8958525397 -0.9968861979 -0.8319689267 -0.8532674411 -0.8610677886 -0.8933864359 -0.8144648889 -0.8668331505 -0.8648599549 -0.8866651492 0.8554477183 -0.9893117015 -0.8253405674 -0.9752332936
-0.8946032258 -0.9973292738 -0.8311364535 -0.8522735309 -0.8604180660 -0.8931364462 -0.8133409929 -0.8660908949 -0.8642992615 -0.8861722820 0.8548034417 -0.9893999676 -0.8239828820 -0.9746217455
-0.8933612920 -0.9977444252 -0.8303670310 -0.8513234474 -0.8598170438 -0.8929250313 -0.8122834183 -0.8653906934 -0.8637873248 -0.8857153764 0.8542118407 -0.9894716983 -0.8226772304 -0.9739825435
-0.8921249270 -0.9981300154 -0.8296579078 -0.8504147678 -0.8592621468 -0.8927496786 -0.8112894306 -0.8647300927 -0.8633215486 -0.8852920148 0.8536702784 -0.9895251400 -0.8214211484 -0.9733142624
-0.8908923194 -0.9984844075 -0.8290063328 -0.8495450696 -0.8587507998 -0.8926078752 -0.8103562955 -0.8641066396 -0.8628993363 -0.8848997795 0.8531761182 -0.9895585390 -0.8202121718 -0.9726154770
-0.8896616580 -0.9988059648 -0.8284095546 -0.8487119300 -0.8582804277 -0.8924971085 -0.8094812786 -0.8635178810 -0.8625180918 -0.8845362528 0.8527267232 -0.9895701418 -0.8190478364 -0.9718847622
-0.8884311314 -0.9990930505 -0.8278648220 -0.8479129264 -0.8578484552 -0.8924148656 -0.8086616454 -0.8629613635 -0.8621752185 -0.8841990171 0.8523194568 -0.9895581947 -0.8179256780 -0.9711206927
-0.8871989284 -0.9993440278 -0.8273693837 -0.8471456360 -0.8574523072 -0.8923586338 -0.8078946617 -0.8624346339 -0.8618681201 -0.8838856546 0.8519516820 -0.9895209442 -0.8168432323 -0.9703218434
-0.8859632376 -0.9995572599 -0.8269204884 -0.8464076362 -0.8570894084 -0.8923259004 -0.8071775929 -0.8619352392 -0.8615942003 -0.8835937477 0.8516207622 -0.9894566366 -0.8157980351 -0.9694867891
-0.8847222478 -0.9997311100 -0.8265153849 -0.8456965042 -0.8567571836 -0.8923141526 -0.8065077047 -0.8614607259 -0.8613508627 -0.8833208788 0.8513240606 -0.9893635183 -0.8147876222 -0.9686141046
-0.8834741477 -0.9998639412 -0.8261513220 -0.8450098175 -0.8564530577 -0.8923208776 -0.8058822627 -0.8610086410 -0.8611355110 -0.8830646302 0.8510589404 -0.9892398357 -0.8138095293 -0.9677023648
-0.8822171259 -0.9999541168 -0.8258255483 -0.8443451532 -0.8561744555 -0.8923435627 -0.8052985325 -0.8605765312 -0.8609455486 -0.8828225841 0.8508227649 -0.9890838352 -0.8128612924 -0.9667501445
-0.8809493712 -1.0000000000 -0.8255353125 -0.8437000888 -0.8559188017 -0.8923796951 -0.8047537797 -0.8601619433 -0.8607783794 -0.8825923229 0.8506128972 -0.9888937632 -0.8119404470 -0.9657560184
-0.8796690722 -0.9999999540 -0.8252778635 -0.8430722015 -0.8556835212 -0.8924267621 -0.8042452699 -0.8597624240 -0.8606314068 -0.8823714290 0.8504267008 -0.9886678661 -0.8110445290 -0.9647185616
-0.8783744177 -0.9999523420 -0.8250504499 -0.8424590686 -0.8554660387 -0.8924822510 -0.8037702687 -0.8593755203 -0.8605020347 -0.8821574847 0.8502615387 -0.9884043903 -0.8101710743 -0.9636363486
-0.8770635963 -0.9998555271 -0.8248503205 -0.8418582675 -0.8552637791 -0.8925436489 -0.8033260417 -0.8589987787 -0.8603876665 -0.8819480723 0.8501147742 -0.9881015821 -0.8093176185 -0.9625079545
-0.8757347969 -0.9997078727 -0.8246747241 -0.8412673755 -0.8550741672 -0.8926084431 -0.8029098545 -0.8586297462 -0.8602857059 -0.8817407741 0.8499837705 -0.9877576880 -0.8084816974 -0.9613319540
-0.8743862080 -0.9995077418 -0.8245209093 -0.8406839699 -0.8548946278 -0.8926741208 -0.8025189727 -0.8582659695 -0.8601935565 -0.8815331726 0.8498658909 -0.9873709544 -0.8076608469 -0.9601069219
-0.8730160183 -0.9992534978 -0.8243861248 -0.8401056279 -0.8547225857 -0.8927381694 -0.8021506619 -0.8579049954 -0.8601086221 -0.8813228499 0.8497584987 -0.9869396276 -0.8068526027 -0.9588314331
-0.8716224167 -0.9989435037 -0.8242676195 -0.8395299269 -0.8545554656 -0.8927980760 -0.8018021878 -0.8575443706 -0.8600283061 -0.8811073884 0.8496589570 -0.9864619540 -0.8060545005 -0.9575040623
-0.8702035917 -0.9985761228 -0.8241626421 -0.8389544443 -0.8543906925 -0.8928513279 -0.8014708159 -0.8571816421 -0.8599500123 -0.8808843705 0.8495646291 -0.9859361800 -0.8052640762 -0.9561233845
-0.8687577320 -0.9981497183 -0.8240684412 -0.8383767573 -0.8542256911 -0.8928954124 -0.8011538118 -0.8568143565 -0.8598711443 -0.8806513784 0.8494728783 -0.9853605521 -0.8044788656 -0.9546879744
-0.8672830265 -0.9976626535 -0.8239822657 -0.8377944432 -0.8540578861 -0.8929278166 -0.8008484411 -0.8564400606 -0.8597891057 -0.8804059946 0.8493810677 -0.9847333166 -0.8036964044 -0.9531964069
-0.8657776637 -0.9971132914 -0.8239013642 -0.8372050794 -0.8538847025 -0.8929460279 -0.8005519694 -0.8560563012 -0.8597013001 -0.8801458014 0.8492865606 -0.9840527198 -0.8029142283 -0.9516472567
-0.8642398324 -0.9964999953 -0.8238229856 -0.8366062431 -0.8537035650 -0.8929475334 -0.8002616624 -0.8556606252 -0.8596051312 -0.8798683810 0.8491867202 -0.9833170083 -0.8021298733 -0.9500390988
-0.8626677213 -0.9958211284 -0.8237443784 -0.8359955117 -0.8535118984 -0.8929298205 -0.7999747857 -0.8552505792 -0.8594980026 -0.8795713158 0.8490789098 -0.9825244283 -0.8013408750 -0.9483705079
-0.8610595190 -0.9950750539 -0.8236627915 -0.8353704626 -0.8533071275 -0.8928903763 -0.7996886047 -0.8548237101 -0.8593773179 -0.8792521881 0.8489604926 -0.9816732264 -0.8005447692 -0.9466400588
