-0.8262702896 -0.9985320062 -0.8841163677 0.8586905050 -0.7691803699 -0.8377895301 -0.8998723584 0.7977205301 -0.9466265354 -0.7881993935 -0.8669124455 -0.9908344577 0.9998318289 0.7715053611
-0.8253304605 -0.9980256338 -0.8823241895 0.8567015781 -0.7669135290 -0.8359632688 -0.8976878980 0.7954180916 -0.9445248290 -0.7864884860 -0.8652662634 -0.9897765684 0.9996446944 0.7690490321
-0.8244245813 -0.9974439607 -0.8805201536 0.8547075214 -0.7646749742 -0.8341450197 -0.8954753461 0.7931303703 -0.9423760736 -0.7848104226 -0.8636193250 -0.9886586689 0.9993884150 0.7666155059
-0.8235510351 -0.9967867888 -0.8787033951 0.8527074169 -0.7624633992 -0.8323336636 -0.8932341203 0.7908562440 -0.9401799202 -0.7831637384 -0.8619705938 -0.9874804214 0.9990626566 0.7642035819
-0.8227082051 -0.9960539204 -0.8768730488 0.8507003465 -0.7602774979 -0.8305280813 -0.8909636379 0.7885945905 -0.9379360198 -0.7815469685 -0.8603190335 -0.9862414879 0.9986670850 0.7618120595
-0.8218944746 -0.9952451576 -0.8750282499 0.8486853921 -0.7581159641 -0.8287271536 -0.8886633163 0.7863442878 -0.9356440235 -0.7799586480 -0.8586636074 -0.9849415303 0.9982013660 0.7594397380
-0.8211082267 -0.9943603027 -0.8731681331 0.8466616355 -0.7559774916 -0.8269297613 -0.8863325731 0.7841042137 -0.9333035822 -0.7783973118 -0.8570032793 -0.9835802108 0.9976651656 0.7570854168
-0.8203478447 -0.9933991577 -0.8712918334 0.8446281587 -0.7538607742 -0.8251347853 -0.8839708257 0.7818732459 -0.9309143470 -0.7768614952 -0.8553370126 -0.9821571914 0.9970581494 0.7547478953
-0.8196117118 -0.9923615249 -0.8693984858 0.8425840436 -0.7517645057 -0.8233411064 -0.8815774915 0.7796502625 -0.9284759689 -0.7753497331 -0.8536637710 -0.9806721342 0.9963799834 0.7524259729
-0.8188982111 -0.9912472064 -0.8674872253 0.8405283721 -0.7496873800 -0.8215476053 -0.8791519879 0.7774341411 -0.9259880990 -0.7738605606 -0.8519825180 -0.9791247012 0.9956303334 0.7501184490
-0.8182057258 -0.9900560044 -0.8655571868 0.8384602261 -0.7476280908 -0.8197531629 -0.8766937324 0.7752237598 -0.9234503882 -0.7723925128 -0.8502922171 -0.9775145544 0.9948088652 0.7478241229
-0.8175326392 -0.9887877211 -0.8636075053 0.8363786874 -0.7455853319 -0.8179566601 -0.8742021424 0.7730179962 -0.9208624875 -0.7709441247 -0.8485918319 -0.9758413560 0.9939152446 0.7455417941
-0.8168773345 -0.9874421586 -0.8616373156 0.8342828380 -0.7435577973 -0.8161569775 -0.8716766354 0.7708157283 -0.9182240481 -0.7695139315 -0.8468803259 -0.9741047678 0.9929491375 0.7432702618
-0.8162381948 -0.9860191192 -0.8596457528 0.8321717598 -0.7415441806 -0.8143529961 -0.8691166288 0.7686158339 -0.9155347208 -0.7681004682 -0.8451566628 -0.9723044521 0.9919102098 0.7410083256
-0.8156136034 -0.9845184049 -0.8576319518 0.8300445347 -0.7395431757 -0.8125435966 -0.8665215400 0.7664171909 -0.9127941568 -0.7667022698 -0.8434198061 -0.9704400708 0.9907981272 0.7387547847
-0.8150019434 -0.9829398180 -0.8555950475 0.8279002446 -0.7375534764 -0.8107276599 -0.8638907866 0.7642186771 -0.9100020070 -0.7653178714 -0.8416687193 -0.9685112860 0.9896125556 0.7365084386
-0.8144015981 -0.9812831606 -0.8535341750 0.8257379713 -0.7355737765 -0.8089040668 -0.8612237858 0.7620191704 -0.9071579225 -0.7639458081 -0.8399023660 -0.9665177597 0.9883531608 0.7342680866
-0.8138109507 -0.9795482349 -0.8514484691 0.8235567968 -0.7336027699 -0.8070716980 -0.8585199553 0.7598175486 -0.9042615543 -0.7625846150 -0.8381197098 -0.9644591540 0.9870196087 0.7320325281
-0.8132283843 -0.9777348431 -0.8493370649 0.8213558030 -0.7316391503 -0.8052294345 -0.8557787123 0.7576126895 -0.9013125534 -0.7612328271 -0.8363197142 -0.9623351309 0.9856115651 0.7298005625
-0.8126522822 -0.9758427874 -0.8471990972 0.8191340718 -0.7296816115 -0.8033761570 -0.8529994744 0.7554034710 -0.8983105708 -0.7598889795 -0.8345013428 -0.9601453525 0.9841286958 0.7275709892
-0.8120810276 -0.9738718698 -0.8450337010 0.8168906850 -0.7277288474 -0.8015107463 -0.8501816590 0.7531887710 -0.8952552575 -0.7585516073 -0.8326635591 -0.9578894808 0.9825706666 0.7253426076
-0.8115130036 -0.9718218927 -0.8428400113 0.8146247247 -0.7257795518 -0.7996320832 -0.8473246835 0.7509674674 -0.8921462646 -0.7572192454 -0.8308053267 -0.9555671779 0.9809371435 0.7231142170
-0.8109465935 -0.9696926581 -0.8406171630 0.8123352726 -0.7238324185 -0.7977390487 -0.8444279653 0.7487384378 -0.8889832431 -0.7558904291 -0.8289256091 -0.9531781058 0.9792277922 0.7208846168
-0.8103801805 -0.9674839682 -0.8383642911 0.8100214107 -0.7218861412 -0.7958305233 -0.8414909220 0.7465005603 -0.8857658440 -0.7545636933 -0.8270233700 -0.9507219265 0.9774422785 0.7186526064
-0.8098121478 -0.9651956252 -0.8360805304 0.8076822208 -0.7199394139 -0.7939053881 -0.8385129709 0.7442527127 -0.8824937184 -0.7532375732 -0.8250975728 -0.9481983022 0.9755802684 0.7164169852
-0.8092408785 -0.9628274313 -0.8337650161 0.8053167850 -0.7179909303 -0.7919625238 -0.8354935296 0.7419937727 -0.8791665172 -0.7519106038 -0.8231471812 -0.9456068948 0.9736414275 0.7141765526
-0.8086647559 -0.9603791887 -0.8314168830 0.8029241850 -0.7160393842 -0.7900008112 -0.8324320153 0.7397226183 -0.8757838914 -0.7505813201 -0.8211711587 -0.9429473664 0.9716254219 0.7119301079
-0.8080821632 -0.9578506995 -0.8290352661 0.8005035028 -0.7140834695 -0.7880191311 -0.8293278457 0.7374381273 -0.8723454921 -0.7492482572 -0.8191684688 -0.9402193791 0.9695319173 0.7096764505
-0.8074914836 -0.9552417658 -0.8266193003 0.7980538203 -0.7121218800 -0.7860163644 -0.8261804380 0.7351391776 -0.8688509704 -0.7479099503 -0.8171380751 -0.9374225949 0.9673605795 0.7074143799
-0.8068911003 -0.9525521900 -0.8241681205 0.7955742194 -0.7101533094 -0.7839913918 -0.8229892098 0.7328246470 -0.8652999771 -0.7465649343 -0.8150789412 -0.9345566758 0.9651110743 0.7051426953
