-0.8160691151 -0.9818886189 -0.7793650699 -0.9842019703 -0.9986708658 -0.9822172784 -0.8600962900 -0.9835400831 -0.9966783797 -0.9845758660 0.9877228627 -0.9873594293 -0.9897806649 -0.9789864371
-0.8147791843 -0.9794295613 -0.7780682559 -0.9820433503 -0.9983866138 -0.9797789014 -0.8580815564 -0.9812916927 -0.9961196867 -0.9824555285 0.9860230203 -0.9856451968 -0.9883543168 -0.9760705639
-0.8135286205 -0.9770019321 -0.7768129242 -0.9799087569 -0.9980789347 -0.9773654964 -0.8561124056 -0.9790685106 -0.9955400913 -0.9803554973 0.9843363116 -0.9839533202 -0.9869360525 -0.9731757765
-0.8123171443 -0.9746055171 -0.7755987848 -0.9777980124 -0.9977478840 -0.9749768863 -0.8541885364 -0.9768703543 -0.9949396406 -0.9782756153 0.9826626118 -0.9822836211 -0.9855257703 -0.9703019314
-0.8111444761 -0.9722401022 -0.7744255475 -0.9757109388 -0.9973935174 -0.9726128944 -0.8523096475 -0.9746970410 -0.9943183819 -0.9762157254 0.9810017959 -0.9806359213 -0.9841233683 -0.9674488854
-0.8100103364 -0.9699054733 -0.7732929223 -0.9736473583 -0.9970158905 -0.9702733435 -0.8504754377 -0.9725483881 -0.9936763622 -0.9741756705 0.9793537390 -0.9790100425 -0.9827287449 -0.9646164948
-0.8089144457 -0.9676014163 -0.7722006191 -0.9716070930 -0.9966150589 -0.9679580566 -0.8486856055 -0.9704242127 -0.9930136289 -0.9721552936 0.9777183161 -0.9774058062 -0.9813417982 -0.9618046165
-0.8078565246 -0.9653277171 -0.7711483478 -0.9695899650 -0.9961910781 -0.9656668569 -0.8469398499 -0.9683243323 -0.9923302290 -0.9701544376 0.9760954022 -0.9758230343 -0.9799624265 -0.9590131068
-0.8068362934 -0.9630841615 -0.7701358184 -0.9675957964 -0.9957440039 -0.9633995673 -0.8452378694 -0.9662485641 -0.9916262097 -0.9681729453 0.9744848726 -0.9742615483 -0.9785905279 -0.9562418224
-0.8058534727 -0.9608705355 -0.7691627408 -0.9656244095 -0.9952738917 -0.9611560108 -0.8435793628 -0.9641967254 -0.9909016183 -0.9662106598 0.9728866022 -0.9727211700 -0.9772260007 -0.9534906199
-0.8049077829 -0.9586866250 -0.7682288250 -0.9636756261 -0.9947807972 -0.9589360105 -0.8419640288 -0.9621686335 -0.9901565018 -0.9642674238 0.9713004660 -0.9712017210 -0.9758687431 -0.9507593559
-0.8039989446 -0.9565322158 -0.7673337807 -0.9617492686 -0.9942647759 -0.9567393894 -0.8403915663 -0.9601641056 -0.9893909075 -0.9623430804 0.9697263392 -0.9697030231 -0.9745186533 -0.9480478868
-0.8031266783 -0.9544070938 -0.7664773181 -0.9598451591 -0.9937258836 -0.9545659704 -0.8388616738 -0.9581829592 -0.9886048826 -0.9604374724 0.9681640969 -0.9682248979 -0.9731756295 -0.9453560694
-0.8022907044 -0.9523110450 -0.7656591470 -0.9579631195 -0.9931641757 -0.9524155767 -0.8373740501 -0.9562250114 -0.9877984742 -0.9585504427 0.9666136140 -0.9667671672 -0.9718395700 -0.9426837602
-0.8014907435 -0.9502438552 -0.7648789773 -0.9561029722 -0.9925797079 -0.9502880312 -0.8359283939 -0.9542900796 -0.9869717295 -0.9566818344 0.9650747656 -0.9653296525 -0.9705103729 -0.9400308157
-0.8007265159 -0.9482053103 -0.7641365189 -0.9542645391 -0.9919725358 -0.9481831569 -0.8345244040 -0.9523779811 -0.9861246956 -0.9548314902 0.9635474269 -0.9639121756 -0.9691879366 -0.9373970926
-0.7999977423 -0.9461951962 -0.7634314819 -0.9524476425 -0.9913427149 -0.9461007769 -0.8331617791 -0.9504885331 -0.9852574198 -0.9529992531 0.9620314729 -0.9625145581 -0.9678721591 -0.9347824474
-0.7993041431 -0.9442132988 -0.7627635760 -0.9506521044 -0.9906903010 -0.9440407142 -0.8318402179 -0.9486215530 -0.9843699493 -0.9511849660 0.9605267786 -0.9611366218 -0.9665629387 -0.9321867368
-0.7986454388 -0.9422594039 -0.7621325113 -0.9488777470 -0.9900153495 -0.9420027918 -0.8305594191 -0.9467768581 -0.9834623311 -0.9493884718 0.9590332191 -0.9597781883 -0.9652601736 -0.9296098172
-0.7980213498 -0.9403332976 -0.7615379977 -0.9471243924 -0.9893179162 -0.9399868328 -0.8293190814 -0.9449542656 -0.9825346126 -0.9476096135 0.9575506694 -0.9584390793 -0.9639637621 -0.9270515452
-0.7974315968 -0.9384347656 -0.7609797450 -0.9453918626 -0.9885980565 -0.9379926601 -0.8281189037 -0.9431535928 -0.9815868408 -0.9458482339 0.9560790047 -0.9571191166 -0.9626736023 -0.9245117776
-0.7968759001 -0.9365635938 -0.7604574633 -0.9436799800 -0.9878558261 -0.9360200967 -0.8269585845 -0.9413746571 -0.9806190629 -0.9441041760 0.9546181000 -0.9558181217 -0.9613895925 -0.9219903707
-0.7963539802 -0.9347195682 -0.7599708624 -0.9419885664 -0.9870912805 -0.9340689658 -0.8258378227 -0.9396172757 -0.9796313262 -0.9423772826 0.9531678304 -0.9545359163 -0.9601116309 -0.9194871813
-0.7958655577 -0.9329024747 -0.7595196523 -0.9403174442 -0.9863044755 -0.9321390902 -0.8247563169 -0.9378812659 -0.9786236777 -0.9406673968 0.9517280709 -0.9532723223 -0.9588396157 -0.9170020658
-0.7954103531 -0.9311120991 -0.7591035429 -0.9386664353 -0.9854954666 -0.9302302931 -0.8237137659 -0.9361664451 -0.9775961647 -0.9389743613 0.9502986965 -0.9520271611 -0.9575734451 -0.9145348809
-0.7949880868 -0.9293482272 -0.7587222442 -0.9370353620 -0.9846643093 -0.9283423974 -0.8227098684 -0.9344726304 -0.9765488344 -0.9372980192 0.9488795825 -0.9508002546 -0.9563130174 -0.9120854831
-0.7945984792 -0.9276106451 -0.7583754659 -0.9354240463 -0.9838110593 -0.9264752262 -0.8217443231 -0.9327996393 -0.9754817339 -0.9356382134 0.9474706037 -0.9495914243 -0.9550582307 -0.9096537291
-0.7942412511 -0.9258991386 -0.7580629182 -0.9338323104 -0.9829357723 -0.9246286025 -0.8208168288 -0.9311472890 -0.9743949104 -0.9339947866 0.9460716354 -0.9484004921 -0.9538089833 -0.9072394754
-0.7939161227 -0.9242134936 -0.7577843109 -0.9322599764 -0.9820385037 -0.9228023493 -0.8199270841 -0.9295153968 -0.9732884111 -0.9323675820 0.9446825525 -0.9472272795 -0.9525651734 -0.9048425785
-0.7936228145 -0.9225534960 -0.7575393539 -0.9307068664 -0.9811193092 -0.9209962896 -0.8190747878 -0.9279037799 -0.9721622831 -0.9307564423 0.9433032301 -0.9460716083 -0.9513266992 -0.9024628951
