-0.8891710892 -0.9009065811 -0.9725458378 -0.8495386218 -0.5752791545 -0.8268650439 -0.8754769903 -0.8590849392 -0.5454315933 -0.8195273533 0.8408994174 -0.8016475796 -0.8051502863 -0.8350445519
-0.8892855916 -0.9008434517 -0.9729712268 -0.8496045446 -0.5741353535 -0.8267361130 -0.8760318983 -0.8590945314 -0.5443188278 -0.8194061388 0.8404723039 -0.8015138320 -0.8046175060 -0.8347392063
-0.8893944415 -0.9007725675 -0.9733871992 -0.8496673088 -0.5729994472 -0.8266042636 -0.8765852628 -0.8590998811 -0.5432163156 -0.8192825863 0.8400391487 -0.8013789381 -0.8040804943 -0.8344291033
-0.8894972721 -0.9006935919 -0.9737933868 -0.8497265346 -0.5718710862 -0.8264691315 -0.8771366497 -0.8591006211 -0.5421236880 -0.8191563269 0.8395996356 -0.8012425218 -0.8035389317 -0.8341139071
-0.8895937167 -0.9006061886 -0.9741894216 -0.8497818423 -0.5707499209 -0.8263303526 -0.8776856250 -0.8590963839 -0.5410405764 -0.8190269916 0.8391534483 -0.8011042072 -0.8029924988 -0.8337932816
-0.8896834086 -0.9005100209 -0.9745749354 -0.8498328522 -0.5696356017 -0.8261875626 -0.8782317546 -0.8590868025 -0.5399666121 -0.8188942116 0.8387002706 -0.8009636181 -0.8024408760 -0.8334668911
-0.8897659810 -0.9004047524 -0.9749495601 -0.8498791847 -0.5685277791 -0.8260403975 -0.8787746043 -0.8590715096 -0.5389014267 -0.8187576180 0.8382397863 -0.8008203785 -0.8018837441 -0.8331343997
-0.8898410672 -0.9002900467 -0.9753129277 -0.8499204598 -0.5674261036 -0.8258884929 -0.8793137402 -0.8590501379 -0.5378446514 -0.8186168418 0.8377716791 -0.8006741124 -0.8013207834 -0.8327954715
-0.8899083005 -0.9001655671 -0.9756646701 -0.8499562981 -0.5663302257 -0.8257314846 -0.8798487282 -0.8590223203 -0.5367959176 -0.8184715143 0.8372956329 -0.8005244438 -0.8007516746 -0.8324497706
-0.8899673141 -0.9000309773 -0.9760044191 -0.8499863196 -0.5652397958 -0.8255690086 -0.8803791342 -0.8589876893 -0.5357548568 -0.8183212665 0.8368113313 -0.8003709965 -0.8001760982 -0.8320969611
-0.8900177414 -0.8998859408 -0.9763318068 -0.8500101447 -0.5641544643 -0.8254007006 -0.8809045240 -0.8589458779 -0.5347211003 -0.8181657294 0.8363184581 -0.8002133946 -0.7995937348 -0.8317367072
-0.8900592155 -0.8997301210 -0.9766464649 -0.8500273936 -0.5630738818 -0.8252261964 -0.8814244638 -0.8588965188 -0.5336942795 -0.8180045343 0.8358166971 -0.8000512620 -0.7990042649 -0.8313686730
-0.8900913698 -0.8995631815 -0.9769480254 -0.8500376867 -0.5619976986 -0.8250451319 -0.8819385193 -0.8588392447 -0.5326740257 -0.8178373122 0.8353057321 -0.7998842227 -0.7984073691 -0.8309925225
-0.8901138375 -0.8993847857 -0.9772361202 -0.8500406442 -0.5609255653 -0.8248571428 -0.8824462564 -0.8587736883 -0.5316599704 -0.8176636943 0.8347852469 -0.7997119005 -0.7978027279 -0.8306079200
-0.8901262518 -0.8991945973 -0.9775103813 -0.8500358864 -0.5598571324 -0.8246618649 -0.8829472413 -0.8586994825 -0.5306517450 -0.8174833116 0.8342549252 -0.7995339196 -0.7971900218 -0.8302145296
-0.8901282461 -0.8989922796 -0.9777704405 -0.8500230335 -0.5587920502 -0.8244589341 -0.8834410396 -0.8586162600 -0.5296489808 -0.8172957952 0.8337144507 -0.7993499038 -0.7965689315 -0.8298120153
-0.8901194536 -0.8987774963 -0.9780159297 -0.8500017059 -0.5577299693 -0.8242479861 -0.8839272175 -0.8585236536 -0.5286513092 -0.8171007763 0.8331635073 -0.7991594771 -0.7959391375 -0.8294000413
-0.8900995076 -0.8985499108 -0.9782464808 -0.8499715238 -0.5566705402 -0.8240286569 -0.8844053407 -0.8584212960 -0.5276583616 -0.8168978860 0.8326017787 -0.7989622634 -0.7953003203 -0.8289782717
-0.8900680413 -0.8983091866 -0.9784617258 -0.8499321075 -0.5556134132 -0.8238005821 -0.8848749753 -0.8583088199 -0.5266697694 -0.8166867553 0.8320289486 -0.7987578867 -0.7946521604 -0.8285463706
-0.8900246880 -0.8980549872 -0.9786612966 -0.8498830772 -0.5545582388 -0.8235633976 -0.8853356872 -0.8581858582 -0.5256851639 -0.8164670154 0.8314447009 -0.7985459710 -0.7939943385 -0.8281040022
-0.8899690811 -0.8977869762 -0.9788448250 -0.8498240533 -0.5535046675 -0.8233167393 -0.8857870422 -0.8580520436 -0.5247041766 -0.8162382974 0.8308487193 -0.7983261402 -0.7933265351 -0.8276508305
-0.8899008536 -0.8975048171 -0.9790119430 -0.8497546560 -0.5524523499 -0.8230602428 -0.8862286064 -0.8579070088 -0.5237264389 -0.8160002324 0.8302406876 -0.7980980182 -0.7926484306 -0.8271865198
-0.8898196390 -0.8972081734 -0.9791622825 -0.8496745056 -0.5514009362 -0.8227935441 -0.8866599456 -0.8577503866 -0.5227515820 -0.8157524515 0.8296202896 -0.7978612291 -0.7919597058 -0.8267107340
-0.8897250705 -0.8968967085 -0.9792954753 -0.8495832223 -0.5503500771 -0.8225162789 -0.8870806257 -0.8575818098 -0.5217792375 -0.8154945858 0.8289872089 -0.7976153968 -0.7912600411 -0.8262231374
-0.8896167813 -0.8965700861 -0.9794111534 -0.8494804265 -0.5492994230 -0.8222280831 -0.8874902128 -0.8574009111 -0.5208090366 -0.8152262664 0.8283411294 -0.7973601452 -0.7905491171 -0.8257233941
-0.8894944047 -0.8962279696 -0.9795089488 -0.8493657384 -0.5482486242 -0.8219285924 -0.8878882726 -0.8572073233 -0.5198406108 -0.8149471244 0.8276817349 -0.7970950983 -0.7898266143 -0.8252111681
-0.8893575740 -0.8958700224 -0.9795884933 -0.8492387783 -0.5471973314 -0.8216174427 -0.8882743713 -0.8570006791 -0.5188735915 -0.8146567910 0.8270087091 -0.7968198801 -0.7890922133 -0.8246861237
-0.8892059224 -0.8954959083 -0.9796494187 -0.8490991665 -0.5461451949 -0.8212942698 -0.8886480746 -0.8567806112 -0.5179076100 -0.8143548972 0.8263217357 -0.7965341145 -0.7883455946 -0.8241479249
-0.8890390833 -0.8951052905 -0.9796913571 -0.8489465232 -0.5450918652 -0.8209587094 -0.8890089485 -0.8565467526 -0.5169422977 -0.8140410741 0.8256204986 -0.7962374254 -0.7875864388 -0.8235962358
-0.8888566899 -0.8946978327 -0.9797139404 -0.8487804688 -0.5440369929 -0.8206103975 -0.8893565589 -0.8562987358 -0.5159772861 -0.8137149529 0.8249046816 -0.7959294369 -0.7868144264 -0.8230307206
