-0.5739250412 -0.3898393909 -0.4215226027 0.4648139313 -0.4311868639 0.6075067623 -0.3866500378 0.4523335457 -0.4470253474 0.4080169114 -0.4940498059 -0.3072555300 0.2730975905 0.3084946624
-0.5620605311 -0.3807296289 -0.4090935162 0.4540685451 -0.4206137383 0.5990715071 -0.3757360327 0.4400940428 -0.4349549913 0.3985451674 -0.4836048915 -0.2952898691 0.2618903124 0.2974153500
-0.5499375233 -0.3713789644 -0.3964635528 0.4430828631 -0.4098085392 0.5903150481 -0.3646094542 0.4276408724 -0.4226701175 0.3888321448 -0.4729057199 -0.2831531157 0.2505114656 0.2861511337
-0.5375531769 -0.3617836544 -0.3836309441 0.4318538382 -0.3987682661 0.5812321950 -0.3532677279 0.4149720009 -0.4101686090 0.3788742473 -0.4619489152 -0.2708437384 0.2389591933 0.2746999097
-0.5249046513 -0.3519399560 -0.3705939216 0.4203784234 -0.3874899187 0.5718177578 -0.3417082792 0.4020853947 -0.3974483490 0.3686678785 -0.4507311020 -0.2583602056 0.2272316383 0.2630595738
-0.5119891057 -0.3418441262 -0.3573507167 0.4086535716 -0.3759704969 0.5620665464 -0.3299285337 0.3889790204 -0.3845072205 0.3582094421 -0.4392489046 -0.2457009858 0.2153269437 0.2512280220
-0.4988036994 -0.3314924222 -0.3438995610 0.3966762356 -0.3642070003 0.5519733708 -0.3179259171 0.3756508445 -0.3713431067 0.3474953417 -0.4274989474 -0.2328645476 0.2032432526 0.2392031504
-0.4853455916 -0.3208811008 -0.3302386859 0.3844433685 -0.3521964287 0.5415330407 -0.3056978547 0.3620988334 -0.3579538908 0.3365219809 -0.4154778546 -0.2198493594 0.1909787078 0.2269828548
-0.4716119416 -0.3100064192 -0.3163663231 0.3719519232 -0.3399357818 0.5307403662 -0.2932417721 0.3483209537 -0.3443374557 0.3252857635 -0.4031822507 -0.2066538896 0.1785314524 0.2145650314
-0.4575999086 -0.2988646343 -0.3022807039 0.3591988525 -0.3274220593 0.5195901570 -0.2805550949 0.3343151718 -0.3304916847 0.3137830932 -0.3906087600 -0.1932766069 0.1658996294 0.2019475760
-0.4433066518 -0.2874520033 -0.2879800599 0.3461811095 -0.3146522609 0.5080772233 -0.2676352486 0.3200794542 -0.3164144608 0.3020103734 -0.3777540070 -0.1797159796 0.1530813819 0.1891283847
-0.4287293306 -0.2757647832 -0.2734626226 0.3328956470 -0.3016233864 0.4961963747 -0.2544796587 0.3056117674 -0.3021036671 0.2899640079 -0.3646146159 -0.1659704762 0.1400748528 0.1761053535
-0.4138651042 -0.2637992310 -0.2587266234 0.3193394180 -0.2883324355 0.4839424213 -0.2410857508 0.2909100780 -0.2875571869 0.2776404004 -0.3511872111 -0.1520385653 0.1268781850 0.1628763783
-0.3987111318 -0.2515516038 -0.2437702940 0.3055093754 -0.2747764079 0.4713101730 -0.2274509504 0.2759723524 -0.2727729031 0.2650359545 -0.3374684171 -0.1379187153 0.1134895218 0.1494393551
-0.3832645727 -0.2390181586 -0.2285918658 0.2914024721 -0.2609523033 0.4582944396 -0.2135726830 0.2607965570 -0.2577486989 0.2521470738 -0.3234548581 -0.1236093947 0.0999070059 0.1357921799
-0.3675225861 -0.2261951524 -0.2131895703 0.2770156610 -0.2468571215 0.4448900311 -0.1994483742 0.2453806585 -0.2424824575 0.2389701621 -0.3091431585 -0.1091090721 0.0861287805 0.1219327487
-0.3514823313 -0.2130788423 -0.1975616390 0.2623458952 -0.2324878622 0.4310917573 -0.1850754495 0.2297226232 -0.2269720619 0.2255016229 -0.2945299427 -0.0944162158 0.0721529885 0.1078589575
-0.3351409676 -0.1996654853 -0.1817063034 0.2473901274 -0.2178415251 0.4168944283 -0.1704513345 0.2138204176 -0.2112153952 0.2117378599 -0.2796118350 -0.0795292944 0.0579777730 0.0935687022
-0.3184956541 -0.1859513385 -0.1656217951 0.2321453107 -0.2029151100 0.4022928538 -0.1555734546 0.1976720084 -0.1952103406 0.1976752767 -0.2643854599 -0.0644467763 0.0436012770 0.0790598789
-0.3015435502 -0.1719326590 -0.1493063455 0.2166083979 -0.1877056165 0.3872818438 -0.1404392354 0.1812753619 -0.1789547812 0.1833102771 -0.2488474416 -0.0491671301 0.0290216434 0.0643303835
-0.2842818151 -0.1576057036 -0.1327581861 0.2007763420 -0.1722100444 0.3718562082 -0.1250461025 0.1646284446 -0.1624466000 0.1686392646 -0.2329944046 -0.0336888243 0.0142370152 0.0493781120
-0.2667076080 -0.1429667296 -0.1159755484 0.1846460960 -0.1564253935 0.3560107569 -0.1093914813 0.1477292230 -0.1456836803 0.1536586430 -0.2168229732 -0.0180103273 -0.0007544645 0.0342009604
-0.2488180882 -0.1280119939 -0.0989566640 0.1682146126 -0.1403486634 0.3397402998 -0.0934727975 0.1305756637 -0.1286639051 0.1383648158 -0.2003297718 -0.0021301075 -0.0159546527 0.0187968248
-0.2306104150 -0.1127377536 -0.0816997644 0.1514788450 -0.1239768538 0.3230396468 -0.0772874765 0.1131657331 -0.1113851575 0.1227541868 -0.1835114247 0.0139533664 -0.0313654064 0.0031636010
-0.2120817476 -0.0971402657 -0.0642030810 0.1344357459 -0.1073069646 0.3059036079 -0.0608329439 0.0954973977 -0.0938453207 0.1068231595 -0.1663645563 0.0302416260 -0.0469885827 -0.0127008150
-0.1932292453 -0.0812157873 -0.0464648453 0.1170822684 -0.0903359953 0.2883269929 -0.0441066252 0.0775686240 -0.0760422778 0.0905681377 -0.1488857909 0.0467362029 -0.0628260384 -0.0287985271
-0.1740500672 -0.0649605754 -0.0284832889 0.0994153653 -0.0730609458 0.2703046117 -0.0271059460 0.0593773785 -0.0579739118 0.0739855250 -0.1310717530 0.0634386285 -0.0788796307 -0.0451316394
-0.1545413728 -0.0483708870 -0.0102566433 0.0814319896 -0.0554788158 0.2518312742 -0.0098283317 0.0409216277 -0.0396381059 0.0570717249 -0.1129190669 0.0803504343 -0.0951512165 -0.0617022559
-0.1347003211 -0.0314429792 0.0082168600 0.0631290942 -0.0375866050 0.2329017904 0.0077287920 0.0221993380 -0.0210327433 0.0398231413 -0.0944243569 0.0974731519 -0.1116426528 -0.0785124805
-0.1145240715 -0.0141731091 0.0269389896 0.0445036320 -0.0193813131 0.2135109702 0.0255679997 0.0032084760 -0.0021557069 0.0222361777 -0.0755842475 0.1148083128 -0.1283557965 -0.0955644174
