-0.0287835319 0.1635682512 0.1088218384 -0.1907323551 0.1711668240 0.1994328373 0.0573670730 -0.1227377810 0.0764237639 -0.1174334560 0.0746219510 0.1510190607 -0.0768824877 -0.1428333446
-0.0119437790 0.1789101807 0.1241687761 -0.2052079473 0.1855465500 0.2140838432 0.0737037978 -0.1380981890 0.0922245856 -0.1339947274 0.0897436937 0.1649371978 -0.0927473535 -0.1574777067
0.0051192858 0.1943729190 0.1396803501 -0.2198126398 0.2000745847 0.2288507254 0.0902118805 -0.1536115007 0.1082002468 -0.1506739219 0.1050656801 0.1790362196 -0.1087844293 -0.1722839662
0.0224071793 0.2099568393 0.1553575365 -0.2345470765 0.2147518416 0.2437339246 0.1068922294 -0.1692785349 0.1243517869 -0.1674709538 0.1205893941 0.1933175445 -0.1249947096 -0.1872531747
0.0399214186 0.2256623148 0.1712013118 -0.2494119009 0.2295792341 0.2587338814 0.1237457527 -0.1851001102 0.1406802456 -0.1843857371 0.1363163197 0.2077825908 -0.1413791889 -0.2023863836
0.0576635206 0.2414897189 0.1872126523 -0.2644077569 0.2445576757 0.2738510364 0.1407733588 -0.2010770454 0.1571866623 -0.2014181862 0.1522479408 0.2224327769 -0.1579388616 -0.2176846446
0.0756350023 0.2574394247 0.2033925342 -0.2795352880 0.2596880798 0.2890858303 0.1579759560 -0.2172101593 0.1738720764 -0.2185682151 0.1683857412 0.2372695213 -0.1746747223 -0.2331490091
0.0938373805 0.2735118055 0.2197419340 -0.2947951381 0.2749713600 0.3044387038 0.1753544526 -0.2335002704 0.1907375275 -0.2358357383 0.1847312048 0.2522942422 -0.1915877654 -0.2487805287
0.1122721722 0.2897072346 0.2362618279 -0.3101879508 0.2904084296 0.3199100974 0.1929097569 -0.2499481975 0.2077840551 -0.2532206697 0.2012858157 0.2675083580 -0.2086789854 -0.2645802548
0.1309408943 0.3060260852 0.2529531923 -0.3257143699 0.3060002020 0.3355004518 0.2106427773 -0.2665547594 0.2250126987 -0.2707229237 0.2180510575 0.2829132873 -0.2259493769 -0.2805492391
0.1498450638 0.3224687306 0.2698170034 -0.3413750391 0.3217475909 0.3512102077 0.2285544221 -0.2833207748 0.2424244978 -0.2883424145 0.2350284143 0.2985104482 -0.2433999342 -0.2966885330
0.1689861976 0.3390355439 0.2868542376 -0.3571706020 0.3376515096 0.3670398056 0.2466455995 -0.3002470623 0.2600204918 -0.3060790562 0.2522193700 0.3143012592 -0.2610316520 -0.3129991880
0.1883658127 0.3557268985 0.3040658713 -0.3731017024 0.3537128715 0.3829896863 0.2649172180 -0.3173344407 0.2778017202 -0.3239327630 0.2696254085 0.3302871387 -0.2788455246 -0.3294822558
0.2079854260 0.3725431677 0.3214528807 -0.3891689839 0.3699325902 0.3990602903 0.2833701857 -0.3345837286 0.2957692227 -0.3419034492 0.2872480135 0.3464695050 -0.2968425466 -0.3461387878
0.2278465543 0.3894847245 0.3390162421 -0.4053730904 0.3863115790 0.4152520583 0.3020054110 -0.3519957449 0.3139240386 -0.3599910291 0.3050886692 0.3628497766 -0.3150237124 -0.3629698355
0.2479507148 0.4065519424 0.3567569319 -0.4217146655 0.4028507515 0.4315654310 0.3208238023 -0.3695713082 0.3322672074 -0.3781954166 0.3231488593 0.3794293718 -0.3333900167 -0.3799764504
0.2682994242 0.4237451945 0.3746759265 -0.4381943529 0.4195510211 0.4480008489 0.3398262678 -0.3873112373 0.3507997687 -0.3965165262 0.3414300677 0.3962097089 -0.3519424537 -0.3971596842
0.2888941996 0.4410648542 0.3927742020 -0.4548127963 0.4364133013 0.4645587527 0.3590137159 -0.4052163508 0.3695227620 -0.4149542720 0.3599337784 0.4131922064 -0.3706820181 -0.4145205883
0.3097365578 0.4585112945 0.4110527349 -0.4715706395 0.4534385054 0.4812395831 0.3783870549 -0.4232874675 0.3884372266 -0.4335085682 0.3786614753 0.4303782827 -0.3896097043 -0.4320602142
0.3308280159 0.4760848889 0.4295125015 -0.4884685260 0.4706275471 0.4980437806 0.3979471931 -0.4415254060 0.4075442023 -0.4521793289 0.3976146422 0.4477693560 -0.4087265068 -0.4497796135
0.3521700907 0.4937860105 0.4481544780 -0.5055070998 0.4879813396 0.5149717860 0.4176950388 -0.4599309851 0.4268447283 -0.4709664685 0.4167947631 0.4653668449 -0.4280334200 -0.4676798376
0.3737642992 0.5116150327 0.4669796408 -0.5226870044 0.5055007965 0.5320240398 0.4376315003 -0.4785050236 0.4463398443 -0.4898699011 0.4362033218 0.4831721676 -0.4475314386 -0.4857619382
0.3956121583 0.5295723285 0.4859889663 -0.5400088836 0.5231868313 0.5492009827 0.4577574859 -0.4972483401 0.4660305898 -0.5088895409 0.4558418023 0.5011867426 -0.4672215570 -0.5040269668
0.4177151850 0.5476582714 0.5051834307 -0.5574733810 0.5410403573 0.5665030553 0.4780739040 -0.5161617533 0.4859180041 -0.5280253022 0.4757116884 0.5194119882 -0.4871047696 -0.5224759748
0.4400748961 0.5658732345 0.5245640104 -0.5750811405 0.5590622881 0.5839306984 0.4985816628 -0.5352460820 0.5060031269 -0.5472770991 0.4958144641 0.5378493228 -0.5071820709 -0.5411100138
0.4626928087 0.5842175911 0.5441316817 -0.5928328056 0.5772535371 0.6014843524 0.5192816707 -0.5545021448 0.5262869976 -0.5666448458 0.5161516132 0.5565001648 -0.5274544555 -0.5599301353
0.4855704397 0.6026917144 0.5638874209 -0.6107290202 0.5956150177 0.6191644581 0.5401748361 -0.5739307605 0.5467706557 -0.5861284566 0.5367246197 0.5753659326 -0.5479229178 -0.5789373908
0.5087093060 0.6212959777 0.5838322043 -0.6287704279 0.6141476435 0.6369714560 0.5612620671 -0.5935327478 0.5674551407 -0.6057278456 0.5575349674 0.5944480445 -0.5685884524 -0.5981328319
0.5321109245 0.6400307543 0.6039670083 -0.6469576724 0.6328523278 0.6549057869 0.5825442722 -0.6133089255 0.5883414922 -0.6254429271 0.5785841403 0.6137479189 -0.5894520536 -0.6175175102
0.5557768122 0.6588964173 0.6242928091 -0.6652913974 0.6517299841 0.6729678914 0.6040223596 -0.6332601121 0.6094307495 -0.6452736153 0.5998736223 0.6332669742 -0.6105147160 -0.6370924770
