-0.9840004636 -0.9973174993 -0.7497361308 -0.8654895734 -0.8481072893 -0.7846162748 -0.8406193363 -0.8921038542 -0.8764931418 -0.8543855616 0.7829812909 -0.9843069759 -0.8575178641 -0.8643920525
-0.9839091078 -0.9976979370 -0.7484321816 -0.8649225117 -0.8475960023 -0.7838071974 -0.8402684048 -0.8916755772 -0.8761178131 -0.8538745749 0.7814394036 -0.9848660804 -0.8571084392 -0.8631593805
-0.9837985737 -0.9980540418 -0.7471880885 -0.8643794935 -0.8471180514 -0.7830536017 -0.8399580191 -0.8912623889 -0.8757659856 -0.8533940487 0.7799365121 -0.9854211656 -0.8567304256 -0.8619356000
-0.9836675897 -0.9983845367 -0.7460017410 -0.8638587514 -0.8466715311 -0.7823533391 -0.8396861436 -0.8908626167 -0.8754358616 -0.8529421171 0.7784708377 -0.9859706241 -0.8563819242 -0.8607192820
-0.9835148842 -0.9986881446 -0.7448710284 -0.8633585179 -0.8462545362 -0.7817042610 -0.8394507429 -0.8904745878 -0.8751256429 -0.8525169138 0.7770406018 -0.9865128490 -0.8560610357 -0.8595089974
-0.9833391855 -0.9989635887 -0.7437938405 -0.8628770256 -0.8458651614 -0.7811042186 -0.8392497815 -0.8900966296 -0.8748335317 -0.8521165726 0.7756440255 -0.9870462329 -0.8557658609 -0.8583033174
-0.9831392221 -0.9992095918 -0.7427680666 -0.8624125071 -0.8455015014 -0.7805510632 -0.8390812241 -0.8897270693 -0.8745577299 -0.8517392275 0.7742793302 -0.9875691686 -0.8554945008 -0.8571008128
-0.9829137222 -0.9994248770 -0.7417915962 -0.8619631948 -0.8451616507 -0.7800426463 -0.8389430351 -0.8893642343 -0.8742964395 -0.8513830124 0.7729447372 -0.9880800490 -0.8552450559 -0.8559000548
-0.9826614143 -0.9996081672 -0.7408623190 -0.8615273212 -0.8448437042 -0.7795768190 -0.8388331791 -0.8890064520 -0.8740478626 -0.8510460610 0.7716384678 -0.9885772669 -0.8550156272 -0.8546996143
-0.9823810267 -0.9997581856 -0.7399781243 -0.8611031191 -0.8445457564 -0.7791514328 -0.8387496207 -0.8886520495 -0.8738102011 -0.8507265073 0.7703587433 -0.9890592151 -0.8548043154 -0.8534980624
-0.9820712879 -0.9998736551 -0.7391369017 -0.8606888208 -0.8442659022 -0.7787643388 -0.8386903244 -0.8882993543 -0.8735816572 -0.8504224852 0.7691037849 -0.9895242863 -0.8546092214 -0.8522939701
-0.9817309262 -0.9999532986 -0.7383365407 -0.8602826590 -0.8440022360 -0.7784133886 -0.8386532548 -0.8879466936 -0.8733604327 -0.8501321284 0.7678718140 -0.9899708734 -0.8544284459 -0.8510859084
-0.9813586700 -0.9999958393 -0.7375749308 -0.8598828661 -0.8437528527 -0.7780964333 -0.8386363764 -0.8875923948 -0.8731447298 -0.8498535709 0.7666610518 -0.9903973693 -0.8542600898 -0.8498724483
-0.9809532476 -1.0000000000 -0.7368499614 -0.8594876748 -0.8435158468 -0.7778113242 -0.8386376538 -0.8872347852 -0.8729327505 -0.8495849464 0.7654697196 -0.9908021666 -0.8541022538 -0.8486521609
-0.9805133874 -0.9999645038 -0.7361595222 -0.8590953175 -0.8432893132 -0.7775559128 -0.8386550515 -0.8868721920 -0.8727226967 -0.8493243890 0.7642960388 -0.9911836582 -0.8539530387 -0.8474236171
-0.9800378179 -0.9998880738 -0.7355015026 -0.8587040269 -0.8430713464 -0.7773280503 -0.8386865342 -0.8865029427 -0.8725127704 -0.8490700325 0.7631382306 -0.9915402369 -0.8538105454 -0.8461853881
-0.9795252674 -0.9997694328 -0.7348737921 -0.8583120354 -0.8428600411 -0.7771255881 -0.8387300662 -0.8861253645 -0.8723011738 -0.8488200106 0.7619945163 -0.9918702955 -0.8536728746 -0.8449360447
-0.9789744642 -0.9996073040 -0.7342742802 -0.8579175756 -0.8426534920 -0.7769463774 -0.8387836123 -0.8857377847 -0.8720861088 -0.8485724573 0.7608631173 -0.9921722269 -0.8535381271 -0.8436741581
-0.9783841367 -0.9994004102 -0.7337008564 -0.8575188800 -0.8424497938 -0.7767882696 -0.8388451369 -0.8853385307 -0.8718657774 -0.8483255065 0.7597422547 -0.9924444238 -0.8534044038 -0.8423982992
-0.9777530134 -0.9991474746 -0.7331514103 -0.8571141813 -0.8422470412 -0.7766491160 -0.8389126047 -0.8849259297 -0.8716383817 -0.8480772920 0.7586301499 -0.9926852790 -0.8532698054 -0.8411070391
-0.9770798225 -0.9988472200 -0.7326238313 -0.8567017118 -0.8420433288 -0.7765267679 -0.8389839801 -0.8844983091 -0.8714021236 -0.8478259477 0.7575250242 -0.9928931853 -0.8531324327 -0.8397989487
-0.9763632926 -0.9984983696 -0.7321160089 -0.8562797043 -0.8418367513 -0.7764190766 -0.8390572277 -0.8840539963 -0.8711552053 -0.8475696074 0.7564250988 -0.9930665356 -0.8529903865 -0.8384725992
-0.9756021519 -0.9980996463 -0.7316258327 -0.8558463911 -0.8416254034 -0.7763238935 -0.8391303120 -0.8835913184 -0.8708958286 -0.8473064050 0.7553285952 -0.9932037226 -0.8528417677 -0.8371265614
-0.9747951288 -0.9976497731 -0.7311511921 -0.8554000049 -0.8414073799 -0.7762390698 -0.8392011977 -0.8831086028 -0.8706221956 -0.8470344744 0.7542337344 -0.9933031392 -0.8526846770 -0.8357594066
-0.9739409517 -0.9971474730 -0.7306899767 -0.8549387783 -0.8411807752 -0.7761624570 -0.8392678493 -0.8826041769 -0.8703325084 -0.8467519494 0.7531387380 -0.9933631781 -0.8525172152 -0.8343697055
-0.9730383490 -0.9965914690 -0.7302400760 -0.8544609436 -0.8409436842 -0.7760919062 -0.8393282313 -0.8820763679 -0.8700249689 -0.8464569640 0.7520418270 -0.9933822321 -0.8523374831 -0.8329560294
-0.9720860490 -0.9959804842 -0.7297993794 -0.8539647336 -0.8406942015 -0.7760252689 -0.8393803083 -0.8815235033 -0.8696977792 -0.8461476519 0.7509412230 -0.9933586942 -0.8521435816 -0.8315169491
-0.9710827802 -0.9953132414 -0.7293657765 -0.8534483807 -0.8404304218 -0.7759603963 -0.8394220448 -0.8809439101 -0.8693491413 -0.8458221470 0.7498351470 -0.9932909570 -0.8519336114 -0.8300510358
-0.9700272708 -0.9945884638 -0.7289371567 -0.8529101175 -0.8401504398 -0.7758951397 -0.8394514054 -0.8803359159 -0.8689772572 -0.8454785833 0.7487218204 -0.9931774133 -0.8517056733 -0.8285568604
-0.9689182494 -0.9938048743 -0.7285114096 -0.8523481765 -0.8398523501 -0.7758273506 -0.8394663547 -0.8796978479 -0.8685803289 -0.8451150945 0.7475994646 -0.9930164561 -0.8514578681 -0.8270329940
