-0.4088213784 -0.2781609816 -0.4063557540 -0.3786015436 -0.3999960316 -0.3770533748 -0.3847930498 -0.3797165097 -0.3933842607 -0.3775862387 0.4000536791 -0.4601817392 -0.3459681906 -0.3461007472
-0.3902023417 -0.2609842108 -0.3877594455 -0.3600022145 -0.3818374067 -0.3587055588 -0.3667595927 -0.3613490841 -0.3749372341 -0.3596509308 0.3824546384 -0.4406829374 -0.3280749282 -0.3279475124
-0.3711580770 -0.2434341204 -0.3687390251 -0.3409992155 -0.3632460121 -0.3399475533 -0.3483007037 -0.3425701132 -0.3560710633 -0.3412924881 0.3644057550 -0.4207468458 -0.3097804346 -0.3094008614
-0.3516840172 -0.2255065605 -0.3492899374 -0.3215883489 -0.3442169933 -0.3207749617 -0.3294116139 -0.3233751833 -0.3367812289 -0.3225061484 0.3459016869 -0.4003690840 -0.2910803154 -0.2904566241
-0.3317755951 -0.2071973808 -0.3294076272 -0.3017654170 -0.3247454958 -0.3011833874 -0.3100875543 -0.3037598808 -0.3170632120 -0.3032871498 0.3269370925 -0.3795452717 -0.2719701763 -0.2711106308
-0.3114282438 -0.1885024312 -0.3090875392 -0.2815262221 -0.3048266650 -0.2811684338 -0.2903237560 -0.2837197920 -0.2969124931 -0.2836307299 0.3075066296 -0.3582710284 -0.2524456231 -0.2513587113
-0.2906373961 -0.1694175616 -0.2883251181 -0.2608665664 -0.2844556464 -0.2607257043 -0.2701154500 -0.2632505035 -0.2763245531 -0.2635321267 0.2876049564 -0.3365419738 -0.2325022613 -0.2311966958
-0.2693984850 -0.1499386219 -0.2671158084 -0.2397822523 -0.2636275853 -0.2398508021 -0.2494578673 -0.2423476014 -0.2552948728 -0.2429865781 0.2672267311 -0.3143537275 -0.2121356967 -0.2106204144
-0.2477069433 -0.1300614618 -0.2454550551 -0.2182690821 -0.2423376273 -0.2185393308 -0.2283462390 -0.2210066722 -0.2338189329 -0.2219893218 0.2463666117 -0.2917019092 -0.1913415349 -0.1896256970
-0.2255582041 -0.1097819314 -0.2233383027 -0.1963228579 -0.2205809177 -0.1967868937 -0.2067757962 -0.1992233023 -0.2118922143 -0.2005355958 0.2250192563 -0.2685821384 -0.1701153816 -0.1682083737
-0.2029477003 -0.0890958805 -0.2007609959 -0.1739393822 -0.1983526020 -0.1745890941 -0.1847417697 -0.1769930781 -0.1895101977 -0.1786206379 0.2031793231 -0.2449900348 -0.1484528426 -0.1463642745
-0.1798708646 -0.0679991588 -0.1777185795 -0.1511144572 -0.1756478257 -0.1519415355 -0.1622393908 -0.1543115858 -0.1666683640 -0.1562396860 0.1808414701 -0.2209212180 -0.1263495235 -0.1240892296
-0.1563231302 -0.0464876164 -0.1542064980 -0.1278438851 -0.1524617341 -0.1288398212 -0.1392638904 -0.1311744119 -0.1433621938 -0.1333879780 0.1580003555 -0.1963713076 -0.1038010299 -0.1013790689
-0.1322999299 -0.0245571030 -0.1302201964 -0.1041234683 -0.1287894728 -0.1052795546 -0.1158104995 -0.1075771427 -0.1195871680 -0.1100607516 0.1346506374 -0.1713359234 -0.0808029675 -0.0782296225
-0.1077966967 -0.0022034685 -0.1057551191 -0.0799490091 -0.1046261871 -0.0812563391 -0.0918744493 -0.0835153647 -0.0953387674 -0.0862532449 0.1107869739 -0.1458106848 -0.0573509421 -0.0546367205
-0.0828088634 0.0205774371 -0.0808067109 -0.0553163097 -0.0799670225 -0.0567657780 -0.0674509706 -0.0589846641 -0.0706124727 -0.0619606955 0.0864040230 -0.1197912115 -0.0334405593 -0.0305961929
-0.0573318629 0.0437897641 -0.0553704166 -0.0302211724 -0.0548071244 -0.0318034748 -0.0425352947 -0.0339806274 -0.0454037648 -0.0371783415 0.0614964429 -0.0932731232 -0.0090674248 -0.0061038697
-0.0313611283 0.0674376625 -0.0294416808 -0.0046593995 -0.0291416383 -0.0063650328 -0.0171226524 -0.0084988410 -0.0197081244 -0.0119014205 0.0360588917 -0.0662520395 0.0157728557 0.0188444190
-0.0048920925 0.0915252826 -0.0030159481 0.0213732067 -0.0029657096 0.0195539446 0.0087917251 0.0174651089 0.0064789677 0.0138748294 0.0100860275 -0.0387235799 0.0410846766 0.0442528431
0.0220798117 0.1160567743 0.0239113366 0.0478808439 0.0237255162 0.0459578540 0.0352126068 0.0439156358 0.0331620308 0.0401551704 -0.0164274916 -0.0106833642 0.0668724322 0.0701255727
0.0495591513 0.1410362879 0.0513447287 0.0748677099 0.0509368937 0.0728510921 0.0621447617 0.0708571534 0.0603455839 0.0669443647 -0.0434870075 0.0178729880 0.0931405167 0.0964667776
0.0775504934 0.1664679735 0.0792887836 0.1023380022 0.0786732775 0.1002380554 0.0895929588 0.0982940753 0.0880341464 0.0942471744 -0.0710978620 0.0469498572 0.1198933246 0.1232806278
0.1060584051 0.1923559813 0.1077480565 0.1302959188 0.1069395222 0.1281231406 0.1175619669 0.1262308150 0.1162322374 0.1220683616 -0.0992653971 0.0765516237 0.1471352500 0.1505712933
0.1350874534 0.2187044613 0.1367271026 0.1587456572 0.1357404822 0.1565107444 0.1460565552 0.1546717864 0.1449443763 0.1504126886 -0.1279949547 0.1066826678 0.1748706875 0.1783429440
0.1646422054 0.2455175636 0.1662304775 0.1876914153 0.1650810122 0.1854052632 0.1750814924 0.1836214029 0.1741750821 0.1792849173 -0.1572918767 0.1373473700 0.2031040312 0.2065997499
0.1947272282 0.2727994385 0.1962627362 0.2171373906 0.1949659667 0.2148110938 0.2046415477 0.2130840782 0.2039288741 0.2086898100 -0.1871615049 0.1685501106 0.2318396754 0.2353458808
0.2253470889 0.3005542361 0.2268284342 0.2470877809 0.2254002003 0.2447326328 0.2347414900 0.2430642260 0.2342102715 0.2386321288 -0.2176091813 0.2002952700 0.2610820146 0.2645855069
0.2565063545 0.3287861064 0.2579321267 0.2775467840 0.2563885675 0.2751742768 0.2653860881 0.2735662598 0.2650237936 0.2691166359 -0.2486402477 0.2325872286 0.2908354430 0.2943227980
0.2882095921 0.3574991996 0.2895783691 0.3085185976 0.2879359229 0.3061404223 0.2965801112 0.3045945934 0.2963739595 0.3001480933 -0.2802600460 0.2654303667 0.3211043550 0.3245619240
0.3204613688 0.3866976659 0.3217717166 0.3400074193 0.3200471211 0.3376354661 0.3283283281 0.3361536402 0.3282652885 0.3317312632 -0.3124739182 0.2988290647 0.3518931448 0.3553070550
