-0.4252444903 -0.4568031935 -0.3671449153 -0.3546957901 -0.3365157477 -0.3645275618 -0.3050982689 -0.3515001249 -0.3774065258 -0.3255505285 0.2595111554 -0.3463920745 -0.2655192594 -0.3876837124
-0.4137182065 -0.4453083198 -0.3564622165 -0.3439306238 -0.3260425712 -0.3535224126 -0.2947605790 -0.3408398124 -0.3666537867 -0.3150075899 0.2490558014 -0.3363360710 -0.2554022202 -0.3763952161
-0.4020464162 -0.4336594774 -0.3456339798 -0.3330246081 -0.3154279610 -0.3423782088 -0.2842870963 -0.3300375833 -0.3557541319 -0.3043272954 0.2384785019 -0.3261285765 -0.2451555941 -0.3649668136
-0.3902282804 -0.4218557266 -0.3346592593 -0.3219768541 -0.3046709891 -0.3310941069 -0.2736769350 -0.3190925259 -0.3447066093 -0.2935087665 0.2277785256 -0.3157685133 -0.2347785337 -0.3533976849
-0.3782629597 -0.4098961272 -0.3235371088 -0.3107864729 -0.2937707277 -0.3196692636 -0.2629292095 -0.3080037286 -0.3335102668 -0.2825511247 0.2169551413 -0.3052548036 -0.2242701915 -0.3416870102
-0.3661496150 -0.3977797394 -0.3122665824 -0.2994525756 -0.2827262488 -0.3081028356 -0.2520430338 -0.2967702799 -0.3221641523 -0.2714534917 0.2060076179 -0.2945863698 -0.2136297200 -0.3298339693
-0.3538874071 -0.3855056232 -0.3008467341 -0.2879742735 -0.2715366246 -0.2963939793 -0.2410175224 -0.2853912680 -0.3106673135 -0.2602149891 0.1949352240 -0.2837621341 -0.2028562718 -0.3178377425
-0.3414754969 -0.3730728386 -0.2892766179 -0.2763506775 -0.2602009271 -0.2845418516 -0.2298517895 -0.2738657813 -0.2990187985 -0.2488347384 0.1837372286 -0.2727810188 -0.1919489995 -0.3056975096
-0.3289130450 -0.3604804457 -0.2775552878 -0.2645808989 -0.2487182285 -0.2725456089 -0.2185449494 -0.2621929083 -0.2872176551 -0.2373118612 0.1724129003 -0.2616419462 -0.1809070556 -0.2934124509
-0.3161992123 -0.3477275046 -0.2656817977 -0.2526640489 -0.2370876009 -0.2604044080 -0.2070961162 -0.2503717373 -0.2752629311 -0.2256454790 0.1609615079 -0.2503438387 -0.1697295926 -0.2809817462
-0.3033331596 -0.3348130751 -0.2536552016 -0.2405992384 -0.2253081163 -0.2481174054 -0.1955044044 -0.2384013566 -0.2631536745 -0.2138347135 0.1493823202 -0.2388856184 -0.1584157631 -0.2684045757
-0.2903140478 -0.3217362175 -0.2414745536 -0.2283855787 -0.2133788468 -0.2356837577 -0.1837689281 -0.2262808547 -0.2508889330 -0.2018786863 0.1376746061 -0.2272662078 -0.1469647196 -0.2556801193
-0.2771410375 -0.3084959917 -0.2291389076 -0.2160221809 -0.2012988646 -0.2231026216 -0.1718888016 -0.2140093200 -0.2384677547 -0.1897765188 0.1258376342 -0.2154845290 -0.1353756146 -0.2428075572
-0.2638132897 -0.2950914578 -0.2166473176 -0.2035081561 -0.1890672418 -0.2103731538 -0.1598631392 -0.2015858407 -0.2258891874 -0.1775273328 0.1138706734 -0.2035395045 -0.1236476008 -0.2297860693
-0.2503299652 -0.2815216759 -0.2039988376 -0.1908426156 -0.1766830504 -0.1974945107 -0.1476910551 -0.1890095053 -0.2131522788 -0.1651302497 0.1017729924 -0.1914300564 -0.1117798306 -0.2166148358
-0.2366902246 -0.2677857059 -0.1911925217 -0.1780246703 -0.1641453626 -0.1844658491 -0.1353716636 -0.1762794022 -0.2002560771 -0.1525843912 0.0895438601 -0.1791551071 -0.0997714566 -0.2032930365
-0.2228932289 -0.2538826079 -0.1782274237 -0.1650534315 -0.1514532504 -0.1712863256 -0.1229040790 -0.1633946197 -0.1871996299 -0.1398888789 0.0771825452 -0.1667135789 -0.0876216314 -0.1898198517
-0.2089381388 -0.2398114419 -0.1651025976 -0.1519280102 -0.1386057860 -0.1579550968 -0.1102874156 -0.1503542463 -0.1739819852 -0.1270428342 0.0646883165 -0.1541043941 -0.0753295074 -0.1761944613
-0.1948241152 -0.2255712680 -0.1518170976 -0.1386475177 -0.1256020414 -0.1444713193 -0.0975207876 -0.1371573702 -0.1606021908 -0.1140453788 0.0520604427 -0.1413264749 -0.0628942373 -0.1624160454
-0.1805503188 -0.2111611463 -0.1383699775 -0.1252110650 -0.1124410888 -0.1308341497 -0.0846033092 -0.1238030799 -0.1470592947 -0.1008956343 0.0392981927 -0.1283787437 -0.0503149735 -0.1484837840
-0.1661159105 -0.1965801367 -0.1247602913 -0.1116177634 -0.0991220002 -0.1170427447 -0.0715340947 -0.1102904637 -0.1333523447 -0.0875927223 0.0264008353 -0.1152601227 -0.0375908686 -0.1343968571
-0.1515200510 -0.1818272994 -0.1109870931 -0.0978667238 -0.0856438478 -0.1030962609 -0.0583122585 -0.0966186100 -0.1194803887 -0.0741357643 0.0133676391 -0.1019695342 -0.0247210752 -0.1201544448
-0.1367619011 -0.1669016943 -0.0970494368 -0.0839570575 -0.0720057036 -0.0889938549 -0.0449369147 -0.0827866072 -0.1054424745 -0.0605238819 0.0001978731 -0.0885059007 -0.0117047458 -0.1057557272
-0.1218406218 -0.1518023815 -0.0829463764 -0.0698878756 -0.0582066398 -0.0747346834 -0.0314071777 -0.0687935437 -0.0912376501 -0.0467561967 -0.0131091940 -0.0748681442 0.0014589671 -0.0911998842
-0.1067553737 -0.1365284210 -0.0686769659 -0.0556582893 -0.0442457284 -0.0603179029 -0.0177221616 -0.0546385079 -0.0768649633 -0.0328318303 -0.0265542935 -0.0610551872 0.0147709109 -0.0764860959
-0.0915053177 -0.1210788729 -0.0542402594 -0.0412674096 -0.0301220415 -0.0457426701 -0.0038809808 -0.0403205881 -0.0623234620 -0.0187499042 -0.0401381565 -0.0470659519 0.0282319330 -0.0616135424
-0.0760896145 -0.1054527972 -0.0396353107 -0.0267143477 -0.0158346513 -0.0310081416 0.0101172505 -0.0258388726 -0.0476121940 -0.0045095400 -0.0538615143 -0.0328993606 0.0418428810 -0.0465814037
-0.0605074250 -0.0896492540 -0.0248611739 -0.0119982148 -0.0013826299 -0.0161134740 0.0242734180 -0.0111924500 -0.0327302074 0.0098901406 -0.0677250981 -0.0185543356 0.0556046023 -0.0313888599
-0.0447579100 -0.0736673033 -0.0099169029 0.0028818781 0.0132349507 -0.0010578240 0.0385884074 0.0036195915 -0.0176765498 0.0244500162 -0.0817296391 -0.0040297993 0.0695179443 -0.0160350909
-0.0288402303 -0.0575060051 0.0051984482 0.0179268197 0.0280190184 0.0141596519 0.0530631045 0.0185981635 -0.0024502692 0.0391709651 -0.0958758685 0.0106753262 0.0835837545 -0.0005192768
