-0.7994280323 -0.9591089515 -0.6461890353 0.9938499426 -0.9907484568 -0.9882078034 -0.8683967771 0.9902254772 -0.8688545961 0.2694139928 -0.7994642275 -0.5535254663 0.6373891293 0.8666354066
-0.7968917666 -0.9549322834 -0.6405650914 0.9923211632 -0.9896533538 -0.9874568183 -0.8657416360 0.9885761277 -0.8675751614 0.2803624977 -0.7952182807 -0.5461804695 0.6321890020 0.8628745550
-0.7943844635 -0.9505562230 -0.6350071519 0.9906187789 -0.9884679010 -0.9866280633 -0.8630531229 0.9867884594 -0.8663036067 0.2916671591 -0.7909495146 -0.5389282975 0.6270752022 0.8590483621
-0.7919009965 -0.9459812701 -0.6295108371 0.9887415579 -0.9871887123 -0.9857177272 -0.8603274456 0.9848604503 -0.8650346244 0.3033114505 -0.7866546965 -0.5317648606 0.6220427273 0.8551542295
-0.7894362391 -0.9412079246 -0.6240717675 0.9866882682 -0.9858124020 -0.9847219986 -0.8575608121 0.9827900785 -0.8637629068 0.3152788458 -0.7823305939 -0.5246860690 0.6170865749 0.8511895591
-0.7869850647 -0.9362366865 -0.6186855634 0.9844576779 -0.9843355841 -0.9836370662 -0.8547494303 0.9805753221 -0.8624831465 0.3275528183 -0.7779739744 -0.5176878331 0.6122017427 0.8471517524
-0.7845423469 -0.9310680558 -0.6133478452 0.9820485552 -0.9827548726 -0.9824591187 -0.8518895081 0.9782141590 -0.8611900357 0.3401168419 -0.7735816053 -0.5107660631 0.6073832282 0.8430382112
-0.7821029591 -0.9257025323 -0.6080542334 0.9794596681 -0.9810668817 -0.9811843447 -0.8489772534 0.9757045674 -0.8598782671 0.3529543900 -0.7691502541 -0.5039166695 0.6026260290 0.8388463371
-0.7796617749 -0.9201406160 -0.6028003483 0.9766897848 -0.9792682255 -0.9798089330 -0.8460088742 0.9730445252 -0.8585425329 0.3660489363 -0.7646766882 -0.4971355625 0.5979251428 0.8345735319
-0.7772136676 -0.9143828068 -0.5975818104 0.9737376733 -0.9773555179 -0.9783290723 -0.8429805784 0.9702320106 -0.8571775256 0.3793839545 -0.7601576751 -0.4904186523 0.5932755670 0.8302171972
-0.7747535108 -0.9084296048 -0.5923942400 0.9706021019 -0.9753253731 -0.9767409512 -0.8398885739 0.9672650015 -0.8557779376 0.3929429181 -0.7555899822 -0.4837618494 0.5886722994 0.8257747348
-0.7722761780 -0.9022815097 -0.5872332575 0.9672818385 -0.9731744052 -0.9750407585 -0.8367290686 0.9641414760 -0.8543384613 0.4067093007 -0.7509703771 -0.4771610640 0.5841103374 0.8212435462
-0.7697765427 -0.8959390216 -0.5820944834 0.9637756513 -0.9708992282 -0.9732246827 -0.8334982705 0.9608594122 -0.8528537892 0.4206665761 -0.7462956271 -0.4706122064 0.5795846787 0.8166210333
-0.7672494782 -0.8894026404 -0.5769735380 0.9600823084 -0.9684964563 -0.9712889127 -0.8301923875 0.9574167880 -0.8513186137 0.4347982177 -0.7415624997 -0.4641111869 0.5750903209 0.8119045976
-0.7646898582 -0.8826728661 -0.5718660418 0.9562005779 -0.9659627034 -0.9692296371 -0.8268076274 0.9538115816 -0.8497276272 0.4490876993 -0.7367677623 -0.4576539159 0.5706222615 0.8070916410
-0.7620925561 -0.8757501984 -0.5667676151 0.9521292279 -0.9632945838 -0.9670430445 -0.8233401983 0.9500417710 -0.8480755221 0.4635184944 -0.7319081824 -0.4512363036 0.5661754982 0.8021795650
-0.7594524454 -0.8686351375 -0.5616738784 0.9478670266 -0.9604887114 -0.9647253238 -0.8197863080 0.9461053342 -0.8463569909 0.4780740767 -0.7269805274 -0.4448542603 0.5617450285 0.7971657714
-0.7567643996 -0.8613281833 -0.5565804520 0.9434127419 -0.9575417004 -0.9622726634 -0.8161421645 0.9420002492 -0.8445667260 0.4927379198 -0.7219815649 -0.4385036964 0.5573258500 0.7920476618
-0.7540232922 -0.8538298356 -0.5514829563 0.9387651421 -0.9544501647 -0.9596812523 -0.8124039756 0.9377244942 -0.8426994197 0.5074934972 -0.7169080622 -0.4321805222 0.5529129604 0.7868226380
-0.7512239965 -0.8461405944 -0.5463770118 0.9339229953 -0.9512107186 -0.9569472790 -0.8085679494 0.9332760471 -0.8407497646 0.5223242827 -0.7117567868 -0.4258806479 0.5485013572 0.7814881017
-0.7483613862 -0.8382609597 -0.5412582389 0.9288850694 -0.9478199761 -0.9540669322 -0.8046302937 0.9286528861 -0.8387124530 0.5372137498 -0.7065245061 -0.4195999838 0.5440860379 0.7760414544
-0.7454303348 -0.8301914314 -0.5361222579 0.9236501328 -0.9442745512 -0.9510364006 -0.8005872164 0.9238529891 -0.8365821773 0.5521453722 -0.7012079876 -0.4133344404 0.5396620003 0.7704800980
-0.7424257156 -0.8219325094 -0.5309646893 0.9182169534 -0.9405710581 -0.9478518729 -0.7964349255 0.9188743342 -0.8343536300 0.5671026235 -0.6958039988 -0.4070799278 0.5352242418 0.7648014341
-0.7393424022 -0.8134846937 -0.5257811534 0.9125842993 -0.9367061108 -0.9445095378 -0.7921696289 0.9137148994 -0.8320215036 0.5820689772 -0.6903093071 -0.4008323564 0.5307677601 0.7590028643
-0.7361752681 -0.8048484841 -0.5205672706 0.9067509388 -0.9326763234 -0.9410055840 -0.7877875346 0.9083726628 -0.8295804904 0.5970279071 -0.6847206799 -0.3945876365 0.5262875528 0.7530817905
-0.7329191867 -0.7960243807 -0.5153186615 0.9007156398 -0.9284783099 -0.9373362001 -0.7832848503 0.9028456024 -0.8270252828 0.6119628867 -0.6790348847 -0.3883416784 0.5217786174 0.7470356143
-0.7295690315 -0.7870128834 -0.5100309462 0.8944771705 -0.9241086846 -0.9334975750 -0.7786577842 0.8971316963 -0.8243505732 0.6268573896 -0.6732486889 -0.3820903924 0.5172359516 0.7408617373
-0.7261196761 -0.7778144921 -0.5046997454 0.8880342990 -0.9195640614 -0.9294858971 -0.7739025440 0.8912289226 -0.8215510542 0.6416948895 -0.6673588600 -0.3758296888 0.5126545529 0.7345575612
-0.7225659939 -0.7684297068 -0.4993206793 0.8813857935 -0.9148410543 -0.9252973553 -0.7690153377 0.8851352591 -0.8186214181 0.6564588601 -0.6613621655 -0.3695554779 0.5080294189 0.7281204878
-0.7189028584 -0.7588590273 -0.4938893683 0.8745304219 -0.9099362776 -0.9209281382 -0.7639923733 0.8788486841 -0.8155563573 0.6711327748 -0.6552553728 -0.3632636700 0.5033555473 0.7215479188
