-0.8563070925 -0.8168082830 -0.8983881523 -0.8765353867 -0.9149319407 -0.8593956931 -0.8522101932 -0.8742044572 -0.9132601859 -0.8685811998 0.8575517388 -0.8441436733 -0.7813967722 -0.7743507522
-0.8555745265 -0.8157522597 -0.8980220549 -0.8761618754 -0.9147743461 -0.8588355402 -0.8516283469 -0.8738006219 -0.9132114467 -0.8683755187 0.8570679860 -0.8440505195 -0.7801378044 -0.7735134003
-0.8548491697 -0.8147060555 -0.8976607261 -0.8757972419 -0.9146215616 -0.8582846784 -0.8510568438 -0.8734056438 -0.9131695323 -0.8681828609 0.8565950681 -0.8439768619 -0.7788923480 -0.7726974732
-0.8541306381 -0.8136692886 -0.8973037745 -0.8754410603 -0.9144731796 -0.8577426927 -0.8504952614 -0.8730190997 -0.9131340093 -0.8680027522 0.8561325506 -0.8439221619 -0.7776600051 -0.7719024728
-0.8534185474 -0.8126415774 -0.8969508088 -0.8750929047 -0.9143287924 -0.8572091677 -0.8499431770 -0.8726405659 -0.9131044446 -0.8678347181 0.8556799994 -0.8438858811 -0.7764403779 -0.7711279012
-0.8527125135 -0.8116225400 -0.8966014378 -0.8747523490 -0.9141879925 -0.8566836883 -0.8494001681 -0.8722696190 -0.9130804049 -0.8676782842 0.8552369800 -0.8438674807 -0.7752330684 -0.7703732601
-0.8520121523 -0.8106117947 -0.8962552702 -0.8744189674 -0.9140503723 -0.8561658392 -0.8488658121 -0.8719058355 -0.9130614570 -0.8675329762 0.8548030581 -0.8438664223 -0.7740376787 -0.7696380514
-0.8513170797 -0.8096089597 -0.8959119147 -0.8740923337 -0.9139155240 -0.8556552052 -0.8483396863 -0.8715487919 -0.9130471676 -0.8673983195 0.8543777995 -0.8438821671 -0.7728538111 -0.7689217770
-0.8506269114 -0.8086136533 -0.8955709801 -0.8737720222 -0.9137830403 -0.8551513711 -0.8478213683 -0.8711980649 -0.9130371035 -0.8672738398 0.8539607698 -0.8439141768 -0.7716810675 -0.7682239389
-0.8499412634 -0.8076254938 -0.8952320751 -0.8734576067 -0.9136525133 -0.8546539217 -0.8473104355 -0.8708532308 -0.9130308314 -0.8671590627 0.8535515347 -0.8439619125 -0.7705190501 -0.7675440389
-0.8492597515 -0.8066440993 -0.8948948084 -0.8731486613 -0.9135235356 -0.8541624417 -0.8468064651 -0.8705138663 -0.9130279182 -0.8670535137 0.8531496598 -0.8440248359 -0.7693673610 -0.7668815788
-0.8485819916 -0.8056690882 -0.8945587887 -0.8728447600 -0.9133956995 -0.8536765160 -0.8463090348 -0.8701795479 -0.9130279306 -0.8669567185 0.8527547109 -0.8441024083 -0.7682256024 -0.7662360607
-0.8479075996 -0.8047000787 -0.8942236248 -0.8725454770 -0.9132685974 -0.8531957293 -0.8458177218 -0.8698498520 -0.9130304353 -0.8668682026 0.8523662536 -0.8441940910 -0.7670933762 -0.7656069863
-0.8472361913 -0.8037366890 -0.8938889254 -0.8722503861 -0.9131418217 -0.8527196663 -0.8453321036 -0.8695243553 -0.9130349991 -0.8667874917 0.8519838537 -0.8442993456 -0.7659702847 -0.7649938576
-0.8465673825 -0.8027785374 -0.8935542992 -0.8719590614 -0.9130149648 -0.8522479120 -0.8448517576 -0.8692026342 -0.9130411888 -0.8667141112 0.8516070767 -0.8444176335 -0.7648559300 -0.7643961764
-0.8459007892 -0.8018252422 -0.8932193549 -0.8716710770 -0.9128876191 -0.8517800511 -0.8443762613 -0.8688842653 -0.9130485711 -0.8666475869 0.8512354884 -0.8445484160 -0.7637499141 -0.7638134447
-0.8452360271 -0.8008764215 -0.8928837014 -0.8713860068 -0.9127593770 -0.8513156683 -0.8439051920 -0.8685688251 -0.9130567128 -0.8665874443 0.8508686544 -0.8446911545 -0.7626518391 -0.7632451643
-0.8445727122 -0.7999316936 -0.8925469472 -0.8711034249 -0.9126298309 -0.8508543484 -0.8434381272 -0.8682558901 -0.9130651806 -0.8665332090 0.8505061404 -0.8448453106 -0.7615613073 -0.7626908371
-0.8439104603 -0.7989906768 -0.8922087011 -0.8708229054 -0.9124985731 -0.8503956762 -0.8429746442 -0.8679450369 -0.9130735414 -0.8664844065 0.8501475122 -0.8450103456 -0.7604779206 -0.7621499651
-0.8432488873 -0.7980529894 -0.8918685719 -0.8705440222 -0.9123651961 -0.8499392366 -0.8425143205 -0.8676358419 -0.9130813618 -0.8664405625 0.8497923354 -0.8451857208 -0.7594012813 -0.7616220500
-0.8425876090 -0.7971182495 -0.8915261683 -0.8702663495 -0.9122292922 -0.8494846142 -0.8420567335 -0.8673278818 -0.9130882087 -0.8664012026 0.8494401756 -0.8453708979 -0.7583309914 -0.7611065939
-0.8419262414 -0.7961860754 -0.8911810990 -0.8699894611 -0.9120904539 -0.8490313939 -0.8416014607 -0.8670207330 -0.9130936488 -0.8663658523 0.8490905986 -0.8455653381 -0.7572666530 -0.7606030985
-0.8412644001 -0.7952560854 -0.8908329727 -0.8697129311 -0.9119482735 -0.8485791604 -0.8411480794 -0.8667139721 -0.9130972488 -0.8663340372 0.8487431700 -0.8457685028 -0.7562078682 -0.7601110658
-0.8406017012 -0.7943278977 -0.8904813982 -0.8694363337 -0.9118023435 -0.8481274985 -0.8406961670 -0.8664071756 -0.9130985756 -0.8663052830 0.8483974555 -0.8459798536 -0.7551542392 -0.7596299976
-0.8399377605 -0.7934011306 -0.8901259841 -0.8691592427 -0.9116522562 -0.8476759931 -0.8402453010 -0.8660999200 -0.9130971959 -0.8662791152 0.8480530208 -0.8461988517 -0.7541053680 -0.7591593959
-0.8392721938 -0.7924754023 -0.8897663393 -0.8688812322 -0.9114976040 -0.8472242288 -0.8397950588 -0.8657917818 -0.9130926764 -0.8662550594 0.8477094316 -0.8464249587 -0.7530608568 -0.7586987626
-0.8386046171 -0.7915503310 -0.8894020724 -0.8686018763 -0.9113379793 -0.8467717905 -0.8393450178 -0.8654823376 -0.9130845839 -0.8662326411 0.8473662535 -0.8466576359 -0.7520203077 -0.7582475995
-0.8379346460 -0.7906255351 -0.8890327922 -0.8683207490 -0.9111729746 -0.8463182629 -0.8388947554 -0.8651711640 -0.9130724852 -0.8662113861 0.8470230523 -0.8468963448 -0.7509833228 -0.7578054085
-0.8372618967 -0.7897006327 -0.8886581074 -0.8680374243 -0.9110021821 -0.8458632309 -0.8384438490 -0.8648578373 -0.9130559470 -0.8661908198 0.8466793935 -0.8471405467 -0.7499495042 -0.7573716915
-0.8365859848 -0.7887752421 -0.8882776267 -0.8677514761 -0.9108251943 -0.8454062792 -0.8379918761 -0.8645419343 -0.9130345361 -0.8661704679 0.8463348430 -0.8473897031 -0.7489184540 -0.7569459504
