-0.8516274545 -0.7399993296 -0.8705103402 0.5445060934 -0.5927780488 -0.5929267374 -0.7423327188 0.7221842135 -0.5979718085 0.5658859962 -0.6195956990 -0.8184605519 0.9184878611 0.8056665261
-0.8431887449 -0.7344382964 -0.8647518532 0.5386529184 -0.5903503266 -0.5868714677 -0.7348570077 0.7170223400 -0.5935994636 0.5691776612 -0.6154453193 -0.8109891080 0.9141259428 0.7996937725
-0.8345096918 -0.7287102601 -0.8587879766 0.5326882517 -0.5878087439 -0.5806900291 -0.7272071452 0.7116999617 -0.5891051820 0.5723825764 -0.6111675040 -0.8033210675 0.9095494913 0.7935336454
-0.8255897442 -0.7228110058 -0.8526148806 0.5266077989 -0.5851461914 -0.5743783787 -0.7193805386 0.7062124966 -0.5844835067 0.5754887528 -0.6067566445 -0.7954539768 0.9047535760 0.7871823875
-0.8164283511 -0.7167363185 -0.8462287350 0.5204072652 -0.5823555595 -0.5679324736 -0.7113745956 0.7005553626 -0.5797289808 0.5784842013 -0.6022071324 -0.7873853821 0.8997332666 0.7806362416
-0.8070249617 -0.7104819834 -0.8396257099 0.5140823563 -0.5794297387 -0.5613482711 -0.7031867236 0.6947239776 -0.5748361472 0.5813569328 -0.5975133591 -0.7791128297 0.8944836328 0.7738914505
-0.7973790249 -0.7040437856 -0.8328019754 0.5076287774 -0.5763616196 -0.5546217283 -0.6948143300 0.6887137595 -0.5697995489 0.5840949584 -0.5926697161 -0.7706338660 0.8889997442 0.7669442570
-0.7874899899 -0.6974175100 -0.8257537014 0.5010422342 -0.5731440927 -0.5477488023 -0.6862548224 0.6825201262 -0.5646137290 0.5866862889 -0.5876705950 -0.7619460372 0.8832766705 0.7597909041
-0.7773573056 -0.6905989419 -0.8184770579 0.4943184319 -0.5697700486 -0.5407254504 -0.6775056081 0.6761384956 -0.5592732305 0.5891189353 -0.5825103873 -0.7530468897 0.8773094813 0.7524276344
-0.7669804211 -0.6835838662 -0.8109682151 0.4874530761 -0.5662323777 -0.5335476297 -0.6685640947 0.6695642857 -0.5537725963 0.5913809087 -0.5771834844 -0.7439339699 0.8710932461 0.7448506908
-0.7563587855 -0.6763680681 -0.8032233429 0.4804418723 -0.5625239705 -0.5262112974 -0.6594276897 0.6627929143 -0.5481063695 0.5934602198 -0.5716842778 -0.7346048239 0.8646230348 0.7370563161
-0.7454918479 -0.6689473326 -0.7952386113 0.4732805258 -0.5586377177 -0.5187124106 -0.6500938005 0.6558197994 -0.5422690930 0.5953448797 -0.5660071592 -0.7250569981 0.8578939168 0.7290407531
-0.7343790572 -0.6613174448 -0.7870101904 0.4659647421 -0.5545665097 -0.5110469265 -0.6405598346 0.6486403588 -0.5362553100 0.5970228994 -0.5601465199 -0.7152880388 0.8509009619 0.7208002447
-0.7230198625 -0.6534741899 -0.7785342501 0.4584902267 -0.5503032371 -0.5032108024 -0.6308231995 0.6412500105 -0.5300595634 0.5984822897 -0.5540967514 -0.7052954924 0.8436392397 0.7123310336
-0.7114137129 -0.6454133528 -0.7698069605 0.4508526850 -0.5458407903 -0.4951999952 -0.6208813026 0.6336441723 -0.5236763961 0.5997110617 -0.5478522454 -0.6950769051 0.8361038198 0.7036293627
-0.6995600574 -0.6371307188 -0.7608244916 0.4430478224 -0.5411720600 -0.4870104624 -0.6107315514 0.6258182622 -0.5171003513 0.6006972263 -0.5414073932 -0.6846298232 0.8282897718 0.6946914748
-0.6874583451 -0.6286220727 -0.7515830135 0.4350713444 -0.5362899366 -0.4786381609 -0.6003713535 0.6177676982 -0.5103259719 0.6014287944 -0.5347565864 -0.6739517931 0.8201921655 0.6855136127
-0.6751080250 -0.6198831999 -0.7420786961 0.4269189565 -0.5311873106 -0.4700790480 -0.5897981162 0.6094878980 -0.5033478009 0.6018937770 -0.5278942165 -0.6630403611 0.8118060703 0.6760920192
-0.6625085462 -0.6109098852 -0.7323077095 0.4185863641 -0.5258570726 -0.4613290808 -0.5790092470 0.6009742796 -0.4961603814 0.6020801851 -0.5208146749 -0.6518930734 0.8031265561 0.6664229372
-0.6496593578 -0.6016979139 -0.7222662236 0.4100692726 -0.5202921131 -0.4523842166 -0.5680021535 0.5922222610 -0.4887582563 0.6019760296 -0.5135123532 -0.6405074764 0.7941486923 0.6565026093
-0.6365599087 -0.5922430709 -0.7119504086 0.4013633876 -0.5144853226 -0.4432404124 -0.5567742431 0.5832272600 -0.4811359687 0.6015693214 -0.5059816430 -0.6288811164 0.7848675487 0.6463272786
-0.6232096481 -0.5825411415 -0.7013564344 0.3924644143 -0.5084295917 -0.4338936255 -0.5453229233 0.5739846945 -0.4732880615 0.6008480715 -0.4982169356 -0.6170115397 0.7752781949 0.6358931877
-0.6096080249 -0.5725879105 -0.6904804711 0.3833680584 -0.5021178109 -0.4243398130 -0.5336456014 0.5644899824 -0.4652090777 0.5998002909 -0.4902126226 -0.6048962927 0.7653757005 0.6251965795
-0.5957544883 -0.5623791632 -0.6793186886 0.3740700252 -0.4955428707 -0.4145749321 -0.5217396852 0.5547385417 -0.4568935605 0.5984139905 -0.4819630955 -0.5925329215 0.7551551352 0.6142336968
-0.5816484873 -0.5519106847 -0.6678672571 0.3645660201 -0.4886976616 -0.4045949400 -0.5096025819 0.5447257903 -0.4483360527 0.5966771813 -0.4734627458 -0.5799189726 0.7446115686 0.6030007825
-0.5672894710 -0.5411782599 -0.6561223464 0.3548517487 -0.4815750741 -0.3943957938 -0.4972316990 0.5344471460 -0.4395310974 0.5945778742 -0.4647059650 -0.5670519922 0.7337400703 0.5914940793
-0.5526768883 -0.5301776740 -0.6440801267 0.3449229164 -0.4741679988 -0.3839734507 -0.4846244442 0.5238980268 -0.4304732376 0.5921040802 -0.4556871446 -0.5539295267 0.7225357100 0.5797098300
-0.5378101884 -0.5189047121 -0.6317367679 0.3347752286 -0.4664693263 -0.3733238678 -0.4717782247 0.5130738506 -0.4211570164 0.5892438102 -0.4464006761 -0.5405491223 0.7109935573 0.5676442775
-0.5226888202 -0.5073551593 -0.6190884401 0.3244043908 -0.4584719469 -0.3624430024 -0.4586904481 0.5019700353 -0.4115769766 0.5859850752 -0.4368409510 -0.5269083254 0.6991086819 0.5552936646
-0.5073122330 -0.4955248006 -0.6061313133 0.3138061084 -0.4501687513 -0.3513268117 -0.4453585219 0.4905819987 -0.4017276613 0.5823158861 -0.4270023608 -0.5130046823 0.6868761534 0.5426542341
