-0.9547117183 -0.9616836661 -0.9692618332 -0.9455889436 -0.9018872251 -0.9440854386 -0.9413912084 -0.9492994485 -0.8935128256 -0.9420247565 0.9543303826 -0.9377004251 -0.9474770282 -0.9501148415
-0.9526042093 -0.9599053982 -0.9679286177 -0.9430146793 -0.8969520474 -0.9414103495 -0.9386675780 -0.9469052949 -0.8881588562 -0.9392466259 0.9521343443 -0.9347023878 -0.9449214988 -0.9477215671
-0.9505372561 -0.9581617731 -0.9666323652 -0.9404851017 -0.8920688060 -0.9387782300 -0.9359970973 -0.9445531713 -0.8828615856 -0.9365126377 0.9499721096 -0.9317505858 -0.9424019885 -0.9453658560
-0.9485104921 -0.9564524543 -0.9653727075 -0.9379998309 -0.8872371513 -0.9361887158 -0.9333793323 -0.9422427105 -0.8776206452 -0.9338224231 0.9478433623 -0.9288446428 -0.9399181778 -0.9430473722
-0.9465235504 -0.9547771052 -0.9641492766 -0.9355584874 -0.8824567339 -0.9336414426 -0.9308138488 -0.9399735452 -0.8724356665 -0.9311756131 0.9457477862 -0.9259841829 -0.9374697474 -0.9407657800
-0.9445760643 -0.9531353895 -0.9629617043 -0.9331606913 -0.8777272041 -0.9311360464 -0.9283002129 -0.9377453081 -0.8673062807 -0.9285718388 0.9436850651 -0.9231688301 -0.9350563778 -0.9385207434
-0.9426676670 -0.9515269706 -0.9618096227 -0.9308060629 -0.8730482125 -0.9286721629 -0.9258379903 -0.9355576321 -0.8622321194 -0.9260107314 0.9416548826 -0.9203982083 -0.9326777495 -0.9363119266
-0.9407979920 -0.9499515120 -0.9606926635 -0.9284942226 -0.8684194095 -0.9262494280 -0.9234267472 -0.9334101499 -0.8572128138 -0.9234919220 0.9396569226 -0.9176719415 -0.9303335430 -0.9341389936
-0.9389666723 -0.9484086772 -0.9596104586 -0.9262247905 -0.8638404456 -0.9238674773 -0.9210660493 -0.9313024942 -0.8522479953 -0.9210150417 0.9376908689 -0.9149896535 -0.9280234390 -0.9320016086
-0.9371733414 -0.9468981298 -0.9585626401 -0.9239973870 -0.8593109712 -0.9215259469 -0.9187554625 -0.9292342978 -0.8473372954 -0.9185797215 0.9357564051 -0.9123509684 -0.9257471180 -0.9298994357
-0.9354176324 -0.9454195333 -0.9575488398 -0.9218116323 -0.8548306368 -0.9192244724 -0.9164945530 -0.9272051935 -0.8424803454 -0.9161855926 0.9338532152 -0.9097555102 -0.9235042605 -0.9278321391
-0.9336991786 -0.9439725511 -0.9565686896 -0.9196671468 -0.8503990929 -0.9169626897 -0.9142828864 -0.9252148141 -0.8376767767 -0.9138322861 0.9319809828 -0.9072029027 -0.9212945471 -0.9257993828
-0.9320176133 -0.9425568469 -0.9556218214 -0.9175635506 -0.8460159899 -0.9147402346 -0.9121200289 -0.9232627921 -0.8329262207 -0.9115194331 0.9301393917 -0.9046927700 -0.9191176583 -0.9238008310
-0.9303725698 -0.9411720840 -0.9547078672 -0.9155004641 -0.8416809783 -0.9125567428 -0.9100055463 -0.9213487606 -0.8282283088 -0.9092466647 0.9283281256 -0.9022247360 -0.9169732748 -0.9218361478
-0.9287636813 -0.9398179260 -0.9538264588 -0.9134775076 -0.8373937085 -0.9104118503 -0.9079390045 -0.9194723521 -0.8235826723 -0.9070136120 0.9265468684 -0.8997984246 -0.9148610769 -0.9199049973
-0.9271905811 -0.9384940364 -0.9529772281 -0.9114943012 -0.8331538311 -0.9083051928 -0.9059199695 -0.9176331995 -0.8189889426 -0.9048199061 0.9247953039 -0.8974134598 -0.9127807453 -0.9180070437
-0.9256529024 -0.9372000788 -0.9521598071 -0.9095504654 -0.8289609964 -0.9062364061 -0.9039480072 -0.9158309354 -0.8144467512 -0.9026651782 0.9230731157 -0.8950694656 -0.9107319606 -0.9161419510
-0.9241502786 -0.9359357166 -0.9513738276 -0.9076456203 -0.8248148551 -0.9042051261 -0.9020226834 -0.9140651928 -0.8099557293 -0.9005490593 0.9213799876 -0.8927660659 -0.9087144033 -0.9143093835
-0.9226823428 -0.9347006133 -0.9506189216 -0.9057793862 -0.8207150574 -0.9022109885 -0.9001435643 -0.9123356042 -0.8055155085 -0.8984711806 0.9197156035 -0.8905028847 -0.9067277539 -0.9125090051
-0.9212487284 -0.9334944326 -0.9498947210 -0.9039513835 -0.8166612539 -0.9002536291 -0.8983102156 -0.9106418026 -0.8011257201 -0.8964311731 0.9180796470 -0.8882795460 -0.9047716930 -0.9107404801
-0.9198490687 -0.9323168377 -0.9492008577 -0.9021612324 -0.8126530950 -0.8983326838 -0.8965222033 -0.9089834206 -0.7967859953 -0.8944286679 0.9164718020 -0.8860956736 -0.9028459011 -0.9090034725
-0.9184829968 -0.9311674924 -0.9485369635 -0.9004085531 -0.8086902313 -0.8964477884 -0.8947790933 -0.9073600909 -0.7924959658 -0.8924632962 0.9148917522 -0.8839508916 -0.9009500588 -0.9072976465
-0.9171501461 -0.9300460601 -0.9479026705 -0.8986929660 -0.8047723131 -0.8945985787 -0.8930804516 -0.9057714465 -0.7882552628 -0.8905346891 0.9133391814 -0.8818448239 -0.8990838467 -0.9056226662
-0.9158501498 -0.9289522042 -0.9472976104 -0.8970140913 -0.8008989909 -0.8927846905 -0.8914258441 -0.9042171199 -0.7840635176 -0.8886424777 0.9118137734 -0.8797770944 -0.8972469453 -0.9039781957
-0.9145826412 -0.9278855884 -0.9467214153 -0.8953715493 -0.7970699153 -0.8910057595 -0.8898148367 -0.9026967440 -0.7799203618 -0.8867862931 0.9103152118 -0.8777473272 -0.8954390351 -0.9023638991
-0.9133472535 -0.9268458761 -0.9461737170 -0.8937649603 -0.7932847366 -0.8892614217 -0.8882469953 -0.9012099515 -0.7758254266 -0.8849657664 0.9088431805 -0.8757551461 -0.8936597967 -0.9007794406
-0.9121436201 -0.9258327309 -0.9456541474 -0.8921939445 -0.7895431053 -0.8875513128 -0.8867218858 -0.8997563753 -0.7717783436 -0.8831805286 0.9073973633 -0.8738001752 -0.8919089107 -0.8992244843
-0.9109713742 -0.9248458162 -0.9451623385 -0.8906581223 -0.7858446719 -0.8858750687 -0.8852390743 -0.8983356479 -0.7677787439 -0.8814302110 0.9059774439 -0.8718820383 -0.8901860575 -0.8976986943
-0.9098301491 -0.9238847955 -0.9446979221 -0.8891571138 -0.7821890869 -0.8842323251 -0.8837981266 -0.8969474023 -0.7638262591 -0.8797144446 0.9045831061 -0.8700003595 -0.8884909178 -0.8962017347
-0.9087195780 -0.9229493324 -0.9442605301 -0.8876905395 -0.7785760007 -0.8826227178 -0.8823986086 -0.8955912711 -0.7599205205 -0.8780328605 0.9032140337 -0.8681547627 -0.8868231721 -0.8947332697
