-0.9845332814 -0.9884268758 -0.9976240551 0.9975292304 -0.8403916600 -0.9932007236 -0.9940219601 0.8872910626 -0.9668422789 -0.9931591919 -0.9942720861 -0.9912973036 0.9977022753 0.9004817462
-0.9694882835 -0.9771569182 -0.9958187026 0.9951082462 -0.8314912433 -0.9866483630 -0.9882304386 0.8921564879 -0.9346103716 -0.9865682957 -0.9887115098 -0.9829612886 0.9955401817 0.9054053601
-0.9548588829 -0.9661852568 -0.9941516182 0.9927347137 -0.8230672070 -0.9803381149 -0.9826214798 0.8969325920 -0.9032930326 -0.9802224660 -0.9833145867 -0.9749855203 0.9935099393 0.9102152320
-0.9406389565 -0.9555070210 -0.9926188509 0.9904062993 -0.8151114446 -0.9742651761 -0.9771911281 0.9016180909 -0.8728790162 -0.9741168578 -0.9780776321 -0.9673635644 0.9916077683 0.9149104588
-0.9268223810 -0.9451173404 -0.9912164495 0.9881206692 -0.8076158498 -0.9684247432 -0.9719354277 0.9062117004 -0.8433570771 -0.9682466258 -0.9729969615 -0.9600889862 0.9898298888 0.9194901374
-0.9134030330 -0.9350113443 -0.9899404630 0.9858754899 -0.8005723160 -0.9628120129 -0.9668504230 0.9107121365 -0.8147159697 -0.9626069247 -0.9680688903 -0.9531553511 0.9881725208 0.9239533646
-0.9003747893 -0.9251841624 -0.9887869401 0.9836684276 -0.7939727370 -0.9574221820 -0.9619321584 0.9151181149 -0.7869444486 -0.9571929095 -0.9632897340 -0.9465562246 0.9866318847 0.9282992375
-0.8877315267 -0.9156309242 -0.9877519298 0.9814971487 -0.7878090062 -0.9522504472 -0.9571766780 0.9194283515 -0.7600312681 -0.9519997349 -0.9586558079 -0.9402851722 0.9852042003 0.9325268530
-0.8754671218 -0.9063467590 -0.9868314809 0.9793593195 -0.7820730172 -0.9472920052 -0.9525800263 0.9236415623 -0.7339651828 -0.9470225558 -0.9541634275 -0.9343357592 0.9838856880 0.9366353078
-0.8635754514 -0.8973267964 -0.9860216423 0.9772526064 -0.7767566636 -0.9425420526 -0.9481382476 0.9277564632 -0.7087349473 -0.9422565269 -0.9498089082 -0.9287015512 0.9826725678 0.9406236991
-0.8520503923 -0.8885661658 -0.9853184628 0.9751746757 -0.7718518390 -0.9379957862 -0.9438473863 0.9317717698 -0.6843293159 -0.9376968030 -0.9455885655 -0.9233761136 0.9815610598 0.9444911236
-0.8408858210 -0.8800599969 -0.9847179914 0.9731231937 -0.7673504370 -0.9336484027 -0.9397034865 0.9356861983 -0.6607370432 -0.9333385389 -0.9414987148 -0.9183530118 0.9805473841 0.9482366783
-0.8300756145 -0.8718034190 -0.9842162768 0.9710958269 -0.7632443511 -0.9294950987 -0.9357025927 0.9394984644 -0.6379468837 -0.9291768895 -0.9375356715 -0.9136258113 0.9796277610 0.9518594601
-0.8196136493 -0.8637915617 -0.9838093680 0.9690902414 -0.7595254748 -0.9255310711 -0.9318407492 0.9432072840 -0.6159475919 -0.9252070095 -0.9336957510 -0.9091880775 0.9787984105 0.9553585660
-0.8094938023 -0.8560195545 -0.9834933138 0.9671041038 -0.7561857019 -0.9217515165 -0.9281140003 0.9468113730 -0.5947279223 -0.9214240538 -0.9299752688 -0.9050333758 0.9780555527 0.9587330928
-0.7997099501 -0.8484825268 -0.9832641631 0.9651350802 -0.7532169257 -0.9181516315 -0.9245183903 0.9503094472 -0.5742766293 -0.9178231771 -0.9263705404 -0.9011552718 0.9773954077 0.9619821375
-0.7902559695 -0.8411756081 -0.9831179648 0.9631808370 -0.7506110400 -0.9147266130 -0.9210499635 0.9537002226 -0.5545824675 -0.9143995342 -0.9228778810 -0.8975473308 0.9768141957 0.9651047969
-0.7811257372 -0.8340939280 -0.9830507677 0.9612390407 -0.7483599383 -0.9114716576 -0.9177047643 0.9569824150 -0.5356341913 -0.9111482800 -0.9194936062 -0.8942031183 0.9763081369 0.9681001680
-0.7723131300 -0.8272326159 -0.9830586207 0.9593073574 -0.7464555141 -0.9083819621 -0.9144788371 0.9601547403 -0.5174205552 -0.9080645693 -0.9162140314 -0.8911161998 0.9758734513 0.9709673478
-0.7638120244 -0.8205868012 -0.9831375726 0.9573834536 -0.7448896611 -0.9054527230 -0.9113682260 0.9632159144 -0.4999303139 -0.9051435568 -0.9130354720 -0.8882801406 0.9755063590 0.9737054330
-0.7556162974 -0.8141516136 -0.9832836724 0.9554649956 -0.7436542728 -0.9026791372 -0.9083689755 0.9661646531 -0.4831522216 -0.9023803974 -0.9099542435 -0.8856885063 0.9752030802 0.9763135207
-0.7477198256 -0.8079221825 -0.9834929689 0.9535496498 -0.7427412427 -0.9000564014 -0.9054771299 0.9689996723 -0.4670750330 -0.8997702459 -0.9069666613 -0.8833348622 0.9749598350 0.9787907078
-0.7401164858 -0.8018936374 -0.9837615109 0.9516350823 -0.7421424645 -0.8975797121 -0.9026887335 0.9717196880 -0.4516875025 -0.8973082570 -0.9040690407 -0.8812127739 0.9747728436 0.9811360911
-0.7328001546 -0.7960611078 -0.9840853474 0.9497189597 -0.7418498318 -0.8952442663 -0.8999998305 0.9743234159 -0.4369783846 -0.8949895856 -0.9012576974 -0.8793158067 0.9746383260 0.9833487676
-0.7257647087 -0.7904197231 -0.9844605272 0.9477989483 -0.7418552381 -0.8930452605 -0.8974064655 0.9768095719 -0.4229364339 -0.8928093865 -0.8985289465 -0.8776375261 0.9745525024 0.9854278342
-0.7190040251 -0.7849646129 -0.9848830991 0.9458727143 -0.7421505769 -0.8909778914 -0.8949046826 0.9791768720 -0.4095504047 -0.8907628145 -0.8958791037 -0.8761714976 0.9745115929 0.9873723878
-0.7125119802 -0.7796909067 -0.9853491121 0.9439379242 -0.7427277418 -0.8890373558 -0.8924905261 0.9814240320 -0.3968090517 -0.8888450243 -0.8933044843 -0.8749112866 0.9745118176 0.9891815254
-0.7062824510 -0.7745937339 -0.9858546150 0.9419922442 -0.7435786265 -0.8872188504 -0.8901600405 0.9835497677 -0.3847011292 -0.8870511708 -0.8908014038 -0.8738504586 0.9745493967 0.9908543438
-0.7003093140 -0.7696682240 -0.9863956567 0.9400333407 -0.7446951246 -0.8855175719 -0.8879092701 0.9855527951 -0.3732153919 -0.8853764088 -0.8883661776 -0.8729825789 0.9746205503 0.9923899399
-0.6945864461 -0.7649095066 -0.9869682860 0.9380588800 -0.7460691294 -0.8839287170 -0.8857342590 0.9874318300 -0.3623405941 -0.8838158932 -0.8859951211 -0.8723012131 0.9747214985 0.9937874108
