-0.7171850557 -0.9772850643 -0.8937159108 0.9800831232 -0.9478556407 -0.9414205130 -0.9302350850 0.8690420135 -0.9827276356 -0.9602893527 -0.9105627245 -0.9719676921 0.9828651378 0.9999716390
-0.7101048644 -0.9805723945 -0.8910706730 0.9826343215 -0.9460432769 -0.9395975316 -0.9278470066 0.8655441085 -0.9816362371 -0.9596037159 -0.9077579787 -0.9756242674 0.9849429677 1.0000000000
-0.7031700985 -0.9835972581 -0.8884678438 0.9850098955 -0.9442129490 -0.9377685859 -0.9254439854 0.8620903049 -0.9804980579 -0.9589373075 -0.9049540034 -0.9790189463 0.9868887771 0.9999865111
-0.6963775924 -0.9863612358 -0.8859049483 0.9872100417 -0.9423630106 -0.9359318276 -0.9230244619 0.8586783038 -0.9793117696 -0.9582875772 -0.9021490712 -0.9821532296 0.9887020877 0.9999295050
-0.6897241806 -0.9888659079 -0.8833795116 0.9892349569 -0.9404918153 -0.9340854086 -0.9205868763 0.8553058058 -0.9780760438 -0.9576519749 -0.8993414548 -0.9850286178 0.9903824207 0.9998273145
-0.6832066973 -0.9911128551 -0.8808890589 0.9910848375 -0.9385977169 -0.9322274806 -0.9181296689 0.8519705119 -0.9767895521 -0.9570279506 -0.8965294268 -0.9876466116 0.9919292978 0.9996782723
-0.6768219770 -0.9931036579 -0.8784311154 0.9927598803 -0.9366790691 -0.9303561957 -0.9156512801 0.8486701230 -0.9754509658 -0.9564129540 -0.8937112599 -0.9900087117 0.9933422405 0.9994807111
-0.6705668541 -0.9948398969 -0.8760032061 0.9942602817 -0.9347342254 -0.9284697054 -0.9131501502 0.8454023399 -0.9740589567 -0.9558044351 -0.8908852267 -0.9921164186 0.9946207702 0.9992329636
-0.6644381630 -0.9963231526 -0.8736028563 0.9955862385 -0.9327615396 -0.9265661618 -0.9106247195 0.8421648635 -0.9726121963 -0.9551998436 -0.8880495999 -0.9939712331 0.9957644084 0.9989333626
-0.6584327382 -0.9975550054 -0.8712275911 0.9967379472 -0.9307593653 -0.9246437166 -0.9080734284 0.8389553946 -0.9711093560 -0.9545966295 -0.8852026520 -0.9955746558 0.9967726766 0.9985802408
-0.6525474139 -0.9985370361 -0.8688749356 0.9977156044 -0.9287260563 -0.9227005216 -0.9054947171 0.8357716341 -0.9695491075 -0.9539922426 -0.8823426558 -0.9969281873 0.9976450963 0.9981719309
-0.6467790247 -0.9992708250 -0.8665424149 0.9985194068 -0.9266599662 -0.9207347287 -0.9028870261 0.8326112830 -0.9679301223 -0.9533841327 -0.8794678838 -0.9980333283 0.9983811891 0.9977067657
-0.6411244049 -0.9997579528 -0.8642275543 0.9991495510 -0.9245594487 -0.9187444897 -0.9002487956 0.8294720420 -0.9662510720 -0.9527697498 -0.8765766088 -0.9988915794 0.9989804763 0.9971830778
-0.6355803890 -1.0000000000 -0.8619278788 0.9996062335 -0.9224228574 -0.9167279564 -0.8975784660 0.8263516120 -0.9645106280 -0.9521465437 -0.8736671033 -0.9995044413 0.9994424795 0.9965992001
-0.6301438112 -0.9999985471 -0.8596409136 0.9998896509 -0.9202485461 -0.9146832807 -0.8948744776 0.8232476939 -0.9627074621 -0.9515119643 -0.8707376399 -0.9998734146 0.9997667202 0.9959534651
-0.6248115061 -0.9997551747 -0.8573641839 1.0000000000 -0.9180348683 -0.9126086143 -0.8921352707 0.8201579886 -0.9608402456 -0.9508634614 -0.8677864915 -1.0000000000 0.9999527199 0.9952442058
-0.6195803081 -0.9992714633 -0.8550952148 0.9999374773 -0.9157801779 -0.9105021092 -0.8893592857 0.8170801969 -0.9589076502 -0.9501984849 -0.8648119304 -0.9998856981 1.0000000000 0.9944697547
-0.6144470515 -0.9985489934 -0.8528315314 0.9997022793 -0.9134828284 -0.9083619172 -0.8865449628 0.8140120197 -0.9569083473 -0.9495144846 -0.8618122296 -0.9995320096 0.9999080821 0.9936284446
-0.6094085707 -0.9975893456 -0.8505706589 0.9992946028 -0.9111411735 -0.9061861899 -0.8836907424 0.8109511579 -0.9548410087 -0.9488089104 -0.8587856614 -0.9989404350 0.9996764876 0.9927186083
-0.6044617002 -0.9963941004 -0.8483101224 0.9987146443 -0.9087535669 -0.9039730794 -0.8807950649 0.8078953123 -0.9527043057 -0.9480792123 -0.8557304987 -0.9981124751 0.9993047381 0.9917385784
-0.5996032744 -0.9949648384 -0.8460474471 0.9979626004 -0.9063183624 -0.9017207375 -0.8778563705 0.8048421838 -0.9504969100 -0.9473228399 -0.8526450140 -0.9970496306 0.9987923550 0.9906866877
-0.5948301276 -0.9933031402 -0.8437801581 0.9970386677 -0.9038339135 -0.8994273158 -0.8748730996 0.8017894733 -0.9482174931 -0.9465372433 -0.8495274799 -0.9957534019 0.9981388598 0.9895612690
-0.5901390942 -0.9914105861 -0.8415057806 0.9959430429 -0.9012985739 -0.8970909664 -0.8718436925 0.7987348816 -0.9458647265 -0.9457198722 -0.8463761692 -0.9942252899 0.9973437741 0.9883606549
-0.5855270088 -0.9892887569 -0.8392218397 0.9946759226 -0.8987106973 -0.8947098410 -0.8687665895 0.7956761096 -0.9434372818 -0.9448681766 -0.8431893545 -0.9924667951 0.9964066192 0.9870831781
-0.5809907056 -0.9869392330 -0.8369258605 0.9932375033 -0.8960686375 -0.8922820914 -0.8656402310 0.7926108582 -0.9409338306 -0.9439796062 -0.8399653083 -0.9904794182 0.9953269168 0.9857271715
-0.5765270191 -0.9843635949 -0.8346153683 0.9916279817 -0.8933707480 -0.8898058694 -0.8624630573 0.7895368283 -0.9383530444 -0.9430516110 -0.8367023034 -0.9882646598 0.9941041883 0.9842909677
-0.5721327836 -0.9815634232 -0.8322878881 0.9898475544 -0.8906153825 -0.8872793270 -0.8592335087 0.7864517206 -0.9356935947 -0.9420816408 -0.8333986124 -0.9858240206 0.9927379551 0.9827728995
-0.5678048337 -0.9785402986 -0.8299409451 0.9878964180 -0.8878008947 -0.8847006159 -0.8559500256 0.7833532361 -0.9329541531 -0.9410671455 -0.8300525079 -0.9831590012 0.9912277389 0.9811712995
-0.5635400036 -0.9752958013 -0.8275720645 0.9857747691 -0.8849256384 -0.8820678879 -0.8526110482 0.7802390757 -0.9301333911 -0.9400055749 -0.8266622625 -0.9802711023 0.9895730610 0.9794845006
-0.5593351278 -0.9718315122 -0.8251787713 0.9834828043 -0.8819879671 -0.8793792949 -0.8492150170 0.7771069402 -0.9272299804 -0.9388943790 -0.8232261490 -0.9771618246 0.9877734430 0.9777108353
