-0.8879029509 -0.8308936703 -0.8522867769 -0.9192736047 -0.8650758876 -0.8967085885 -0.8920989768 -0.9208023932 -0.8749845183 -0.8739826059 0.9545852818 -0.9226954592 -0.8747354197 -0.8782723273
-0.8866796914 -0.8288283568 -0.8505117539 -0.9185298914 -0.8636277302 -0.8956304758 -0.8909427750 -0.9201206482 -0.8736724477 -0.8725718857 0.9542883563 -0.9219307624 -0.8761592676 -0.8769909472
-0.8854876360 -0.8268041865 -0.8487732852 -0.9178124542 -0.8622185110 -0.8945825365 -0.8898172156 -0.9194662300 -0.8723972443 -0.8711954035 0.9540090499 -0.9211893534 -0.8775862932 -0.8757452636
-0.8843264290 -0.8248207660 -0.8470709987 -0.9171209536 -0.8608478272 -0.8935644162 -0.8887219443 -0.9188387888 -0.8711585150 -0.8698527892 0.9537470676 -0.9204709150 -0.8790162528 -0.8745348904
-0.8831957145 -0.8228777016 -0.8454045223 -0.9164550500 -0.8595152760 -0.8925757608 -0.8876566065 -0.9182379748 -0.8699558664 -0.8685436724 0.9535021145 -0.9197751305 -0.8804489029 -0.8733594415
-0.8820951369 -0.8209745999 -0.8437734839 -0.9158144039 -0.8582204546 -0.8916162161 -0.8866208479 -0.9176634384 -0.8687889051 -0.8672676832 0.9532738957 -0.9191016826 -0.8818839999 -0.8722185308
-0.8810243403 -0.8191110672 -0.8421775115 -0.9151986756 -0.8569629602 -0.8906854278 -0.8856143141 -0.9171148297 -0.8676572378 -0.8660244514 0.9530621163 -0.9184502546 -0.8833213003 -0.8711117724
-0.8799829689 -0.8172867101 -0.8406162331 -0.9146075256 -0.8557423899 -0.8897830417 -0.8846366505 -0.9165917989 -0.8665604713 -0.8648136067 0.9528664813 -0.9178205294 -0.8847605604 -0.8700387802
-0.8789706671 -0.8155011350 -0.8390892765 -0.9140406143 -0.8545583410 -0.8889087036 -0.8836875029 -0.9160939964 -0.8654982122 -0.8636347791 0.9526866958 -0.9172121900 -0.8862015368 -0.8689991680
-0.8779870791 -0.8137539483 -0.8375962696 -0.9134976021 -0.8534104107 -0.8880620594 -0.8827665166 -0.9156210724 -0.8644700672 -0.8624875984 0.9525224650 -0.9166249194 -0.8876439857 -0.8679925499
-0.8770318490 -0.8120447564 -0.8361368405 -0.9129781495 -0.8522981962 -0.8872427547 -0.8818733375 -0.9151726771 -0.8634756430 -0.8613716945 0.9523734938 -0.9160584008 -0.8890876637 -0.8670185398
-0.8761046211 -0.8103731659 -0.8347106170 -0.9124819169 -0.8512212947 -0.8864504354 -0.8810076109 -0.9147484608 -0.8625145462 -0.8602866971 0.9522394875 -0.9155123170 -0.8905323272 -0.8660767516
-0.8752050397 -0.8087387831 -0.8333172271 -0.9120085647 -0.8501793033 -0.8856847472 -0.8801689825 -0.9143480737 -0.8615863835 -0.8592322363 0.9521201510 -0.9149863512 -0.8919777326 -0.8651667993
-0.8743327490 -0.8071412146 -0.8319562987 -0.9115577533 -0.8491718193 -0.8849453360 -0.8793570978 -0.9139711661 -0.8606907617 -0.8582079417 0.9520151895 -0.9144801863 -0.8934236363 -0.8642882968
-0.8734873932 -0.8055800667 -0.8306274596 -0.9111291432 -0.8481984398 -0.8842318474 -0.8785716024 -0.9136173882 -0.8598272875 -0.8572134433 0.9519243080 -0.9139935053 -0.8948697947 -0.8634408580
-0.8726686166 -0.8040549460 -0.8293303380 -0.9107223948 -0.8472587622 -0.8835439274 -0.8778121420 -0.9132863903 -0.8589955674 -0.8562483709 0.9518472117 -0.9135259914 -0.8963159643 -0.8626240970
-0.8718760633 -0.8025654588 -0.8280645616 -0.9103371685 -0.8463523834 -0.8828812217 -0.8770783619 -0.9129778225 -0.8581952081 -0.8553123543 0.9517836055 -0.9130773275 -0.8977619016 -0.8618376276
-0.8711093777 -0.8011112116 -0.8268297585 -0.9099731248 -0.8454789009 -0.8822433760 -0.8763699080 -0.9126913352 -0.8574258165 -0.8544050234 0.9517331947 -0.9126471966 -0.8992073628 -0.8610810637
-0.8703682039 -0.7996918109 -0.8256255565 -0.9096299241 -0.8446379117 -0.8816300362 -0.8756864256 -0.9124265786 -0.8566869991 -0.8535260081 0.9516956843 -0.9122352817 -0.9006521046 -0.8603540194
-0.8696521862 -0.7983068630 -0.8244515836 -0.9093072267 -0.8438290131 -0.8810408480 -0.8750275603 -0.9121832029 -0.8559783626 -0.8526749382 0.9516707793 -0.9118412659 -0.9020958832 -0.8596561086
-0.8689609689 -0.7969559746 -0.8233074677 -0.9090046932 -0.8430518022 -0.8804754572 -0.8743929579 -0.9119608585 -0.8552995138 -0.8518514436 0.9516581848 -0.9114648323 -0.9035384551 -0.8589869451
-0.8682941961 -0.7956387519 -0.8221928367 -0.9087219840 -0.8423058762 -0.8799335097 -0.8737822637 -0.9117591954 -0.8546500592 -0.8510551540 0.9516576060 -0.9111056637 -0.9049795767 -0.8583461430
-0.8676515121 -0.7943548015 -0.8211073186 -0.9084587594 -0.8415908325 -0.8794146511 -0.8731951234 -0.9115778641 -0.8540296056 -0.8502856994 0.9516687479 -0.9107634433 -0.9064190045 -0.8577333163
-0.8670325612 -0.7931037298 -0.8200505413 -0.9082146800 -0.8409062680 -0.8789185273 -0.8726311826 -0.9114165147 -0.8534377597 -0.8495427097 0.9516913157 -0.9104378541 -0.9078564949 -0.8571480787
-0.8664369875 -0.7918851432 -0.8190221328 -0.9079894060 -0.8402517802 -0.8784447841 -0.8720900868 -0.9112747974 -0.8528741281 -0.8488258145 0.9517250143 -0.9101285790 -0.9092918044 -0.8565900443
-0.8658644353 -0.7906986483 -0.8180217209 -0.9077825981 -0.8396269660 -0.8779930672 -0.8715714816 -0.9111523626 -0.8523383176 -0.8481346439 0.9517695488 -0.9098353012 -0.9107246892 -0.8560588270
-0.8653145489 -0.7895438514 -0.8170489336 -0.9075939165 -0.8390314228 -0.8775630224 -0.8710750126 -0.9110488604 -0.8518299348 -0.8474688276 0.9518246245 -0.9095577036 -0.9121549059 -0.8555540408
-0.8647869724 -0.7884203589 -0.8161033988 -0.9074230218 -0.8384647478 -0.8771542955 -0.8706003253 -0.9109639412 -0.8513485863 -0.8468279955 0.9518899463 -0.9092954692 -0.9135822110 -0.8550752996
-0.8642813501 -0.7873277775 -0.8151847445 -0.9072695743 -0.8379265380 -0.8767665324 -0.8701470654 -0.9108972551 -0.8508938790 -0.8462117775 0.9519652193 -0.9090482812 -0.9150063607 -0.8546222173
-0.8637973262 -0.7862657134 -0.8142925985 -0.9071332345 -0.8374163909 -0.8763993787 -0.8697148783 -0.9108484524 -0.8504654194 -0.8456198034 0.9520501486 -0.9088158224 -0.9164271116 -0.8541944080
