-0.3747229056 -0.1445688604 -0.3920128129 -0.0635541403 0.4637953909 -0.0369040004 -0.3945323164 -0.0700818170 0.4625174692 -0.0055540865 -0.0531265897 -0.1029820324 0.0978994526 0.1029945296
-0.3659114604 -0.1368737298 -0.3831693610 -0.0561851065 0.4690246604 -0.0297218958 -0.3857113548 -0.0627003034 0.4676951348 0.0015442863 -0.0600314518 -0.0953300270 0.1046467069 0.1094038902
-0.3570239448 -0.1291216004 -0.3742475913 -0.0487666361 0.4742543940 -0.0224916702 -0.3768115492 -0.0552685409 0.4728742187 0.0086872291 -0.0669747785 -0.0876267330 0.1114279139 0.1158513976
-0.3480600793 -0.1213122582 -0.3652472136 -0.0412985513 0.4794845361 -0.0152131465 -0.3678325981 -0.0477863468 0.4780546737 0.0158748992 -0.0739566948 -0.0798719721 0.1182431755 0.1223371953
-0.3390195845 -0.1134454891 -0.3561679380 -0.0337806741 0.4847150310 -0.0078861479 -0.3587742005 -0.0402535384 0.4832364527 0.0231074535 -0.0809773255 -0.0720655661 0.1250925934 0.1288614267
-0.3299021808 -0.1055210789 -0.3470094743 -0.0262128266 0.4899458233 -0.0005104973 -0.3496360550 -0.0326699330 0.4884195084 0.0303850491 -0.0880367957 -0.0642073365 0.1319762695 0.1354242352
-0.3207075887 -0.0975388136 -0.3377715325 -0.0185948310 0.4951768572 0.0069139823 -0.3404178604 -0.0250353479 0.4936037937 0.0377078432 -0.0951352303 -0.0562971052 0.1388943053 0.1420257643
-0.3114355287 -0.0894984789 -0.3284538225 -0.0109265094 0.5004080772 0.0143874678 -0.3311193152 -0.0173496004 0.4987892615 0.0450759928 -0.1022727541 -0.0483346937 0.1458468029 0.1486661572
-0.3020857213 -0.0813998610 -0.3190560542 -0.0032076840 0.5056394277 0.0219101362 -0.3217401184 -0.0096125077 0.5039758645 0.0524896550 -0.1094494922 -0.0403199238 0.1528338639 0.1553455576
-0.2926578869 -0.0732427455 -0.3095779375 0.0045618232 0.5108708531 0.0294821645 -0.3122799686 -0.0018238873 0.5091635556 0.0599489869 -0.1166655694 -0.0322526172 0.1598555901 0.1620641088
-0.2831517462 -0.0650269184 -0.3000191824 0.0123821900 0.5161022978 0.0371037297 -0.3027385645 0.0060164437 0.5143522875 0.0674541455 -0.1239211107 -0.0241325954 0.1669120833 0.1688219541
-0.2735670195 -0.0567521656 -0.2903794988 0.0202535943 0.5213337062 0.0447750087 -0.2931156049 0.0139086679 0.5195420132 0.0750052881 -0.1312162411 -0.0159596803 0.1740034454 0.1756192371
-0.2639034273 -0.0484182731 -0.2806585967 0.0281762140 0.5265650227 0.0524961786 -0.2834107885 0.0218529681 0.5247326854 0.0826025715 -0.1385510854 -0.0077336935 0.1811297780 0.1824561012
-0.2541606902 -0.0400250266 -0.2708561859 0.0361502270 0.5317961916 0.0602674163 -0.2736238140 0.0298495268 0.5299242570 0.0902461530 -0.1459257687 0.0005455433 0.1882911830 0.1893326897
-0.2443385287 -0.0315722120 -0.2609719763 0.0441758110 0.5370271574 0.0680888987 -0.2637543801 0.0378985270 0.5351166807 0.0979361896 -0.1533404157 0.0088782085 0.1954877621 0.1962491462
-0.2344366631 -0.0230596153 -0.2510056780 0.0522531441 0.5422578645 0.0759608030 -0.2538021855 0.0460001512 0.5403099094 0.1056728384 -0.1607951516 0.0172644803 0.2027196172 0.2032056139
-0.2244548141 -0.0144870224 -0.2409570008 0.0603824041 0.5474882573 0.0838833060 -0.2437669291 0.0541545821 0.5455038960 0.1134562565 -0.1682901012 0.0257045371 0.2099868500 0.2102022364
-0.2143927020 -0.0058542191 -0.2308256547 0.0685637689 0.5527182802 0.0918565848 -0.2336483094 0.0623620025 0.5506985932 0.1212866010 -0.1758253894 0.0341985572 0.2172895622 0.2172391570
-0.2042500475 0.0028390086 -0.2206113496 0.0767974163 0.5579478775 0.0998808162 -0.2234460253 0.0706225951 0.5558939539 0.1291640289 -0.1834011412 0.0427467188 0.2246278558 0.2243165192
-0.1940265710 0.0115928749 -0.2103137954 0.0850835242 0.5631769938 0.1079561774 -0.2131597754 0.0789365426 0.5610899309 0.1370886973 -0.1910174816 0.0513492004 0.2320018324 0.2314344664
-0.1837219929 0.0204075939 -0.1999327020 0.0934222705 0.5684055733 0.1160828452 -0.2027892585 0.0873040276 0.5662864770 0.1450607634 -0.1986745354 0.0600061802 0.2394115939 0.2385931421
-0.1733360338 0.0292833798 -0.1894677794 0.1018138331 0.5736335605 0.1242609968 -0.1923341733 0.0957252329 0.5714835450 0.1530803842 -0.2063724275 0.0687178366 0.2468572420 0.2457926895
-0.1628684141 0.0382204465 -0.1789187375 0.1102583898 0.5788608997 0.1324908089 -0.1817942185 0.1042003412 0.5766810878 0.1611477169 -0.2141112831 0.0774843478 0.2543388785 0.2530332523
-0.1523188544 0.0472190082 -0.1682852863 0.1187561186 0.5840875355 0.1407724587 -0.1711690929 0.1127295353 0.5818790582 0.1692629184 -0.2218912268 0.0863058922 0.2618566053 0.2603149737
-0.1416870752 0.0562792790 -0.1575671355 0.1273071973 0.5893134121 0.1491061231 -0.1604584951 0.1213129977 0.5870774090 0.1774261458 -0.2297123838 0.0951826480 0.2694105240 0.2676379972
-0.1309727968 0.0654014731 -0.1467639953 0.1359118038 0.5945384740 0.1574919790 -0.1496621240 0.1299509112 0.5922760931 0.1856375564 -0.2375748789 0.1041147937 0.2770007365 0.2750024662
-0.1201757399 0.0745858045 -0.1358755755 0.1445701159 0.5997626656 0.1659302036 -0.1387796781 0.1386434585 0.5974750632 0.1938973070 -0.2454788371 0.1131025075 0.2846273445 0.2824085242
-0.1092956249 0.0838324874 -0.1249015859 0.1532823115 0.6049859312 0.1744209736 -0.1278108563 0.1473908224 0.6026742721 0.2022055549 -0.2534243833 0.1221459678 0.2922904499 0.2898563145
-0.0983321723 0.0931417358 -0.1138417367 0.1620485686 0.6102082154 0.1829644662 -0.1167553573 0.1561931854 0.6078736728 0.2105624571 -0.2614116424 0.1312453528 0.2999901543 0.2973459806
-0.0872851026 0.1025137639 -0.1026957376 0.1708690650 0.6154294624 0.1915608584 -0.1056128798 0.1650507304 0.6130732180 0.2189681708 -0.2694407394 0.1404008409 0.3077265597 0.3048776659
