-0.8133511209 -0.8675222151 -0.7817850699 -0.8736308996 -0.9084328220 -0.8525287717 -0.8175484833 -0.8691362760 -0.8918719758 -0.8672107152 0.8840206895 -0.9067124940 -0.8939565977 -0.8022562954
-0.8143100181 -0.8668863253 -0.7828716433 -0.8728223492 -0.9064691325 -0.8515179052 -0.8182065635 -0.8683164369 -0.8898073437 -0.8662105940 0.8829734887 -0.9062149850 -0.8928552795 -0.8005643229
-0.8152862011 -0.8662649492 -0.7839767832 -0.8720237732 -0.9044864083 -0.8505180293 -0.8188864257 -0.8675073725 -0.8877255362 -0.8652183692 0.8819295518 -0.9057257450 -0.8917540043 -0.7988821061
-0.8162793903 -0.8656578727 -0.7851001996 -0.8712349937 -0.9024847050 -0.8495289669 -0.8195877687 -0.8667089001 -0.8856266005 -0.8642338839 0.8808887539 -0.9052445957 -0.8906526702 -0.7972095014
-0.8172893064 -0.8650648817 -0.7862416024 -0.8704558328 -0.9004640782 -0.8485505410 -0.8203102913 -0.8659208370 -0.8835105836 -0.8632569810 0.8798509699 -0.9047713586 -0.8895511756 -0.7955463655
-0.8183156697 -0.8644857621 -0.7874007014 -0.8696861127 -0.8984245835 -0.8475825748 -0.8210536920 -0.8651430006 -0.8813775329 -0.8622875033 0.8788160750 -0.9043058555 -0.8884494185 -0.7938925549
-0.8193582008 -0.8639202997 -0.7885772068 -0.8689256555 -0.8963662766 -0.8466248911 -0.8218176697 -0.8643752080 -0.8792274954 -0.8613252938 0.8777839442 -0.9038479080 -0.8873472973 -0.7922479262
-0.8204166202 -0.8633682805 -0.7897708283 -0.8681742833 -0.8942892130 -0.8456773131 -0.8226019231 -0.8636172766 -0.8770605183 -0.8603701954 0.8767544526 -0.9033973380 -0.8862447101 -0.7906123360
-0.8214906482 -0.8628294904 -0.7909812759 -0.8674318182 -0.8921934483 -0.8447396637 -0.8234061509 -0.8628690236 -0.8748766489 -0.8594220510 0.8757274752 -0.9029539669 -0.8851415552 -0.7889856409
-0.8225800056 -0.8623037152 -0.7922082596 -0.8666980824 -0.8900790381 -0.8438117659 -0.8242300518 -0.8621302665 -0.8726759343 -0.8584807035 0.8747028872 -0.9025176166 -0.8840377308 -0.7873676974
-0.8236844126 -0.8617907409 -0.7934514892 -0.8659728980 -0.8879460381 -0.8428934429 -0.8250733246 -0.8614008224 -0.8704584217 -0.8575459959 0.8736805636 -0.9020881087 -0.8829331351 -0.7857583622
-0.8248035899 -0.8612903532 -0.7947106746 -0.8652560871 -0.8857945038 -0.8419845175 -0.8259356679 -0.8606805087 -0.8682241582 -0.8566177710 0.8726603793 -0.9016652649 -0.8818276662 -0.7841574918
-0.8259372578 -0.8608023382 -0.7959855259 -0.8645474718 -0.8836244908 -0.8410848129 -0.8268167805 -0.8599691426 -0.8659731911 -0.8556958718 0.8716422096 -0.9012489068 -0.8807212225 -0.7825649427
-0.8270851370 -0.8603264817 -0.7972757530 -0.8638468742 -0.8814360547 -0.8401941520 -0.8277163611 -0.8592665416 -0.8637055674 -0.8547801412 0.8706259295 -0.9008388562 -0.8796137021 -0.7809805717
-0.8282469478 -0.8598625697 -0.7985810657 -0.8631541166 -0.8792292512 -0.8393123578 -0.8286341085 -0.8585725227 -0.8614213345 -0.8538704221 0.8696114140 -0.9004349348 -0.8785050033 -0.7794042352
-0.8294224109 -0.8594103878 -0.7999011740 -0.8624690209 -0.8770041358 -0.8384392535 -0.8295697214 -0.8578869034 -0.8591205394 -0.8529665574 0.8685985382 -0.9000369642 -0.8773950243 -0.7778357898
-0.8306112466 -0.8589697222 -0.8012357878 -0.8617914093 -0.8747607641 -0.8375746619 -0.8305228984 -0.8572095009 -0.8568032293 -0.8520683900 0.8675871772 -0.8996447661 -0.8762836633 -0.7762750921
-0.8318131754 -0.8585403587 -0.8025846170 -0.8611211040 -0.8724991918 -0.8367184061 -0.8314933384 -0.8565401326 -0.8544694515 -0.8511757629 0.8665772060 -0.8992581622 -0.8751708184 -0.7747219987
-0.8330279179 -0.8581220831 -0.8039473716 -0.8604579270 -0.8702194744 -0.8358703092 -0.8324807400 -0.8558786157 -0.8521192531 -0.8502885189 0.8655684997 -0.8988769741 -0.8740563880 -0.7731763662
-0.8342551945 -0.8577146814 -0.8053237616 -0.8598017006 -0.8679216675 -0.8350301942 -0.8334848020 -0.8552247675 -0.8497526812 -0.8494065010 0.8645609334 -0.8985010237 -0.8729402703 -0.7716380511
-0.8354947258 -0.8573179394 -0.8067134967 -0.8591522467 -0.8656058267 -0.8341978840 -0.8345052230 -0.8545784053 -0.8473697831 -0.8485295520 0.8635543821 -0.8981301324 -0.8718223633 -0.7701069101
-0.8367462322 -0.8569316431 -0.8081162870 -0.8585093876 -0.8632720077 -0.8333732017 -0.8355417019 -0.8539393465 -0.8449706059 -0.8476575150 0.8625487208 -0.8977641221 -0.8707025655 -0.7685827997
-0.8380094342 -0.8565555782 -0.8095318424 -0.8578729453 -0.8609202660 -0.8325559703 -0.8365939373 -0.8533074082 -0.8425551968 -0.8467902328 0.8615438248 -0.8974028145 -0.8695807750 -0.7670655764
-0.8392840523 -0.8561895308 -0.8109598728 -0.8572427420 -0.8585506572 -0.8317460128 -0.8376616280 -0.8526824079 -0.8401236030 -0.8459275483 0.8605395689 -0.8970460311 -0.8684568899 -0.7655550969
-0.8405698070 -0.8558332868 -0.8124000881 -0.8566185998 -0.8561632370 -0.8309431523 -0.8387444727 -0.8520641627 -0.8376758717 -0.8450693044 0.8595358283 -0.8966935937 -0.8673308086 -0.7640512178
-0.8418664188 -0.8554866319 -0.8138521983 -0.8560003408 -0.8537580609 -0.8301472118 -0.8398421701 -0.8514524901 -0.8352120500 -0.8442153441 0.8585324781 -0.8963453240 -0.8662024292 -0.7625537956
-0.8431736081 -0.8551493521 -0.8153159133 -0.8553877871 -0.8513351845 -0.8293580142 -0.8409544189 -0.8508472072 -0.8327321851 -0.8433655103 0.8575293933 -0.8960010436 -0.8650716500 -0.7610626868
-0.8444910955 -0.8548212333 -0.8167909429 -0.8547807609 -0.8488946635 -0.8285753827 -0.8420809178 -0.8502481314 -0.8302363242 -0.8425196459 0.8565264489 -0.8956605743 -0.8639383692 -0.7595777482
-0.8458186015 -0.8545020613 -0.8182769973 -0.8541790844 -0.8464365534 -0.8277991402 -0.8432213657 -0.8496550800 -0.8277245144 -0.8416775937 0.8555235201 -0.8953237377 -0.8628024849 -0.7580988362
-0.8471558465 -0.8541916222 -0.8197737862 -0.8535825795 -0.8439609098 -0.8270291097 -0.8443754612 -0.8490678702 -0.8251968030 -0.8408391968 0.8545204819 -0.8949903555 -0.8616638954 -0.7566258075
