-0.9124046749 -0.8232179913 -0.7848237017 0.8761135827 -0.9650618791 -0.8308012455 -0.9573876317 0.8252751681 -0.7213737490 -0.8296271351 -0.9261285169 -0.8355785806 0.9245837566 0.7990380752
-0.9117944272 -0.8216589692 -0.7829285362 0.8746438039 -0.9644231561 -0.8299298444 -0.9563723704 0.8234643225 -0.7194583331 -0.8290076808 -0.9250031900 -0.8342794464 0.9228968980 0.7974764197
-0.9111777894 -0.8201060344 -0.7810462572 0.8731633602 -0.9637590494 -0.8290754582 -0.9553269741 0.8216538701 -0.7175776129 -0.8284106287 -0.9238564955 -0.8329872062 0.9211781212 0.7959292629
-0.9105535354 -0.8185579810 -0.7791756357 0.8716712449 -0.9630685829 -0.8282366088 -0.9542506000 0.8198427265 -0.7157300819 -0.8278343833 -0.9226874986 -0.8317005942 0.9194267347 0.7943952911
-0.9099204391 -0.8170136033 -0.7773154424 0.8701664511 -0.9623507810 -0.8274118184 -0.9531424055 0.8180298075 -0.7139142336 -0.8272773492 -0.9214952648 -0.8304183447 0.9176420469 0.7928731907
-0.9092772744 -0.8154716955 -0.7754644481 0.8686479718 -0.9616046677 -0.8265996090 -0.9520015478 0.8162140287 -0.7121285617 -0.8267379310 -0.9202788593 -0.8291391919 0.9158233664 0.7913616481
-0.9086228153 -0.8139310519 -0.7736214236 0.8671148003 -0.9608292672 -0.8257985028 -0.9508271843 0.8143943060 -0.7103715596 -0.8262145331 -0.9190373474 -0.8278618699 0.9139700017 0.7898593495
-0.9079558355 -0.8123904667 -0.7717851396 0.8655659295 -0.9600236035 -0.8250070219 -0.9496184721 0.8125695551 -0.7086417210 -0.8257055601 -0.9177697943 -0.8265851131 0.9120812612 0.7883649813
-0.9072751090 -0.8108487342 -0.7699543670 0.8640003527 -0.9591867010 -0.8242236882 -0.9483745687 0.8107386915 -0.7069375393 -0.8252094166 -0.9164752654 -0.8253076555 0.9101564536 0.7868772299
-0.9065794098 -0.8093046486 -0.7681278766 0.8624170630 -0.9583175837 -0.8234470241 -0.9470946311 0.8089006312 -0.7052575083 -0.8247245072 -0.9151528261 -0.8240282315 0.9081948872 0.7853947814
-0.9058675116 -0.8077570042 -0.7663044391 0.8608150534 -0.9574152757 -0.8226755514 -0.9457778169 0.8070542897 -0.7036001213 -0.8242492363 -0.9138015414 -0.8227455753 0.9061958707 0.7839163224
-0.9051381883 -0.8062045951 -0.7644828254 0.8591933171 -0.9564788012 -0.8219077925 -0.9444232832 0.8051985828 -0.7019638721 -0.8237820086 -0.9124204769 -0.8214584210 0.9041587125 0.7824405390
-0.9043902140 -0.8046462157 -0.7626618062 0.8575508472 -0.9555071843 -0.8211422692 -0.9430301872 0.8033324263 -0.7003472540 -0.8233212285 -0.9110086977 -0.8201655029 0.9020827210 0.7809661176
-0.9036223624 -0.8030806601 -0.7608401524 0.8558866369 -0.9544994492 -0.8203775038 -0.9415976864 0.8014547358 -0.6987487608 -0.8228653006 -0.9095652692 -0.8188655552 0.8999672050 0.7794917447
-0.9028334075 -0.8015067227 -0.7590166346 0.8541996792 -0.9534546201 -0.8196120183 -0.9401249380 0.7995644271 -0.6971668859 -0.8224126295 -0.9080892566 -0.8175573122 0.8978114727 0.7780161064
-0.9020221232 -0.7999231977 -0.7571900238 0.8524889673 -0.9523717210 -0.8188443348 -0.9386110992 0.7976604159 -0.6956001229 -0.8219616197 -0.9065797253 -0.8162395080 0.8956148328 0.7765378891
-0.9011872833 -0.7983288792 -0.7553590906 0.8507534942 -0.9512497762 -0.8180729754 -0.9370553273 0.7957416178 -0.6940469655 -0.8215106758 -0.9050357406 -0.8149108769 0.8933765938 0.7750557791
-0.9003276618 -0.7967225616 -0.7535226060 0.8489922532 -0.9500878097 -0.8172964622 -0.9354567797 0.7938069487 -0.6925059070 -0.8210582023 -0.9034563676 -0.8135701531 0.8910960641 0.7735684629
-0.8994420325 -0.7951030391 -0.7516793406 0.8472042373 -0.9488848457 -0.8165133174 -0.9338146136 0.7918553243 -0.6909754412 -0.8206026037 -0.9018406719 -0.8122160707 0.8887725523 0.7720746266
-0.8985291693 -0.7934691059 -0.7498280653 0.8453884396 -0.9476399084 -0.8157220629 -0.9321279863 0.7898856602 -0.6894540615 -0.8201422847 -0.9001877185 -0.8108473641 0.8864053669 0.7705729567
-0.8975878462 -0.7918195563 -0.7479675508 0.8435438534 -0.9463520218 -0.8149212210 -0.9303960550 0.7878968722 -0.6879402615 -0.8196756497 -0.8984965729 -0.8094627675 0.8839938163 0.7690621394
-0.8966168371 -0.7901531845 -0.7460965680 0.8416694715 -0.9450202102 -0.8141093136 -0.9286179771 0.7858878759 -0.6864325348 -0.8192011033 -0.8967663003 -0.8080610149 0.8815372092 0.7675408611
-0.8956149158 -0.7884687848 -0.7442138877 0.8397642873 -0.9436434977 -0.8132848630 -0.9267929098 0.7838575873 -0.6849293750 -0.8187170501 -0.8949959660 -0.8066408408 0.8790348539 0.7660078081
-0.8945808562 -0.7867651514 -0.7423182805 0.8378272939 -0.9422209084 -0.8124463911 -0.9249200105 0.7818049218 -0.6834292755 -0.8182218945 -0.8931846353 -0.8052009793 0.8764860591 0.7644616668
-0.8935134322 -0.7850410785 -0.7404085174 0.8358574842 -0.9407514664 -0.8115924201 -0.9229984363 0.7797287953 -0.6819307300 -0.8177140413 -0.8913313736 -0.8037401646 0.8738901331 0.7629011234
-0.8924114177 -0.7832953604 -0.7384833692 0.8338538515 -0.9392341960 -0.8107214721 -0.9210273447 0.7776281235 -0.6804322321 -0.8171918948 -0.8894352460 -0.8022571309 0.8712463846 0.7613248644
-0.8912735867 -0.7815267914 -0.7365416065 0.8318153889 -0.9376681213 -0.8098320692 -0.9190058928 0.7755018221 -0.6789322752 -0.8166538597 -0.8874953180 -0.8007506125 0.8685541220 0.7597315759
-0.8900987130 -0.7797341656 -0.7345820002 0.8297410895 -0.9360522663 -0.8089227335 -0.9169332379 0.7733488068 -0.6774293529 -0.8160983404 -0.8855106547 -0.7992193435 0.8658126538 0.7581199445
-0.8888855705 -0.7779162774 -0.7326033211 0.8276299464 -0.9343856553 -0.8079919870 -0.9148085374 0.7711679933 -0.6759219588 -0.8155237416 -0.8834803216 -0.7976620582 0.8630212886 0.7564886563
-0.8876329330 -0.7760719209 -0.7306043400 0.8254809528 -0.9326673124 -0.8070383519 -0.9126309485 0.7689582974 -0.6744085865 -0.8149284679 -0.8814033838 -0.7960774909 0.8601793349 0.7548363977
