0.3747105987 0.3914698654 0.3433332815 0.3801373996 0.5012453473 0.3992213124 0.3328558449 0.3853374262 0.4988644167 0.3986276906 -0.4274658809 0.4001784584 0.4382765630 0.4159341645
0.3887177602 0.4051655741 0.3580663597 0.3939848345 0.5123553895 0.4126652433 0.3476619977 0.3990962289 0.5099805057 0.4120732701 -0.4403771313 0.4135695094 0.4509281868 0.4290627288
0.4028270249 0.4189575341 0.3729056628 0.4079352954 0.5235494648 0.4262078746 0.3625838552 0.4129558588 0.5211832875 0.4256182064 -0.4533775926 0.4270606062 0.4636680571 0.4422843866
0.4170387597 0.4328460821 0.3878515590 0.4219891622 0.5348279228 0.4398495706 0.3776218515 0.4269166833 0.5324731306 0.4392628684 -0.4664675810 0.4406521247 0.4764964933 0.4555994736
0.4313533312 0.4468315546 0.4029044163 0.4361468146 0.5461911132 0.4535906954 0.3927764207 0.4409790697 0.5438504037 0.4530076250 -0.4796474129 0.4543444411 0.4894138150 0.4690083258
0.4457711061 0.4609142879 0.4180646027 0.4504086322 0.5576393853 0.4674316133 0.4080479968 0.4551433850 0.5553154755 0.4668528451 -0.4929174044 0.4681379313 0.5024203415 0.4825112791
0.4602924513 0.4750946187 0.4333324865 0.4647749948 0.5691730888 0.4813726885 0.4234370140 0.4694099967 0.5668687144 0.4807988976 -0.5062778717 0.4820329715 0.5155163924 0.4961086694
0.4749177335 0.4893728833 0.4487084357 0.4792462821 0.5807925731 0.4954142850 0.4389439062 0.4837792719 0.5785104892 0.4948461513 -0.5197291312 0.4960299376 0.5287022870 0.5098008325
0.4896473193 0.5037494184 0.4641928184 0.4938228739 0.5924981879 0.5095567672 0.4545691076 0.4982515778 0.5902411684 0.5089949752 -0.5332714990 0.5101292057 0.5419783448 0.5235881043
0.5044815755 0.5182245603 0.4797860026 0.5085051498 0.6042902826 0.5238004991 0.4703130523 0.5128272818 0.6020611207 0.5232457382 -0.5469052914 0.5243311518 0.5553448852 0.5374708206
0.5194208689 0.5327986456 0.4954883565 0.5232934897 0.6161692068 0.5381458451 0.4861761742 0.5275067510 0.6139707147 0.5375988092 -0.5606308245 0.5386361520 0.5688022278 0.5514493175
0.5344655662 0.5474720107 0.5113002482 0.5381882731 0.6281353100 0.5525931692 0.5021589076 0.5422903527 0.6259703189 0.5520545570 -0.5744484147 0.5530445823 0.5823506919 0.5655239306
0.5496160341 0.5622449922 0.5272220457 0.5531898799 0.6401889418 0.5671428358 0.5182616864 0.5571784542 0.6380603021 0.5666133505 -0.5883583782 0.5675568188 0.5959905970 0.5796949960
0.5648726393 0.5771179265 0.5432541172 0.5682986898 0.6523304517 0.5817952088 0.5344849447 0.5721714227 0.6502410328 0.5812755587 -0.6023610311 0.5821732376 0.6097222626 0.5939628495
0.5802357486 0.5920911501 0.5593968307 0.5835150825 0.6645601892 0.5965506527 0.5508291166 0.5872696253 0.6625128797 0.5960415504 -0.6164566898 0.5968942146 0.6235460080 0.6083278270
0.5957057287 0.6071649996 0.5756505543 0.5988394377 0.6768785039 0.6114095315 0.5672946362 0.6024734295 0.6748762113 0.6109116945 -0.6306456704 0.6117201258 0.6374621528 0.6227902643
0.6112829463 0.6223398113 0.5920156562 0.6142721351 0.6892857453 0.6263722094 0.5838819376 0.6177832023 0.6873313963 0.6258863599 -0.6449282893 0.6266513475 0.6514710164 0.6373504973
0.6269677683 0.6376159218 0.6084925043 0.6298135545 0.7017822629 0.6414390506 0.6005914548 0.6331993111 0.6998788033 0.6409659156 -0.6593048625 0.6416882555 0.6655729183 0.6520088620
0.6427605612 0.6529936676 0.6250814669 0.6454640756 0.7143684063 0.6566104194 0.6174236218 0.6487221232 0.7125188009 0.6561507303 -0.6737757065 0.6568312259 0.6797681778 0.6667656942
0.6586616919 0.6684733852 0.6417829120 0.6612240780 0.7270445251 0.6718866798 0.6343788729 0.6643520056 0.7252517577 0.6714411730 -0.6883411373 0.6720806349 0.6940571145 0.6816213297
0.6746715270 0.6840554110 0.6585972076 0.6770939417 0.7398109686 0.6872681962 0.6514576420 0.6800893257 0.7380780424 0.6868376126 -0.7030014712 0.6874368583 0.7084400478 0.6965761044
0.6907904334 0.6997400815 0.6755247220 0.6930740462 0.7526680866 0.7027553326 0.6686603632 0.6959344508 0.7509980235 0.7023404180 -0.7177570245 0.7029002723 0.7229172971 0.7116303543
0.7070187777 0.7155277333 0.6925658231 0.7091647712 0.7656162284 0.7183484534 0.6859874706 0.7118877480 0.7640120697 0.7179499580 -0.7326081134 0.7184712529 0.7374891820 0.7267844152
0.7233569267 0.7314187028 0.7097208791 0.7253664966 0.7786557437 0.7340479225 0.7034393982 0.7279495846 0.7771205496 0.7336666016 -0.7475550542 0.7341501762 0.7521560217 0.7420386230
0.7398052471 0.7474133265 0.7269902580 0.7416796020 0.7917869820 0.7498541044 0.7210165802 0.7441203279 0.7903238318 0.7494907177 -0.7625981630 0.7499374181 0.7669181359 0.7573933135
0.7563641056 0.7635119410 0.7443743280 0.7581044672 0.8050102929 0.7657673631 0.7387194506 0.7604003451 0.8036222849 0.7654226751 -0.7777377560 0.7658333548 0.7817758438 0.7728488227
0.7730338690 0.7797148826 0.7618734572 0.7746414719 0.8183260258 0.7817880628 0.7565484435 0.7767900034 0.8170162775 0.7814628427 -0.7929741496 0.7818383623 0.7967294651 0.7884054864
0.7898149040 0.7960224878 0.7794880135 0.7912909958 0.8317345303 0.7979165677 0.7745039929 0.7932896700 0.8305061783 0.7976115895 -0.8083076600 0.7979528166 0.8117793191 0.8040636405
0.8067075773 0.8124350933 0.7972183652 0.8080534186 0.8452361559 0.8141532421 0.7925865330 0.8098997123 0.8440923559 0.8138692843 -0.8237386033 0.8141770937 0.8269257253 0.8198236208
0.8237122557 0.8289530354 0.8150648804 0.8249291200 0.8588312522 0.8304984501 0.8107964978 0.8266204975 0.8577751788 0.8302362960 -0.8392672959 0.8305115698 0.8421690031 0.8356857633
