-0.7105217309 -0.8596485066 -0.6464389505 -0.8678647136 -0.8052337448 -0.8512831497 -0.7133659800 -0.8378624058 -0.8074198524 -0.8347868972 0.8453357425 -0.8506132782 -0.8383901259 -0.8410491775
-0.7091660086 -0.8564858819 -0.6461940020 -0.8642781118 -0.7986877255 -0.8478247760 -0.7125372455 -0.8345532426 -0.8009119850 -0.8307198836 0.8409794646 -0.8473664956 -0.8335458789 -0.8366228677
-0.7077472483 -0.8532501374 -0.6458900321 -0.8606181411 -0.7920454004 -0.8442942230 -0.7116447504 -0.8311728201 -0.7943076179 -0.8265825697 0.8365500131 -0.8440473870 -0.8286239050 -0.8321235578
-0.7062642211 -0.8499404569 -0.6455255555 -0.8568840848 -0.7853073591 -0.8406907454 -0.7106871410 -0.8277203589 -0.7876073311 -0.8223743553 0.8320469005 -0.8406551568 -0.8236239418 -0.8275507816
-0.7047156980 -0.8465560244 -0.6450990870 -0.8530752261 -0.7784741909 -0.8370135975 -0.7096630639 -0.8241950795 -0.7808117047 -0.8180946400 0.8274696392 -0.8371890097 -0.8185457264 -0.8229040731
-0.7031004501 -0.8430960237 -0.6446091413 -0.8491908482 -0.7715464855 -0.8332620339 -0.7085711652 -0.8205962024 -0.7739213187 -0.8137428236 0.8228177415 -0.8336481504 -0.8133889964 -0.8181829660
-0.7014172485 -0.8395596387 -0.6440542332 -0.8452302344 -0.7645248323 -0.8294353091 -0.7074100914 -0.8169229482 -0.7669367529 -0.8093183059 0.8180907199 -0.8300317833 -0.8081534891 -0.8133869945
-0.6996648643 -0.8359460533 -0.6434328773 -0.8411926680 -0.7574098207 -0.8255326776 -0.7061784890 -0.8131745372 -0.7598585873 -0.8048204866 0.8132880868 -0.8263391131 -0.8028389418 -0.8085156922
-0.6978420685 -0.8322544515 -0.6427435885 -0.8370774321 -0.7502020402 -0.8215533939 -0.7048750042 -0.8093501901 -0.7526874020 -0.8002487655 0.8084093546 -0.8225693443 -0.7974450919 -0.8035685931
-0.6959476322 -0.8284840170 -0.6419848815 -0.8328838099 -0.7429020804 -0.8174967125 -0.7034982834 -0.8054491274 -0.7454237769 -0.7956025423 0.8034540358 -0.8187216817 -0.7919716768 -0.7985452311
-0.6939803266 -0.8246339337 -0.6411552711 -0.8286110848 -0.7355105307 -0.8133618878 -0.7020469731 -0.8014705695 -0.7380682920 -0.7908812168 0.7984216427 -0.8147953297 -0.7864184338 -0.7934451401
-0.6919389226 -0.8207033856 -0.6402532720 -0.8242585400 -0.7280279805 -0.8091481744 -0.7005197195 -0.7974137370 -0.7306215273 -0.7860841886 0.7933116878 -0.8107894930 -0.7807851003 -0.7882678540
-0.6898221915 -0.8166915566 -0.6392773988 -0.8198254586 -0.7204550194 -0.8048548267 -0.6989151692 -0.7932778504 -0.7230840627 -0.7812108576 0.7881236834 -0.8067033762 -0.7750714137 -0.7830129066
-0.6876289041 -0.8125976305 -0.6382261665 -0.8153111240 -0.7127922369 -0.8004810994 -0.6972319684 -0.7890621301 -0.7154564782 -0.7762606235 0.7828571421 -0.8025361838 -0.7692771113 -0.7776798319
-0.6853578317 -0.8084207911 -0.6370980897 -0.8107148193 -0.7050402224 -0.7960262467 -0.6954687635 -0.7847657968 -0.7077393538 -0.7712328861 0.7775115761 -0.7982871205 -0.7634019305 -0.7722681637
-0.6830077453 -0.8041602225 -0.6358916832 -0.8060358278 -0.6971995653 -0.7914895234 -0.6936242009 -0.7803880709 -0.6999332695 -0.7661270450 0.7720864979 -0.7939553908 -0.7574456086 -0.7667774359
-0.6805774159 -0.7998151084 -0.6346054618 -0.8012734328 -0.6892708553 -0.7868701838 -0.6916969271 -0.7759281729 -0.6920388053 -0.7609425000 0.7665814200 -0.7895401994 -0.7514078831 -0.7612071824
-0.6780656147 -0.7953846328 -0.6332379401 -0.7964269174 -0.6812546818 -0.7821674824 -0.6896855883 -0.7713853233 -0.6840565410 -0.7556786510 0.7609958548 -0.7850407509 -0.7452884912 -0.7555569372
-0.6754711128 -0.7908679796 -0.6317876329 -0.7914955649 -0.6731516342 -0.7773806738 -0.6875888309 -0.7667587427 -0.6759870567 -0.7503348975 0.7553293145 -0.7804562498 -0.7390871704 -0.7498262340
-0.6727926811 -0.7862643326 -0.6302530550 -0.7864786586 -0.6649623020 -0.7725090125 -0.6854053014 -0.7620476515 -0.6678309325 -0.7449106395 0.7495813118 -0.7757859007 -0.7328036579 -0.7440146068
-0.6700290909 -0.7815728757 -0.6286327211 -0.7813754816 -0.6566872747 -0.7675517529 -0.6831336461 -0.7572512704 -0.6595887481 -0.7394052765 0.7437513590 -0.7710289083 -0.7264376913 -0.7381215895
-0.6671791131 -0.7767927928 -0.6269251460 -0.7761853172 -0.6483271419 -0.7625081495 -0.6807725113 -0.7523688197 -0.6512610837 -0.7338182084 0.7378389684 -0.7661844772 -0.7199890077 -0.7321467160
-0.6642415189 -0.7719232678 -0.6251288444 -0.7709074487 -0.6398824929 -0.7573774569 -0.6783205435 -0.7473995200 -0.6428485192 -0.7281488350 0.7318436526 -0.7612518118 -0.7134573447 -0.7260895201
-0.6612150793 -0.7669634846 -0.6232423310 -0.7655411592 -0.6313539173 -0.7521589295 -0.6757763891 -0.7423425918 -0.6343516345 -0.7223965558 0.7257649239 -0.7562301169 -0.7068424395 -0.7199495358
-0.6580985654 -0.7619126270 -0.6212641207 -0.7600857321 -0.6227420045 -0.7468518218 -0.6731386943 -0.7371972556 -0.6257710097 -0.7165607708 0.7196022947 -0.7511185971 -0.7001440296 -0.7137262968
-0.6548907483 -0.7567698790 -0.6191927281 -0.7545404505 -0.6140473440 -0.7414553884 -0.6704061057 -0.7319627320 -0.6171072247 -0.7106408796 0.7133552775 -0.7459164568 -0.6933618522 -0.7074193373
-0.6515903991 -0.7515344244 -0.6170266680 -0.7489045977 -0.6052705253 -0.7359688837 -0.6675772695 -0.7266382413 -0.6083608596 -0.7046362820 0.7070233847 -0.7406229008 -0.6864956448 -0.7010281909
-0.6481962888 -0.7462054471 -0.6147644551 -0.7431774569 -0.5964121379 -0.7303915622 -0.6646508322 -0.7212230043 -0.5995324942 -0.6985463778 0.7006061287 -0.7352371336 -0.6795451447 -0.6945523916
-0.6447071886 -0.7407821311 -0.6124046043 -0.7373583113 -0.5874727713 -0.7247226785 -0.6616254401 -0.7157162413 -0.5906227085 -0.6923705666 0.6941030219 -0.7297583598 -0.6725100893 -0.6879914733
-0.6411218694 -0.7352636601 -0.6099456302 -0.7314464443 -0.5784530149 -0.7189614869 -0.6584997396 -0.7101171728 -0.5816320826 -0.6861082483 0.6875135767 -0.7241857840 -0.6653902160 -0.6813449699
