-0.9818936181 -0.6468772484 -0.9523956577 -0.6127380117 -0.0731469361 -0.6062913486 -0.9678138759 -0.6495759705 -0.1114548417 -0.5746652289 0.4601768350 -0.6348950945 -0.5651922474 -0.5797464836
-0.9783102790 -0.6405140904 -0.9482725972 -0.6047182969 -0.0583015904 -0.5979615342 -0.9631996758 -0.6411533796 -0.0970805994 -0.5658072368 0.4515221758 -0.6280569054 -0.5545946959 -0.5694818874
-0.9743710505 -0.6339057146 -0.9438072599 -0.5964759128 -0.0434271554 -0.5894132859 -0.9582386099 -0.6325020171 -0.0826640583 -0.5567433237 0.4426892890 -0.6209805273 -0.5438081315 -0.5590217718
-0.9700683160 -0.6270472062 -0.9389924110 -0.5880071525 -0.0285260242 -0.5806431230 -0.9529239180 -0.6236183504 -0.0682071713 -0.5474704490 0.4336752995 -0.6136613973 -0.5328307126 -0.5483640320
-0.9653944589 -0.6199336499 -0.9338208159 -0.5793083092 -0.0136005902 -0.5716475649 -0.9472488396 -0.6144988470 -0.0537118911 -0.5379855723 0.4244773327 -0.6060949528 -0.5216605975 -0.5375065633
-0.9603418625 -0.6125601310 -0.9282852396 -0.5703756758 0.0013467532 -0.5624231311 -0.9412066146 -0.6051399746 -0.0391801708 -0.5282856529 0.4150925137 -0.5982766309 -0.5102959445 -0.5264472606
-0.9549029103 -0.6049217344 -0.9223784474 -0.5612055457 0.0163136129 -0.5529663410 -0.9347904826 -0.5955382005 -0.0246139631 -0.5183676504 0.4055179676 -0.5902018690 -0.4987349120 -0.5151840193
-0.9490699855 -0.5970135451 -0.9160932045 -0.5517942118 0.0312975955 -0.5432737140 -0.9279936833 -0.5856899923 -0.0100152211 -0.5082285243 0.3957508195 -0.5818661042 -0.4869756583 -0.5037147344
-0.9428354716 -0.5888306482 -0.9094222762 -0.5421379673 0.0462963077 -0.5333417695 -0.9208094564 -0.5755918175 0.0046141025 -0.4978652341 0.3857881948 -0.5732647739 -0.4750163417 -0.4920373012
-0.9361917520 -0.5803681286 -0.9023584276 -0.5322331054 0.0613073562 -0.5231670270 -0.9132310415 -0.5652401436 0.0192720546 -0.4872747391 0.3756272185 -0.5643933152 -0.4628551206 -0.4801496148
-0.9291312101 -0.5716210714 -0.8948944241 -0.5220759190 0.0763283476 -0.5127460058 -0.9052516784 -0.5546314381 0.0339566824 -0.4764539990 0.3652650158 -0.5552471654 -0.4504901533 -0.4680495703
-0.9216462291 -0.5625845616 -0.8870230307 -0.5116627015 0.0913568888 -0.5020752254 -0.8968646067 -0.5437621685 0.0486660331 -0.4653999732 0.3546987118 -0.5458217619 -0.4379195982 -0.4557350630
-0.9137291926 -0.5532536842 -0.8787370128 -0.5009897458 0.1063905864 -0.4911512052 -0.8880630662 -0.5326288024 0.0633981536 -0.4541096212 0.3439254318 -0.5361125417 -0.4251416136 -0.4432039880
-0.9053724839 -0.5436235242 -0.8700291355 -0.4900533452 0.1214270471 -0.4799704647 -0.8788402965 -0.5212278072 0.0781510912 -0.4425799024 0.3329423008 -0.5261149423 -0.4121543577 -0.4304542404
-0.8965684863 -0.5336891667 -0.8608921641 -0.4788497926 0.1364638776 -0.4685295231 -0.8691895373 -0.5095556505 0.0929228929 -0.4308077764 0.3217464441 -0.5158244008 -0.3989559891 -0.4174837154
-0.8873095833 -0.5234456967 -0.8513188638 -0.4673753813 0.1514986846 -0.4568249000 -0.8591040283 -0.4976087998 0.1077116057 -0.4187902026 0.3103349868 -0.5052363544 -0.3855446659 -0.4042903083
-0.8775881583 -0.5128881992 -0.8413019998 -0.4556264044 0.1665290748 -0.4448531148 -0.8485770092 -0.4853837225 0.1225152770 -0.4065241405 0.2987050541 -0.4943462406 -0.3719185465 -0.3908719141
-0.8673965945 -0.5020117591 -0.8308343373 -0.4435991549 0.1815526548 -0.4326106868 -0.8376017196 -0.4728768862 0.1373319536 -0.3940065495 0.2868537712 -0.4831494963 -0.3580757893 -0.3772264280
-0.8567272755 -0.4908114616 -0.8199086416 -0.4312899261 0.1965670315 -0.4200941356 -0.8261713994 -0.4600847584 0.1521596828 -0.3812343893 0.2747782631 -0.4716415591 -0.3440145526 -0.3633517452
-0.8455725845 -0.4792823917 -0.8085176778 -0.4186950109 0.2115698115 -0.4072999805 -0.8142792880 -0.4470038066 0.1669965116 -0.3682046192 0.2624756551 -0.4598178660 -0.3297329947 -0.3492457608
-0.8339249050 -0.4674196343 -0.7966542112 -0.4058107027 0.2265586014 -0.3942247410 -0.8019186254 -0.4336304983 0.1818404871 -0.3549141987 0.2499430723 -0.4476738544 -0.3152292739 -0.3349063701
-0.8217766203 -0.4552182745 -0.7843110071 -0.3926332943 0.2415310081 -0.3808649364 -0.7890826510 -0.4199613010 0.1966896565 -0.3413600874 0.2371776400 -0.4352049614 -0.3005015487 -0.3203314682
-0.8091201139 -0.4426733973 -0.7714808306 -0.3791590791 0.2564846381 -0.3672170862 -0.7757646047 -0.4059926823 0.2115420668 -0.3275392446 0.2241764832 -0.4224066244 -0.2855479773 -0.3055189501
-0.7959477691 -0.4297800877 -0.7581564469 -0.3653843500 0.2714170982 -0.3532777098 -0.7619577260 -0.3917211096 0.2263957651 -0.3134486300 0.2109367271 -0.4092742806 -0.2703667180 -0.2904667112
-0.7822519692 -0.4165334308 -0.7443306213 -0.3513054003 0.2863259952 -0.3390433266 -0.7476552548 -0.3771430505 0.2412487986 -0.2990852028 0.1974554969 -0.3958033673 -0.2549559293 -0.2751726466
-0.7680250978 -0.4029285115 -0.7299961190 -0.3369185230 0.3012089356 -0.3245104561 -0.7328504306 -0.3622549724 0.2560992144 -0.2844459228 0.1837299177 -0.3819893216 -0.2393137694 -0.2596346514
-0.7532595381 -0.3889604149 -0.7151457052 -0.3222200112 0.3160635262 -0.3096756176 -0.7175364932 -0.3470533429 0.2709450595 -0.2695277492 0.1697571148 -0.3678275809 -0.2234383966 -0.2438506208
-0.7379476735 -0.3746242260 -0.6997721452 -0.3072061582 0.3308873737 -0.2945353306 -0.7017066823 -0.3315346295 0.2857843810 -0.2543276417 0.1555342133 -0.3533135824 -0.2073279694 -0.2278184500
-0.7220818874 -0.3599150298 -0.6838682041 -0.2918732569 0.3456780847 -0.2790861145 -0.6853542375 -0.3156952996 0.3006152261 -0.2388425597 0.1410583383 -0.3384427634 -0.1909806460 -0.2115360341
-0.7056545632 -0.3448279113 -0.6674266472 -0.2762176006 0.3604332661 -0.2633244887 -0.6684723985 -0.2995318209 0.3154356419 -0.2230694626 0.1263266150 -0.3232105610 -0.1743945848 -0.1950012684
