-0.9266950693 -0.8614969934 -0.8322655793 0.9077884550 -0.9746668147 -0.8572680822 -0.9738048829 0.8674078172 -0.7753399290 -0.8521520763 -0.9473715508 -0.8684656591 0.9550189074 0.8397215492
-0.9259151990 -0.8594989961 -0.8297759181 0.9062985604 -0.9743396439 -0.8556484466 -0.9732393843 0.8653139997 -0.7722800798 -0.8506361247 -0.9464798307 -0.8666946139 0.9538593028 0.8375085625
-0.9251559129 -0.8575336127 -0.8273261861 0.9048201525 -0.9740085580 -0.8540783396 -0.9726622905 0.8632444295 -0.7692880679 -0.8491776752 -0.9455873064 -0.8649583100 0.9526829928 0.8353389754
-0.9244159849 -0.8555996374 -0.8249151542 0.9033522242 -0.9736725814 -0.8525562834 -0.9720727588 0.8611980224 -0.7663623869 -0.8477751324 -0.9446930434 -0.8632554815 0.9514892859 0.8332114741
-0.9236941889 -0.8536958645 -0.8225415930 0.9018937688 -0.9733307380 -0.8510808000 -0.9714699463 0.8591736940 -0.7635015303 -0.8464269008 -0.9437961068 -0.8615848626 0.9502774906 0.8311247450
-0.9229892988 -0.8518210882 -0.8202042734 0.9004437794 -0.9729820522 -0.8496504115 -0.9708530105 0.8571703600 -0.7607039917 -0.8451313850 -0.9428955620 -0.8599451876 0.9490469154 0.8290774743
-0.9223000885 -0.8499741027 -0.8179019663 0.8990012490 -0.9726255479 -0.8482636401 -0.9702211086 0.8551869363 -0.7579682646 -0.8438869894 -0.9419904744 -0.8583351907 0.9477968688 0.8270683485
-0.9216253318 -0.8481537023 -0.8156334423 0.8975651709 -0.9722602493 -0.8469190078 -0.9695733979 0.8532223384 -0.7552928427 -0.8426921188 -0.9410799091 -0.8567536061 0.9465266593 0.8250960538
-0.9209638028 -0.8463586812 -0.8133974722 0.8961345380 -0.9718851807 -0.8456150368 -0.9689090357 0.8512754821 -0.7526762195 -0.8415451775 -0.9401629315 -0.8551991679 0.9452355955 0.8231592766
-0.9203142753 -0.8445878337 -0.8111928270 0.8947083436 -0.9714993661 -0.8443502491 -0.9682271792 0.8493452832 -0.7501168885 -0.8404445702 -0.9392386068 -0.8536706106 0.9439229857 0.8212567032
-0.9196755231 -0.8428399540 -0.8090182773 0.8932855807 -0.9711018297 -0.8431231668 -0.9675269857 0.8474306574 -0.7476133433 -0.8393887014 -0.9383060005 -0.8521666681 0.9425881387 0.8193870200
-0.9190463202 -0.8411138364 -0.8068725939 0.8918652425 -0.9706915956 -0.8419323120 -0.9668076126 0.8455305204 -0.7451640774 -0.8383759757 -0.9373641777 -0.8506860749 0.9412303627 0.8175489132
-0.9184254405 -0.8394082751 -0.8047545477 0.8904463221 -0.9702676879 -0.8407762069 -0.9660682171 0.8436437878 -0.7427675845 -0.8374047975 -0.9364122038 -0.8492275650 0.9398489665 0.8157410692
-0.9178116579 -0.8377220642 -0.8026629094 0.8890278126 -0.9698291309 -0.8396533735 -0.9653079564 0.8417693755 -0.7404223581 -0.8364735716 -0.9354491440 -0.8477898727 0.9384432584 0.8139621743
-0.9172037462 -0.8360539982 -0.8005964498 0.8876087071 -0.9693749487 -0.8385623338 -0.9645259879 0.8399061991 -0.7381268916 -0.8355807023 -0.9344740637 -0.8463717323 0.9370125469 0.8122109149
-0.9166004794 -0.8344028712 -0.7985539397 0.8861879988 -0.9689041653 -0.8375016101 -0.9637214689 0.8380531743 -0.7358796788 -0.8347245942 -0.9334860281 -0.8449718779 0.9355561407 0.8104859773
-0.9160006313 -0.8327674775 -0.7965341499 0.8847646808 -0.9684158050 -0.8364697244 -0.9628935565 0.8362092170 -0.7336792132 -0.8339036520 -0.9324841026 -0.8435890437 0.9340733481 0.8087860477
-0.9154029759 -0.8311466113 -0.7945358512 0.8833377461 -0.9679088919 -0.8354651988 -0.9620414082 0.8343732427 -0.7315239883 -0.8331162801 -0.9314673524 -0.8422219640 0.9325634778 0.8071098126
-0.9148062870 -0.8295390668 -0.7925578144 0.8819061879 -0.9673824501 -0.8344865553 -0.9611641812 0.8325441673 -0.7294124976 -0.8323608831 -0.9304348428 -0.8408693731 0.9310258381 0.8054559583
-0.9142093386 -0.8279436383 -0.7905988102 0.8804689994 -0.9668355037 -0.8335323162 -0.9602610328 0.8307209064 -0.7273432348 -0.8316358656 -0.9293856392 -0.8395300050 0.9294597376 0.8038231711
-0.9136109045 -0.8263591201 -0.7886576095 0.8790251736 -0.9662670770 -0.8326010034 -0.9593311202 0.8289023757 -0.7253146934 -0.8309396320 -0.9283188068 -0.8382025941 0.9278644849 0.8022101373
-0.9130097586 -0.8247843063 -0.7867329831 0.8775737037 -0.9656761941 -0.8316911392 -0.9583736007 0.8270874910 -0.7233253669 -0.8302705870 -0.9272334110 -0.8368858746 0.9262393884 0.8006155432
-0.9124046749 -0.8232179913 -0.7848237017 0.8761135827 -0.9650618791 -0.8308012455 -0.9573876317 0.8252751681 -0.7213737490 -0.8296271351 -0.9261285169 -0.8355785806 0.9245837566 0.7990380752
-0.9117944272 -0.8216589692 -0.7829285362 0.8746438039 -0.9644231561 -0.8299298444 -0.9563723704 0.8234643225 -0.7194583331 -0.8290076808 -0.9250031900 -0.8342794464 0.9228968980 0.7974764197
-0.9111777894 -0.8201060344 -0.7810462572 0.8731633602 -0.9637590494 -0.8290754582 -0.9553269741 0.8216538701 -0.7175776129 -0.8284106287 -0.9238564955 -0.8329872062 0.9211781212 0.7959292629
-0.9105535354 -0.8185579810 -0.7791756357 0.8716712449 -0.9630685829 -0.8282366088 -0.9542506000 0.8198427265 -0.7157300819 -0.8278343833 -0.9226874986 -0.8317005942 0.9194267347 0.7943952911
-0.9099204391 -0.8170136033 -0.7773154424 0.8701664511 -0.9623507810 -0.8274118184 -0.9531424055 0.8180298075 -0.7139142336 -0.8272773492 -0.9214952648 -0.8304183447 0.9176420469 0.7928731907
-0.9092772744 -0.8154716955 -0.7754644481 0.8686479718 -0.9616046677 -0.8265996090 -0.9520015478 0.8162140287 -0.7121285617 -0.8267379310 -0.9202788593 -0.8291391919 0.9158233664 0.7913616481
-0.9086228153 -0.8139310519 -0.7736214236 0.8671148003 -0.9608292672 -0.8257985028 -0.9508271843 0.8143943060 -0.7103715596 -0.8262145331 -0.9190373474 -0.8278618699 0.9139700017 0.7898593495
-0.9079558355 -0.8123904667 -0.7717851396 0.8655659295 -0.9600236035 -0.8250070219 -0.9496184721 0.8125695551 -0.7086417210 -0.8257055601 -0.9177697943 -0.8265851131 0.9120812612 0.7883649813
