-0.1419015628 -0.2690334604 -0.2652898693 -0.1853332546 -0.2257347986 -0.2077136617 -0.2408254307 -0.1819465643 -0.2100629564 -0.1747321363 0.1630908629 -0.2310378439 -0.2225135780 -0.1681024353
-0.1250745808 -0.2491657030 -0.2461351952 -0.1669382917 -0.2070428310 -0.1891270704 -0.2212199089 -0.1636025987 -0.1919912976 -0.1563336238 0.1454189299 -0.2123383673 -0.2027292633 -0.1505020222
-0.1079086280 -0.2289575831 -0.2266196026 -0.1482223007 -0.1880067006 -0.1702075647 -0.2012890501 -0.1449386495 -0.1735671322 -0.1376229472 0.1274195216 -0.1932906121 -0.1826381978 -0.1325675490
-0.0904002439 -0.2084064211 -0.2067398485 -0.1291824809 -0.1686233152 -0.1509522038 -0.1810302828 -0.1259519200 -0.1547870876 -0.1185974458 0.1090895619 -0.1738914233 -0.1622383705 -0.1142958188
-0.0725459677 -0.1875095371 -0.1864926896 -0.1098160316 -0.1488895831 -0.1313580466 -0.1604410350 -0.1066396135 -0.1356477913 -0.0992544588 0.0904259744 -0.1541376465 -0.1415277704 -0.0956836345
-0.0543423389 -0.1662642514 -0.1658748828 -0.0901201520 -0.1288024121 -0.1114221522 -0.1395187351 -0.0869989334 -0.1161458707 -0.0795913254 0.0714256827 -0.1340261268 -0.1205043865 -0.0767277994
-0.0357858968 -0.1446678843 -0.1448831850 -0.0700920415 -0.1083587103 -0.0911415798 -0.1182608112 -0.0670270831 -0.0962779533 -0.0596053848 0.0520856104 -0.1135537095 -0.0991662078 -0.0574251165
-0.0168731809 -0.1227177560 -0.1235143530 -0.0497288993 -0.0875553859 -0.0705133883 -0.0966646916 -0.0467212659 -0.0760406664 -0.0392939763 0.0324026812 -0.0927172399 -0.0775112232 -0.0377723889
0.0023992697 -0.1004111869 -0.1017651437 -0.0290279247 -0.0663893467 -0.0495346369 -0.0747278045 -0.0260786852 -0.0554306375 -0.0186544389 0.0123738187 -0.0715135633 -0.0555374219 -0.0177664196
0.0220349153 -0.0777454970 -0.0796323139 -0.0079863171 -0.0448575009 -0.0282023845 -0.0524475782 -0.0050965443 -0.0344444940 0.0023158880 -0.0080040534 -0.0499395249 -0.0332427927 0.0025959883
0.0420372168 -0.0547180068 -0.0571126204 0.0133987243 -0.0229567564 -0.0065136904 -0.0298214408 0.0162279533 -0.0130788633 0.0236196653 -0.0287340114 -0.0279919701 -0.0106253248 0.0233180317
0.0624096347 -0.0313260365 -0.0342028202 0.0351300003 -0.0006840214 0.0155343865 -0.0068468206 0.0378976043 0.0086696271 0.0452595538 -0.0498191318 -0.0056677441 0.0123169930 0.0444029075
0.0831556296 -0.0075669062 -0.0108996700 0.0572103115 0.0219637962 0.0379447872 0.0164788542 0.0599152054 0.0308043497 0.0672382143 -0.0712624909 0.0170363078 0.0355861717 0.0658538126
0.1042786623 0.0165620636 0.0128000732 0.0796424586 0.0449897883 0.0607204524 0.0401581554 0.0822835532 0.0533286773 0.0895583075 -0.0930671650 0.0401233404 0.0591842221 0.0876739440
0.1257821932 0.0410635529 0.0368996527 0.1024292423 0.0683970469 0.0838643232 0.0641936546 0.1050054443 0.0762459823 0.1122224943 -0.1152362306 0.0635965083 0.0831131554 0.1098664986
0.1476696830 0.0659402412 0.0614023115 0.1255734634 0.0921886640 0.1073793405 0.0885879238 0.1280836753 0.0995596373 0.1352334354 -0.1377727639 0.0874589662 0.1073749825 0.1324346733
0.1699445924 0.0911948084 0.0863112928 0.1490779226 0.1163677314 0.1312684452 0.1133435346 0.1515210429 0.1232730149 0.1585937918 -0.1606798413 0.1117138690 0.1319717145 0.1553816651
0.1926103820 0.1168299341 0.1116298398 0.1729454206 0.1409373412 0.1555345782 0.1384630590 0.1753203438 0.1473894876 0.1823062240 -0.1839605392 0.1363643712 0.1569053622 0.1787106708
0.2156705125 0.1428482983 0.1373611957 0.1971787580 0.1659005854 0.1801806806 0.1639490685 0.1994843745 0.1719124281 0.2063733930 -0.2076179339 0.1614136277 0.1821779369 0.2024248873
0.2391284443 0.1692525804 0.1635086034 0.2217807357 0.1912605559 0.2052096931 0.1898041350 0.2240159318 0.1968452089 0.2307979596 -0.2316551018 0.1868647931 0.2077914493 0.2265275117
0.2629876383 0.1960454605 0.1900753064 0.2467541543 0.2170203447 0.2306245568 0.2160308303 0.2489178121 0.2221912025 0.2555825845 -0.2560751193 0.2127210222 0.2337479106 0.2510217408
0.2872515549 0.2232296180 0.2170645475 0.2721018145 0.2431830437 0.2564282126 0.2426317261 0.2741928123 0.2479537816 0.2807299286 -0.2808810627 0.2389854697 0.2600493318 0.2759107715
0.3119236549 0.2508077329 0.2444795701 0.2978265170 0.2697517449 0.2826236014 0.2696093943 0.2998437288 0.2741363187 0.3062426526 -0.3060760083 0.2656612903 0.2866977238 0.3011978008
0.3370073988 0.2787824848 0.2723236172 0.3239310626 0.2967295403 0.3092136642 0.2969664065 0.3258733584 0.3007421864 0.3321234173 -0.3316630325 0.2927516387 0.3136950977 0.3268860256
0.3625062474 0.3071565536 0.3005999321 0.3504182520 0.3241195218 0.3362013418 0.3247053346 0.3522844976 0.3277747573 0.3583748836 -0.3576452117 0.3202596697 0.3410434644 0.3529786428
0.3884236611 0.3359326188 0.3293117578 0.3772908858 0.3519247814 0.3635895752 0.3528287504 0.3790799432 0.3552374039 0.3849997121 -0.3840256222 0.3481885380 0.3687448350 0.3794788493
0.4147631007 0.3651133604 0.3584623375 0.4045517649 0.3801484110 0.3913813054 0.3813392255 0.4062624918 0.3831334988 0.4120005639 -0.4108073404 0.3765413982 0.3968012204 0.4063898421
0.4415280268 0.3947014579 0.3880549144 0.4322036898 0.4087935027 0.4195794733 0.4102393319 0.4338349399 0.4114664145 0.4393800995 -0.4379934427 0.4053214052 0.4252146317 0.4337148180
0.4687219000 0.4246995912 0.4180927315 0.4602494614 0.4378631484 0.4481870197 0.4395316412 0.4618000842 0.4402395238 0.4671409799 -0.4655870053 0.4345317136 0.4539870798 0.4614569741
0.4963481809 0.4551104400 0.4485790321 0.4886918803 0.4673604401 0.4772068857 0.4692187252 0.4901607214 0.4694561990 0.4952858657 -0.4935911047 0.4641754781 0.4831205759 0.4896195072
