-0.5948643103 -0.4445932268 -0.7079743229 0.6110755232 -0.7179236737 0.7513478252 -0.7887324376 0.5767537243 -0.7877964124 0.8786779119 -0.7486038456 -0.4632499245 0.4843717274 0.5840412697
-0.5892983957 -0.4336687707 -0.7006623464 0.6048126599 -0.7111897692 0.7426847286 -0.7827464925 0.5725473699 -0.7812945121 0.8735102156 -0.7391976487 -0.4578783601 0.4806435784 0.5781847470
-0.5836371208 -0.4226648504 -0.6932244909 0.5984486282 -0.7043296500 0.7338727966 -0.7766211376 0.5682540088 -0.7746517519 0.8681859251 -0.7296317414 -0.4524410486 0.4768503059 0.5722343149
-0.5778780277 -0.4115822727 -0.6856595517 0.5919814367 -0.6973417520 0.7249120045 -0.7703544113 0.5638702889 -0.7678665003 0.8627026586 -0.7199068353 -0.4469352532 0.4729881426 0.5661876894
-0.5720186583 -0.4004218442 -0.6779663243 0.5854090937 -0.6902245110 0.7158023274 -0.7639443523 0.5593928581 -0.7609371261 0.8570580347 -0.7100236416 -0.4413582371 0.4690533213 0.5600425865
-0.5660565546 -0.3891843716 -0.6701436041 0.5787296078 -0.6829763630 0.7065437405 -0.7573889990 0.5548183643 -0.7538619980 0.8512496716 -0.6999828717 -0.4357072635 0.4650420747 0.5537967220
-0.5599892587 -0.3778706613 -0.6621901864 0.5719409874 -0.6755957440 0.6971362188 -0.7506863900 0.5501434555 -0.7466394847 0.8452751880 -0.6897852371 -0.4299795957 0.4609506356 0.5474478119
-0.5538143125 -0.3664815202 -0.6541048668 0.5650412408 -0.6680810897 0.6875797377 -0.7438345639 0.5453647794 -0.7392679549 0.8391322020 -0.6794314491 -0.4241724969 0.4567752367 0.5409935721
-0.5475292581 -0.3550177548 -0.6458864407 0.5580283767 -0.6604308361 0.6778742723 -0.7368315591 0.5404789840 -0.7317457773 0.8328183323 -0.6689222191 -0.4182832302 0.4525121109 0.5344317185
-0.5411316354 -0.3434801712 -0.6375337031 0.5509004043 -0.6526433733 0.6680198005 -0.7296754139 0.5354827182 -0.7240712745 0.8263311988 -0.6582582581 -0.4123090584 0.4481574912 0.5277599673
-0.5346189924 -0.3318695778 -0.6290454504 0.5436553293 -0.6447172747 0.6580162891 -0.7223641676 0.5303726270 -0.7162429537 0.8196684151 -0.6474402787 -0.4062472461 0.4437076094 0.5209760336
-0.5279888652 -0.3201867795 -0.6204204770 0.5362911630 -0.6366508387 0.6478637217 -0.7148958580 0.5251453611 -0.7082590450 0.8128276045 -0.6364689910 -0.4000950552 0.4391586993 0.5140776341
-0.5212387977 -0.3084325835 -0.6116575789 0.5288059128 -0.6284425471 0.6375620705 -0.7072685239 0.5197975674 -0.7001179634 0.8058063837 -0.6253451069 -0.3938497492 0.4345069932 0.5070624845
-0.5143663320 -0.2966077964 -0.6027555512 0.5211975872 -0.6200908357 0.6271113109 -0.6994802038 0.5143258940 -0.6918180775 0.7986023712 -0.6140693378 -0.3875085915 0.4297487240 0.4999283008
-0.5073690100 -0.2847132248 -0.5937131895 0.5134641947 -0.6115941404 0.6165114180 -0.6915289363 0.5087269886 -0.6833577561 0.7912131854 -0.6026423950 -0.3810688451 0.4248801243 0.4926727988
-0.5002443737 -0.2727496755 -0.5845292892 0.5056037436 -0.6029508972 0.6057623669 -0.6834127598 0.5029974992 -0.6747353679 0.7836364447 -0.5910649899 -0.3745277734 0.4198974270 0.4852936944
-0.4929899652 -0.2607179550 -0.5752026456 0.4976142426 -0.5941595419 0.5948641327 -0.6751297129 0.4971340736 -0.6659492815 0.7758697675 -0.5793378340 -0.3678826396 0.4147968649 0.4777887037
-0.4856033264 -0.2486188701 -0.5657320543 0.4894936999 -0.5852185106 0.5838166908 -0.6666778342 0.4911333598 -0.6569978658 0.7679107723 -0.5674616385 -0.3611307068 0.4095746706 0.4701555424
-0.4780819993 -0.2364532272 -0.5561163106 0.4812401240 -0.5761262390 0.5726200161 -0.6580551621 0.4849920056 -0.6478794893 0.7597570775 -0.5554371149 -0.3542692383 0.4042270770 0.4623919266
-0.4704235259 -0.2242218331 -0.5463542100 0.4728515235 -0.5668811631 0.5612740840 -0.6492597352 0.4787066590 -0.6385925208 0.7514063015 -0.5432649746 -0.3472954972 0.3987503168 0.4544955721
-0.4626254483 -0.2119254945 -0.5364445478 0.4643259067 -0.5574817187 0.5497788695 -0.6402895921 0.4722739679 -0.6291353291 0.7428560627 -0.5309459290 -0.3402067468 0.3931406228 0.4464641948
-0.4546853084 -0.1995650178 -0.5263861195 0.4556612821 -0.5479263419 0.5381343478 -0.6311427712 0.4656905800 -0.6195062827 0.7341039795 -0.5184806894 -0.3330002503 0.3873942278 0.4382955108
-0.4466006483 -0.1871412099 -0.5161777205 0.4468556581 -0.5382134685 0.5263404941 -0.6218173111 0.4589531434 -0.6097037505 0.7251476703 -0.5058699672 -0.3256732710 0.3815073644 0.4299872358
-0.4383690098 -0.1746548773 -0.5058181463 0.4379070432 -0.5283415344 0.5143972836 -0.6123112503 0.4520583060 -0.5997261011 0.7159847536 -0.4931144739 -0.3182230719 0.3754762655 0.4215370859
-0.4299879351 -0.1621068266 -0.4953061921 0.4288134458 -0.5183089756 0.5023046914 -0.6026226274 0.4450027155 -0.5895717032 0.7066128478 -0.4802149208 -0.3106469163 0.3692971639 0.4129427769
-0.4214549661 -0.1494978646 -0.4846406536 0.4195728744 -0.5081142278 0.4900626927 -0.5927494808 0.4377830200 -0.5792389256 0.6970295713 -0.4671720193 -0.3029420675 0.3629662922 0.4042020248
-0.4127676449 -0.1368287978 -0.4738203260 0.4101833375 -0.4977557271 0.4776712627 -0.5826898492 0.4303958673 -0.5687261370 0.6872325425 -0.4539864808 -0.2951057887 0.3564798833 0.3953125455
-0.4039235133 -0.1241004329 -0.4628440049 0.4006428433 -0.4872319093 0.4651303764 -0.5724417710 0.4228379053 -0.5580317060 0.6772193799 -0.4406590166 -0.2871353429 0.3498341699 0.3862720549
-0.3949201135 -0.1113135765 -0.4517104855 0.3909494006 -0.4765412104 0.4524400092 -0.5620032848 0.4151057819 -0.5471540014 0.6669877018 -0.4271903383 -0.2790279936 0.3430253848 0.3770782689
-0.3857549874 -0.0984690352 -0.4404185634 0.3811010175 -0.4656820663 0.4396001361 -0.5513724291 0.4071961450 -0.5360913918 0.6565351267 -0.4135811570 -0.2707810038 0.3360497608 0.3677289035
