-0.0731546156 0.0214074902 0.0651362014 0.0062728191 0.0179805150 0.1733245600 0.0621029647 -0.0355870990 0.0364218543 -0.0139672747 -0.0368543277 0.1501220904 -0.1624546346 -0.1304018439
-0.0519557277 0.0397257052 0.0846148206 -0.0133386258 0.0371430518 0.1525185899 0.0808038710 -0.0553958791 0.0561266129 -0.0325909562 -0.0169577660 0.1681037702 -0.1798440428 -0.1481915415
-0.0304102789 0.0584008544 0.1043491400 -0.0332848258 0.0566306708 0.1312305229 0.0997971591 -0.0754813655 0.0761115128 -0.0515674031 0.0032976977 0.1863040193 -0.1974625865 -0.1662313674
-0.0085154284 0.0774366808 0.1243409281 -0.0535688279 0.0764463722 0.1094551690 0.1190854035 -0.0958455918 0.0963786708 -0.0709002117 0.0239154391 0.2047243693 -0.2153121227 -0.1845234256
0.0137316645 0.0968369273 0.1445919534 -0.0741936792 0.0965931563 0.0871873381 0.1386711785 -0.1164905916 0.1169302038 -0.0905929784 0.0448988337 0.2233663516 -0.2333945084 -0.2030698201
0.0363338405 0.1166053368 0.1651039844 -0.0951624268 0.1170740235 0.0644218402 0.1585570588 -0.1374183982 0.1377682286 -0.1106492994 0.0662512573 0.2422314978 -0.2517116005 -0.2218726549
0.0592939405 0.1367456524 0.1858787896 -0.1164781177 0.1378919739 0.0411534850 0.1787456188 -0.1586310452 0.1588948622 -0.1310727712 0.0879760855 0.2613213393 -0.2702652561 -0.2409340341
0.0826148051 0.1572616170 0.2069181375 -0.1381437990 0.1590500079 0.0173770825 0.1992394329 -0.1801305661 0.1803122214 -0.1518669900 0.1100766938 0.2806374078 -0.2890573321 -0.2602560616
0.1062992751 0.1781569736 0.2282237965 -0.1601625179 0.1805511257 -0.0069125573 0.2200410756 -0.2019189944 0.2020224232 -0.1730355523 0.1325564580 0.3001812346 -0.3080896856 -0.2798408414
0.1303501913 0.1994354650 0.2497975352 -0.1825373213 0.2023983275 -0.0317206247 0.2411531213 -0.2239983637 0.2240275843 -0.1945820544 0.1554187536 0.3199543514 -0.3273641735 -0.2996904777
0.1547703944 0.2211008343 0.2716411221 -0.2052712564 0.2245946138 -0.0570523096 0.2625781446 -0.2463707074 0.2463298218 -0.2165100926 0.1786669564 0.3399582895 -0.3468826528 -0.3198070743
0.1795627252 0.2431568245 0.2937563256 -0.2283673701 0.2471429847 -0.0829128021 0.2843187198 -0.2690380591 0.2689312524 -0.2388232632 0.2023044419 0.3601945807 -0.3666469806 -0.3401927354
0.2047300243 0.2656071784 0.3161449143 -0.2518287097 0.2700464406 -0.1093072924 0.3063774215 -0.2920024522 0.2918339931 -0.2615251627 0.2263345858 0.3806647563 -0.3866590139 -0.3608495648
0.2302751326 0.2884556391 0.3388086566 -0.2756583221 0.2933079816 -0.1362409706 0.3287568242 -0.3152659203 0.3150401608 -0.2846193874 0.2507607637 0.4013703478 -0.4069206095 -0.3817796667
0.2562008908 0.3117059495 0.3617493211 -0.2998592545 0.3169306081 -0.1637190267 0.3514595022 -0.3388304969 0.3385518722 -0.3081095335 0.2755863512 0.4223128868 -0.4274336246 -0.4029851451
0.2825101396 0.3353618525 0.3849686762 -0.3244345538 0.3409173203 -0.1917466509 0.3744880301 -0.3626982155 0.3623712445 -0.3319991976 0.3008147240 0.4434939048 -0.4481999161 -0.4244681039
0.3092057198 0.3594270912 0.4084684905 -0.3493872673 0.3652711186 -0.2203290331 0.3978449823 -0.3868711095 0.3865003943 -0.3562919758 0.3264492578 0.4649149334 -0.4692213410 -0.4462306472
0.3362904722 0.3839054084 0.4322505324 -0.3747204418 0.3899950032 -0.2494713636 0.4215329332 -0.4113512126 0.4109414386 -0.3809914647 0.3524933281 0.4865775039 -0.4904997563 -0.4682748790
0.3637672375 0.4088005471 0.4563165704 -0.4004371247 0.4150919743 -0.2791788325 0.4455544574 -0.4361405582 0.4356964943 -0.4061012604 0.3789503106 0.5084831480 -0.5120370190 -0.4906029034
0.3916388563 0.4341162504 0.4806683730 -0.4265403628 0.4405650323 -0.3094566297 0.4699121294 -0.4612411797 0.4607676782 -0.4316249593 0.4058235809 0.5306333971 -0.5338349861 -0.5132168242
0.4199081696 0.4598562611 0.5053077088 -0.4530332032 0.4664171774 -0.3403099454 0.4946085235 -0.4866551108 0.4861571073 -0.4575661579 0.4331165147 0.5530297827 -0.5558955145 -0.5361187456
0.4485780180 0.4860243222 0.5302363462 -0.4799186932 0.4926514099 -0.3717439698 0.5196462142 -0.5123843850 0.5118668984 -0.4839284524 0.4608324876 0.5756738365 -0.5782204614 -0.5593107715
0.4776512423 0.5126241767 0.5554560536 -0.5071998796 0.5192707301 -0.4037638928 0.5450277761 -0.5384310357 0.5378991684 -0.5107154392 0.4889748752 0.5985670898 -0.6008116837 -0.5827950060
0.5071306832 0.5396595675 0.5809685997 -0.5348798096 0.5462781382 -0.4363749046 0.5707557835 -0.5647970964 0.5642560343 -0.5379307147 0.5175470532 0.6217110742 -0.6236710383 -0.6065735531
0.5370191814 0.5671342376 0.6067757529 -0.5629615303 0.5736766346 -0.4695821953 0.5968328110 -0.5914846007 0.5909396128 -0.5655778752 0.5465523972 0.6451073212 -0.6468003823 -0.6306485169
0.5673195778 0.5950519299 0.6328792817 -0.5914480887 0.6014692194 -0.5033909550 0.6232614329 -0.6184955821 0.6179520209 -0.5936605169 0.5759942829 0.6687573623 -0.6702015727 -0.6550220012
0.5980347131 0.6234163874 0.6592809545 -0.6203425319 0.6296588930 -0.5378063738 0.6500442239 -0.6458320741 0.6452953755 -0.6221822364 0.6058760858 0.6926627291 -0.6938764665 -0.6796961101
0.6291674279 0.6522313531 0.6859825400 -0.6496479070 0.6582486556 -0.5728336417 0.6771837582 -0.6734961101 0.6729717934 -0.6511466299 0.6362011816 0.7168249530 -0.7178269206 -0.7046729477
0.6607205632 0.6815005699 0.7129858065 -0.6793672611 0.6872415076 -0.6084779488 0.7046826105 -0.7014897238 0.7009833915 -0.6805572938 0.6669729460 0.7412455655 -0.7420547920 -0.7299546180
0.6926969595 0.7112277808 0.7402925226 -0.7095036412 0.7166404491 -0.6447444853 0.7325433552 -0.7298149485 0.7293322867 -0.7104178244 0.6981947546 0.7659260983 -0.7665619378 -0.7555432249
