-0.9318933515 -0.7990661175 -0.7169531961 -0.7469515791 -0.7658391322 -0.7602895525 -0.7576346271 -0.7526111056 -0.7549968441 -0.7726628867 0.6797071675 -0.7494370637 -0.7423106727 -0.6722716820
-0.9282848919 -0.7955188699 -0.7129664018 -0.7433702898 -0.7626141467 -0.7569219714 -0.7546313660 -0.7491403246 -0.7520114964 -0.7693417449 0.6760480794 -0.7462978974 -0.7391838735 -0.6682203971
-0.9245647792 -0.7918743484 -0.7088917238 -0.7396970631 -0.7592944145 -0.7534605655 -0.7515336205 -0.7455767549 -0.7489318844 -0.7659254137 0.6723040258 -0.7430654183 -0.7359644479 -0.6640858936
-0.9207317047 -0.7881312457 -0.7047280122 -0.7359306196 -0.7558785449 -0.7499039880 -0.7483399378 -0.7419190826 -0.7457565510 -0.7624125283 0.6684737733 -0.7397382164 -0.7326509846 -0.6598670560
-0.9167843600 -0.7842882545 -0.7004741168 -0.7320696798 -0.7523651477 -0.7462508922 -0.7450488652 -0.7381659940 -0.7424840391 -0.7588017243 0.6645560885 -0.7363148815 -0.7292420726 -0.6555627685
-0.9127214368 -0.7803440673 -0.6961288878 -0.7281129645 -0.7487528322 -0.7424999314 -0.7416589498 -0.7343161753 -0.7391128916 -0.7550916370 0.6605497381 -0.7327940037 -0.7257363004 -0.6511719154
-0.9085416266 -0.7762973770 -0.6916911751 -0.7240591942 -0.7450402081 -0.7386497588 -0.7381687389 -0.7303683128 -0.7356416512 -0.7512809017 0.6564534886 -0.7291741730 -0.7221322570 -0.6466933811
-0.9042436209 -0.7721468762 -0.6871598288 -0.7199070896 -0.7412258847 -0.7346990279 -0.7345767798 -0.7263210927 -0.7320688610 -0.7473681540 0.6522661067 -0.7254539792 -0.7184285311 -0.6421260500
-0.8998261112 -0.7678912576 -0.6825336988 -0.7156553713 -0.7373084717 -0.7306463918 -0.7308816196 -0.7221732011 -0.7283930639 -0.7433520291 0.6479863591 -0.7216320123 -0.7146237116 -0.6374688063
-0.8952877892 -0.7635292139 -0.6778116353 -0.7113027599 -0.7332865784 -0.7264905038 -0.7270818057 -0.7179233245 -0.7246128026 -0.7392311625 0.6436130123 -0.7177068624 -0.7107163871 -0.6327205344
-0.8906273463 -0.7590594377 -0.6729924881 -0.7068479760 -0.7291588145 -0.7222300173 -0.7231758853 -0.7135701489 -0.7207266202 -0.7350041895 0.6391448330 -0.7136771193 -0.7067051465 -0.6278801187
-0.8858434742 -0.7544806217 -0.6680751074 -0.7022897404 -0.7249237895 -0.7178635856 -0.7191624055 -0.7091123606 -0.7167330594 -0.7306697456 0.6345805878 -0.7095413731 -0.7025885785 -0.6229464434
-0.8809348643 -0.7497914587 -0.6630583430 -0.6976267735 -0.7205801128 -0.7133898618 -0.7150399137 -0.7045486459 -0.7126306632 -0.7262264661 0.6299190433 -0.7052982136 -0.6983652721 -0.6179183930
-0.8759002083 -0.7449906412 -0.6579410452 -0.6928577961 -0.7161263940 -0.7088074993 -0.7108069571 -0.6998776910 -0.7084179745 -0.7216729865 0.6251589662 -0.7009462309 -0.6940338158 -0.6127948517
-0.8707381977 -0.7400768621 -0.6527220638 -0.6879815287 -0.7115612426 -0.7041151515 -0.7064620829 -0.6950981821 -0.7040935361 -0.7170079421 0.6202991231 -0.6964840150 -0.6895927986 -0.6075747039
-0.8654475240 -0.7350488139 -0.6474002488 -0.6829966920 -0.7068832680 -0.6993114715 -0.7020038383 -0.6902088054 -0.6996558909 -0.7122299683 0.6153382807 -0.6919101557 -0.6850408092 -0.6022568339
-0.8600268788 -0.7299051894 -0.6419744504 -0.6779020066 -0.7020910799 -0.6943951127 -0.6974307707 -0.6852082472 -0.6951035819 -0.7073377005 0.6102752054 -0.6872232431 -0.6803764364 -0.5968401261
-0.8544749537 -0.7246446812 -0.6364435184 -0.6726961932 -0.6971832877 -0.6893647283 -0.6927414271 -0.6800951937 -0.6904351518 -0.7023297741 0.6051086641 -0.6824218671 -0.6755982689 -0.5913234647
-0.8487904401 -0.7192659820 -0.6308063030 -0.6673779723 -0.6921585009 -0.6842189717 -0.6879343550 -0.6748683311 -0.6856491437 -0.6972048246 0.5998374232 -0.6775046177 -0.6707048957 -0.5857057343
-0.8429720298 -0.7137677846 -0.6250616541 -0.6619460646 -0.6870153290 -0.6789564961 -0.6830081014 -0.6695263458 -0.6807441004 -0.6919614872 0.5944602494 -0.6724700848 -0.6656949054 -0.5799858189
-0.8370184141 -0.7081487815 -0.6192084217 -0.6563991907 -0.6817523816 -0.6735759548 -0.6779612137 -0.6640679238 -0.6757185647 -0.6865983974 0.5889759095 -0.6673168585 -0.6605668868 -0.5741626031
-0.8309282847 -0.7024076655 -0.6132454559 -0.6507360713 -0.6763682681 -0.6680760011 -0.6727922391 -0.6584917515 -0.6705710796 -0.6811141905 0.5833831699 -0.6620435286 -0.6553194288 -0.5682349711
-0.8247003331 -0.6965431293 -0.6071716066 -0.6449554269 -0.6708615981 -0.6624552884 -0.6674997249 -0.6527965150 -0.6653001879 -0.6755075021 0.5776807972 -0.6566486851 -0.6499511201 -0.5622018073
-0.8183332508 -0.6905538655 -0.6009857240 -0.6390559783 -0.6652309811 -0.6567124698 -0.6620822181 -0.6469809006 -0.6599044325 -0.6697769673 0.5718675583 -0.6511309180 -0.6444605495 -0.5560619961
-0.8118257295 -0.6844385668 -0.5946866579 -0.6330364459 -0.6594750265 -0.6508461987 -0.6565382662 -0.6410435946 -0.6543823564 -0.6639212218 0.5659422196 -0.6454888173 -0.6388463058 -0.5498144216
-0.8051764607 -0.6781959259 -0.5882732584 -0.6268955505 -0.6535923440 -0.6448551283 -0.6508664163 -0.6349832831 -0.6487325024 -0.6579389008 0.5599035478 -0.6397209729 -0.6331069777 -0.5434579684
-0.7983841359 -0.6718246355 -0.5817443756 -0.6206320126 -0.6475815430 -0.6387379120 -0.6450652157 -0.6287986525 -0.6429534134 -0.6518286397 0.5537503094 -0.6338259748 -0.6272411542 -0.5369915207
-0.7914474467 -0.6653233883 -0.5750988594 -0.6142445530 -0.6414412330 -0.6324932031 -0.6391332116 -0.6224883888 -0.6370436323 -0.6455890739 0.5474812713 -0.6278024130 -0.6212474239 -0.5304139628
-0.7843650846 -0.6586908770 -0.5683355599 -0.6077318922 -0.6351700235 -0.6261196547 -0.6330689513 -0.6160511784 -0.6310017019 -0.6392188389 0.5410951999 -0.6216488773 -0.6151243756 -0.5237241792
-0.7771357412 -0.6519257942 -0.5614533270 -0.6010927508 -0.6287665241 -0.6196159203 -0.6268709819 -0.6094857076 -0.6248261652 -0.6327165700 0.5345908619 -0.6153639578 -0.6088705981 -0.5169210540
