-0.7927011062 -0.9018866031 -0.7574808005 -0.9108822369 -0.9659795020 -0.8977326644 -0.8109060071 -0.9073677456 -0.9543619030 -0.9097993418 0.9249476066 -0.9316341965 -0.9344913107 -0.8708744255
-0.7928515614 -0.9005856231 -0.7577057898 -0.9095961419 -0.9647380909 -0.8962082698 -0.8105792836 -0.9060383350 -0.9529470066 -0.9084103265 0.9236996996 -0.9307202476 -0.9333206581 -0.8687357336
-0.7930293646 -0.8993068647 -0.7579597882 -0.9083264248 -0.9634756435 -0.8947012371 -0.8102851882 -0.9047262765 -0.9515132364 -0.9070348629 0.9224595542 -0.9298209871 -0.9321537126 -0.8666119604
-0.7932342365 -0.8980501139 -0.7582425058 -0.9070729079 -0.9621922155 -0.8932113892 -0.8100234194 -0.9034313875 -0.9500606396 -0.9056727938 0.9212270454 -0.9289362366 -0.9309903725 -0.8645029625
-0.7934658975 -0.8968151564 -0.7585536524 -0.9058354132 -0.9608878623 -0.8917385492 -0.8097936761 -0.9021534851 -0.9485892633 -0.9043239621 0.9200020483 -0.9280658177 -0.9298305360 -0.8624085965
-0.7937240681 -0.8956017783 -0.7588929379 -0.9046137628 -0.9595626396 -0.8902825401 -0.8095956570 -0.9008923867 -0.9470991547 -0.9029882108 0.9187844379 -0.9272095522 -0.9286741014 -0.8603287190
-0.7940084688 -0.8944097654 -0.7592600723 -0.9034077789 -0.9582166031 -0.8888431849 -0.8094290607 -0.8996479096 -0.9455903610 -0.9016653827 0.9175740893 -0.9263672618 -0.9275209667 -0.8582631865
-0.7943188202 -0.8932389036 -0.7596547655 -0.9022172836 -0.9568498082 -0.8874203066 -0.8092935860 -0.8984198711 -0.9440629294 -0.9003553208 0.9163708776 -0.9255387680 -0.9263710303 -0.8562118557
-0.7946548426 -0.8920889788 -0.7600767275 -0.9010420990 -0.9554623106 -0.8860137283 -0.8091889316 -0.8972080885 -0.9425169071 -0.8990578681 0.9151746778 -0.9247238927 -0.9252241904 -0.8541745830
-0.7950162565 -0.8909597768 -0.7605256681 -0.8998820473 -0.9540541659 -0.8846232729 -0.8091147963 -0.8960123790 -0.9409523412 -0.8977728673 0.9139853650 -0.9239224574 -0.9240803452 -0.8521512252
-0.7954027825 -0.8898510836 -0.7610012972 -0.8987369505 -0.9526254298 -0.8832487635 -0.8090708788 -0.8948325600 -0.9393692788 -0.8965001614 0.9128028143 -0.9231342840 -0.9229393929 -0.8501416387
-0.7958141411 -0.8887626851 -0.7615033249 -0.8976066308 -0.9511761577 -0.8818900232 -0.8090568778 -0.8936684488 -0.9377677673 -0.8952395934 0.9116269007 -0.9223591940 -0.9218012317 -0.8481456802
-0.7962500528 -0.8876943671 -0.7620314611 -0.8964909103 -0.9497064054 -0.8805468748 -0.8090724920 -0.8925198626 -0.9361478537 -0.8939910062 0.9104574993 -0.9215970091 -0.9206657598 -0.8461632062
-0.7967102379 -0.8866459155 -0.7625854156 -0.8953896111 -0.9482162283 -0.8792191415 -0.8091174202 -0.8913866187 -0.9345095853 -0.8927542426 0.9092944851 -0.9208475510 -0.9195328755 -0.8441940733
-0.7971944171 -0.8856171163 -0.7631648983 -0.8943025554 -0.9467056822 -0.8779066463 -0.8091913610 -0.8902685345 -0.9328530092 -0.8915291456 0.9081377333 -0.9201106415 -0.9184024769 -0.8422381381
-0.7977023108 -0.8846077552 -0.7637696194 -0.8932295652 -0.9451748226 -0.8766092121 -0.8092940132 -0.8891654273 -0.9311781725 -0.8903155581 0.9069871188 -0.9193861022 -0.9172744623 -0.8402952572
-0.7982336396 -0.8836176183 -0.7643992885 -0.8921704628 -0.9436237050 -0.8753266620 -0.8094250756 -0.8880771142 -0.9294851225 -0.8891133230 0.9058425168 -0.9186737547 -0.9161487300 -0.8383652871
-0.7987881238 -0.8826464914 -0.7650536157 -0.8911250702 -0.9420523852 -0.8740588191 -0.8095842467 -0.8870034127 -0.9277739064 -0.8879222832 0.9047038023 -0.9179734208 -0.9150251780 -0.8364480844
-0.7993654840 -0.8816941604 -0.7657323110 -0.8900932095 -0.9404609187 -0.8728055063 -0.8097712255 -0.8859441400 -0.9260445713 -0.8867422817 0.9035708503 -0.9172849222 -0.9139037047 -0.8345435057
-0.7999654407 -0.8807604112 -0.7664350841 -0.8890747029 -0.9388493611 -0.8715665466 -0.8099857106 -0.8848991135 -0.9242971644 -0.8855731613 0.9024435360 -0.9166080805 -0.9127842082 -0.8326514077
-0.8005877143 -0.8798450296 -0.7671616451 -0.8880693725 -0.9372177680 -0.8703417632 -0.8102274006 -0.8838681503 -0.9225317329 -0.8844147650 0.9013217345 -0.9159427174 -0.9116665868 -0.8307716468
-0.8012320254 -0.8789478016 -0.7679117039 -0.8870770404 -0.9355661951 -0.8691309789 -0.8104959945 -0.8828510679 -0.9207483239 -0.8832669356 0.9002053206 -0.9152886546 -0.9105507387 -0.8289040796
-0.8018980945 -0.8780685131 -0.7686849704 -0.8860975287 -0.9338946978 -0.8679340169 -0.8107911907 -0.8818476834 -0.9189469846 -0.8821295162 0.8990941697 -0.9146457138 -0.9094365620 -0.8270485627
-0.8025856420 -0.8772069499 -0.7694811546 -0.8851306596 -0.9322033318 -0.8667507000 -0.8111126882 -0.8808578142 -0.9171277623 -0.8810023496 0.8979881566 -0.9140137166 -0.9083239551 -0.8252049528
-0.8032943884 -0.8763628979 -0.7702999663 -0.8841762551 -0.9304921528 -0.8655808515 -0.8114601856 -0.8798812777 -0.9152907040 -0.8798852787 0.8968871564 -0.9133924848 -0.9072128161 -0.8233731063
-0.8040240543 -0.8755361431 -0.7711411155 -0.8832341375 -0.9287612163 -0.8644242942 -0.8118333816 -0.8789178910 -0.9134358570 -0.8787781464 0.8957910443 -0.9127818401 -0.9061030433 -0.8215528799
-0.8047743600 -0.8747264713 -0.7720043121 -0.8823041288 -0.9270105778 -0.8632808512 -0.8122319750 -0.8779674715 -0.9115632684 -0.8776807957 0.8946996953 -0.9121816040 -0.9049945348 -0.8197441302
-0.8055450262 -0.8739336684 -0.7728892660 -0.8813860511 -0.9252402931 -0.8621503455 -0.8126556645 -0.8770298364 -0.9096729855 -0.8765930695 0.8936129845 -0.9115915984 -0.9038871889 -0.8179467137
-0.8063357733 -0.8731575203 -0.7737956872 -0.8804797266 -0.9234504177 -0.8610326002 -0.8131041488 -0.8761048032 -0.9077650553 -0.8755148106 0.8925307869 -0.9110116449 -0.9027809038 -0.8161604869
-0.8071463217 -0.8723978128 -0.7747232856 -0.8795849775 -0.9216410073 -0.8599274382 -0.8135771266 -0.8751921890 -0.9058395252 -0.8744458620 0.8914529775 -0.9104415651 -0.9016755777 -0.8143853066
