0.1336438207 0.3002379358 0.1478980612 0.2386391150 0.4506638577 0.2442437483 0.1218207448 0.2356506790 0.4409821964 0.2547770917 -0.3315565825 0.2374568638 0.2963995518 0.2588901877
0.1534910059 0.3167675103 0.1676348886 0.2561500357 0.4630030365 0.2616361296 0.1419728442 0.2532063174 0.4534830881 0.2718531046 -0.3473790590 0.2550403570 0.3126309901 0.2757731536
0.1735653402 0.3334544520 0.1875846462 0.2738564187 0.4754964351 0.2792219727 0.1623537705 0.2709594112 0.4661438128 0.2891235084 -0.3633499632 0.2728173513 0.3290401709 0.2928543560
0.1938680493 0.3502995391 0.2077483747 0.2917593603 0.4881451693 0.2970023630 0.1829647203 0.2889110738 0.4789655316 0.3065894264 -0.3794700409 0.2907889155 0.3456281154 0.3101349760
0.2144003595 0.3673035498 0.2281271146 0.3098599565 0.5009503551 0.3149783859 0.2038068899 0.3070624185 0.4919494057 0.3242519819 -0.3957400379 0.3089561186 0.3623958448 0.3276161948
0.2351634967 0.3844672621 0.2487219066 0.3281593035 0.5139131082 0.3331511267 0.2248814758 0.3254145588 0.5050965963 0.3421122980 -0.4121607000 0.3273200293 0.3793443800 0.3452991939
0.2561586868 0.4017914543 0.2695337914 0.3466584974 0.5270345445 0.3515216707 0.2461896745 0.3439686079 0.5184082647 0.3601714982 -0.4287327729 0.3458817165 0.3964747424 0.3631851543
0.2773871560 0.4192769046 0.2905638095 0.3653586344 0.5403157799 0.3700911035 0.2677326824 0.3627256793 0.5318855720 0.3784307056 -0.4454570024 0.3646422491 0.4137879530 0.3812752574
0.2988501301 0.4369243910 0.3118130016 0.3842608106 0.5537579303 0.3888605104 0.2895116960 0.3816868864 0.5455296794 0.3968910436 -0.4623341342 0.3836026960 0.4312850329 0.3995706844
0.3205488352 0.4547346917 0.3332824084 0.4033661222 0.5673621114 0.4078309766 0.3115279117 0.4008533423 0.5593417481 0.4155536354 -0.4793649141 0.4027641261 0.4489670032 0.4180726165
0.3424844973 0.4727085849 0.3549730704 0.4226756653 0.5811294392 0.4270035877 0.3337825261 0.4202261607 0.5733229394 0.4344196043 -0.4965500880 0.4221276081 0.4668348852 0.4367822350
0.3646583425 0.4908468487 0.3768860284 0.4421905360 0.5950610296 0.4463794290 0.3562767355 0.4398064547 0.5874744143 0.4534900735 -0.5138904015 0.4416942110 0.4848896999 0.4557007211
0.3870715966 0.5091502613 0.3990223229 0.4619118305 0.6091579983 0.4659595858 0.3790117364 0.4595953378 0.6017973342 0.4727661664 -0.5313866004 0.4614650036 0.5031324684 0.4748292562
0.4097254857 0.5276196009 0.4213829945 0.4818406449 0.6234214613 0.4857451436 0.4019887253 0.4795939234 0.6162928602 0.4922490062 -0.5490394306 0.4814410549 0.5215642119 0.4941690213
0.4326212358 0.5462556455 0.4439690840 0.5019780754 0.6378525343 0.5057371877 0.4252088986 0.4998033247 0.6309621535 0.5119397162 -0.5668496376 0.5016234336 0.5401859515 0.5137211978
0.4557600730 0.5650591734 0.4667816319 0.5223252181 0.6524523334 0.5259368036 0.4486734527 0.5202246552 0.6458063753 0.5318394197 -0.5848179675 0.5220132086 0.5589987083 0.5334869669
0.4791432231 0.5840309627 0.4898216788 0.5428831692 0.6672219743 0.5463450764 0.4723835843 0.5408590282 0.6608266868 0.5519492398 -0.6029451658 0.5426114488 0.5780035035 0.5534675099
0.5027719122 0.6031717915 0.5130902655 0.5636530247 0.6821625728 0.5669630918 0.4963404896 0.5617075571 0.6760242492 0.5722703000 -0.6212319784 0.5634192231 0.5972013581 0.5736640080
0.5266473664 0.6224824380 0.5365884325 0.5846358809 0.6972752449 0.5877919349 0.5205453652 0.5827713553 0.6914002237 0.5928037235 -0.6396791510 0.5844376004 0.6165932934 0.5940776424
0.5507708115 0.6419636804 0.5603172205 0.6058328338 0.7125611064 0.6088326913 0.5449994075 0.6040515361 0.7069557715 0.6135506336 -0.6582874294 0.6056676494 0.6361803304 0.6147095945
0.5751434737 0.6616162969 0.5842776701 0.6272449796 0.7280212732 0.6300864463 0.5697038129 0.6255492129 0.7226920538 0.6345121534 -0.6770575594 0.6271104391 0.6559634903 0.6355610453
0.5997665789 0.6814410655 0.6084708220 0.6488734145 0.7436568611 0.6515542852 0.5946597780 0.6472654990 0.7386102318 0.6556894064 -0.6959902868 0.6487670383 0.6759437943 0.6566331763
0.6246413531 0.7014387644 0.6328977167 0.6707192346 0.7594689860 0.6732372934 0.6198684992 0.6692015078 0.7547114666 0.6770835158 -0.7150863572 0.6706385160 0.6961222633 0.6779271687
0.6497690224 0.7216101718 0.6575593950 0.6927835360 0.7754587637 0.6951365564 0.6453311729 0.6913583527 0.7709969196 0.6986956048 -0.7343465166 0.6927259409 0.7164999186 0.6994442036
0.6751508126 0.7419560658 0.6824568973 0.7150674149 0.7916273102 0.7172531594 0.6710489956 0.7137371471 0.7874677519 0.7205267967 -0.7537715105 0.7150303819 0.7370777812 0.7211854623
0.7007879499 0.7624772247 0.7075912645 0.7375719674 0.8079757412 0.7395881879 0.6970231637 0.7363390042 0.8041251247 0.7425782148 -0.7733620849 0.7375529079 0.7578568724 0.7431521261
0.7266816602 0.7831744264 0.7329635371 0.7602982897 0.8245051727 0.7621427273 0.7232548738 0.7591650375 0.8209701991 0.7648509824 -0.7931189855 0.7602945878 0.7788382133 0.7653453763
0.7528331695 0.8040484493 0.7585747557 0.7832474779 0.8412167204 0.7849178629 0.7497453222 0.7822163604 0.8380041364 0.7873462228 -0.8130429580 0.7832564904 0.8000228248 0.7877663940
0.7792437039 0.8251000714 0.7844259610 0.8064206281 0.8581115003 0.8079146800 0.7764957055 0.8054940861 0.8552280979 0.8100650592 -0.8331347482 0.8064396847 0.8214117283 0.8104163606
0.8059144893 0.8463300709 0.8105181936 0.8298188365 0.8751906282 0.8311342642 0.8035072200 0.8289993281 0.8726432446 0.8330086149 -0.8533951019 0.8298452394 0.8430059449 0.8332964572
