-0.2038657100 -0.2866488562 -0.4089560401 0.4775517798 -0.4445468463 -0.4565262709 -0.3674224641 0.3378514404 -0.5028541739 -0.4527659626 -0.4017435996 -0.4764815171 0.3240320917 0.3552672915
-0.1863310968 -0.2739657102 -0.3948342536 0.4608345705 -0.4331181824 -0.4408565540 -0.3524762572 0.3228503880 -0.4926207977 -0.4372006980 -0.3867325869 -0.4620874985 0.3104796580 0.3406472350
-0.1685862608 -0.2609065240 -0.3803010558 0.4437306534 -0.4211903211 -0.4247862827 -0.3371633475 0.3075012127 -0.4818245151 -0.4212344667 -0.3713365063 -0.4472495399 0.2965510706 0.3256594294
-0.1506305995 -0.2474654833 -0.3653506054 0.4262357082 -0.4087547409 -0.4083104541 -0.3214790306 0.2917995623 -0.4704551767 -0.4048622149 -0.3555503544 -0.4319613367 0.2822408758 0.3102990155
-0.1324635109 -0.2336367737 -0.3499770613 0.4083454142 -0.3958029208 -0.3914240651 -0.3054186018 0.2757410845 -0.4585026328 -0.3880788887 -0.3393691282 -0.4162165847 0.2675436199 0.2945611340
-0.1140843925 -0.2194145810 -0.3341745820 0.3900554510 -0.3823263392 -0.3741221127 -0.2889773564 0.2593214270 -0.4459567339 -0.3708794343 -0.3227878243 -0.4000089793 0.2524538493 0.2784409256
-0.0954926422 -0.2047930909 -0.3179373265 0.3713614982 -0.3683164751 -0.3563995941 -0.2721505898 0.2425362374 -0.4328073306 -0.3532587977 -0.3058014396 -0.3833322160 0.2369661103 0.2619335312
-0.0766876575 -0.1897664890 -0.3012594534 0.3522592353 -0.3537648070 -0.3382515061 -0.2549335976 0.2253811635 -0.4190442731 -0.3352119252 -0.2884049709 -0.3661799905 0.2210749494 0.2450340916
-0.0576688364 -0.1743289612 -0.2841351214 0.3327443418 -0.3386628137 -0.3196728458 -0.2373216749 0.2078518530 -0.4046574121 -0.3167337629 -0.2705934149 -0.3485459984 0.2047749128 0.2277377474
-0.0384355764 -0.1584746930 -0.2665584894 0.3128124972 -0.3230019739 -0.3006586103 -0.2193101173 0.1899439535 -0.3896365980 -0.2978192568 -0.2523617686 -0.3304239351 0.1880605469 0.2100396395
-0.0189872753 -0.1421978702 -0.2485237160 0.2924593811 -0.3067737663 -0.2812037966 -0.2008942200 0.1716531129 -0.3739716812 -0.2784633532 -0.2337050286 -0.3118074963 0.1709263980 0.1919349086
0.0006766691 -0.1254926785 -0.2300249600 0.2716806730 -0.2899696696 -0.2613034016 -0.1820692786 0.1529749787 -0.3576525123 -0.2586609981 -0.2146181918 -0.2926903775 0.1533670125 0.1734186955
0.0205568592 -0.1083533037 -0.2110563802 0.2504720525 -0.2725811626 -0.2409524224 -0.1628305884 0.1339051986 -0.3406689416 -0.2384071378 -0.1950962550 -0.2730662742 0.1353769368 0.1544861410
0.0406538971 -0.0907739313 -0.1916121352 0.2288291989 -0.2545997239 -0.2201458561 -0.1431734447 0.1144394204 -0.3230108196 -0.2176967182 -0.1751342149 -0.2529288821 0.1169507172 0.1351323858
0.0609683853 -0.0727487472 -0.1716863839 0.2067477920 -0.2360168323 -0.1988786996 -0.1230931430 0.0945732918 -0.3046679968 -0.1965246857 -0.1547270685 -0.2322718968 0.0980829000 0.1153525707
0.0815009259 -0.0542719370 -0.1512732849 0.1842235112 -0.2168239665 -0.1771459499 -0.1025849786 0.0743024605 -0.2856303237 -0.1748859862 -0.1338698123 -0.2110890137 0.0787680316 0.0951418365
0.1022521213 -0.0353376864 -0.1303669971 0.1612520361 -0.1970126052 -0.1549426041 -0.0816442469 0.0536225741 -0.2658876507 -0.1527755660 -0.1125574434 -0.1893739284 0.0590006584 0.0744953239
0.1232225737 -0.0159401812 -0.1089616791 0.1378290461 -0.1765742270 -0.1322636592 -0.0602662434 0.0325292804 -0.2454298282 -0.1301883712 -0.0907849584 -0.1671203365 0.0387753267 0.0534081737
0.1444128853 0.0039263929 -0.0870514897 0.1139502208 -0.1555003108 -0.1091041123 -0.0384462634 0.0110182270 -0.2242467068 -0.1071193478 -0.0685473542 -0.1443219336 0.0180865828 0.0318755267
0.1658236586 0.0242678504 -0.0646305877 0.0896112398 -0.1337823351 -0.0854589603 -0.0161796023 -0.0109149382 -0.2023281370 -0.0835634421 -0.0458396275 -0.1209724153 -0.0030710269 0.0098925236
0.1874554956 0.0450900053 -0.0416931317 0.0648077825 -0.1114117789 -0.0613232002 0.0065384445 -0.0332745678 -0.1796639690 -0.0595156002 -0.0226567752 -0.0970654770 -0.0247029561 -0.0125456947
0.2093089988 0.0663986721 -0.0182332806 0.0395355286 -0.0883801206 -0.0366918291 0.0297125817 -0.0560650138 -0.1562440535 -0.0349707681 0.0010062060 -0.0725948144 -0.0468146583 -0.0354439876
0.2313847704 0.0881996650 0.0057548069 0.0137901574 -0.0646788392 -0.0115598440 0.0533475138 -0.0792906288 -0.1320582409 -0.0099238922 0.0251543192 -0.0475541230 -0.0694115873 -0.0588072143
0.2536834126 0.1104987984 0.0302769721 -0.0124326514 -0.0402994132 0.0140777581 0.0774479454 -0.1029557648 -0.1070963817 0.0156300816 0.0497925676 -0.0219370984 -0.0924991967 -0.0826402339
0.2762055277 0.1333018864 0.0553390562 -0.0391372183 -0.0152333213 0.0402259801 0.1020185812 -0.1270647743 -0.0813483263 0.0416962071 0.0749259545 0.0042625639 -0.1160829401 -0.1069479057
0.2989517181 0.1566147435 0.0809469006 -0.0663278638 0.0105279576 0.0668898251 0.1270641258 -0.1516220095 -0.0548039251 0.0682795382 0.1005594831 0.0310511682 -0.1401682713 -0.1317350890
0.3219225860 0.1804431838 0.1071063463 -0.0940089084 0.0369929449 0.0940742959 0.1525892838 -0.1766318228 -0.0274530287 0.0953851286 0.1266981565 0.0584350191 -0.1647606438 -0.1570066430
0.3451187336 0.2047930218 0.1338232348 -0.1221846725 0.0641701619 0.1217843957 0.1785987598 -0.2020985665 0.0007145125 0.1230180324 0.1533469780 0.0864204209 -0.1898655113 -0.1827674269
0.3685407632 0.2296700717 0.1611034072 -0.1508594766 0.0920681299 0.1500251274 0.2050972583 -0.2280265927 0.0297088481 0.1511833033 0.1805109507 0.1150136781 -0.2154883274 -0.2090223000
0.3921892772 0.2550801477 0.1889527049 -0.1800376412 0.1206953701 0.1788014940 0.2320894842 -0.2544202540 0.0595401275 0.1798859952 0.2081950779 0.1442210951 -0.2416345459 -0.2357761214
