0.1615565003 -0.0280628714 0.0574614972 -0.0754328026 0.2277520598 -0.0158543590 0.0290133891 -0.1279926448 0.2126356489 -0.0365487002 0.1283768990 0.1275542284 -0.0759527994 -0.0146907659
0.1808499415 -0.0070521053 0.0763431686 -0.0942312365 0.2434572207 0.0042718740 0.0488988831 -0.1462861894 0.2306130377 -0.0161104416 0.1473931736 0.1439602526 -0.0950853971 -0.0347367064
0.2002952459 0.0142597994 0.0955154383 -0.1133024192 0.2593863620 0.0247226688 0.0690657892 -0.1648115047 0.2487354306 0.0046636514 0.1666099819 0.1606796095 -0.1144757766 -0.0550742440
0.2198922396 0.0358749707 0.1149807652 -0.1326485419 0.2755416166 0.0455007390 0.0895161825 -0.1835702404 0.2670030986 0.0257764006 0.1860282758 0.1777157065 -0.1341258095 -0.0757055800
0.2396407485 0.0577955369 0.1347416085 -0.1522717956 0.2919251175 0.0666087979 0.1102521379 -0.2025640463 0.2854163126 0.0472306275 0.2056490071 0.1950719507 -0.1540373672 -0.0966329159
0.2595405988 0.0800236262 0.1548004272 -0.1721743716 0.3085389977 0.0880495590 0.1312757306 -0.2217945723 0.3039753436 0.0690291538 0.2254731276 0.2127517496 -0.1742123212 -0.1178584529
0.2795916166 0.1025613667 0.1751596802 -0.1923584609 0.3253853902 0.1098257357 0.1525890356 -0.2412634683 0.3226804625 0.0911748011 0.2455015892 0.2307585104 -0.1946525430 -0.1393843925
0.2997936281 0.1254108866 0.1958218267 -0.2128262546 0.3424664277 0.1319400414 0.1741941279 -0.2609723839 0.3415319403 0.1136703910 0.2657353435 0.2490956404 -0.2153599041 -0.1612129360
0.3201464592 0.1485743142 0.2167893257 -0.2335799439 0.3597842434 0.1543951897 0.1960930827 -0.2809229692 0.3605300478 0.1365187452 0.2861753424 0.2677665469 -0.2363362760 -0.1833462848
0.3406499362 0.1720537776 0.2380646362 -0.2546217198 0.3773409702 0.1771938938 0.2182879749 -0.3011168738 0.3796750561 0.1597226852 0.3068225378 0.2867746371 -0.2575835301 -0.2057866403
0.3613038850 0.1958514050 0.2596502172 -0.2759537735 0.3951387410 0.2003388672 0.2407808796 -0.3215557476 0.3989672360 0.1832850327 0.3276778813 0.3061233185 -0.2791035380 -0.2285362038
0.3821081318 0.2199693246 0.2815485277 -0.2975782962 0.4131796888 0.2238328235 0.2635738718 -0.3422412404 0.4184068586 0.2072086094 0.3487423249 0.3258159983 -0.3008981710 -0.2515971767
0.4030625027 0.2444096646 0.3037620269 -0.3194974789 0.4314659466 0.2476784759 0.2866690267 -0.3631750021 0.4379941947 0.2314962368 0.3700168203 0.3458560837 -0.3229693008 -0.2749717603
0.4241668238 0.2691745531 0.3262931737 -0.3417135127 0.4499996473 0.2718785379 0.3100684192 -0.3843586825 0.4577295154 0.2561507365 0.3915023194 0.3662469821 -0.3453187988 -0.2986621561
0.4454209212 0.2942661184 0.3491444271 -0.3642285888 0.4687829238 0.2964357230 0.3337741245 -0.4057939314 0.4776130914 0.2811749303 0.4131997738 0.3869921008 -0.3679485364 -0.3226705655
0.4668246210 0.3196864886 0.3723182463 -0.3870448982 0.4878179091 0.3213527446 0.3577882175 -0.4274823986 0.4976451939 0.3065716397 0.4351101356 0.4080948470 -0.3908603852 -0.3469991897
0.4883777493 0.3454377920 0.3958170902 -0.4101646322 0.5071067362 0.3466323161 0.3821127733 -0.4494257339 0.5178260937 0.3323436863 0.4572343563 0.4295586281 -0.4140562166 -0.3716502301
0.5100801322 0.3715221567 0.4196434179 -0.4335899818 0.5266515380 0.3722771509 0.4067498670 -0.4716255873 0.5381560617 0.3584938917 0.4795733879 0.4513868514 -0.4375379022 -0.3966258881
0.5319315957 0.3979417108 0.4437996884 -0.4573231381 0.5464544475 0.3982899625 0.4317015737 -0.4940836084 0.5586353690 0.3850250777 0.5021281821 0.4735829241 -0.4613073134 -0.4219283652
0.5539319660 0.4246985827 0.4682883607 -0.4813662922 0.5665175976 0.4246734643 0.4569699683 -0.5168014472 0.5792642864 0.4119400657 0.5248996908 0.4961502536 -0.4853663216 -0.4475598625
0.5760810692 0.4517949005 0.4931118940 -0.5057216354 0.5868431213 0.4514303698 0.4825571259 -0.5397807534 0.6000430850 0.4392416775 0.5478888657 0.5190922471 -0.5097167984 -0.4735225816
0.5983787313 0.4792327923 0.5182727471 -0.5303913586 0.6074331515 0.4785633923 0.5084651216 -0.5630231769 0.6209720355 0.4669327347 0.5710966587 0.5424123120 -0.5343606153 -0.4998187238
0.6208247786 0.5070143864 0.5437733791 -0.5553776530 0.6282898213 0.5060752453 0.5346960304 -0.5865303675 0.6420514091 0.4950160588 0.5945240216 0.5661138555 -0.5592996438 -0.5264504905
0.6434190370 0.5351418109 0.5696162492 -0.5806827097 0.6494152634 0.5339686422 0.5612519274 -0.6103039751 0.6632814765 0.5234944716 0.6181719061 0.5902002849 -0.5845357552 -0.5534200829
0.6661613326 0.5636171941 0.5958038162 -0.6063087199 0.6708116110 0.5622462965 0.5881348877 -0.6343456494 0.6846625089 0.5523707946 0.6420412641 0.6146750076 -0.6100708212 -0.5807297026
0.6890514917 0.5924426640 0.6223385393 -0.6322578747 0.6924809970 0.5909109216 0.6153469862 -0.6586570402 0.7061947770 0.5816478494 0.6661330473 0.6395414308 -0.6359067132 -0.6083815508
0.7120893402 0.6216203490 0.6492228775 -0.6585323651 0.7144255543 0.6199652309 0.6428902981 -0.6832397975 0.7278785519 0.6113284577 0.6904482077 0.6648029618 -0.6620453027 -0.6363778290
0.7352747042 0.6511523772 0.6764592897 -0.6851343823 0.7366474158 0.6494119379 0.6707668984 -0.7080955710 0.7497141045 0.6414154411 0.7149876969 0.6904630080 -0.6884884611 -0.6647207385
0.7586074100 0.6810408768 0.7040502352 -0.7120661175 0.7591487146 0.6792537559 0.6989788621 -0.7332260105 0.7717017057 0.6719116213 0.7397524668 0.7165249765 -0.7152380600 -0.6934124806
0.7820872834 0.7112879759 0.7319981728 -0.7393297616 0.7819315836 0.7094933984 0.7275282643 -0.7586327659 0.7938416265 0.7028198198 0.7647434691 0.7429922748 -0.7422959708 -0.7224552568
