-0.5731245701 -0.4305626983 -0.4618380671 0.4960042643 -0.3914857338 -0.6146295878 -0.4289712949 0.5774920574 -0.5524361679 -0.6748976471 -0.5504514998 -0.6158986206 0.4133004694 0.5193379448
-0.5642729423 -0.4211105529 -0.4555092036 0.4885977268 -0.3836889232 -0.6066673410 -0.4223562973 0.5693288663 -0.5452147348 -0.6673365123 -0.5433532786 -0.6089521861 0.4054304453 0.5112531812
-0.5553244169 -0.4115858054 -0.4490855586 0.4810992372 -0.3758165537 -0.5986008127 -0.4156527832 0.5610675468 -0.5378926723 -0.6596608940 -0.5361538520 -0.6018949100 0.3974824916 0.5030780053
-0.5462788133 -0.4019885847 -0.4425661120 0.4735080929 -0.3678681638 -0.5904293697 -0.4088598624 0.5527075742 -0.5304691565 -0.6518699495 -0.5288523574 -0.5947258096 0.3894561473 0.4948119125
-0.5371359505 -0.3923190196 -0.4359498442 0.4658235915 -0.3598432919 -0.5821523788 -0.4019766443 0.5442484241 -0.5229433633 -0.6439628363 -0.5214479326 -0.5874439021 0.3813509514 0.4864543980
-0.5278956477 -0.3825772390 -0.4292357351 0.4580450307 -0.3517414764 -0.5737692067 -0.3950022386 0.5356895719 -0.5153144685 -0.6359387119 -0.5139397150 -0.5800482046 0.3731664428 0.4780049574
-0.5185577242 -0.3727633718 -0.4224227648 0.4501717080 -0.3435622559 -0.5652792200 -0.3879357547 0.5270304931 -0.5075816482 -0.6277967336 -0.5063268424 -0.5725377343 0.3649021608 0.4694630861
-0.5091219991 -0.3628775468 -0.4155099136 0.4422029210 -0.3353051687 -0.5566817856 -0.3807763024 0.5182706631 -0.4997440784 -0.6195360589 -0.4986084522 -0.5649115085 0.3565576442 0.4608282794
-0.4995882915 -0.3529198931 -0.4084961615 0.4341379672 -0.3269697534 -0.5479762702 -0.3735229912 0.5094095573 -0.4918009349 -0.6111558453 -0.4907836820 -0.5571685443 0.3481324321 0.4521000327
-0.4899564208 -0.3428905394 -0.4013804887 0.4259761444 -0.3185555484 -0.5391620405 -0.3661749307 0.5004466513 -0.4837513938 -0.6026552501 -0.4828516695 -0.5493078590 0.3396260635 0.4432778416
-0.4802262061 -0.3327896147 -0.3941618752 0.4177167500 -0.3100620922 -0.5302384632 -0.3587312304 0.4913814204 -0.4755946309 -0.5940334308 -0.4748115521 -0.5413284697 0.3310380775 0.4343612013
-0.4703974665 -0.3226172478 -0.3868393013 0.4093590816 -0.3014889232 -0.5212049051 -0.3511910000 0.4822133401 -0.4673298223 -0.5852895448 -0.4666624676 -0.5332293936 0.3223680131 0.4253496073
-0.4604700214 -0.3123735675 -0.3794117469 0.4009024369 -0.2928355798 -0.5120607329 -0.3435533489 0.4729418860 -0.4589561438 -0.5764227495 -0.4584035535 -0.5250096480 0.3136154092 0.4162425550
-0.4504436897 -0.3020587029 -0.3718781922 0.3923461133 -0.2841016005 -0.5028053133 -0.3358173869 0.4635665333 -0.4504727715 -0.5674322025 -0.4500339474 -0.5166682499 0.3047798051 0.4070395397
-0.4403182908 -0.2916727828 -0.3642376175 0.3836894086 -0.2752865239 -0.4934380131 -0.3279822235 0.4540867577 -0.4418788813 -0.5583170610 -0.4415527868 -0.5082042167 0.2958607395 0.3977400570
-0.4300936439 -0.2812159360 -0.3564890026 0.3749316203 -0.2663898882 -0.4839581990 -0.3200469682 0.4445020345 -0.4331736491 -0.5490764827 -0.4329592094 -0.4996165655 0.2868577517 0.3883436022
-0.4197695680 -0.2706882915 -0.3486313279 0.3660720459 -0.2574112321 -0.4743652377 -0.3120107307 0.4348118391 -0.4243562509 -0.5397096248 -0.4242523527 -0.4909043135 0.2777703806 0.3788496706
-0.4093458825 -0.2600899781 -0.3406635734 0.3571099830 -0.2483500939 -0.4646584960 -0.3038726205 0.4250156472 -0.4154258627 -0.5302156448 -0.4154313543 -0.4820664779 0.2685981653 0.3692577578
-0.3988224065 -0.2494211248 -0.3325847192 0.3480447293 -0.2392060121 -0.4548373406 -0.2956317472 0.4151129340 -0.4063816603 -0.5205937001 -0.4064953518 -0.4731020759 0.2593406447 0.3595673591
-0.3881989592 -0.2386818603 -0.3243937454 0.3388755823 -0.2299785252 -0.4449011383 -0.2872872204 0.4051031751 -0.3972228198 -0.5108429482 -0.3974434829 -0.4640101247 0.2499973579 0.3497779700
-0.3774753597 -0.2278723137 -0.3160896322 0.3296018396 -0.2206671716 -0.4348492557 -0.2788381497 0.3949858458 -0.3879485171 -0.5009625466 -0.3882748850 -0.4547896415 0.2405678440 0.3398890857
-0.3666514273 -0.2169926137 -0.3076713597 0.3202227987 -0.2112714897 -0.4246810597 -0.2702836446 0.3847604218 -0.3785579281 -0.4909516526 -0.3789886957 -0.4454396435 0.2310516419 0.3299002018
-0.3557269812 -0.2060428893 -0.2991379080 0.3107377574 -0.2017910181 -0.4143959168 -0.2616228148 0.3744263783 -0.3690502289 -0.4808094236 -0.3695840528 -0.4359591478 0.2214482907 0.3198108137
-0.3447018406 -0.1950232693 -0.2904882573 0.3011460131 -0.1922252952 -0.4039931940 -0.2528547698 0.3639831910 -0.3594245953 -0.4705350172 -0.3600600936 -0.4263471718 0.2117573294 0.3096204166
-0.3335758245 -0.1839338826 -0.2817213875 0.2914468634 -0.1825738594 -0.3934722578 -0.2439786192 0.3534303351 -0.3496802033 -0.4601275907 -0.3504159559 -0.4166027325 0.2019782970 0.2993285062
-0.3223487523 -0.1727748582 -0.2728362790 0.2816396059 -0.1728362492 -0.3828324751 -0.2349934726 0.3427672862 -0.3398162289 -0.4495863015 -0.3406507772 -0.4067248472 0.1921107326 0.2889345777
-0.3110204431 -0.1615463249 -0.2638319117 0.2717235383 -0.1630120031 -0.3720732126 -0.2258984396 0.3319935198 -0.3298318480 -0.4389103072 -0.3307636951 -0.3967125330 0.1821541752 0.2784381265
-0.2995907162 -0.1502484115 -0.2547072659 0.2616979580 -0.1531006594 -0.3611938369 -0.2166926297 0.3211085112 -0.3197262365 -0.4280987651 -0.3207538472 -0.3865648072 0.1721081638 0.2678386482
-0.2880593906 -0.1388812471 -0.2454613215 0.2515621627 -0.1431017568 -0.3501937149 -0.2073751525 0.3101117360 -0.3094985705 -0.4171508326 -0.3106203710 -0.3762806870 0.1619722375 0.2571356380
-0.2764262856 -0.1274449603 -0.2360930589 0.2413154500 -0.1330148336 -0.3390722133 -0.1979451177 0.2990026695 -0.2991480258 -0.4060656673 -0.3003624042 -0.3658591895 0.1517459352 0.2463285914
