-0.8316381263 -0.9946408096 -0.9985550787 0.9898351426 -0.9849897764 -0.9915191236 -0.9981485964 0.9934369695 -0.9886294317 0.9739682911 -0.9888198489 -0.9977156311 0.9973512733 0.9971721889
-0.8398534509 -0.9894391647 -0.9971996763 0.9798894740 -0.9704131220 -0.9832233760 -0.9963226657 0.9870662553 -0.9775571152 0.9487729891 -0.9779441164 -0.9980060297 0.9948676512 0.9944463074
-0.8478703041 -0.9843908504 -0.9959299629 0.9701586998 -0.9562629272 -0.9751087146 -0.9945196156 0.9808832753 -0.9667775934 0.9244021049 -0.9673671941 -0.9982863122 0.9925442032 0.9918185983
-0.8556881348 -0.9794916517 -0.9947421083 0.9606385253 -0.9425320827 -0.9671710965 -0.9927368534 0.9748834475 -0.9562854093 0.9008436493 -0.9570834733 -0.9985540248 0.9903759989 0.9892853045
-0.8633063922 -0.9747373539 -0.9936322828 0.9513246560 -0.9292134789 -0.9594064788 -0.9909717866 0.9690621897 -0.9460751060 0.8780856335 -0.9470873458 -0.9988067140 0.9883581081 0.9868426688
-0.8707245253 -0.9701237419 -0.9925966562 0.9422127974 -0.9163000063 -0.9518108186 -0.9892218228 0.9634149199 -0.9361412264 0.8561160683 -0.9373732028 -0.9990419260 0.9864856003 0.9844869339
-0.8779419832 -0.9656466008 -0.9916313986 0.9332986549 -0.9037845556 -0.9443800733 -0.9874843694 0.9579370559 -0.9264783136 0.8349229647 -0.9279354360 -0.9992572071 0.9847535453 0.9822143427
-0.8849582148 -0.9613017157 -0.9907326801 0.9245779340 -0.8916600172 -0.9371101999 -0.9857568338 0.9526240157 -0.9170809106 0.8144943336 -0.9187684369 -0.9994501036 0.9831570125 0.9800211380
-0.8917726693 -0.9570848717 -0.9898966706 0.9160463400 -0.8799192816 -0.9299971556 -0.9840366235 0.9474712172 -0.9079435604 0.7948181860 -0.9098665969 -0.9996181618 0.9816910717 0.9779035626
-0.8983847956 -0.9529918539 -0.9891195402 0.9076995785 -0.8685552393 -0.9230368976 -0.9823211461 0.9424740783 -0.8990608059 0.7758825329 -0.9012243075 -0.9997589281 0.9803507925 0.9758578593
-0.9047940430 -0.9490184474 -0.9883974588 0.8995333549 -0.8575607810 -0.9162253831 -0.9806078089 0.9376280169 -0.8904271903 0.7576753852 -0.8928359604 -0.9998699488 0.9791312446 0.9738802710
-0.9109998603 -0.9451604372 -0.9877265965 0.8915433746 -0.8469287970 -0.9095585691 -0.9788940195 0.9329284509 -0.8820372565 0.7401847538 -0.8846959468 -0.9999487701 0.9780274975 0.9719670405
-0.9170016967 -0.9414136084 -0.9871031234 0.8837253431 -0.8366521780 -0.9030324130 -0.9771771853 0.9283707982 -0.8738855474 0.7233986497 -0.8767986584 -0.9999929384 0.9770346210 0.9701144106
-0.9227990012 -0.9377737462 -0.9865232094 0.8760749658 -0.8267238145 -0.8966428719 -0.9754547139 0.9239504767 -0.8659666062 0.7073050839 -0.8691384867 -1.0000000000 0.9761476846 0.9683186240
-0.9283912228 -0.9342366355 -0.9859830246 0.8685879482 -0.8171365969 -0.8903859028 -0.9737240126 0.9196629044 -0.8582749759 0.6918920673 -0.8617098232 -0.9999675012 0.9753617581 0.9665759236
-0.9337778106 -0.9307980615 -0.9854787390 0.8612599958 -0.8078834159 -0.8842574631 -0.9719824890 0.9155034991 -0.8508051993 0.6771476109 -0.8545070593 -0.9998929883 0.9746719109 0.9648825523
-0.9389582137 -0.9274538093 -0.9850065226 0.8540868139 -0.7989571619 -0.8782535099 -0.9702275505 0.9114676788 -0.8435518196 0.6630597256 -0.8475245866 -0.9997740076 0.9740732129 0.9632347528
-0.9439318812 -0.9241996639 -0.9845625453 0.8470641081 -0.7903507254 -0.8723700003 -0.9684566046 0.9075508613 -0.8365093798 0.6496164224 -0.8407567966 -0.9996081054 0.9735607335 0.9616287680
-0.9486982619 -0.9210314105 -0.9841429774 0.8401875837 -0.7820569971 -0.8666028915 -0.9666670588 0.9037484646 -0.8296724228 0.6368057122 -0.8341980807 -0.9993928280 0.9731295425 0.9600608407
-0.9532568051 -0.9179448340 -0.9837439887 0.8334529463 -0.7740688673 -0.8609481407 -0.9648563205 0.9000559065 -0.8230354917 0.6246156059 -0.8278428305 -0.9991257218 0.9727747095 0.9585272136
-0.9576069598 -0.9149357197 -0.9833617493 0.8268559012 -0.7663792267 -0.8554017051 -0.9630217973 0.8964686051 -0.8165931295 0.6130341146 -0.8216854375 -0.9988043331 0.9724913041 0.9570241296
-0.9617481749 -0.9119998525 -0.9829924292 0.8203921540 -0.7589809657 -0.8499595417 -0.9611608966 0.8929819781 -0.8103398791 0.6020492492 -0.8157202932 -0.9984262081 0.9722743960 0.9555478316
-0.9656798997 -0.9091330175 -0.9826321984 0.8140574100 -0.7518669750 -0.8446176079 -0.9592710258 0.8895914435 -0.8042702836 0.5916490206 -0.8099417891 -0.9979888932 0.9721190548 0.9540945623
-0.9694015830 -0.9063310000 -0.9822772269 0.8078473747 -0.7450301449 -0.8393718608 -0.9573495926 0.8862924193 -0.7983788860 0.5818214398 -0.8043443167 -0.9974899346 0.9720203501 0.9526605645
-0.9729126741 -0.9035895848 -0.9819236849 0.8017577536 -0.7384633661 -0.8342182574 -0.9553940042 0.8830803232 -0.7926602294 0.5725545178 -0.7989222674 -0.9969268788 0.9719733517 0.9512420811
-0.9762126218 -0.9009045571 -0.9815677422 0.7957842521 -0.7321595290 -0.8291527551 -0.9534016682 0.8799505733 -0.7871088566 0.5638362654 -0.7936700329 -0.9962972720 0.9719731290 0.9498353549
-0.9793008754 -0.8982717020 -0.9812055689 0.7899225757 -0.7261115242 -0.8241713110 -0.9513699922 0.8768985874 -0.7817193108 0.5556546937 -0.7885820045 -0.9955986604 0.9720147518 0.9484366286
-0.9821768837 -0.8956868046 -0.9808333350 0.7841684297 -0.7203122423 -0.8192698822 -0.9492963834 0.8739197835 -0.7764861349 0.5479978136 -0.7836525739 -0.9948285905 0.9720932897 0.9470421452
-0.9848400960 -0.8931456500 -0.9804472106 0.7785175198 -0.7147545736 -0.8144444259 -0.9471782495 0.8710095794 -0.7714038719 0.5408536361 -0.7788761324 -0.9939846086 0.9722038123 0.9456481474
-0.9872899611 -0.8906440232 -0.9800433657 0.7729655512 -0.7094314089 -0.8096908993 -0.9450129979 0.8681633931 -0.7664670648 0.5342101720 -0.7742470717 -0.9930642608 0.9723413893 0.9442508781
