-0.9597258379 -0.8389946770 -0.9471923196 -0.8076248173 -0.5977231600 -0.7707267774 -0.9529705935 -0.8055495482 -0.5792835095 -0.7727537617 0.7642752694 -0.8643551793 -0.7544827406 -0.6466109466
-0.9609365959 -0.8386891456 -0.9486080375 -0.8068657270 -0.5940249851 -0.7698802932 -0.9542403641 -0.8048377065 -0.5756365191 -0.7716988242 0.7628586883 -0.8637204064 -0.7527979569 -0.6451438949
-0.9621344527 -0.8383750041 -0.9500109941 -0.8060974005 -0.5903137804 -0.7690256857 -0.9554993789 -0.8041169073 -0.5719774484 -0.7706348180 0.7614318779 -0.8630746443 -0.7511022235 -0.6436711093
-0.9633191288 -0.8380520384 -0.9514008992 -0.8053196597 -0.5865896015 -0.7681627777 -0.9567473367 -0.8033869679 -0.5683063446 -0.7695615860 0.7599947135 -0.8624177147 -0.7493954387 -0.6421924465
-0.9644903446 -0.8377200345 -0.9527774629 -0.8045323268 -0.5828525039 -0.7672913924 -0.9579839362 -0.8026477057 -0.5646232547 -0.7684789711 0.7585470700 -0.8617494393 -0.7476775006 -0.6407077630
-0.9656478206 -0.8373787781 -0.9541403950 -0.8037352239 -0.5791025433 -0.7664113528 -0.9592088762 -0.8018989379 -0.5609282262 -0.7673868162 0.7570888226 -0.8610696397 -0.7459483075 -0.6392169155
-0.9667912774 -0.8370280553 -0.9554894055 -0.8029281732 -0.5753397754 -0.7655224818 -0.9604218553 -0.8011404817 -0.5572213060 -0.7662849642 0.7556198462 -0.8603781378 -0.7442077576 -0.6377197604
-0.9679204355 -0.8366676518 -0.9568242042 -0.8021109968 -0.5715642555 -0.7646246026 -0.9616225723 -0.8003721546 -0.5535025413 -0.7651732581 0.7541400160 -0.8596747550 -0.7424557491 -0.6362161545
-0.9690350152 -0.8362973536 -0.9581445012 -0.8012835167 -0.5677760395 -0.7637175381 -0.9628107260 -0.7995937738 -0.5497719794 -0.7640515407 0.7526492069 -0.8589593133 -0.7406921803 -0.6347059542
-0.9701347372 -0.8359169466 -0.9594500063 -0.8004455552 -0.5639751829 -0.7628011113 -0.9639860149 -0.7988051566 -0.5460296675 -0.7629196550 0.7511472942 -0.8582316341 -0.7389169493 -0.6331890161
-0.9712193219 -0.8355262166 -0.9607404295 -0.7995969343 -0.5601617412 -0.7618751453 -0.9651481380 -0.7980061203 -0.5422756526 -0.7617774439 0.7496341527 -0.8574915392 -0.7371299544 -0.6316651968
-0.9722884898 -0.8351249495 -0.9620154807 -0.7987374761 -0.5563357702 -0.7609394631 -0.9662967938 -0.7971964822 -0.5385099820 -0.7606247503 0.7481096577 -0.8567388503 -0.7353310938 -0.6301343530
-0.9733419613 -0.8347129313 -0.9632748698 -0.7978670028 -0.5524973253 -0.7599938877 -0.9674316811 -0.7963760595 -0.5347327029 -0.7594614171 0.7465736842 -0.8559733891 -0.7335202656 -0.6285963411
-0.9743794571 -0.8342899479 -0.9645183068 -0.7969853366 -0.5486464622 -0.7590382421 -0.9685524987 -0.7955446696 -0.5309438624 -0.7582872872 0.7450261072 -0.8551949772 -0.7316973682 -0.6270510178
-0.9754006975 -0.8338557850 -0.9657455015 -0.7960922994 -0.5447832365 -0.7580723493 -0.9696589452 -0.7947021298 -0.5271435077 -0.7571022036 0.7434668017 -0.8544034364 -0.7298622998 -0.6254982396
-0.9764054030 -0.8334102287 -0.9669561640 -0.7951877135 -0.5409077038 -0.7570960324 -0.9707507194 -0.7938482573 -0.5233316860 -0.7559060092 0.7418956430 -0.8535985883 -0.7280149585 -0.6239378631
-0.9773932942 -0.8329530648 -0.9681500041 -0.7942714010 -0.5370199197 -0.7561091144 -0.9718275200 -0.7929828695 -0.5195084444 -0.7546985468 0.7403125059 -0.8527802546 -0.7261552425 -0.6223697450
-0.9783640916 -0.8324840791 -0.9693267317 -0.7933431840 -0.5331199397 -0.7551114183 -0.9728890458 -0.7921057837 -0.5156738302 -0.7534796594 0.7387172657 -0.8519482569 -0.7242830501 -0.6207937417
-0.9793175155 -0.8320030577 -0.9704860569 -0.7924028846 -0.5292078196 -0.7541027671 -0.9739349954 -0.7912168171 -0.5118278905 -0.7522491899 0.7371097973 -0.8511024171 -0.7223982796 -0.6192097098
-0.9802532866 -0.8315097863 -0.9716276894 -0.7914503249 -0.5252836148 -0.7530829838 -0.9749650676 -0.7903157870 -0.5079706725 -0.7510069812 0.7354899758 -0.8502425567 -0.7205008290 -0.6176175060
-0.9811711253 -0.8310040509 -0.9727513393 -0.7904853271 -0.5213473811 -0.7520518915 -0.9759789611 -0.7894025108 -0.5041022234 -0.7497528763 0.7338576763 -0.8493684975 -0.7185905967 -0.6160169868
-0.9820707521 -0.8304856373 -0.9738567165 -0.7895077133 -0.5173991739 -0.7510093132 -0.9769763746 -0.7884768057 -0.5002225903 -0.7484867180 0.7322127739 -0.8484800610 -0.7166674808 -0.6144080088
-0.9829518875 -0.8299543315 -0.9749435308 -0.7885173056 -0.5134390489 -0.7499550719 -0.9779570069 -0.7875384890 -0.4963318204 -0.7472083493 0.7305551436 -0.8475770691 -0.7147313796 -0.6127904286
-0.9838142520 -0.8294099194 -0.9760114923 -0.7875139261 -0.5094670617 -0.7488889906 -0.9789205566 -0.7865873781 -0.4924299610 -0.7459176130 0.7288846604 -0.8466593434 -0.7127821913 -0.6111641027
-0.9846575661 -0.8288521867 -0.9770603109 -0.7864973970 -0.5054832679 -0.7478108923 -0.9798667226 -0.7856232902 -0.4885170591 -0.7446143521 0.7272011995 -0.8457267056 -0.7108198141 -0.6095288878
-0.9854815502 -0.8282809195 -0.9780896964 -0.7854675404 -0.5014877231 -0.7467206001 -0.9807952035 -0.7846460425 -0.4845931620 -0.7432984096 0.7255046359 -0.8447789773 -0.7088441462 -0.6078846403
-0.9862859248 -0.8276959036 -0.9790993588 -0.7844241783 -0.4974804829 -0.7456179369 -0.9817056980 -0.7836554525 -0.4806583168 -0.7419696282 0.7237948446 -0.8438159803 -0.7068550858 -0.6062312170
-0.9870704105 -0.8270969249 -0.9800890080 -0.7833671330 -0.4934616029 -0.7445027259 -0.9825979049 -0.7826513374 -0.4767125707 -0.7406278510 0.7220717008 -0.8428375362 -0.7048525312 -0.6045684743
-0.9878347278 -0.8264837693 -0.9810583541 -0.7822962265 -0.4894311387 -0.7433747899 -0.9834715229 -0.7816335145 -0.4727559709 -0.7392729208 0.7203350795 -0.8418434667 -0.7028363805 -0.6028962689
-0.9885785971 -0.8258562227 -0.9820071067 -0.7812112810 -0.4853891459 -0.7422339521 -0.9843262507 -0.7806018010 -0.4687885646 -0.7379046806 0.7185848557 -0.8408335935 -0.7008065321 -0.6012144573
