-0.1228055532 -0.1267108531 -0.0877705774 0.2263438424 -0.2448140579 0.7796047386 -0.2515944337 0.2355367708 -0.2162449363 0.4575819218 -0.2037096020 -0.1930170920 0.1681289111 0.1576428294
-0.1088996988 -0.1129858275 -0.0725402170 0.2108001154 -0.2288382437 0.7945967937 -0.2350714257 0.2196774507 -0.2003794166 0.4409889576 -0.1866380874 -0.1765269403 0.1536313315 0.1439408276
-0.0947580895 -0.0990183041 -0.0571271158 0.1950034200 -0.2126099044 0.8091560923 -0.2183058156 0.2035679081 -0.1842747028 0.4240390557 -0.1693618295 -0.1598259346 0.1388873160 0.1299783166
-0.0803781246 -0.0848055029 -0.0415300467 0.1789514537 -0.1961269008 0.8232715257 -0.2012958289 0.1872060006 -0.1679288414 0.4067285325 -0.1518801117 -0.1429128590 0.1238942962 0.1157522035
-0.0657572034 -0.0703446440 -0.0257477826 0.1626419142 -0.1793870935 0.8369319855 -0.1840396910 0.1705895859 -0.1513398789 0.3890537041 -0.1341922178 -0.1257864978 0.1086497035 0.1012593954
-0.0508927251 -0.0556329475 -0.0097790966 0.1460724990 -0.1623883431 0.8501263629 -0.1665356276 0.1537165218 -0.1345058618 0.3710108869 -0.1162974312 -0.1084456351 0.0931509697 0.0864967994
-0.0357820890 -0.0406676334 0.0063772384 0.1292409059 -0.1451285102 0.8628435493 -0.1487818641 0.1365846659 -0.1174248366 0.3525963971 -0.0981950355 -0.0908890551 0.0773955262 0.0714613225
-0.0204226943 -0.0254459219 0.0227224494 0.1121448324 -0.1276054555 0.8750724362 -0.1307766259 0.1191918757 -0.1000948497 0.3338065511 -0.0798843144 -0.0731155419 0.0613808045 0.0561498718
-0.0048119402 -0.0099650330 0.0392577635 0.0947819761 -0.1098170398 0.8868019149 -0.1125181387 0.1015360092 -0.0825139477 0.3146376652 -0.0613645513 -0.0551238797 0.0451042362 0.0405593543
0.0110527739 0.0057778132 0.0559844077 0.0771500346 -0.0917611235 0.8980208768 -0.0940046279 0.0836149238 -0.0646801771 0.2950860555 -0.0426350299 -0.0369128526 0.0285632529 0.0246866771
0.0271740488 0.0217853966 0.0729036091 0.0592467056 -0.0734355674 0.9087182133 -0.0752343191 0.0654264773 -0.0465915842 0.2751480384 -0.0236950337 -0.0184812448 0.0117552861 0.0085287473
0.0435544853 0.0380604971 0.0900165947 0.0410696866 -0.0548382321 0.9188828158 -0.0562054377 0.0469685273 -0.0282462157 0.2548199303 -0.0045438464 0.0001721595 -0.0053222327 -0.0079175281
0.0601966841 0.0546058948 0.1073245915 0.0226166752 -0.0359669783 0.9285035757 -0.0369162092 0.0282389315 -0.0096421180 0.2340980473 0.0148192486 0.0190485763 -0.0226718718 -0.0246552420
0.0771032459 0.0714243694 0.1248288265 0.0038853692 -0.0168196666 0.9375693843 -0.0173648592 0.0092355476 0.0092226624 0.2129787057 0.0343949676 0.0381492212 -0.0402961998 -0.0416874873
0.0942767716 0.0885187010 0.1425305269 -0.0151265340 0.0026058423 0.9460691330 0.0024503869 -0.0100437667 0.0283500790 0.1914582219 0.0541840271 0.0574753102 -0.0581977851 -0.0590173570
0.1117198618 0.1058916694 0.1604309196 -0.0344213368 0.0223116878 0.9539917133 0.0225313035 -0.0296011539 0.0477420854 0.1695329122 0.0741871435 0.0770280590 -0.0763791962 -0.0766479440
0.1294351173 0.1235460545 0.1785312317 -0.0540013414 0.0423000092 0.9613260164 0.0428796652 -0.0494387561 0.0674006350 0.1471990927 0.0944050331 0.0968086837 -0.0948430015 -0.0945823413
0.1474251389 0.1414846363 0.1968326902 -0.0738688503 0.0625729460 0.9680609339 0.0634972464 -0.0695587158 0.0873276813 0.1244530799 0.1148384126 0.1168183999 -0.1135917694 -0.1128236418
0.1656925272 0.1597101948 0.2153365221 -0.0940261659 0.0831326373 0.9741853571 0.0843858216 -0.0899631752 0.1075251779 0.1012911899 0.1354879981 0.1370584235 -0.1326280684 -0.1313749384
0.1842398831 0.1782255098 0.2340439546 -0.1144755906 0.1039812226 0.9796881773 0.1055471653 -0.1106542767 0.1279950782 0.0777097391 0.1563545063 0.1575299704 -0.1519544670 -0.1502393240
0.2030698073 0.1970333612 0.2529562146 -0.1352194267 0.1251208413 0.9845582860 0.1269830520 -0.1316341627 0.1487393359 0.0537050438 0.1774386535 0.1782342563 -0.1715735336 -0.1694198917
0.2221849005 0.2161365290 0.2720745291 -0.1562599768 0.1465536327 0.9887845745 0.1486952562 -0.1529049754 0.1697599043 0.0292734202 0.1987411561 0.1991724972 -0.1914878366 -0.1889197343
0.2415877634 0.2355377931 0.2914001252 -0.1775995430 0.1682817360 0.9923559343 0.1706855524 -0.1744688571 0.1910587370 0.0044111846 0.2202627306 0.2203459089 -0.2116999446 -0.2087419448
0.2612809969 0.2552399334 0.3109342300 -0.1992404279 0.1903072908 0.9952612566 0.1929557151 -0.1963279503 0.2126377875 -0.0208853466 0.2420040934 0.2417557072 -0.2322124260 -0.2288896161
0.2812672017 0.2752457299 0.3306780705 -0.2211849339 0.2126324363 0.9974894330 0.2155075187 -0.2184843972 0.2344990094 -0.0466198572 0.2639659609 0.2634031080 -0.2530278491 -0.2493658411
0.3015489785 0.2955579624 0.3506328737 -0.2434353632 0.2352593118 0.9990293548 0.2383427379 -0.2409403402 0.2566443561 -0.0727960310 0.2861490495 0.2852893271 -0.2741487825 -0.2701737129
0.3221289281 0.3161794109 0.3707998667 -0.2659940184 0.2581900568 0.9998699133 0.2614631470 -0.2636979216 0.2790757811 -0.0994175516 0.3085540757 0.3074155803 -0.2955777947 -0.2913163242
0.3430096511 0.3371128553 0.3911802764 -0.2888632018 0.2814268106 1.0000000000 0.2848705206 -0.2867592837 0.3017952380 -0.1264881027 0.3311817559 0.3297830835 -0.3173174540 -0.3127967681
0.3641937485 0.3583610755 0.4117753300 -0.3120452157 0.3049717125 0.9994085062 0.3085666331 -0.3101265688 0.3248046802 -0.1540113681 0.3540328065 0.3523930525 -0.3393703289 -0.3346181375
0.3856838208 0.3799268515 0.4325862544 -0.3355423627 0.3288269019 0.9980843234 0.3325532591 -0.3338019194 0.3481060614 -0.1819910314 0.3771079440 0.3752467031 -0.3617389879 -0.3567835254
