-0.9879817852 -0.7510030368 -0.9212004565 -0.8328398694 -0.8738442425 -0.8194557901 -0.7121815460 -0.8336231218 -0.7914460032 -0.7660619368 0.7808714466 -0.8427701315 -0.9739260964 -0.9001516671
-0.9862230573 -0.7481823087 -0.9182545214 -0.8308348530 -0.8729766609 -0.8176989730 -0.7100095163 -0.8316795803 -0.7897123214 -0.7645049043 0.7788930511 -0.8401969166 -0.9714751064 -0.8969446132
-0.9843296779 -0.7452764783 -0.9151904455 -0.8287330515 -0.8720099373 -0.8158491126 -0.7077628960 -0.8296393992 -0.7878910457 -0.7628659635 0.7768279027 -0.8375222974 -0.9688939801 -0.8936221771
-0.9822990065 -0.7422829077 -0.9120058922 -0.8265315049 -0.8709405621 -0.8139030984 -0.7054386481 -0.8274995872 -0.7859790145 -0.7611418236 0.7746729559 -0.8347436305 -0.9661802979 -0.8901821325
-0.9801284029 -0.7391989595 -0.9086985252 -0.8242272536 -0.8697650254 -0.8118578196 -0.7030337356 -0.8252571527 -0.7839730663 -0.7593291940 0.7724251649 -0.8318582729 -0.9633316402 -0.8866222533
-0.9778152265 -0.7360219960 -0.9052660082 -0.8218173375 -0.8684798173 -0.8097101657 -0.7005451216 -0.8229091042 -0.7818700396 -0.7574247841 0.7700814843 -0.8288635813 -0.9603455874 -0.8829403133
-0.9753568369 -0.7327493796 -0.9017060046 -0.8192987970 -0.8670814282 -0.8074570262 -0.6979697690 -0.8204524501 -0.7796667730 -0.7554253031 0.7676388683 -0.8257569126 -0.9572197198 -0.8791340864
-0.9727505938 -0.7293784725 -0.8980161782 -0.8166686723 -0.8655663481 -0.8050952904 -0.6953046410 -0.8178841990 -0.7773601047 -0.7533274604 0.7650942715 -0.8225356236 -0.9539516178 -0.8752013463
-0.9699938568 -0.7259066373 -0.8941941925 -0.8139240034 -0.8639310673 -0.8026218477 -0.6925467004 -0.8152013593 -0.7749468735 -0.7511279653 0.7624446482 -0.8191970711 -0.9505388619 -0.8711398669
-0.9670839853 -0.7223312363 -0.8902377111 -0.8110618306 -0.8621720760 -0.8000335876 -0.6896929102 -0.8124009396 -0.7724239177 -0.7488235271 0.7596869527 -0.8157386119 -0.9469790323 -0.8669474221
-0.9640183391 -0.7186496318 -0.8861443976 -0.8080791941 -0.8602858644 -0.7973273994 -0.6867402336 -0.8094799482 -0.7697880758 -0.7464108552 0.7568181396 -0.8121576029 -0.9432697095 -0.8626217856
-0.9607942777 -0.7148591863 -0.8819119156 -0.8049731340 -0.8582689227 -0.7945001725 -0.6836856335 -0.8064353937 -0.7670361863 -0.7438866589 0.7538351631 -0.8084514009 -0.9394084738 -0.8581607313
-0.9574091607 -0.7109572620 -0.8775379287 -0.8017406906 -0.8561177412 -0.7915487965 -0.6805260729 -0.8032642846 -0.7641650877 -0.7412476474 0.7507349777 -0.8046173627 -0.9353929056 -0.8535620330
-0.9538603477 -0.7069412214 -0.8730201006 -0.7983789040 -0.8538288099 -0.7884701606 -0.6772585149 -0.7999636293 -0.7611716185 -0.7384905303 0.7475145378 -0.8006528451 -0.9312205853 -0.8488234646
-0.9501451983 -0.7028084268 -0.8683560948 -0.7948848144 -0.8513986191 -0.7852611542 -0.6738799223 -0.7965304364 -0.7580526171 -0.7356120166 0.7441707977 -0.7965552050 -0.9268890933 -0.8439427999
-0.9462610719 -0.6985562407 -0.8635435748 -0.7912554620 -0.8488236576 -0.7819186668 -0.6703872583 -0.7929617143 -0.7548049206 -0.7326088159 0.7407007120 -0.7923217991 -0.9223960099 -0.8389178126
-0.9422053286 -0.6941820254 -0.8585802045 -0.7874878869 -0.8461004199 -0.7784395879 -0.6667774860 -0.7892544715 -0.7514253719 -0.7294776374 0.7371012348 -0.7879499843 -0.9177389155 -0.8337462767
-0.9379753275 -0.6896831432 -0.8534636472 -0.7835791294 -0.8432253918 -0.7748208068 -0.6630475681 -0.7854057165 -0.7479108050 -0.7262151904 0.7333693208 -0.7834371175 -0.9129153905 -0.8284259660
-0.9335684284 -0.6850569565 -0.8481915666 -0.7795262296 -0.8401950651 -0.7710592128 -0.6591944679 -0.7814124577 -0.7442580599 -0.7228181843 0.7295019242 -0.7787805553 -0.9079230153 -0.8229546543
-0.9289819908 -0.6803008277 -0.8427616264 -0.7753262278 -0.8370059298 -0.7671516955 -0.6552151482 -0.7772717037 -0.7404639752 -0.7192833284 0.7254959994 -0.7739776547 -0.9027593702 -0.8173301154
-0.9242133743 -0.6754121192 -0.8371714901 -0.7709761640 -0.8336544763 -0.7630951442 -0.6511065721 -0.7729804630 -0.7365253891 -0.7156073320 0.7213485009 -0.7690257726 -0.8974220356 -0.8115501231
-0.9192599386 -0.6703881934 -0.8314188213 -0.7664730785 -0.8301371947 -0.7588864483 -0.6468657027 -0.7685357440 -0.7324391404 -0.7117869045 0.7170563830 -0.7639222656 -0.8919085920 -0.8056124514
-0.9141190432 -0.6652264126 -0.8255012837 -0.7618140115 -0.8264505752 -0.7545224972 -0.6424895029 -0.7639345552 -0.7282020673 -0.7078187552 0.7126166002 -0.7586644906 -0.8862166196 -0.7995148739
-0.9087880477 -0.6599241391 -0.8194165408 -0.7569960032 -0.8225911081 -0.7500001804 -0.6379749357 -0.7591739051 -0.7238110085 -0.7036995933 0.7080261068 -0.7532498045 -0.8803436988 -0.7932551646
-0.9032643117 -0.6544787354 -0.8131622562 -0.7520160936 -0.8185552835 -0.7453163872 -0.6333189641 -0.7542508022 -0.7192628024 -0.6994261283 0.7032818572 -0.7476755640 -0.8742874101 -0.7868310973
-0.8975451948 -0.6488875639 -0.8067360935 -0.7468713231 -0.8143395916 -0.7404680071 -0.6285185512 -0.7491622549 -0.7145542875 -0.6949950695 0.6983808059 -0.7419391260 -0.8680453338 -0.7802404458
-0.8916280565 -0.6431479869 -0.8001357163 -0.7415587318 -0.8099405226 -0.7354519295 -0.6235706600 -0.7439052718 -0.7096823022 -0.6904031261 0.6933199071 -0.7360378473 -0.8616150503 -0.7734809839
-0.8855102566 -0.6372573667 -0.7933587883 -0.7360753599 -0.8053545667 -0.7302650437 -0.6184722535 -0.7384768613 -0.7046436851 -0.6856470075 0.6880961154 -0.7299690848 -0.8549941399 -0.7665504855
-0.8791891545 -0.6312130658 -0.7864029731 -0.7304182475 -0.8005782142 -0.7249042392 -0.6132202946 -0.7328740320 -0.6994352747 -0.6807234231 0.6827063851 -0.7237301952 -0.8481801831 -0.7594467244
-0.8726621099 -0.6250124466 -0.7792659341 -0.7245844349 -0.7956079552 -0.7193664053 -0.6078117464 -0.7270937922 -0.6940539094 -0.6756290821 0.6771476706 -0.7173185354 -0.8411707602 -0.7521674744
