-0.9509731761 -0.9793496469 -0.7228582937 -0.8431146643 -0.8341693398 -0.7740342158 -0.8377807579 -0.8690864191 -0.8612092780 -0.8385198038 0.7327794601 -0.9868016877 -0.8462432640 -0.8059105461
-0.9490527795 -0.9776852962 -0.7222778365 -0.8420840737 -0.8334624663 -0.7737379725 -0.8374231339 -0.8679051775 -0.8603231589 -0.8377274713 0.7313778610 -0.9858780986 -0.8455643595 -0.8038706589
-0.9470610679 -0.9759442556 -0.7216707050 -0.8410050610 -0.8327108107 -0.7734091150 -0.8370226024 -0.8666704445 -0.8593868240 -0.8368890880 0.7299423308 -0.9848845952 -0.8448389990 -0.8017810748
-0.9449967700 -0.9741252482 -0.7210347887 -0.8398758586 -0.8319124676 -0.7730454946 -0.8365771278 -0.8653805474 -0.8583984751 -0.8360027876 0.7284710906 -0.9838195702 -0.8440652834 -0.7996403650
-0.9428586139 -0.9722269969 -0.7203679772 -0.8386946992 -0.8310655317 -0.7726449628 -0.8360846747 -0.8640338137 -0.8573563143 -0.8350667040 0.7269623618 -0.9826814165 -0.8432413135 -0.7974471004
-0.9406453281 -0.9702482248 -0.7196681600 -0.8374598153 -0.8301680976 -0.7722053707 -0.8355432077 -0.8626285704 -0.8562585437 -0.8340789711 0.7254143657 -0.9814685269 -0.8423651901 -0.7951998521
-0.9383556410 -0.9681876549 -0.7189332265 -0.8361694394 -0.8292182602 -0.7717245697 -0.8349506913 -0.8611631451 -0.8551033651 -0.8330377228 0.7238253235 -0.9801792941 -0.8414350140 -0.7928971912
-0.9359882809 -0.9660440101 -0.7181610664 -0.8348218040 -0.8282141139 -0.7712004111 -0.8343050901 -0.8596358649 -0.8538889808 -0.8319410928 0.7221934566 -0.9788121110 -0.8404488859 -0.7905376885
-0.9335419763 -0.9638160135 -0.7173495690 -0.8334151417 -0.8271537536 -0.7706307463 -0.8336043686 -0.8580450572 -0.8526135925 -0.8307872152 0.7205169863 -0.9773653704 -0.8394049068 -0.7881199152
-0.9310154554 -0.9615023880 -0.7164966239 -0.8319476851 -0.8260352739 -0.7700134265 -0.8328464914 -0.8563890494 -0.8512754025 -0.8295742237 0.7187941338 -0.9758374651 -0.8383011774 -0.7856424422
-0.9284074467 -0.9591018567 -0.7156001206 -0.8304176667 -0.8248567694 -0.7693463031 -0.8320294230 -0.8546661687 -0.8498726127 -0.8283002522 0.7170231204 -0.9742267878 -0.8371357984 -0.7831038406
-0.9257166786 -0.9566131426 -0.7146579486 -0.8288233190 -0.8236163349 -0.7686272274 -0.8311511280 -0.8528747425 -0.8484034251 -0.8269634346 0.7152021675 -0.9725317315 -0.8359068708 -0.7805026814
-0.9229418793 -0.9540349686 -0.7136679974 -0.8271628746 -0.8223120650 -0.7678540508 -0.8302095709 -0.8510130980 -0.8468660417 -0.8255619047 0.7133294962 -0.9707506889 -0.8346124952 -0.7778375357
-0.9200817774 -0.9513660578 -0.7126281565 -0.8254345660 -0.8209420544 -0.7670246244 -0.8292027163 -0.8490795626 -0.8452586646 -0.8240937964 0.7114033280 -0.9688820527 -0.8332507725 -0.7751069743
-0.9171351012 -0.9486051332 -0.7115363154 -0.8236366258 -0.8195043978 -0.7661367997 -0.8281285288 -0.8470724636 -0.8435794958 -0.8225572436 0.7094218841 -0.9669242159 -0.8318198035 -0.7723095684
-0.9141005790 -0.9457509177 -0.7103903636 -0.8217672865 -0.8179971898 -0.7651884280 -0.8269849729 -0.8449901283 -0.8418267372 -0.8209503801 0.7073833858 -0.9648755712 -0.8303176890 -0.7694438890
-0.9109769392 -0.9428021344 -0.7091881907 -0.8198247806 -0.8164185252 -0.7641773605 -0.8257700131 -0.8428308840 -0.8399985909 -0.8192713398 0.7052860543 -0.9627345114 -0.8287425297 -0.7665085071
-0.9077629103 -0.9397575063 -0.7079276861 -0.8178073408 -0.8147664986 -0.7631014486 -0.8244816141 -0.8405930581 -0.8380932590 -0.8175182566 0.7031281111 -0.9604994293 -0.8270924265 -0.7635019937
-0.9044572205 -0.9366157564 -0.7066067393 -0.8157131994 -0.8130392047 -0.7619585437 -0.8231177403 -0.8382749778 -0.8361089434 -0.8156892644 0.7009077773 -0.9581687178 -0.8253654803 -0.7604229198
-0.9010585983 -0.9333756076 -0.7052232399 -0.8135405892 -0.8112347381 -0.7607464970 -0.8216763563 -0.8358749705 -0.8340438462 -0.8137824969 0.6986232742 -0.9557407696 -0.8235597916 -0.7572698564
-0.8975657721 -0.9300357831 -0.7037750773 -0.8112877426 -0.8093511936 -0.7594631599 -0.8201554267 -0.8333913635 -0.8318961694 -0.8117960881 0.6962728233 -0.9532139776 -0.8216734615 -0.7540413747
-0.8939774701 -0.9265950057 -0.7022601411 -0.8089528922 -0.8073866659 -0.7581063836 -0.8185529160 -0.8308224841 -0.8296641149 -0.8097281718 0.6938546456 -0.9505867345 -0.8197045906 -0.7507360455
-0.8902924209 -0.9230519985 -0.7006763207 -0.8065342705 -0.8053392495 -0.7566740195 -0.8168667888 -0.8281666596 -0.8273458848 -0.8075768820 0.6913669626 -0.9478574331 -0.8176512799 -0.7473524399
-0.8865093527 -0.9194054844 -0.6990215057 -0.8040301100 -0.8032070393 -0.7551639190 -0.8150950097 -0.8254222173 -0.8249396812 -0.8053403524 0.6888079955 -0.9450244663 -0.8155116299 -0.7438891289
-0.8826269939 -0.9156541866 -0.6972935855 -0.8014386434 -0.8009881298 -0.7535739332 -0.8132355431 -0.8225874846 -0.8224437060 -0.8030167169 0.6861759657 -0.9420862269 -0.8132837417 -0.7403446836
-0.8786440730 -0.9117968280 -0.6954904497 -0.7987581031 -0.7986806157 -0.7519019136 -0.8112863536 -0.8196607887 -0.8198561613 -0.8006041094 0.6834690944 -0.9390411076 -0.8109657159 -0.7367176750
-0.8745593183 -0.9078321315 -0.6936099878 -0.7959867217 -0.7962825917 -0.7501457115 -0.8092454059 -0.8166404570 -0.8171752491 -0.7981006637 0.6806856028 -0.9358875013 -0.8085556534 -0.7330066740
-0.8703714582 -0.9037588203 -0.6916500893 -0.7931227317 -0.7937921526 -0.7483031782 -0.8071106644 -0.8135248167 -0.8143991713 -0.7955045138 0.6778237124 -0.9326238008 -0.8060516550 -0.7292102518
-0.8660792210 -0.8995756172 -0.6896086437 -0.7901643657 -0.7912073929 -0.7463721650 -0.8048800937 -0.8103121953 -0.8115261301 -0.7928137935 0.6748816443 -0.9292483988 -0.8034518214 -0.7253269792
-0.8616813351 -0.8952812453 -0.6874835404 -0.7871098563 -0.7885264074 -0.7443505231 -0.8025516584 -0.8070009200 -0.8085543274 -0.7900266366 0.6718576200 -0.9257596883 -0.8007542535 -0.7213554274
