-0.9637767812 -0.9390458264 -0.9273602624 0.9605179971 -0.9868382279 -0.9324256588 -0.9889484343 0.9435499442 -0.9003562382 -0.9282996497 -0.9770831518 -0.9406280793 0.9844888417 0.9286818985
-0.9618666133 -0.9355775225 -0.9231779477 0.9582569980 -0.9862000940 -0.9287268040 -0.9883526151 0.9402812928 -0.8946738053 -0.9244221152 -0.9758081539 -0.9372989243 0.9835128951 0.9246388792
-0.9600125866 -0.9321767994 -0.9190712092 0.9560366851 -0.9855863450 -0.9251203371 -0.9877696395 0.9370683328 -0.8891028965 -0.9206483509 -0.9745594583 -0.9340412182 0.9825402963 0.9206773559
-0.9582134750 -0.9288424514 -0.9150388179 0.9538560514 -0.9849960049 -0.9216047801 -0.9871986647 0.9339099799 -0.8836420054 -0.9169767614 -0.9733361304 -0.9308536951 0.9815703538 0.9167960149
-0.9564680525 -0.9255732727 -0.9110795444 0.9517140901 -0.9844280980 -0.9181786551 -0.9866388482 0.9308051500 -0.8782896254 -0.9134057512 -0.9721372354 -0.9277350894 0.9806023763 0.9129935426
-0.9547750929 -0.9223680576 -0.9071921596 0.9496097943 -0.9838816483 -0.9148404843 -0.9860893470 0.9277527586 -0.8730442502 -0.9099337249 -0.9709618386 -0.9246841352 0.9796356721 0.9092686252
-0.9531333701 -0.9192256002 -0.9033754343 0.9475421571 -0.9833556801 -0.9115887898 -0.9855493186 0.9247517216 -0.8679043733 -0.9065590869 -0.9698090053 -0.9216995667 0.9786695499 0.9056199491
-0.9515416581 -0.9161446950 -0.8996281392 0.9455101716 -0.9828492174 -0.9084220936 -0.9850179201 0.9218009546 -0.8628684883 -0.9032802419 -0.9686778008 -0.9187801182 0.9777033180 0.9020462006
-0.9499987306 -0.9131241360 -0.8959490451 0.9435128310 -0.9823612844 -0.9053389179 -0.9844943089 0.9188993734 -0.8579350887 -0.9000955944 -0.9675672905 -0.9159245239 0.9767362850 0.8985460660
-0.9485033617 -0.9101627175 -0.8923369228 0.9415491284 -0.9818909053 -0.9023377847 -0.9839776423 0.9160458936 -0.8531026682 -0.8970035490 -0.9664765395 -0.9131315179 0.9757677595 0.8951182317
-0.9470543251 -0.9072592338 -0.8887905432 0.9396180569 -0.9814371042 -0.8994172161 -0.9834670776 0.9132394311 -0.8483697202 -0.8940025102 -0.9654046133 -0.9103998346 0.9747970499 0.8917613840
-0.9456503949 -0.9044124791 -0.8853086770 0.9377186096 -0.9809989052 -0.8965757343 -0.9829617719 0.9104789014 -0.8437347383 -0.8910908825 -0.9643505770 -0.9077282081 0.9738234647 0.8884742092
-0.9442903449 -0.9016212477 -0.8818900950 0.9358497796 -0.9805753326 -0.8938118613 -0.9824608827 0.9077632204 -0.8391962161 -0.8882670705 -0.9633134961 -0.9051153727 0.9728463124 0.8852553937
-0.9429729489 -0.8988843338 -0.8785335679 0.9340105601 -0.9801654103 -0.8911241192 -0.9819635672 0.9050913038 -0.8347526471 -0.8855294788 -0.9622924357 -0.9025600625 0.9718649016 0.8821036238
-0.9416969810 -0.8962005316 -0.8752378667 0.9321999442 -0.9797681626 -0.8885110302 -0.9814689826 0.9024620672 -0.8304025249 -0.8828765119 -0.9612864612 -0.9000610118 0.9708785407 0.8790175858
-0.9404612149 -0.8935686354 -0.8720017620 0.9304169249 -0.9793826137 -0.8859711162 -0.9809762863 0.8998744265 -0.8261443431 -0.8803065743 -0.9602946379 -0.8976169549 0.9698865383 0.8759959660
-0.9392644246 -0.8909874395 -0.8688240247 0.9286604955 -0.9790077876 -0.8835028995 -0.9804846355 0.8973272972 -0.8219765952 -0.8778180706 -0.9593160311 -0.8952266258 0.9688882029 0.8730374509
-0.9381053840 -0.8884557380 -0.8657034255 0.9269296490 -0.9786427085 -0.8811049021 -0.9799931876 0.8948195952 -0.8178977748 -0.8754094053 -0.9583497060 -0.8928887589 0.9678828430 0.8701407266
-0.9369828670 -0.8859723252 -0.8626387353 0.9252233785 -0.9782864006 -0.8787756461 -0.9795010997 0.8923502362 -0.8139063754 -0.8730789831 -0.9573947280 -0.8906020884 0.9668697670 0.8673044795
-0.9358956474 -0.8835359954 -0.8596287248 0.9235406773 -0.9779378880 -0.8765136536 -0.9790075293 0.8899181358 -0.8100008907 -0.8708252083 -0.9564501624 -0.8883653485 0.9658482835 0.8645273960
-0.9348424992 -0.8811455428 -0.8566721648 0.9218805383 -0.9775961948 -0.8743174467 -0.9785116335 0.8875222098 -0.8061798140 -0.8686464857 -0.9555150744 -0.8861772733 0.9648177010 0.8618081624
-0.9338221962 -0.8787997616 -0.8537678262 0.9202419547 -0.9772603452 -0.8721855474 -0.9780125696 0.8851613739 -0.8024416391 -0.8665412197 -0.9545885294 -0.8840365972 0.9637773281 0.8591454650
-0.9328335124 -0.8764974462 -0.8509144796 0.9186239196 -0.9769293633 -0.8701164780 -0.9775094950 0.8828345438 -0.7987848595 -0.8645078149 -0.9536695926 -0.8819420543 0.9627264731 0.8565379902
-0.9318752217 -0.8742373906 -0.8481108960 0.9170254262 -0.9766022733 -0.8681087605 -0.9770015669 0.8805406353 -0.7952079687 -0.8625446758 -0.9527573293 -0.8798923789 0.9616644447 0.8539844242
-0.9309460979 -0.8720183892 -0.8453558461 0.9154454676 -0.9762780993 -0.8661609169 -0.9764879426 0.8782785641 -0.7917094604 -0.8606502070 -0.9518508049 -0.8778863051 0.9605905513 0.8514834534
-0.9300449149 -0.8698392363 -0.8426481006 0.9138830368 -0.9759558655 -0.8642714694 -0.9759677794 0.8760472459 -0.7882878279 -0.8588228130 -0.9509490847 -0.8759225672 0.9595041014 0.8490337642
-0.9291704466 -0.8676987259 -0.8399864304 0.9123371271 -0.9756345960 -0.8624389401 -0.9754402345 0.8738455964 -0.7849415650 -0.8570608984 -0.9500512338 -0.8739998995 0.9584044035 0.8466340428
-0.9283214670 -0.8655956525 -0.8373696062 0.9108067314 -0.9753133149 -0.8606618511 -0.9749044653 0.8716725313 -0.7816691652 -0.8553628677 -0.9491563177 -0.8721170360 0.9572907663 0.8442829757
-0.9274967500 -0.8635288103 -0.8347963990 0.9092908430 -0.9749910464 -0.8589387244 -0.9743596290 0.8695269663 -0.7784691220 -0.8537271255 -0.9482634016 -0.8702727112 0.9561624980 0.8419792490
-0.9266950693 -0.8614969934 -0.8322655793 0.9077884550 -0.9746668147 -0.8572680822 -0.9738048829 0.8674078172 -0.7753399290 -0.8521520763 -0.9473715508 -0.8684656591 0.9550189074 0.8397215492
