-0.9019471641 -0.9947256872 -0.9052245722 0.9102622536 -0.8546998872 -0.9587133465 -0.9811708458 0.9349595713 -0.9227656245 0.9538491165 -0.7977994794 -0.7325983258 0.9351183142 0.8463825355
-0.9012991606 -0.9939057136 -0.9036444141 0.9081517450 -0.8522842445 -0.9569271384 -0.9805522839 0.9335187204 -0.9215504067 0.9572605656 -0.7956041048 -0.7293530306 0.9339980291 0.8440981166
-0.9006705552 -0.9930246510 -0.9020558312 0.9060151296 -0.8498664460 -0.9550955561 -0.9799076944 0.9320559601 -0.9203266688 0.9605403646 -0.7934459105 -0.7261537912 0.9328646523 0.8418200442
-0.9000598309 -0.9920821262 -0.9004578471 0.9038517635 -0.8474455783 -0.9532181588 -0.9792361691 0.9305704715 -0.9190933714 0.9636885993 -0.7913234126 -0.7229991892 0.9317171893 0.8395472670
-0.8994654708 -0.9910777660 -0.8988494855 0.9016610032 -0.8450207278 -0.9512945061 -0.9785367997 0.9290614362 -0.9178494750 0.9667053555 -0.7892351271 -0.7198878063 0.9305546455 0.8372787333
-0.8988859580 -0.9900111971 -0.8972297701 0.8994422049 -0.8425909812 -0.9493241571 -0.9778086778 0.9275280352 -0.9165939400 0.9695907189 -0.7871795702 -0.7168182240 0.9293760265 0.8350133916
-0.8983197755 -0.9888820463 -0.8955977246 0.8971947249 -0.8401554251 -0.9473066713 -0.9770508952 0.9259694499 -0.9153257270 0.9723447754 -0.7851552579 -0.7137890239 0.9281803378 0.8327501905
-0.8977654064 -0.9876899404 -0.8939523725 0.8949179194 -0.8377131458 -0.9452416080 -0.9762625435 0.9243848617 -0.9140437964 0.9749676107 -0.7831607064 -0.7107987878 0.9269665849 0.8304880784
-0.8972213337 -0.9864345059 -0.8922927377 0.8926111448 -0.8352632300 -0.9431285267 -0.9754427143 0.9227734517 -0.9127471088 0.9774593107 -0.7811944317 -0.7078460972 0.9257337733 0.8282260037
-0.8966860406 -0.9851153699 -0.8906178438 0.8902737574 -0.8328047643 -0.9409669866 -0.9745904995 0.9211344012 -0.9114346247 0.9798199611 -0.7792549500 -0.7049295337 0.9244809085 0.8259629150
-0.8961580100 -0.9837321589 -0.8889267145 0.8879051135 -0.8303368351 -0.9387565471 -0.9737049907 0.9194668916 -0.9101053046 0.9820496478 -0.7773407773 -0.7020476790 0.9232069961 0.8236977607
-0.8956357251 -0.9822844997 -0.8872183734 0.8855045692 -0.8278585291 -0.9364967676 -0.9727852795 0.9177701041 -0.9087581090 0.9841484565 -0.7754504298 -0.6991991147 0.9219110415 0.8214294893
-0.8951176689 -0.9807720191 -0.8854918443 0.8830714811 -0.8253689327 -0.9341872075 -0.9718304577 0.9160432201 -0.9073919983 0.9861164731 -0.7735824235 -0.6963824224 0.9205920502 0.8191570493
-0.8946023244 -0.9791943438 -0.8837461507 0.8806052052 -0.8228671325 -0.9318274261 -0.9708396169 0.9142854207 -0.9060059332 0.9879537832 -0.7717352746 -0.6935961837 0.9192490278 0.8168793891
-0.8940881748 -0.9775511007 -0.8819803165 0.8781050980 -0.8203522151 -0.9294169827 -0.9698118488 0.9124958874 -0.9045988740 0.9896604728 -0.7699074991 -0.6908389803 0.9178809798 0.8145954572
-0.8935737030 -0.9758419163 -0.8801933652 0.8755705156 -0.8178232669 -0.9269554368 -0.9687462451 0.9106738013 -0.9031697814 0.9912366276 -0.7680976132 -0.6881093938 0.9164869117 0.8123042021
-0.8930573922 -0.9740664175 -0.8783843206 0.8730008145 -0.8152793746 -0.9244423477 -0.9676418975 0.9088183437 -0.9017176157 0.9926823333 -0.7663041329 -0.6854060057 0.9150658290 0.8100045723
-0.8925377254 -0.9722242311 -0.8765522062 0.8703953508 -0.8127196247 -0.9218772747 -0.9664978977 0.9069286960 -0.9002413375 0.9939976759 -0.7645255744 -0.6827273978 0.9136167372 0.8076955162
-0.8920131857 -0.9703149838 -0.8746960460 0.8677534810 -0.8101431037 -0.9192597773 -0.9653133373 0.9050040395 -0.8987399074 0.9951827411 -0.7627604537 -0.6800721516 0.9121386418 0.8053759824
-0.8914822562 -0.9683383022 -0.8728148633 0.8650745611 -0.8075488982 -0.9165894147 -0.9640873081 0.9030435553 -0.8972122857 0.9962376146 -0.7610072870 -0.6774388487 0.9106305483 0.8030449192
-0.8909434198 -0.9662938133 -0.8709076821 0.8623579477 -0.8049360946 -0.9138657464 -0.9628189017 0.9010464249 -0.8956574331 0.9971623823 -0.7592645904 -0.6748260709 0.9090914623 0.8007012752
-0.8903951597 -0.9641811437 -0.8689735259 0.8596029969 -0.8023037797 -0.9110883317 -0.9615072099 0.8990118294 -0.8940743100 0.9979571300 -0.7575308799 -0.6722323996 0.9075203892 0.7983439988
-0.8898359590 -0.9619999202 -0.8670114184 0.8568090650 -0.7996510398 -0.9082567299 -0.9601513242 0.8969389502 -0.8924618769 0.9986219435 -0.7558046716 -0.6696564166 0.9059163346 0.7959720386
-0.8892643006 -0.9597497696 -0.8650203833 0.8539755084 -0.7969769616 -0.9053705005 -0.9587503364 0.8948269686 -0.8908190944 0.9991569085 -0.7540844817 -0.6670967035 0.9042783040 0.7935843429
-0.8886786677 -0.9574303185 -0.8629994443 0.8511016833 -0.7942806316 -0.9024292028 -0.9573033382 0.8926750658 -0.8891449229 0.9995621109 -0.7523688263 -0.6645518418 0.9026053028 0.7911798603
-0.8880775433 -0.9550411938 -0.8609476251 0.8481869460 -0.7915611363 -0.8994323962 -0.9558094213 0.8904824232 -0.8874383229 0.9998376364 -0.7506562213 -0.6620204132 0.9008963367 0.7887575392
-0.8874594105 -0.9525820222 -0.8588639493 0.8452306528 -0.7888175623 -0.8963796399 -0.9542676773 0.8882482219 -0.8856982549 0.9999835708 -0.7489451831 -0.6595009993 0.8991504110 0.7863163282
-0.8868227523 -0.9500524304 -0.8567474406 0.8422321600 -0.7860489961 -0.8932704935 -0.9526771979 0.8859716434 -0.8839236795 1.0000000000 -0.7472342276 -0.6569921818 0.8973665314 0.7838551756
-0.8861660518 -0.9474520452 -0.8545971227 0.8391908239 -0.7832545242 -0.8901045161 -0.9510370748 0.8836518688 -0.8821135571 0.9998870097 -0.7455218710 -0.6544925422 0.8955437033 0.7813730300
-0.8854877921 -0.9447804933 -0.8524120193 0.8361060007 -0.7804332333 -0.8868812673 -0.9493463998 0.8812880795 -0.8802668483 0.9996446857 -0.7438066293 -0.6520006622 0.8936809323 0.7788688398
