-0.9389326183 -0.6863575139 -0.9487303512 -0.6068153888 -0.0862343639 -0.5675269018 -0.9481413777 -0.6109518382 -0.0781405251 -0.5437410411 0.4931593807 -0.6659983642 -0.4529250799 -0.3956370714
-0.9366915787 -0.6835579992 -0.9466378566 -0.6037385230 -0.0813824811 -0.5645001598 -0.9460622652 -0.6079218001 -0.0733937205 -0.5405316316 0.4896733264 -0.6628359548 -0.4492456241 -0.3925033975
-0.9344046557 -0.6807246096 -0.9444983720 -0.6006314314 -0.0765241294 -0.5614444107 -0.9439368465 -0.6048612453 -0.0686404024 -0.5372946172 0.4861623005 -0.6596415149 -0.4455432082 -0.3893470661
-0.9320715699 -0.6778571309 -0.9423116075 -0.5974939360 -0.0716593643 -0.5583594776 -0.9417648201 -0.6017699911 -0.0638806181 -0.5340298408 0.4826261781 -0.6564148663 -0.4418177304 -0.3861679339
-0.9296920417 -0.6749553490 -0.9400772728 -0.5943258590 -0.0667882414 -0.5552451833 -0.9395458850 -0.5986478547 -0.0591144148 -0.5307371455 0.4790648343 -0.6531558306 -0.4380690888 -0.3829658574
-0.9272657917 -0.6720190499 -0.9377950779 -0.5911270225 -0.0619108164 -0.5521013510 -0.9372797398 -0.5954946536 -0.0543418395 -0.5274163740 0.4754781441 -0.6498642295 -0.4342971819 -0.3797406933
-0.9247925403 -0.6690480194 -0.9354647328 -0.5878972487 -0.0570271449 -0.5489278036 -0.9349660831 -0.5923102049 -0.0495629395 -0.5240673694 0.4718659825 -0.6465398847 -0.4305019076 -0.3764922980
-0.9222720081 -0.6660420434 -0.9330859473 -0.5846363596 -0.0521372824 -0.5457243643 -0.9326046139 -0.5890943260 -0.0447777620 -0.5206899746 0.4682282247 -0.6431826179 -0.4266831644 -0.3732205281
-0.9197039154 -0.6630009078 -0.9306584315 -0.5813441774 -0.0472412846 -0.5424908559 -0.9301950307 -0.5858468341 -0.0399863541 -0.5172840323 0.4645647457 -0.6397922508 -0.4228408503 -0.3699252403
-0.9170879828 -0.6599243985 -0.9281818952 -0.5780205241 -0.0423392070 -0.5392271016 -0.9277370323 -0.5825675467 -0.0351887630 -0.5138493857 0.4608754206 -0.6363686050 -0.4189748636 -0.3666062912
-0.9144239309 -0.6568123014 -0.9256560483 -0.5746652220 -0.0374311052 -0.5359329243 -0.9252303174 -0.5792562808 -0.0303850360 -0.5103858775 0.4571601245 -0.6329115023 -0.4150851025 -0.3632635372
-0.9117114800 -0.6536644024 -0.9230806009 -0.5712780931 -0.0325170350 -0.5326081471 -0.9226745847 -0.5759128539 -0.0255752201 -0.5068933507 0.4534187323 -0.6294207642 -0.4111714652 -0.3598968350
-0.9089503507 -0.6504804873 -0.9204552627 -0.5678589596 -0.0275970517 -0.5292525929 -0.9200695330 -0.5725370833 -0.0207593625 -0.5033716482 0.4496511192 -0.6258962126 -0.4072338500 -0.3565060412
-0.9061402634 -0.6472603421 -0.9177797438 -0.5644076436 -0.0226712111 -0.5258660849 -0.9174148611 -0.5691287862 -0.0159375104 -0.4998206130 0.4458571603 -0.6223376691 -0.4032721550 -0.3530910123
-0.9032809387 -0.6440037527 -0.9150537541 -0.5609239672 -0.0177395688 -0.5224484459 -0.9147102675 -0.5656877800 -0.0111097111 -0.4962400878 0.4420367305 -0.6187449553 -0.3992862785 -0.3496516049
-0.9003720970 -0.6407105049 -0.9122770034 -0.5574077525 -0.0128021804 -0.5189994991 -0.9119554511 -0.5622138818 -0.0062760116 -0.4926299158 0.4381897050 -0.6151178930 -0.3952761187 -0.3461876756
-0.8974134589 -0.6373803846 -0.9094492018 -0.5538588217 -0.0078591014 -0.5155190675 -0.9091501105 -0.5587069091 -0.0014364592 -0.4889899397 0.4343159588 -0.6114563038 -0.3912415738 -0.3426990810
-0.8944047448 -0.6340131777 -0.9065700591 -0.5502769968 -0.0029103874 -0.5120069740 -0.9062939445 -0.5551666791 0.0034088990 -0.4853200024 0.4304153671 -0.6077600095 -0.3871825421 -0.3391856777
-0.8913456752 -0.6306086702 -0.9036392853 -0.5466621001 0.0020439059 -0.5084630418 -0.9033866519 -0.5515930091 0.0082600158 -0.4816199470 0.4264878047 -0.6040288316 -0.3830989216 -0.3356473222
-0.8882359706 -0.6271666478 -0.9006565903 -0.5430139536 0.0070037229 -0.5048870937 -0.9004279313 -0.5479857165 0.0131168439 -0.4778896163 0.4225331469 -0.6002625920 -0.3789906108 -0.3320838711
-0.8850753515 -0.6236868966 -0.8976216840 -0.5393323794 0.0119690081 -0.5012789529 -0.8974174814 -0.5443446184 0.0179793364 -0.4741288532 0.4185512687 -0.5964611122 -0.3748575077 -0.3284951810
-0.8818635384 -0.6201692023 -0.8945342764 -0.5356171997 0.0169397058 -0.4976384424 -0.8943550010 -0.5406695322 0.0228474459 -0.4703375006 0.4145420452 -0.5926242140 -0.3706995106 -0.3248811085
-0.8786002518 -0.6166133509 -0.8913940773 -0.5318682366 0.0219157605 -0.4939653851 -0.8912401889 -0.5369602752 0.0277211253 -0.4665154015 0.4105053513 -0.5887517191 -0.3665165177 -0.3212415101
-0.8752852122 -0.6130191283 -0.8882007968 -0.5280853122 0.0268971165 -0.4902596041 -0.8880727436 -0.5332166647 0.0326003273 -0.4626623988 0.4064410623 -0.5848434490 -0.3623084272 -0.3175762425
-0.8719181400 -0.6093863203 -0.8849541447 -0.5242682486 0.0318837182 -0.4865209224 -0.8848523640 -0.5294385180 0.0374850050 -0.4587783353 0.4023490530 -0.5808992256 -0.3580751374 -0.3138851621
-0.8684987557 -0.6057147129 -0.8816538309 -0.5204168680 0.0368755101 -0.4827491631 -0.8815787489 -0.5256256523 0.0423751109 -0.4548630540 0.3982291987 -0.5769188705 -0.3538165464 -0.3101681257
-0.8650267799 -0.6020040920 -0.8782995655 -0.5165309925 0.0418724365 -0.4789441491 -0.8782515968 -0.5217778850 0.0472705981 -0.4509163979 0.3940813744 -0.5729022054 -0.3495325525 -0.3064249898
-0.8615019330 -0.5982542433 -0.8748910582 -0.5126104442 0.0468744419 -0.4751057034 -0.8748706065 -0.5178950334 0.0521714192 -0.4469382097 0.3899054550 -0.5688490519 -0.3452230539 -0.3026556109
-0.8579239356 -0.5944649529 -0.8714280191 -0.5086550452 0.0518814705 -0.4712336492 -0.8714354768 -0.5139769148 0.0570775272 -0.4429283325 0.3857013158 -0.5647592318 -0.3408879488 -0.2988598456
-0.8542925080 -0.5906360066 -0.8679101581 -0.5046646177 0.0568934670 -0.4673278094 -0.8679459064 -0.5100233464 0.0619888748 -0.4388866092 0.3814688318 -0.5606325667 -0.3365271354 -0.2950375505
