-0.6232520864 -0.8814152107 -0.8292823734 -0.7517518423 -0.7844318206 -0.7718814479 -0.8565155401 -0.7470607950 -0.7339874844 -0.7492694398 0.6919236767 -0.7863678465 -0.8580543934 -0.6878749378
-0.6187954017 -0.8749425286 -0.8238398462 -0.7456563841 -0.7788161783 -0.7660050186 -0.8497011016 -0.7409701514 -0.7290572476 -0.7429074875 0.6865294882 -0.7808694935 -0.8508373899 -0.6827272407
-0.6141693171 -0.8682607915 -0.8181953149 -0.7393771326 -0.7730078795 -0.7599397807 -0.8426873432 -0.7346965593 -0.7239397603 -0.7363637501 0.6809585660 -0.7751774431 -0.8434121748 -0.6774021327
-0.6093703720 -0.8613673196 -0.8123455362 -0.7329112872 -0.7670038320 -0.7536827931 -0.8354716930 -0.7282372220 -0.7186316498 -0.7296355670 0.6752078338 -0.7692885405 -0.8357767369 -0.6718964168
-0.6043951056 -0.8542594332 -0.8062872671 -0.7262560472 -0.7608009439 -0.7472311150 -0.8280515793 -0.7215893429 -0.7131295436 -0.7227202774 0.6692742152 -0.7631996311 -0.8279290654 -0.6662068962
-0.5992400573 -0.8469344524 -0.8000172643 -0.7194086118 -0.7543961234 -0.7405818053 -0.8204244303 -0.7147501254 -0.7074300691 -0.7156152204 0.6631546339 -0.7569075602 -0.8198671492 -0.6603303739
-0.5939017666 -0.8393896977 -0.7935322848 -0.7123661804 -0.7477862784 -0.7337319233 -0.8125876743 -0.7077167728 -0.7015298538 -0.7083177352 0.6568460135 -0.7504091730 -0.8115889773 -0.6542636530
-0.5883767727 -0.8316224891 -0.7868290854 -0.7051259522 -0.7409683169 -0.7266785279 -0.8045387394 -0.7004864885 -0.6954255251 -0.7008251611 0.6503452777 -0.7437013148 -0.8030925387 -0.6480035365
-0.5826616152 -0.8236301471 -0.7799044229 -0.6976851265 -0.7339391470 -0.7194186783 -0.7962750540 -0.6930564758 -0.6891137104 -0.6931348372 0.6436493501 -0.7367808309 -0.7943758224 -0.6415468276
-0.5767528332 -0.8154099918 -0.7727550542 -0.6900409026 -0.7266956767 -0.7119494334 -0.7877940462 -0.6854239381 -0.6825910371 -0.6852441028 0.6367551543 -0.7296445666 -0.7854368174 -0.6348903293
-0.5706469663 -0.8069593434 -0.7653777361 -0.6821904799 -0.7192348141 -0.7042678524 -0.7790931442 -0.6775860788 -0.6758541326 -0.6771502971 0.6296596140 -0.7222893671 -0.7762735127 -0.6280308447
-0.5643405538 -0.7982755224 -0.7577692255 -0.6741310575 -0.7115534672 -0.6963709943 -0.7701697763 -0.6695401013 -0.6688996245 -0.6688507592 0.6223596528 -0.7147120777 -0.7668838973 -0.6209651769
-0.5578301350 -0.7893558488 -0.7499262793 -0.6658598347 -0.7036485440 -0.6882559182 -0.7610213707 -0.6612832089 -0.6617241401 -0.6603428284 0.6148521944 -0.7069095437 -0.7572659603 -0.6136901289
-0.5511122493 -0.7801976431 -0.7418456543 -0.6573740110 -0.6955169526 -0.6799196832 -0.7516453557 -0.6528126049 -0.6543243068 -0.6516238439 0.6071341625 -0.6988786104 -0.7474176905 -0.6062025038
-0.5441834361 -0.7707982253 -0.7335241073 -0.6486707854 -0.6871556009 -0.6713593482 -0.7420391594 -0.6441254928 -0.6466967521 -0.6426911448 0.5992024805 -0.6906161231 -0.7373370769 -0.5984991048
-0.5370402348 -0.7611549158 -0.7249583952 -0.6397473575 -0.6785613971 -0.6625719725 -0.7322002101 -0.6352190759 -0.6388381034 -0.6335420705 0.5910540723 -0.6821189270 -0.7270221087 -0.5905767348
-0.5296791848 -0.7512650349 -0.7161452748 -0.6306009263 -0.6697312492 -0.6535546151 -0.7221259360 -0.6260905575 -0.6307449881 -0.6241739600 0.5826858615 -0.6733838674 -0.7164707748 -0.5824321970
-0.5220968253 -0.7411259028 -0.7070815031 -0.6212286912 -0.6606620652 -0.6443043349 -0.7118137654 -0.6167371411 -0.6224140337 -0.6145841526 0.5740947716 -0.6644077897 -0.7056810641 -0.5740622944
-0.5142896958 -0.7307348397 -0.6977638368 -0.6116278516 -0.6513507531 -0.6348181912 -0.7012611264 -0.6071560299 -0.6138418676 -0.6047699874 0.5652777264 -0.6551875390 -0.6946509658 -0.5654638302
-0.5062543357 -0.7200891660 -0.6881890328 -0.6017956066 -0.6417942209 -0.6250932429 -0.6904654474 -0.5973444274 -0.6050251171 -0.5947288038 0.5562316494 -0.6457199607 -0.6833784687 -0.5566336073
-0.4979872843 -0.7091862018 -0.6783538480 -0.5917291556 -0.6319893768 -0.6151265492 -0.6794241564 -0.5872995370 -0.5959604099 -0.5844579409 0.5469534644 -0.6360019000 -0.6718615618 -0.5475684289
-0.4894850810 -0.6980232674 -0.6682550392 -0.5814256979 -0.6219331288 -0.6049151690 -0.6681346818 -0.5770185619 -0.5866443732 -0.5739547378 0.5374400950 -0.6260302022 -0.6600982343 -0.5382650981
-0.4807442651 -0.6865976832 -0.6578893632 -0.5708824327 -0.6116223848 -0.5944561616 -0.6565944518 -0.5664987056 -0.5770736345 -0.5632165339 0.5276884647 -0.6158017126 -0.6480864750 -0.5287204179
-0.4717613761 -0.6749067692 -0.6472535770 -0.5600965594 -0.6010540529 -0.5837465858 -0.6448008946 -0.5557371714 -0.5672448212 -0.5522406682 0.5176954973 -0.6053132765 -0.6358242730 -0.5189311914
-0.4625329533 -0.6629478459 -0.6363444373 -0.5490652771 -0.5902250412 -0.5727835009 -0.6327514384 -0.5447311626 -0.5571545608 -0.5410244801 0.5074581164 -0.5945617392 -0.6233096173 -0.5088942217
-0.4530555361 -0.6507182334 -0.6251587010 -0.5377857853 -0.5791322576 -0.5615639658 -0.6204435114 -0.5334778827 -0.5467994807 -0.5295653087 0.4969732457 -0.5835439459 -0.6105404968 -0.4986063118
-0.4433256638 -0.6382152521 -0.6136931250 -0.5262552832 -0.5677726103 -0.5500850397 -0.6078745420 -0.5219745350 -0.5361762083 -0.5178604932 0.4862378087 -0.5722567419 -0.5975149006 -0.4880642649
-0.4333398759 -0.6254362221 -0.6019444662 -0.5144709701 -0.5561430072 -0.5383437816 -0.5950419582 -0.5102183229 -0.5252813710 -0.5059073728 0.4752487291 -0.5606969725 -0.5842308176 -0.4772648840
-0.4230947116 -0.6123784637 -0.5899094813 -0.5024300453 -0.5442403564 -0.5263372505 -0.5819431884 -0.4982064497 -0.5141115963 -0.4937032867 0.4640029307 -0.5488614830 -0.5706862369 -0.4662049722
-0.4125867105 -0.5990392973 -0.5775849272 -0.4901297080 -0.5320615660 -0.5140625056 -0.5685756607 -0.4859361188 -0.5026635116 -0.4812455742 0.4524973369 -0.5367471186 -0.5568791475 -0.4548813325
