-0.8029006427 -0.7244751101 -0.7414174972 -0.8539223393 -0.8260572947 -0.8223442802 -0.8111418604 -0.8751664668 -0.8346981082 -0.7925709990 0.8661574716 -0.8238703721 -0.9109226919 -0.8305358217
-0.8009561817 -0.7229171151 -0.7396604895 -0.8517992262 -0.8245034637 -0.8203718171 -0.8091796288 -0.8731157461 -0.8330555319 -0.7907590374 0.8636378569 -0.8215737807 -0.9082701001 -0.8288334069
-0.7989728389 -0.7213227338 -0.7378667384 -0.8496354933 -0.8229092190 -0.8183597468 -0.8071782172 -0.8710234507 -0.8313723396 -0.7889083942 0.8610777628 -0.8192380323 -0.9055727019 -0.8270906351
-0.7969502586 -0.7196915725 -0.7360358717 -0.8474308011 -0.8212741576 -0.8163077151 -0.8051372712 -0.8688892308 -0.8296481380 -0.7870186993 0.8584768946 -0.8168628102 -0.9028302537 -0.8253071203
-0.7948880851 -0.7180232377 -0.7341675176 -0.8451848099 -0.8195978769 -0.8142153677 -0.8030564365 -0.8667127366 -0.8278825337 -0.7850895824 0.8558349572 -0.8144477971 -0.9000425120 -0.8234824764
-0.7927859626 -0.7163173359 -0.7322613037 -0.8428971802 -0.8178799738 -0.8120823504 -0.8009353586 -0.8644936185 -0.8260751334 -0.7831206735 0.8531516557 -0.8119926762 -0.8972092332 -0.8216163174
-0.7906435353 -0.7145734735 -0.7303168582 -0.8405675725 -0.8161200458 -0.8099083090 -0.7987736830 -0.8622315266 -0.8242255439 -0.7811116023 0.8504266953 -0.8094971305 -0.8943301737 -0.8197082572
-0.7884604474 -0.7127912569 -0.7283338088 -0.8381956471 -0.8143176899 -0.8076928894 -0.7965710554 -0.8599261111 -0.8223333718 -0.7790619988 0.8476597809 -0.8069608430 -0.8914050900 -0.8177579097
-0.7862363432 -0.7109702926 -0.7263117837 -0.8357810645 -0.8124725034 -0.8054357372 -0.7943271213 -0.8575770224 -0.8203982237 -0.7769714927 0.8448506178 -0.8043834968 -0.8884337384 -0.8157648889
-0.7839708670 -0.7091101871 -0.7242504106 -0.8333234850 -0.8105840834 -0.8031364983 -0.7920415262 -0.8551839107 -0.8184197065 -0.7748397139 0.8419989109 -0.8017647747 -0.8854158754 -0.8137288087
-0.7816636629 -0.7072105467 -0.7221493175 -0.8308225693 -0.8086520272 -0.8007948184 -0.7897139158 -0.8527464262 -0.8163974267 -0.7726662924 0.8391043654 -0.7991043600 -0.8823512575 -0.8116492831
-0.7793143752 -0.7052709780 -0.7200081323 -0.8282779775 -0.8066759320 -0.7984103434 -0.7873439356 -0.8502642192 -0.8143309910 -0.7704508578 0.8361666863 -0.7964019355 -0.8792396410 -0.8095259259
-0.7769226481 -0.7032910874 -0.7178264831 -0.8256893703 -0.8046553949 -0.7959827190 -0.7849312312 -0.8477369399 -0.8122200062 -0.7681930402 0.8331855788 -0.7936571844 -0.8760807823 -0.8073583513
-0.7744881259 -0.7012704813 -0.7156039976 -0.8230564080 -0.8025900132 -0.7935115910 -0.7824754482 -0.8451642386 -0.8100640788 -0.7658924692 0.8301607478 -0.7908697896 -0.8728744380 -0.8051461730
-0.7720104528 -0.6992087662 -0.7133403038 -0.8203787510 -0.8004793840 -0.7909966052 -0.7799762321 -0.8425457655 -0.8078628157 -0.7635487749 0.8270918986 -0.7880394342 -0.8696203644 -0.8028890050
-0.7694892730 -0.6971055486 -0.7110350297 -0.8176560598 -0.7983231046 -0.7884374073 -0.7774332285 -0.8398811709 -0.8056158234 -0.7611615869 0.8239787361 -0.7851658011 -0.8663183180 -0.8005864614
-0.7669242307 -0.6949604348 -0.7086878032 -0.8148879948 -0.7961207721 -0.7858336433 -0.7748460830 -0.8371701049 -0.8033227087 -0.7587305352 0.8208209655 -0.7822485735 -0.8629680551 -0.7982381559
-0.7643149703 -0.6927730313 -0.7062982523 -0.8120742164 -0.7938719838 -0.7831849587 -0.7722144412 -0.8344122179 -0.8009830783 -0.7562552497 0.8176182919 -0.7792874343 -0.8595693323 -0.7958437026
-0.7616611359 -0.6905429447 -0.7038660048 -0.8092143850 -0.7915763368 -0.7804909995 -0.7695379485 -0.8316071601 -0.7985965387 -0.7537353601 0.8143704203 -0.7762820665 -0.8561219059 -0.7934027154
-0.7589623718 -0.6882697812 -0.7013906886 -0.8063081611 -0.7892334283 -0.7777514114 -0.7668162507 -0.8287545818 -0.7961626968 -0.7511704964 0.8110770558 -0.7732321532 -0.8526255323 -0.7909148082
-0.7562183221 -0.6859531474 -0.6988719318 -0.8033552052 -0.7868428556 -0.7749658402 -0.7640489932 -0.8258541331 -0.7936811592 -0.7485602883 0.8077379035 -0.7701373774 -0.8490799681 -0.7883795950
-0.7534286312 -0.6835926498 -0.6963093622 -0.8003551775 -0.7844042159 -0.7721339316 -0.7612358217 -0.8229054644 -0.7911515325 -0.7459043658 0.8043526686 -0.7669974222 -0.8454849695 -0.7857966898
-0.7505929433 -0.6811878947 -0.6937026078 -0.7973077386 -0.7819171062 -0.7692553315 -0.7583763817 -0.8199082258 -0.7885734235 -0.7432023586 0.8009210560 -0.7638119704 -0.8418402931 -0.7831657064
-0.7477109026 -0.6787384887 -0.6910512965 -0.7942125489 -0.7793811239 -0.7663296857 -0.7554703187 -0.8168620677 -0.7859464389 -0.7404538967 0.7974427708 -0.7605807053 -0.8381456953 -0.7804862588
-0.7447821533 -0.6762440381 -0.6883550563 -0.7910692688 -0.7767958661 -0.7633566399 -0.7525172784 -0.8137666402 -0.7832701852 -0.7376586098 0.7939175182 -0.7573033097 -0.8344009325 -0.7777579610
-0.7418063397 -0.6737041494 -0.6856135150 -0.7878775587 -0.7741609301 -0.7603358399 -0.7495169064 -0.8106215937 -0.7805442693 -0.7348161278 0.7903450032 -0.7539794667 -0.8306057610 -0.7749804268
-0.7387831060 -0.6711184291 -0.6828263006 -0.7846370791 -0.7714759130 -0.7572669315 -0.7464688481 -0.8074265783 -0.7777682978 -0.7319260807 0.7867249309 -0.7506088594 -0.8267599374 -0.7721532703
-0.7357120964 -0.6684864836 -0.6799930410 -0.7813474904 -0.7687404120 -0.7541495604 -0.7433727492 -0.8041812444 -0.7749418774 -0.7289880981 0.7830570065 -0.7471911707 -0.8228632181 -0.7692761054
-0.7325929552 -0.6658079194 -0.6771133642 -0.7780084529 -0.7659540243 -0.7509833726 -0.7402282552 -0.8008852421 -0.7720646147 -0.7260018100 0.7793409349 -0.7437260837 -0.8189153595 -0.7663485460
-0.7294253266 -0.6630823429 -0.6741868981 -0.7746196273 -0.7631163472 -0.7477680137 -0.7370350118 -0.7975382217 -0.7691361164 -0.7229668463 0.7755764212 -0.7402132813 -0.8149161180 -0.7633702061
