-0.6922497565 -0.7497660781 -0.8004869361 -0.8260794960 -0.8610685880 -0.8128264266 -0.8304424311 -0.8040197459 -0.8080962917 -0.8253141397 0.6973994643 -0.7101907847 -0.8196143731 -0.8204232366
-0.6901275976 -0.7477298944 -0.7985821594 -0.8238775377 -0.8591212613 -0.8105616476 -0.8281346356 -0.8018618384 -0.8060790865 -0.8230456432 0.6957103135 -0.7083403676 -0.8169122938 -0.8172432237
-0.6879589577 -0.7456433184 -0.7966235410 -0.8216199974 -0.8571159731 -0.8082421878 -0.8257709614 -0.7996498491 -0.8040075222 -0.8207216166 0.6939743315 -0.7064422494 -0.8141550721 -0.8140080136
-0.6857430896 -0.7435055862 -0.7946102912 -0.8193061462 -0.8550519432 -0.8058673310 -0.8233507012 -0.7973830397 -0.8018808320 -0.8183413448 0.6921906829 -0.7044956279 -0.8113420811 -0.8107170766
-0.6834792464 -0.7413159339 -0.7925416198 -0.8169352550 -0.8529283910 -0.8034363607 -0.8208731477 -0.7950606720 -0.7996982489 -0.8159041121 0.6903585324 -0.7024997007 -0.8084726937 -0.8073698832
-0.6811666808 -0.7390735978 -0.7904167371 -0.8145065950 -0.8507445362 -0.8009485608 -0.8183375936 -0.7926820077 -0.7974590061 -0.8134092034 0.6884770446 -0.7004536655 -0.8055462829 -0.8039659039
-0.6788046458 -0.7367778139 -0.7882348530 -0.8120194372 -0.8484995983 -0.7984032148 -0.8157433315 -0.7902463085 -0.7951623366 -0.8108559031 0.6865453841 -0.6983567202 -0.8025622216 -0.8005046092
-0.6763923943 -0.7344278185 -0.7859951776 -0.8094730525 -0.8461927969 -0.7957996065 -0.8130896543 -0.7877528363 -0.7928074736 -0.8082434959 0.6845627156 -0.6962080624 -0.7995198829 -0.7969854696
-0.6739291793 -0.7320228477 -0.7836969210 -0.8068667121 -0.8438233516 -0.7931370194 -0.8103758545 -0.7852008527 -0.7903936501 -0.8055712664 0.6825282038 -0.6940068898 -0.7964186397 -0.7934079555
-0.6714142535 -0.7295621377 -0.7813392932 -0.8041996870 -0.8413904820 -0.7904147374 -0.8076012248 -0.7825896194 -0.7879200993 -0.8028384992 0.6804410132 -0.6917524001 -0.7932578649 -0.7897715375
-0.6688468700 -0.7270449247 -0.7789215043 -0.8014712482 -0.8388934077 -0.7876320439 -0.8047650580 -0.7799183984 -0.7853860542 -0.8000444788 0.6783003085 -0.6894437911 -0.7900369317 -0.7860756860
-0.6662262815 -0.7244704447 -0.7764427643 -0.7986806668 -0.8363313482 -0.7847882228 -0.8018666467 -0.7771864512 -0.7827907480 -0.7971884899 0.6761052544 -0.6870802605 -0.7867552128 -0.7823198715
-0.6635517411 -0.7218379340 -0.7739022834 -0.7958272138 -0.8337035231 -0.7818825577 -0.7989052837 -0.7743930396 -0.7801334137 -0.7942698171 0.6738550156 -0.6846610060 -0.7834120814 -0.7785035645
-0.6608225017 -0.7191466288 -0.7712992715 -0.7929101603 -0.8310091520 -0.7789143322 -0.7958802615 -0.7715374255 -0.7774132845 -0.7912877450 0.6715487565 -0.6821852252 -0.7800069103 -0.7746262354
-0.6580378160 -0.7163957651 -0.7686329388 -0.7899287772 -0.8282474544 -0.7758828301 -0.7927908730 -0.7686188705 -0.7746295934 -0.7882415582 0.6691856420 -0.6796521161 -0.7765390726 -0.7706873548
-0.6551969371 -0.7135845792 -0.7659024953 -0.7868823357 -0.8254176501 -0.7727873349 -0.7896364107 -0.7656366363 -0.7717815736 -0.7851305413 0.6667648366 -0.6770608762 -0.7730079412 -0.7666863932
-0.6522991178 -0.7107123072 -0.7631071510 -0.7837701067 -0.8225189584 -0.7696271305 -0.7864161675 -0.7625899848 -0.7688684581 -0.7819539789 0.6642855049 -0.6744107032 -0.7694128891 -0.7626228210
-0.6493436111 -0.7077781853 -0.7602461160 -0.7805913613 -0.8195505991 -0.7664015003 -0.7831294359 -0.7594781776 -0.7658894801 -0.7787111556 0.6617468117 -0.6717007949 -0.7657532893 -0.7584961086
-0.6463296698 -0.7047814497 -0.7573186004 -0.7773453706 -0.8165117917 -0.7631097282 -0.7797755087 -0.7563004766 -0.7628438726 -0.7754013560 0.6591479216 -0.6689303491 -0.7620285148 -0.7543057267
-0.6432565468 -0.7017213364 -0.7543238142 -0.7740314056 -0.8134017558 -0.7597510978 -0.7763536785 -0.7530561435 -0.7597308688 -0.7720238647 0.6564879991 -0.6660985634 -0.7582379384 -0.7500511456
-0.6401234952 -0.6985970818 -0.7512609675 -0.7706487373 -0.8102197110 -0.7563248927 -0.7728632381 -0.7497444399 -0.7565497018 -0.7685779663 0.6537662090 -0.6632046355 -0.7543809333 -0.7457318359
-0.6369297676 -0.6954079218 -0.7481292704 -0.7671966368 -0.8069648767 -0.7528303966 -0.7693034801 -0.7463646278 -0.7532996046 -0.7650629454 0.6509817159 -0.6602477632 -0.7504568723 -0.7413472680
-0.6336746172 -0.6921530928 -0.7449279329 -0.7636743750 -0.8036364728 -0.7492668933 -0.7656736973 -0.7429159687 -0.7499798104 -0.7614780866 0.6481336844 -0.6572271441 -0.7464651285 -0.7368969124
-0.6303572967 -0.6888318308 -0.7416561651 -0.7600812231 -0.8002337186 -0.7456336663 -0.7619731823 -0.7393977245 -0.7465895522 -0.7578226745 0.6452212792 -0.6541419761 -0.7424050748 -0.7323802396
-0.6269770590 -0.6854433721 -0.7383131769 -0.7564164521 -0.7967558338 -0.7419299994 -0.7582012278 -0.7358091569 -0.7431280632 -0.7540959938 0.6422436649 -0.6509914568 -0.7382760842 -0.7277967201
-0.6235331572 -0.6819869527 -0.7348981786 -0.7526793330 -0.7932020379 -0.7381551761 -0.7543571265 -0.7321495277 -0.7395945765 -0.7502973290 0.6392000061 -0.6477747839 -0.7340775296 -0.7231458243
-0.6200248440 -0.6784618089 -0.7314103801 -0.7488691369 -0.7895715506 -0.7343084803 -0.7504401711 -0.7284180985 -0.7359883251 -0.7464259647 0.6360894676 -0.6444911551 -0.7298087841 -0.7184270228
-0.6164513724 -0.6748671768 -0.7278489916 -0.7449851348 -0.7858635915 -0.7303891955 -0.7464496542 -0.7246141312 -0.7323085422 -0.7424811855 0.6329112139 -0.6411397683 -0.7254692206 -0.7136397861
-0.6128119953 -0.6712022926 -0.7242132230 -0.7410265977 -0.7820773800 -0.7263966054 -0.7423848687 -0.7207368875 -0.7285544609 -0.7384622761 0.6296644097 -0.6377198210 -0.7210582121 -0.7087835845
-0.6091059656 -0.6674663925 -0.7205022844 -0.7369927968 -0.7782121358 -0.7223299937 -0.7382451071 -0.7167856292 -0.7247253142 -0.7343685210 0.6263482197 -0.6342305110 -0.7165751315 -0.7038578887
