-0.7857704311 -0.8050476063 -0.8429076776 -0.8673842394 -0.8853079742 -0.8205937000 -0.7776004802 -0.8401856087 -0.8872789110 -0.8061084853 0.8315468657 -0.8664930670 -0.9342703235 -0.8150910876
-0.7842221128 -0.8045622177 -0.8418667532 -0.8664125427 -0.8847794780 -0.8200300618 -0.7773086448 -0.8393784342 -0.8865656544 -0.8054207810 0.8304111309 -0.8649078761 -0.9335293951 -0.8136763778
-0.7826363445 -0.8040428577 -0.8407847280 -0.8653973988 -0.8842078899 -0.8194303163 -0.7769869013 -0.8385316952 -0.8858081115 -0.8046979191 0.8292350533 -0.8632760963 -0.9327388275 -0.8122216750
-0.7810120775 -0.8034881867 -0.8396604525 -0.8643376577 -0.8835919460 -0.8187931588 -0.7766338328 -0.8376441727 -0.8850050735 -0.8039386191 0.8280175016 -0.8615967535 -0.9318974572 -0.8107259152
-0.7793482634 -0.8028968651 -0.8384927772 -0.8632321693 -0.8829303830 -0.8181172847 -0.7762480224 -0.8367146477 -0.8841553315 -0.8031416006 0.8267573448 -0.8598688737 -0.9310041204 -0.8091880347
-0.7776438536 -0.8022675534 -0.8372805526 -0.8620797835 -0.8822219370 -0.8174013891 -0.7758280530 -0.8357419011 -0.8832576767 -0.8023055832 0.8254534516 -0.8580914829 -0.9300576534 -0.8076069697
-0.7758977996 -0.8015989122 -0.8360226291 -0.8608793501 -0.8814653446 -0.8166441675 -0.7753725076 -0.8347247140 -0.8823109002 -0.8014292866 0.8241046909 -0.8562636069 -0.9290568924 -0.8059816562
-0.7741090530 -0.8008896019 -0.8347178573 -0.8596297191 -0.8806593419 -0.8158443152 -0.7748799693 -0.8336618673 -0.8813137932 -0.8005114303 0.8227099314 -0.8543842717 -0.9280006739 -0.8043110305
-0.7722765651 -0.8001382830 -0.8333650875 -0.8583297403 -0.8798026655 -0.8150005275 -0.7743490210 -0.8325521420 -0.8802651469 -0.7995507340 0.8212680420 -0.8524525033 -0.9268878340 -0.8025940288
-0.7703992875 -0.7993436159 -0.8319631703 -0.8569782636 -0.8788940517 -0.8141114998 -0.7737782459 -0.8313943191 -0.8791637524 -0.7985459173 0.8197778914 -0.8504673275 -0.9257172090 -0.8008295873
-0.7684761716 -0.7985042612 -0.8305109561 -0.8555741390 -0.8779322368 -0.8131759272 -0.7731662267 -0.8301871795 -0.8780084009 -0.7974956997 0.8182383485 -0.8484277704 -0.9244876353 -0.7990166420
-0.7665061690 -0.7976188794 -0.8290072955 -0.8541162162 -0.8769159573 -0.8121925052 -0.7725115467 -0.8289295043 -0.8767978835 -0.7963988009 0.8166482821 -0.8463328578 -0.9231979492 -0.7971541292
-0.7644882311 -0.7966861308 -0.8274510389 -0.8526033452 -0.8758439494 -0.8111599291 -0.7718127888 -0.8276200743 -0.8755309914 -0.7952539406 0.8150065611 -0.8441816158 -0.9218469868 -0.7952409851
-0.7624213095 -0.7957046761 -0.8258410368 -0.8510343759 -0.8747149496 -0.8100768942 -0.7710685361 -0.8262576707 -0.8742065157 -0.7940598383 0.8133120541 -0.8419730702 -0.9204335846 -0.7932761458
-0.7603043555 -0.7946731756 -0.8241761396 -0.8494081582 -0.8735276942 -0.8089420957 -0.7702773714 -0.8248410743 -0.8728232476 -0.7928152136 0.8115636301 -0.8397062469 -0.9189565788 -0.7912585475
-0.7581363207 -0.7935902899 -0.8224551979 -0.8477235419 -0.8722809196 -0.8077542292 -0.7694378779 -0.8233690661 -0.8713799784 -0.7915187861 0.8097601578 -0.8373801720 -0.9174148057 -0.7891871264
-0.7559161565 -0.7924546794 -0.8206770621 -0.8459793769 -0.8709733622 -0.8065119897 -0.7685486386 -0.8218404272 -0.8698754990 -0.7901692755 0.8079005060 -0.8349938714 -0.9158071016 -0.7870608187
-0.7536428145 -0.7912650046 -0.8188405827 -0.8441745132 -0.8696037583 -0.8052140728 -0.7676082364 -0.8202539385 -0.8683086008 -0.7887654013 0.8059835436 -0.8325463710 -0.9141323027 -0.7848785605
-0.7513152461 -0.7900199260 -0.8169446101 -0.8423078006 -0.8681708443 -0.8038591736 -0.7666152544 -0.8186083810 -0.8666780747 -0.7873058832 0.8040081394 -0.8300366967 -0.9123892455 -0.7826392880
-0.7489324028 -0.7887181041 -0.8149879950 -0.8403780889 -0.8666733565 -0.8024459876 -0.7655682756 -0.8169025356 -0.8649827121 -0.7857894408 0.8019731621 -0.8274638744 -0.9105767661 -0.7803419374
-0.7464932361 -0.7873581994 -0.8129695876 -0.8383842282 -0.8651100314 -0.8009732099 -0.7644658829 -0.8151351834 -0.8632213041 -0.7842147937 0.7998774807 -0.8248269303 -0.9086937008 -0.7779854448
-0.7439966975 -0.7859388724 -0.8108882386 -0.8363250682 -0.8634796053 -0.7994395361 -0.7633066595 -0.8133051053 -0.8613926418 -0.7825806614 0.7977199638 -0.8221248900 -0.9067388860 -0.7755687465
-0.7414417384 -0.7844587834 -0.8087427983 -0.8341994589 -0.8617808146 -0.7978436613 -0.7620891883 -0.8114110822 -0.8594955163 -0.7808857637 0.7954994803 -0.8193567797 -0.9047111580 -0.7730907786
-0.7388273104 -0.7829165931 -0.8065321173 -0.8320062501 -0.8600123956 -0.7961842809 -0.7608120524 -0.8094518953 -0.8575287190 -0.7791288201 0.7932148991 -0.8165216252 -0.9026093529 -0.7705504773
-0.7361523650 -0.7813109618 -0.8042550461 -0.8297442918 -0.8581730847 -0.7944600902 -0.7594738347 -0.8074263254 -0.8554910408 -0.7773085502 0.7908650889 -0.8136184525 -0.9004323072 -0.7679467787
-0.7334158535 -0.7796405501 -0.8019104350 -0.8274124338 -0.8562616183 -0.7926697845 -0.7580731182 -0.8053331535 -0.8533812729 -0.7754236737 0.7884489185 -0.8106462875 -0.8981788571 -0.7652786191
-0.7306167275 -0.7779040185 -0.7994971347 -0.8250095260 -0.8542767327 -0.7908120592 -0.7566084861 -0.8031711607 -0.8511982066 -0.7734729101 0.7859652568 -0.8076041562 -0.8958478389 -0.7625449345
-0.7277539385 -0.7761000274 -0.7970139956 -0.8225344183 -0.8522171644 -0.7888856095 -0.7550785212 -0.8009391278 -0.8489406330 -0.7714549791 0.7834129726 -0.8044910845 -0.8934380888 -0.7597446613
-0.7248264380 -0.7742272373 -0.7944598681 -0.8199859606 -0.8500816496 -0.7868891308 -0.7534818066 -0.7986358359 -0.8466073432 -0.7693686003 0.7807909346 -0.8013060983 -0.8909484433 -0.7568767355
-0.7218331766 -0.7722843086 -0.7918336026 -0.8173630027 -0.8478689167 -0.7848213182 -0.7518169252 -0.7962600658 -0.8441971203 -0.7672124930 0.7780980118 -0.7980482235 -0.8883777384 -0.7539400932
