-0.9750613976 -0.6977970826 -0.9718495197 -0.6246420831 0.0806614344 -0.5900121895 -0.9498437206 -0.6451345931 0.0775094882 -0.5046467296 0.4163363815 -0.6376002261 -0.4375402962 -0.5038400329
-0.9734598472 -0.6951302537 -0.9701426482 -0.6217951049 0.0843067172 -0.5870639510 -0.9476528373 -0.6422798208 0.0811545379 -0.5018648394 0.4134642714 -0.6349074206 -0.4344900314 -0.5009393672
-0.9718038357 -0.6924249672 -0.9683809497 -0.6189130741 0.0879571673 -0.5840823218 -0.9454096636 -0.6393892246 0.0848048780 -0.4990523513 0.4105652747 -0.6321785761 -0.4314126153 -0.4980085071
-0.9700929598 -0.6896809435 -0.9665640444 -0.6159957409 0.0916128424 -0.5810670678 -0.9431138703 -0.6364625525 0.0884605667 -0.4962090275 0.4076391769 -0.6294134249 -0.4283078481 -0.4950472274
-0.9683268160 -0.6868979031 -0.9646915524 -0.6130428556 0.0952738002 -0.5780179553 -0.9407651279 -0.6334995523 0.0921216622 -0.4933346306 0.4046857633 -0.6266116997 -0.4251755304 -0.4920553027
-0.9665050010 -0.6840755663 -0.9627630940 -0.6100541685 0.0989400983 -0.5749347502 -0.9383631071 -0.6304999720 0.0957882227 -0.4904289229 0.4017048195 -0.6237731330 -0.4220154625 -0.4890325078
-0.9646271113 -0.6812136537 -0.9607782893 -0.6070294300 0.1026117946 -0.5718172186 -0.9359074786 -0.6274635593 0.0994603065 -0.4874916669 0.3986961310 -0.6208974571 -0.4188274446 -0.4859786173
-0.9626927437 -0.6783118856 -0.9587367586 -0.6039683903 0.1062889466 -0.5686651267 -0.9333979131 -0.6243900623 0.1031379718 -0.4845226250 0.3956594833 -0.6179844048 -0.4156112773 -0.4828934060
-0.9607014946 -0.6753699825 -0.9566381220 -0.6008707996 0.1099716121 -0.5654782404 -0.9308340811 -0.6212792288 0.1068212768 -0.4815215597 0.3925946617 -0.6150337084 -0.4123667608 -0.4797766484
-0.9586529609 -0.6723876648 -0.9544819998 -0.5977364084 0.1136598488 -0.5622563259 -0.9282156533 -0.6181308066 0.1105102797 -0.4784882332 0.3895014518 -0.6120451004 -0.4090936956 -0.4766281194
-0.9565467390 -0.6693646530 -0.9522680122 -0.5945649669 0.1173537144 -0.5589991491 -0.9255423004 -0.6149445436 0.1142050387 -0.4754224082 0.3863796390 -0.6090183134 -0.4057918819 -0.4734475936
-0.9543824255 -0.6663006674 -0.9499957794 -0.5913562254 0.1210532665 -0.5557064762 -0.9228136930 -0.6117201879 0.1179056120 -0.4723238470 0.3832290088 -0.6059530800 -0.4024611202 -0.4702348456
-0.9521596172 -0.6631954285 -0.9476649215 -0.5881099343 0.1247585630 -0.5523780733 -0.9200295018 -0.6084574871 0.1216120579 -0.4691923119 0.3800493467 -0.6028491325 -0.3991012108 -0.4669896503
-0.9498779107 -0.6600486567 -0.9452750588 -0.5848258437 0.1284696614 -0.5490137064 -0.9171893975 -0.6051561892 0.1253244346 -0.4660275656 0.3768404382 -0.5997062035 -0.3957119540 -0.4637117822
-0.9475369024 -0.6568600725 -0.9428258115 -0.5815037040 0.1321866195 -0.5456131416 -0.9142930506 -0.6018160422 0.1290428002 -0.4628293703 0.3736020687 -0.5965240255 -0.3922931503 -0.4604010162
-0.9451361892 -0.6536293963 -0.9403167998 -0.5781432654 0.1359094950 -0.5421761449 -0.9113401319 -0.5984367938 0.1327672131 -0.4595974885 0.3703340236 -0.5933023310 -0.3888446000 -0.4570571268
-0.9426753675 -0.6503563485 -0.9377476439 -0.5747442784 0.1396383455 -0.5387024824 -0.9083303119 -0.5950181921 0.1364977313 -0.4563316826 0.3670360886 -0.5900408525 -0.3853661035 -0.4536798887
-0.9401540340 -0.6470406495 -0.9351179639 -0.5713064932 0.1433732289 -0.5351919202 -0.9052632615 -0.5915599847 0.1402344133 -0.4530317151 0.3637080489 -0.5867393226 -0.3818574611 -0.4502690767
-0.9375717854 -0.6436820198 -0.9324273801 -0.5678296600 0.1471142027 -0.5316442244 -0.9021386511 -0.5880619197 0.1439773170 -0.4496973483 0.3603496902 -0.5833974737 -0.3783184732 -0.4468244655
-0.9349282182 -0.6402801799 -0.9296755128 -0.5643135293 0.1508613247 -0.5280591610 -0.8989561514 -0.5845237450 0.1477265009 -0.4463283447 0.3569607978 -0.5800150384 -0.3747489401 -0.4433458297
-0.9322229292 -0.6368348500 -0.9268619820 -0.5607578512 0.1546146525 -0.5244364961 -0.8957154332 -0.5809452084 0.1514820230 -0.4429244668 0.3535411572 -0.5765917491 -0.3711486623 -0.4398329440
-0.9294555148 -0.6333457508 -0.9239864080 -0.5571623760 0.1583742440 -0.5207759958 -0.8924161670 -0.5773260577 0.1552439417 -0.4394854769 0.3500905540 -0.5731273384 -0.3675174401 -0.4362855832
-0.9266255717 -0.6298126025 -0.9210484111 -0.5535268542 0.1621401567 -0.5170774260 -0.8890580235 -0.5736660410 0.1590123150 -0.4360111375 0.3466087735 -0.5696215387 -0.3638550738 -0.4327035219
-0.9237326965 -0.6262351257 -0.9180476113 -0.5498510359 0.1659124484 -0.5133405530 -0.8856406734 -0.5699649060 0.1627872013 -0.4325012110 0.3430956013 -0.5660740826 -0.3601613638 -0.4290865348
-0.9207764859 -0.6226130407 -0.9149836290 -0.5461346714 0.1696911768 -0.5095651428 -0.8821637873 -0.5662224007 0.1665686588 -0.4289554597 0.3395508228 -0.5624847026 -0.3564361105 -0.4254343967
-0.9177565365 -0.6189460680 -0.9118560842 -0.5423775112 0.1734763995 -0.5057509614 -0.8786270358 -0.5624382729 0.1703567456 -0.4253736463 0.3359742235 -0.5588531312 -0.3526791142 -0.4217468821
-0.9146724449 -0.6152339280 -0.9086645973 -0.5385793054 0.1772681744 -0.5018977749 -0.8750300897 -0.5586122706 0.1741515200 -0.4217555330 0.3323655889 -0.5551791009 -0.3488901753 -0.4180237658
-0.9115238077 -0.6114763412 -0.9054087884 -0.5347398043 0.1810665590 -0.4980053493 -0.8713726196 -0.5547441416 0.1779530402 -0.4181008823 0.3287247044 -0.5514623442 -0.3450690942 -0.4142648225
-0.9083102216 -0.6076730280 -0.9020882777 -0.5308587583 0.1848716110 -0.4940734509 -0.8676542960 -0.5508336338 0.1817613644 -0.4144094566 0.3250513554 -0.5477025936 -0.3412156712 -0.4104698269
-0.9050312831 -0.6038237087 -0.8987026855 -0.5269359176 0.1886833883 -0.4901018455 -0.8638747897 -0.5468804951 0.1855765509 -0.4106810184 0.3213453276 -0.5438995816 -0.3373297068 -0.4066385537
