-0.9999943137 -0.8116621973 -0.8296362240 -0.9010758751 -0.8665710352 -0.8562682060 -0.8858692378 -0.8816262083 -0.8572455474 -0.8526742579 0.9446932176 -0.9450769403 -0.9096062608 -0.9254171543
-0.9999737953 -0.8114965791 -0.8296140644 -0.9011809260 -0.8667728767 -0.8562402935 -0.8858832440 -0.8816844242 -0.8574067047 -0.8525923906 0.9447778552 -0.9453659426 -0.9094640123 -0.9256455475
-0.9999381928 -0.8113413075 -0.8296016642 -0.9012883666 -0.8669824664 -0.8562187884 -0.8859004814 -0.8817468974 -0.8575762985 -0.8525167609 0.9448592677 -0.9456539959 -0.9093202892 -0.9258747288
-0.9998872548 -0.8111959312 -0.8295985654 -0.9013977879 -0.8671993442 -0.8562032603 -0.8859205417 -0.8818132079 -0.8577538665 -0.8524469440 0.9449370933 -0.9459407034 -0.9091747338 -0.9261042923
-0.9998207294 -0.8110599991 -0.8296043100 -0.9015087811 -0.8674230505 -0.8561932786 -0.8859430164 -0.8818829355 -0.8579389466 -0.8523825151 0.9450109698 -0.9462256684 -0.9090269882 -0.9263338320
-0.9997383651 -0.8109330600 -0.8296184400 -0.9016209374 -0.8676531252 -0.8561884128 -0.8859674974 -0.8819556599 -0.8581310768 -0.8523230493 0.9450805355 -0.9465084939 -0.9088766947 -0.9265629421
-0.9996399101 -0.8108146627 -0.8296404973 -0.9017338478 -0.8678891086 -0.8561882323 -0.8859935762 -0.8820309612 -0.8583297948 -0.8522681219 0.9451454282 -0.9467887833 -0.9087234956 -0.9267912166
-0.9995251127 -0.8107043560 -0.8296700240 -0.9018471035 -0.8681305408 -0.8561923067 -0.8860208447 -0.8821084190 -0.8585346385 -0.8522173079 0.9452052861 -0.9470661398 -0.9085670329 -0.9270182497
-0.9993937213 -0.8106016887 -0.8297065619 -0.9019602957 -0.8683769620 -0.8562002053 -0.8860488944 -0.8821876134 -0.8587451458 -0.8521701827 0.9452597471 -0.9473401666 -0.9084069489 -0.9272436354
-0.9992454841 -0.8105062096 -0.8297496531 -0.9020730154 -0.8686279122 -0.8562114977 -0.8860773170 -0.8822681241 -0.8589608546 -0.8521263213 0.9453084494 -0.9476104669 -0.9082428859 -0.9274669679
-0.9990801495 -0.8104174676 -0.8297988396 -0.9021848538 -0.8688829315 -0.8562257532 -0.8861057044 -0.8823495309 -0.8591813027 -0.8520852989 0.9453510309 -0.9478766439 -0.9080744861 -0.9276878413
-0.9988974658 -0.8103350114 -0.8298536633 -0.9022954020 -0.8691415602 -0.8562425414 -0.8861336480 -0.8824314138 -0.8594060279 -0.8520466908 0.9453871297 -0.9481383009 -0.9079013917 -0.9279058496
-0.9986971814 -0.8102583899 -0.8299136662 -0.9024042512 -0.8694033384 -0.8562614317 -0.8861607396 -0.8825133526 -0.8596345683 -0.8520100722 0.9454163838 -0.9483950410 -0.9077232448 -0.9281205869
-0.9984790444 -0.8101871518 -0.8299783903 -0.9025109925 -0.8696678062 -0.8562819936 -0.8861865710 -0.8825949271 -0.8598664616 -0.8519750181 0.9454384313 -0.9486464675 -0.9075396878 -0.9283316474
-0.9982428033 -0.8101208460 -0.8300473776 -0.9026152169 -0.8699345037 -0.8563037966 -0.8862107338 -0.8826757171 -0.8601012456 -0.8519411038 0.9454529102 -0.9488921836 -0.9073503627 -0.9285386252
-0.9979882064 -0.8100590213 -0.8301201700 -0.9027165158 -0.8702029710 -0.8563264100 -0.8862328196 -0.8827553027 -0.8603384583 -0.8519079044 0.9454594586 -0.9491317924 -0.9071549120 -0.9287411143
-0.9977150019 -0.8100012265 -0.8301963095 -0.9028144801 -0.8704727484 -0.8563494034 -0.8862524202 -0.8828332635 -0.8605776375 -0.8518749952 0.9454577144 -0.9493648973 -0.9069529776 -0.9289387088
-0.9974229382 -0.8099470104 -0.8302753381 -0.9029087010 -0.8707433758 -0.8563723463 -0.8862691273 -0.8829091794 -0.8608183211 -0.8518419513 0.9454473157 -0.9495911015 -0.9067442020 -0.9291310029
-0.9971117636 -0.8098959217 -0.8303567978 -0.9029987697 -0.8710143936 -0.8563948080 -0.8862825325 -0.8829826304 -0.8610600470 -0.8518083478 0.9454279006 -0.9498100081 -0.9065282272 -0.9293175907
-0.9967812265 -0.8098475094 -0.8304402306 -0.9030842773 -0.8712853417 -0.8564163580 -0.8862922275 -0.8830531961 -0.8613023530 -0.8517737601 0.9453991071 -0.9500212203 -0.9063046956 -0.9294980662
-0.9964310750 -0.8098013223 -0.8305251784 -0.9031648149 -0.8715557604 -0.8564365659 -0.8862978041 -0.8831204566 -0.8615447769 -0.8517377632 0.9453605732 -0.9502243415 -0.9060732493 -0.9296720236
-0.9960610576 -0.8097569090 -0.8306111832 -0.9032399736 -0.8718251898 -0.8564550011 -0.8862988539 -0.8831839916 -0.8617868567 -0.8516999324 0.9453119370 -0.9504189747 -0.9058335305 -0.9298390569
-0.9956709225 -0.8097138186 -0.8306977870 -0.9033093446 -0.8720931700 -0.8564712330 -0.8862949685 -0.8832433810 -0.8620281302 -0.8516598428 0.9452528365 -0.9506047233 -0.9055851815 -0.9299987602
-0.9952604181 -0.8096715996 -0.8307845318 -0.9033725190 -0.8723592411 -0.8564848310 -0.8862857398 -0.8832982047 -0.8622681353 -0.8516170696 0.9451829097 -0.9507811904 -0.9053278444 -0.9301507277
-0.9948292927 -0.8096298011 -0.8308709595 -0.9034290879 -0.8726229432 -0.8564953648 -0.8862707593 -0.8833480424 -0.8625064099 -0.8515711879 0.9451017947 -0.9509479792 -0.9050611616 -0.9302945534
-0.9943772946 -0.8095879717 -0.8309566121 -0.9034786425 -0.8728838166 -0.8565024037 -0.8862496187 -0.8833924741 -0.8627424917 -0.8515217731 0.9450091295 -0.9511046930 -0.9047847751 -0.9304298315
-0.9939041721 -0.8095456603 -0.8310410316 -0.9035207739 -0.8731414014 -0.8565055171 -0.8862219098 -0.8834310796 -0.8629759187 -0.8514684001 0.9449045522 -0.9512509350 -0.9044983273 -0.9305561561
-0.9934096736 -0.8095024157 -0.8311237601 -0.9035550732 -0.8733952376 -0.8565042746 -0.8861872243 -0.8834634387 -0.8632062288 -0.8514106443 0.9447877008 -0.9513863084 -0.9042014603 -0.9306731211
-0.9928935472 -0.8094577867 -0.8312043393 -0.9035811316 -0.8736448654 -0.8564982456 -0.8861451537 -0.8834891314 -0.8634329598 -0.8513480808 0.9446582132 -0.9515104165 -0.9038938164 -0.9307803209
-0.9923555415 -0.8094113221 -0.8312823114 -0.9035985402 -0.8738898249 -0.8564869995 -0.8860952899 -0.8835077374 -0.8636556495 -0.8512802848 0.9445157277 -0.9516228623 -0.9035750377 -0.9308773493
