-0.4899564208 -0.3428905394 -0.4013804887 0.4259761444 -0.3185555484 -0.5391620405 -0.3661749307 0.5004466513 -0.4837513938 -0.6026552501 -0.4828516695 -0.5493078590 0.3396260635 0.4432778416
-0.4802262061 -0.3327896147 -0.3941618752 0.4177167500 -0.3100620922 -0.5302384632 -0.3587312304 0.4913814204 -0.4755946309 -0.5940334308 -0.4748115521 -0.5413284697 0.3310380775 0.4343612013
-0.4703974665 -0.3226172478 -0.3868393013 0.4093590816 -0.3014889232 -0.5212049051 -0.3511910000 0.4822133401 -0.4673298223 -0.5852895448 -0.4666624676 -0.5332293936 0.3223680131 0.4253496073
-0.4604700214 -0.3123735675 -0.3794117469 0.4009024369 -0.2928355798 -0.5120607329 -0.3435533489 0.4729418860 -0.4589561438 -0.5764227495 -0.4584035535 -0.5250096480 0.3136154092 0.4162425550
-0.4504436897 -0.3020587029 -0.3718781922 0.3923461133 -0.2841016005 -0.5028053133 -0.3358173869 0.4635665333 -0.4504727715 -0.5674322025 -0.4500339474 -0.5166682499 0.3047798051 0.4070395397
-0.4403182908 -0.2916727828 -0.3642376175 0.3836894086 -0.2752865239 -0.4934380131 -0.3279822235 0.4540867577 -0.4418788813 -0.5583170610 -0.4415527868 -0.5082042167 0.2958607395 0.3977400570
-0.4300936439 -0.2812159360 -0.3564890026 0.3749316203 -0.2663898882 -0.4839581990 -0.3200469682 0.4445020345 -0.4331736491 -0.5490764827 -0.4329592094 -0.4996165655 0.2868577517 0.3883436022
-0.4197695680 -0.2706882915 -0.3486313279 0.3660720459 -0.2574112321 -0.4743652377 -0.3120107307 0.4348118391 -0.4243562509 -0.5397096248 -0.4242523527 -0.4909043135 0.2777703806 0.3788496706
-0.4093458825 -0.2600899781 -0.3406635734 0.3571099830 -0.2483500939 -0.4646584960 -0.3038726205 0.4250156472 -0.4154258627 -0.5302156448 -0.4154313543 -0.4820664779 0.2685981653 0.3692577578
-0.3988224065 -0.2494211248 -0.3325847192 0.3480447293 -0.2392060121 -0.4548373406 -0.2956317472 0.4151129340 -0.4063816603 -0.5205937001 -0.4064953518 -0.4731020759 0.2593406447 0.3595673591
-0.3881989592 -0.2386818603 -0.3243937454 0.3388755823 -0.2299785252 -0.4449011383 -0.2872872204 0.4051031751 -0.3972228198 -0.5108429482 -0.3974434829 -0.4640101247 0.2499973579 0.3497779700
-0.3774753597 -0.2278723137 -0.3160896322 0.3296018396 -0.2206671716 -0.4348492557 -0.2788381497 0.3949858458 -0.3879485171 -0.5009625466 -0.3882748850 -0.4547896415 0.2405678440 0.3398890857
-0.3666514273 -0.2169926137 -0.3076713597 0.3202227987 -0.2112714897 -0.4246810597 -0.2702836446 0.3847604218 -0.3785579281 -0.4909516526 -0.3789886957 -0.4454396435 0.2310516419 0.3299002018
-0.3557269812 -0.2060428893 -0.2991379080 0.3107377574 -0.2017910181 -0.4143959168 -0.2616228148 0.3744263783 -0.3690502289 -0.4808094236 -0.3695840528 -0.4359591478 0.2214482907 0.3198108137
-0.3447018406 -0.1950232693 -0.2904882573 0.3011460131 -0.1922252952 -0.4039931940 -0.2528547698 0.3639831910 -0.3594245953 -0.4705350172 -0.3600600936 -0.4263471718 0.2117573294 0.3096204166
-0.3335758245 -0.1839338826 -0.2817213875 0.2914468634 -0.1825738594 -0.3934722578 -0.2439786192 0.3534303351 -0.3496802033 -0.4601275907 -0.3504159559 -0.4166027325 0.2019782970 0.2993285062
-0.3223487523 -0.1727748582 -0.2728362790 0.2816396059 -0.1728362492 -0.3828324751 -0.2349934726 0.3427672862 -0.3398162289 -0.4495863015 -0.3406507772 -0.4067248472 0.1921107326 0.2889345777
-0.3110204431 -0.1615463249 -0.2638319117 0.2717235383 -0.1630120031 -0.3720732126 -0.2258984396 0.3319935198 -0.3298318480 -0.4389103072 -0.3307636951 -0.3967125330 0.1821541752 0.2784381265
-0.2995907162 -0.1502484115 -0.2547072659 0.2616979580 -0.1531006594 -0.3611938369 -0.2166926297 0.3211085112 -0.3197262365 -0.4280987651 -0.3207538472 -0.3865648072 0.1721081638 0.2678386482
-0.2880593906 -0.1388812471 -0.2454613215 0.2515621627 -0.1431017568 -0.3501937149 -0.2073751525 0.3101117360 -0.3094985705 -0.4171508326 -0.3106203710 -0.3762806870 0.1619722375 0.2571356380
-0.2764262856 -0.1274449603 -0.2360930589 0.2413154500 -0.1330148336 -0.3390722133 -0.1979451177 0.2990026695 -0.2991480258 -0.4060656673 -0.3003624042 -0.3658591895 0.1517459352 0.2463285914
-0.2646912204 -0.1159396803 -0.2266014579 0.2309571174 -0.1228394282 -0.3278286988 -0.1884016347 0.2877807873 -0.2886737785 -0.3948424265 -0.2899790844 -0.3552993320 0.1414287960 0.2354170038
-0.2528540141 -0.1043655357 -0.2169854989 0.2204864626 -0.1125750792 -0.3164625381 -0.1787438133 0.2764455648 -0.2780750044 -0.3834802676 -0.2794695491 -0.3446001317 0.1310203590 0.2244003705
-0.2409144860 -0.0927226556 -0.2072441619 0.2099027831 -0.1022213250 -0.3049730980 -0.1689707628 0.2649964775 -0.2673508796 -0.3719783481 -0.2688329358 -0.3337606056 0.1205201631 0.2132781871
-0.2288724552 -0.0810111687 -0.1973764270 0.1992053764 -0.0917777040 -0.2933597452 -0.1590815931 0.2534330007 -0.2565005799 -0.3603358255 -0.2580683823 -0.3227797712 0.1099277474 0.2020499489
-0.2167277410 -0.0692312040 -0.1873812744 0.1883935402 -0.0812437547 -0.2816218465 -0.1490754135 0.2417546100 -0.2455232814 -0.3485518571 -0.2471750261 -0.3116566454 0.0992426509 0.1907151513
-0.2044801625 -0.0573828904 -0.1772576841 0.1774665721 -0.0706190156 -0.2697587685 -0.1389513338 0.2299607809 -0.2344181599 -0.3366256004 -0.2361520047 -0.3003902456 0.0884644126 0.1792732897
-0.1921295389 -0.0454663568 -0.1670046363 0.1664237697 -0.0599030251 -0.2577698780 -0.1287084634 0.2180509886 -0.2231843915 -0.3245562128 -0.2249984558 -0.2889795889 0.0775925716 0.1677238595
-0.1796756894 -0.0334817319 -0.1566211111 0.1552644305 -0.0490953217 -0.2456545418 -0.1183459120 0.2060247088 -0.2118211520 -0.3123428518 -0.2137135170 -0.2774236925 0.0666266669 0.1560663562
-0.1671184332 -0.0214291448 -0.1461060886 0.1439878521 -0.0381954438 -0.2334121265 -0.1078627892 0.1938814169 -0.2003276175 -0.2999846747 -0.2022963258 -0.2657215737 0.0555662375 0.1443002751
