-0.8043001503 -0.8531103314 -0.8793778375 -0.8137870289 -0.5605390435 -0.8139103400 -0.8856818352 -0.8180871778 -0.5668036185 -0.8050413546 0.8155622445 -0.8234846060 -0.7881885660 -0.5843797863
-0.8055099320 -0.8535268536 -0.8803392513 -0.8147444875 -0.5596527774 -0.8143528074 -0.8866912030 -0.8190776915 -0.5659249682 -0.8054178122 0.8156551026 -0.8239482995 -0.7897922515 -0.5846591804
-0.8067414907 -0.8539526979 -0.8813129043 -0.8157203309 -0.5587905248 -0.8148085501 -0.8877126902 -0.8200865117 -0.5650698159 -0.8058077280 0.8157576195 -0.8244245756 -0.7914182218 -0.5849718786
-0.8079943332 -0.8543875096 -0.8822983865 -0.8167141057 -0.5579519088 -0.8152771835 -0.8887458847 -0.8211131836 -0.5642377881 -0.8062107203 0.8158694584 -0.8249130534 -0.7930659624 -0.5853173646
-0.8092679664 -0.8548309338 -0.8832952881 -0.8177253589 -0.5571365524 -0.8157583232 -0.8897903745 -0.8221572525 -0.5634285109 -0.8066264074 0.8159902824 -0.8254133520 -0.7947349591 -0.5856951222
-0.8105618972 -0.8552826156 -0.8843031994 -0.8187536373 -0.5563440787 -0.8162515847 -0.8908457477 -0.8232182638 -0.5626416107 -0.8070544078 0.8161197547 -0.8259250904 -0.7964246976 -0.5861046354
-0.8118756326 -0.8557422002 -0.8853217103 -0.8197984878 -0.5555741109 -0.8167565835 -0.8919115922 -0.8242957628 -0.5618767138 -0.8074943398 0.8162575385 -0.8264478877 -0.7981346634 -0.5865453879
-0.8132086794 -0.8562093328 -0.8863504112 -0.8208594572 -0.5548262721 -0.8172729350 -0.8929874960 -0.8253892948 -0.5611334464 -0.8079458218 0.8164032969 -0.8269813630 -0.7998643421 -0.5870168636
-0.8145605445 -0.8566836586 -0.8873888921 -0.8219360923 -0.5541001854 -0.8178002549 -0.8940730470 -0.8264984052 -0.5604114347 -0.8084084721 0.8165566930 -0.8275251353 -0.8016132196 -0.5875185462
-0.8159307349 -0.8571648226 -0.8884367432 -0.8230279401 -0.5533954739 -0.8183381586 -0.8951678333 -0.8276226391 -0.5597103052 -0.8088819092 0.8167173902 -0.8280788238 -0.8033807813 -0.5880499195
-0.8173187574 -0.8576524702 -0.8894935546 -0.8241345473 -0.5527117608 -0.8188862616 -0.8962714429 -0.8287615420 -0.5590296841 -0.8093657513 0.8168850515 -0.8286420476 -0.8051665131 -0.5886104675
-0.8187241190 -0.8581462463 -0.8905589166 -0.8252554607 -0.5520486690 -0.8194441795 -0.8973834636 -0.8299146592 -0.5583691977 -0.8098596169 0.8170593401 -0.8292144257 -0.8069699004 -0.5891996739
-0.8201463265 -0.8586457963 -0.8916324192 -0.8263902273 -0.5514058218 -0.8200115277 -0.8985034836 -0.8310815360 -0.5577284722 -0.8103631243 0.8172399192 -0.8297955771 -0.8087904289 -0.5898170225
-0.8215848869 -0.8591507651 -0.8927136527 -0.8275383939 -0.5507828423 -0.8205879217 -0.8996310908 -0.8322617176 -0.5571071339 -0.8108758919 0.8174264519 -0.8303851211 -0.8106275844 -0.5904619971
-0.8230393070 -0.8596607981 -0.8938022071 -0.8286995073 -0.5501793535 -0.8211729771 -0.9007658732 -0.8334547495 -0.5565048092 -0.8113975381 0.8176186014 -0.8309826765 -0.8124808525 -0.5911340816
-0.8245090938 -0.8601755404 -0.8948976727 -0.8298731144 -0.5495949786 -0.8217663094 -0.9019074187 -0.8346601769 -0.5559211243 -0.8119276812 0.8178160309 -0.8315878627 -0.8143497187 -0.5918327597
-0.8259937541 -0.8606946371 -0.8959996396 -0.8310587619 -0.5490293407 -0.8223675340 -0.9030553153 -0.8358775452 -0.5553557054 -0.8124659397 0.8180184036 -0.8322002985 -0.8162336688 -0.5925575154
-0.8274927949 -0.8612177334 -0.8971076979 -0.8322559969 -0.5484820629 -0.8229762665 -0.9042091511 -0.8371063997 -0.5548081789 -0.8130119318 0.8182253825 -0.8328196031 -0.8181321884 -0.5933078324
-0.8290057231 -0.8617444745 -0.8982214378 -0.8334643660 -0.5479527683 -0.8235921224 -0.9053685140 -0.8383462856 -0.5542781711 -0.8135652759 0.8184366310 -0.8334453956 -0.8200447632 -0.5940831945
-0.8305320455 -0.8622745055 -0.8993404495 -0.8346834162 -0.5474410800 -0.8242147172 -0.9065329919 -0.8395967483 -0.5537653083 -0.8141255905 0.8186518121 -0.8340772951 -0.8219708788 -0.5948830855
-0.8320712692 -0.8628074716 -0.9004643231 -0.8359126943 -0.5469466211 -0.8248436663 -0.9077021730 -0.8408573332 -0.5532692166 -0.8146924939 0.8188705890 -0.8347149205 -0.8239100208 -0.5957069893
-0.8336229009 -0.8633430179 -0.9015926487 -0.8371517471 -0.5464690148 -0.8254785854 -0.9088756451 -0.8421275855 -0.5527895225 -0.8152656044 0.8190926249 -0.8353578911 -0.8258616750 -0.5965543897
-0.8351864476 -0.8638807896 -0.9027250166 -0.8384001214 -0.5460078842 -0.8261190899 -0.9100529962 -0.8434070506 -0.5523258522 -0.8158445405 0.8193175830 -0.8360058259 -0.8278253269 -0.5974247704
-0.8367614161 -0.8644204319 -0.9038610169 -0.8396573643 -0.5455628523 -0.8267647953 -0.9112338144 -0.8446952737 -0.5518778320 -0.8164289205 0.8195451264 -0.8366583440 -0.8298004622 -0.5983176154
-0.8383473135 -0.8649615900 -0.9050002397 -0.8409230223 -0.5451335423 -0.8274153172 -0.9124176875 -0.8459918003 -0.5514450881 -0.8170183627 0.8197749182 -0.8373150644 -0.8317865666 -0.5992324085
-0.8399436465 -0.8655039089 -0.9061422752 -0.8421966425 -0.5447195773 -0.8280702710 -0.9136042037 -0.8472961755 -0.5510272468 -0.8176124856 0.8200066218 -0.8379756062 -0.8337831256 -0.6001686333
-0.8415499221 -0.8660470338 -0.9072867135 -0.8434777717 -0.5443205805 -0.8287292722 -0.9147929508 -0.8486079448 -0.5506239345 -0.8182109075 0.8202399001 -0.8386395885 -0.8357896251 -0.6011257739
-0.8431656473 -0.8665906100 -0.9084331448 -0.8447659567 -0.5439361748 -0.8293919363 -0.9159835168 -0.8499266534 -0.5502347775 -0.8188132468 0.8204744165 -0.8393066305 -0.8378055505 -0.6021033139
-0.8447903288 -0.8671342826 -0.9095811593 -0.8460607443 -0.5435659834 -0.8300578790 -0.9171754898 -0.8512518466 -0.5498594019 -0.8194191218 0.8207098340 -0.8399763511 -0.8398303876 -0.6031007372
-0.8464234736 -0.8676776967 -0.9107303471 -0.8473616814 -0.5432096295 -0.8307267156 -0.9183684578 -0.8525830699 -0.5494974341 -0.8200281510 0.8209458158 -0.8406483694 -0.8418636221 -0.6041175276
