0.4311527323 0.4123262215 0.4295496556 -0.4364434510 0.3777494993 -0.2665307375 0.4227234575 -0.3783092817 0.4010467228 -0.3223838244 0.4045400834 0.4031161994 -0.3992129882 -0.4444326226
0.4466672992 0.4283312248 0.4451145910 -0.4519666224 0.3945632145 -0.2860267182 0.4386639826 -0.3950362798 0.4173956760 -0.3407370024 0.4208385331 0.4191244267 -0.4158113653 -0.4598349999
0.4623209830 0.4444814271 0.4608186628 -0.4676187249 0.4115386264 -0.3057327732 0.4547344014 -0.4119289693 0.4338905713 -0.3592641388 0.4372794519 0.4352945305 -0.4325446036 -0.4753586722
0.4781144650 0.4607775332 0.4766625488 -0.4834003364 0.4286765432 -0.3256499914 0.4709352687 -0.4289882058 0.4505320939 -0.3779660462 0.4538634939 0.4516273839 -0.4494132569 -0.4910041495
0.4940484265 0.4772202477 0.4926469264 -0.4993120343 0.4459777737 -0.3457794618 0.4872671396 -0.4462148451 0.4673209294 -0.3968435374 0.4705913134 0.4681238596 -0.4664178794 -0.5067719417
0.5101235487 0.4938102751 0.5087724732 -0.5153543965 0.4634431262 -0.3661222732 0.5037305690 -0.4636097426 0.4842577631 -0.4158974251 0.4874635645 0.4847848308 -0.4835590250 -0.5226625585
0.5263405130 0.5105483201 0.5250398668 -0.5315280005 0.4810734092 -0.3866795146 0.5203261117 -0.4811737540 0.5013432804 -0.4351285221 0.5044809014 0.5016111702 -0.5008372477 -0.5386765098
0.5427000006 0.5274350873 0.5414497847 -0.5478334240 0.4988694313 -0.4074522749 0.5370543228 -0.4989077349 0.5185781667 -0.4545376411 0.5216439785 0.5186037509 -0.5182531015 -0.5548143055
0.5592026927 0.5444712813 0.5580029046 -0.5642712447 0.5168320009 -0.4284416430 0.5539157572 -0.5168125409 0.5359631073 -0.4741255947 0.5389534498 0.5357634457 -0.5358071404 -0.5710764556
0.5758492708 0.5616576068 0.5746999038 -0.5808420402 0.5349619265 -0.4496487079 0.5709109698 -0.5348890276 0.5534987877 -0.4938931959 0.5564099697 0.5530911276 -0.5534999185 -0.5874634698
0.5926404159 0.5789947684 0.5915414601 -0.5975463881 0.5532600166 -0.4710745583 0.5880405155 -0.5531380507 0.5711858932 -0.5138412572 0.5740141922 0.5705876696 -0.5713319896 -0.6039758580
0.6095768095 0.5964834706 0.6085282509 -0.6143848662 0.5717270797 -0.4927202834 0.6053049493 -0.5715604656 0.5890251092 -0.5339705914 0.5917667717 0.5882539445 -0.5893039078 -0.6206141301
0.6266591328 0.6141244182 0.6256609539 -0.6313580521 0.5903639242 -0.5145869719 0.6227048261 -0.5901571282 0.6070171212 -0.5542820112 0.6096683623 0.6060908253 -0.6074162271 -0.6373787959
0.6438880670 0.6319183156 0.6429402465 -0.6484665235 0.6091713588 -0.5366757127 0.6402407009 -0.6089288938 0.6251626144 -0.5747763295 0.6277196183 0.6240991850 -0.6256695015 -0.6542703654
0.6612642935 0.6498658677 0.6603668064 -0.6657108579 0.6281501918 -0.5589875949 0.6579131286 -0.6278766183 0.6434622743 -0.5954543588 0.6459211938 0.6422798965 -0.6440642850 -0.6712893484
0.6787884935 0.6679677789 0.6779413111 -0.6830916331 0.6473012317 -0.5815237073 0.6757226641 -0.6470011571 0.6619167864 -0.6163169120 0.6642737431 0.6606338326 -0.6626011316 -0.6884362547
0.6964613483 0.6862247539 0.6956644381 -0.7006094268 0.6666252871 -0.6042851388 0.6936698624 -0.6663033658 0.6805268359 -0.6373648017 0.6827779204 0.6791618664 -0.6812805953 -0.7057115943
0.7142835392 0.7046374973 0.7135368651 -0.7182648165 0.6861231664 -0.6272729784 0.7117552783 -0.6857841002 0.6992931082 -0.6585988408 0.7014343799 0.6978648708 -0.7001032300 -0.7231158770
0.7322557474 0.7232067137 0.7315592695 -0.7360583800 0.7057956781 -0.6504883149 0.7299794670 -0.7054442157 0.7182162888 -0.6800198418 0.7202437758 0.7167437186 -0.7190695899 -0.7406496126
0.7503786543 0.7419331078 0.7497323290 -0.7539906949 0.7256436307 -0.6739322374 0.7483429832 -0.7252845681 0.7372970630 -0.7016286177 0.7392067623 0.7357992829 -0.7381802288 -0.7583133111
0.7686529411 0.7608173842 0.7680567211 -0.7720623388 0.7456678328 -0.6976058346 0.7668463819 -0.7453060129 0.7565361163 -0.7234259810 0.7583239937 0.7550324366 -0.7574357008 -0.7761074823
0.7870792891 0.7798602475 0.7865331233 -0.7902738895 0.7658690927 -0.7215101955 0.7854902181 -0.7655094057 0.7759341339 -0.7454127446 0.7775961241 0.7744440526 -0.7768365598 -0.7940326360
0.8056583795 0.7990624022 0.8051622132 -0.8086259245 0.7862482190 -0.7456464090 0.8042750466 -0.7858956021 0.7954918014 -0.7675897211 0.7970238077 0.7940350039 -0.7963833600 -0.8120892822
0.8243908936 0.8184245532 0.8239446684 -0.8271190215 0.8068060201 -0.7700155641 0.8232014225 -0.8064654578 0.8152098040 -0.7899577233 0.8166076989 0.8138061633 -0.8160766552 -0.8302779308
0.8432775128 0.8379474048 0.8428811665 -0.8457537583 0.8275433046 -0.7946187496 0.8422699007 -0.8272198283 0.8350888272 -0.8125175639 0.8363484517 0.8337584038 -0.8359169995 -0.8485990915
0.8623189183 0.8576316619 0.8619723849 -0.8645307124 0.8484608809 -0.8194570545 0.8614810361 -0.8481595693 0.8551295564 -0.8352700557 0.8562467204 0.8538925983 -0.8559049469 -0.8670532742
0.8815157913 0.8774780289 0.8812190013 -0.8834504615 0.8695595576 -0.8445315677 0.8808353836 -0.8692855363 0.8753326769 -0.8582160114 0.8763031592 0.8742096199 -0.8760410513 -0.8856409889
0.9008688132 0.8974872106 0.9006216932 -0.9025135832 0.8908401431 -0.8698433780 0.9003334982 -0.8905985850 0.8956988741 -0.8813562437 0.8965184223 0.8947103413 -0.8963258668 -0.9043627454
0.9203786652 0.9176599115 0.9201811382 -0.9217206553 0.9123034459 -0.8953935745 0.9199759348 -0.9120995710 0.9162288335 -0.9046915653 0.9168931639 0.9153956357 -0.9167599473 -0.9232190535
0.9400460286 0.9379968363 0.9398980138 -0.9410722554 0.9339502745 -0.9211832461 0.9397632483 -0.9337893499 0.9369232404 -0.9282227890 0.9374280383 0.9362663757 -0.9373438469 -0.9422104232
