-0.9562924043 -0.8027098513 -0.8284890621 -0.8950152670 -0.8757198863 -0.8489755785 -0.8756653334 -0.8759134720 -0.8650824586 -0.8417709965 0.9276760417 -0.9445566424 -0.8816650118 -0.9241721403
-0.9547679242 -0.8022782829 -0.8281485797 -0.8944251984 -0.8754688350 -0.8484686339 -0.8750400740 -0.8753745075 -0.8648307426 -0.8412109494 0.9267981693 -0.9439586491 -0.8806827261 -0.9236074842
-0.9532120005 -0.8018277337 -0.8277880852 -0.8938109431 -0.8751956405 -0.8479401118 -0.8743915054 -0.8748124907 -0.8645574242 -0.8406295267 0.9258935442 -0.9433339159 -0.8796757099 -0.9230172327
-0.9516243816 -0.8013577525 -0.8274071208 -0.8931720920 -0.8748998430 -0.8473895818 -0.8737192193 -0.8742270015 -0.8642620414 -0.8400263034 0.9249618046 -0.9426820460 -0.8786436054 -0.9224009797
-0.9500048159 -0.8008678881 -0.8270052282 -0.8925082365 -0.8745809827 -0.8468166131 -0.8730228075 -0.8736176197 -0.8639441319 -0.8394008549 0.9240025885 -0.9420026425 -0.8775860549 -0.9217583195
-0.9483530516 -0.8003576893 -0.8265819496 -0.8918189675 -0.8742385996 -0.8462207754 -0.8723018615 -0.8729839251 -0.8636032338 -0.8387527563 0.9230155338 -0.9412953088 -0.8765027005 -0.9210888461
-0.9466688371 -0.7998267049 -0.8261368270 -0.8911038762 -0.8738722339 -0.8456016380 -0.8715559731 -0.8723254976 -0.8632388848 -0.8380815827 0.9220002787 -0.9405596479 -0.8753931844 -0.9203921536
-0.9449519207 -0.7992744837 -0.8256694022 -0.8903625538 -0.8734814257 -0.8449587704 -0.8707847339 -0.8716419171 -0.8628506227 -0.8373869094 0.9209564612 -0.9397952632 -0.8742571489 -0.9196678361
-0.9432020506 -0.7987005746 -0.8251792173 -0.8895945915 -0.8730657152 -0.8442917422 -0.8699877358 -0.8709327634 -0.8624379856 -0.8366683115 0.9198837193 -0.9390017578 -0.8730942362 -0.9189154878
-0.9414189753 -0.7981045262 -0.8246658142 -0.8887995802 -0.8726246425 -0.8436001227 -0.8691645702 -0.8701976163 -0.8620005112 -0.8359253642 0.9187816910 -0.9381787351 -0.8719040885 -0.9181347026
-0.9396024430 -0.7974858875 -0.8241287349 -0.8879771112 -0.8721577477 -0.8428834814 -0.8683148290 -0.8694360558 -0.8615377373 -0.8351576428 0.9176500144 -0.9373257980 -0.8706863480 -0.9173250748
-0.9377522020 -0.7968442073 -0.8235675215 -0.8871267755 -0.8716645710 -0.8421413877 -0.8674381038 -0.8686476616 -0.8610492020 -0.8343647223 0.9164883276 -0.9364425500 -0.8694406569 -0.9164861984
-0.9358680006 -0.7961790343 -0.8229817158 -0.8862481644 -0.8711446525 -0.8413734112 -0.8665339863 -0.8678320137 -0.8605344429 -0.8335461779 0.9152962685 -0.9355285942 -0.8681666575 -0.9156176675
-0.9339495872 -0.7954899174 -0.8223708599 -0.8853408690 -0.8705975323 -0.8405791213 -0.8656020682 -0.8669886918 -0.8599929981 -0.8327015849 0.9140734753 -0.9345835339 -0.8668639919 -0.9147190763
-0.9319967101 -0.7947764054 -0.8217344957 -0.8844044803 -0.8700227506 -0.8397580875 -0.8646419412 -0.8661172758 -0.8594244053 -0.8318305184 0.9128195858 -0.9336069722 -0.8655323024 -0.9137900188
-0.9300091176 -0.7940380471 -0.8210721652 -0.8834385895 -0.8694198475 -0.8389098792 -0.8636531970 -0.8652173456 -0.8588282024 -0.8309325536 0.9115342383 -0.9325985123 -0.8641712313 -0.9128300890
-0.9279865580 -0.7932743912 -0.8203834105 -0.8824427878 -0.8687883631 -0.8380340658 -0.8626354272 -0.8642884810 -0.8582039274 -0.8300072657 0.9102170707 -0.9315577576 -0.8627804206 -0.9118388812
-0.9259287796 -0.7924849867 -0.8196677733 -0.8814166663 -0.8681278376 -0.8371302169 -0.8615882235 -0.8633302619 -0.8575511180 -0.8290542299 0.9088677210 -0.9304843111 -0.8613595127 -0.9108159894
-0.9238355307 -0.7916693823 -0.8189247959 -0.8803598160 -0.8674378111 -0.8361979019 -0.8605111777 -0.8623422681 -0.8568693121 -0.8280730212 0.9074858273 -0.9293777761 -0.8599081497 -0.9097610078
-0.9217065597 -0.7908271269 -0.8181540200 -0.8792718282 -0.8667178238 -0.8352366903 -0.8594038814 -0.8613240795 -0.8561580476 -0.8270632150 0.9060710277 -0.9282377559 -0.8584259738 -0.9086735303
-0.9195416149 -0.7899577691 -0.8173549878 -0.8781522940 -0.8659674157 -0.8342461515 -0.8582659263 -0.8602752759 -0.8554168623 -0.8260243864 0.9046229601 -0.9270638536 -0.8569126274 -0.9075531511
-0.9173404445 -0.7890608579 -0.8165272411 -0.8770008045 -0.8651861270 -0.8332258550 -0.8570969041 -0.8591954371 -0.8546452942 -0.8249561106 0.9031412626 -0.9258556725 -0.8553677525 -0.9063994644
-0.9151027969 -0.7881359421 -0.8156703221 -0.8758169508 -0.8643734979 -0.8321753703 -0.8558964064 -0.8580841431 -0.8538428811 -0.8238579628 0.9016255733 -0.9246128158 -0.8537909915 -0.9052120642
-0.9128284204 -0.7871825704 -0.8147837725 -0.8746003241 -0.8635290684 -0.8310942667 -0.8546640251 -0.8569409737 -0.8530091608 -0.8227295180 0.9000755301 -0.9233348866 -0.8521819865 -0.9039905446
-0.9105170634 -0.7862002917 -0.8138671344 -0.8733505155 -0.8626523788 -0.8299821139 -0.8533993516 -0.8557655087 -0.8521436712 -0.8215703517 0.8984907711 -0.9220214883 -0.8505403797 -0.9027344997
-0.9081684740 -0.7851886548 -0.8129199499 -0.8720671161 -0.8617429691 -0.8288384812 -0.8521019779 -0.8545573280 -0.8512459503 -0.8203800388 0.8968709345 -0.9206722240 -0.8488658134 -0.9014435236
-0.9057824008 -0.7841472085 -0.8119417608 -0.8707497171 -0.8608003795 -0.8276629380 -0.8507714954 -0.8533160114 -0.8503155357 -0.8191581546 0.8952156581 -0.9192866969 -0.8471579298 -0.9001172104
-0.9033585919 -0.7830755016 -0.8109321092 -0.8693979096 -0.8598241501 -0.8264550540 -0.8494074960 -0.8520411388 -0.8493519655 -0.8179042742 0.8935245800 -0.9178645103 -0.8454163710 -0.8987551542
-0.9008967956 -0.7819730829 -0.8098905370 -0.8680112847 -0.8588138211 -0.8252143985 -0.8480095713 -0.8507322900 -0.8483547775 -0.8166179729 0.8917973383 -0.9164052674 -0.8436407794 -0.8973569492
-0.8983967604 -0.7808395012 -0.8088165862 -0.8665894336 -0.8577689325 -0.8239405409 -0.8465773129 -0.8493890449 -0.8473235095 -0.8152988258 0.8900335710 -0.9149085714 -0.8418307971 -0.8959221893
