-0.9744516029 -0.8435192051 -0.9983072971 -0.8033533396 -0.2939545974 -0.7964477050 -0.9960560790 -0.8003606975 -0.2903391792 -0.7496825146 0.7887923636 -0.8219831353 -0.7113050211 -0.7063265050
-0.9747922941 -0.8417821187 -0.9987248203 -0.8027479777 -0.2921112675 -0.7957827026 -0.9966781452 -0.7998145244 -0.2886626570 -0.7490440588 0.7867882260 -0.8213198888 -0.7101706903 -0.7058013855
-0.9750897366 -0.8400043882 -0.9990855084 -0.8021115745 -0.2902810970 -0.7950870450 -0.9972508531 -0.7992379005 -0.2870004816 -0.7483797032 0.7847475258 -0.8206234713 -0.7090117863 -0.7052552167
-0.9753427044 -0.8381852355 -0.9993883207 -0.8014430340 -0.2884629698 -0.7943596467 -0.9977730062 -0.7986297125 -0.2853514918 -0.7476883246 0.7826695173 -0.8198928138 -0.7078272878 -0.7046868171
-0.9755499714 -0.8363238824 -0.9996322167 -0.8007412600 -0.2866557702 -0.7935994224 -0.9982434079 -0.7979888469 -0.2837145264 -0.7469687996 0.7805534548 -0.8191268475 -0.7066161736 -0.7040950056
-0.9757103118 -0.8344195507 -0.9998161557 -0.8000051563 -0.2848583823 -0.7928052866 -0.9986608619 -0.7973141904 -0.2820884242 -0.7462200050 0.7783985924 -0.8183245035 -0.7053774228 -0.7034786009
-0.9758224995 -0.8324714624 -0.9999390970 -0.7992336268 -0.2830696902 -0.7919761541 -0.9990241716 -0.7966046297 -0.2804720240 -0.7454408175 0.7762041844 -0.8174847130 -0.7041100141 -0.7028364218
-0.9758853084 -0.8304788391 -1.0000000000 -0.7984255755 -0.2812885780 -0.7911109393 -0.9993321407 -0.7958590513 -0.2788641646 -0.7446301138 0.7739694850 -0.8166064070 -0.7028129265 -0.7021672870
-0.9758975126 -0.8284409029 -0.9999978241 -0.7975799060 -0.2795139300 -0.7902085570 -0.9995835727 -0.7950763420 -0.2772636849 -0.7437867707 0.7716937484 -0.8156885168 -0.7014851388 -0.7014700152
-0.9758578861 -0.8263568755 -0.9999315287 -0.7966955224 -0.2777446302 -0.7892679218 -0.9997772710 -0.7942553883 -0.2756694236 -0.7429096648 0.7693762290 -0.8147299734 -0.7001256298 -0.7007434253
-0.9757652029 -0.8242259787 -0.9998000731 -0.7957713284 -0.2759795628 -0.7882879482 -0.9999120393 -0.7933950768 -0.2740802194 -0.7419976730 0.7670161808 -0.8137297079 -0.6987333785 -0.6999863359
-0.9756182369 -0.8220474345 -0.9996024166 -0.7948062279 -0.2742176119 -0.7872675510 -0.9999866812 -0.7924942943 -0.2724949114 -0.7410496719 0.7646128582 -0.8126866516 -0.6973073636 -0.6991975659
-0.9754157623 -0.8198204647 -0.9993375188 -0.7937991248 -0.2724576617 -0.7862056447 -1.0000000000 -0.7915519273 -0.2709123381 -0.7400645382 0.7621655154 -0.8115997355 -0.6958465642 -0.6983759339
-0.9751565529 -0.8175442910 -0.9990043388 -0.7927489230 -0.2706985963 -0.7851011440 -0.9999507994 -0.7905668625 -0.2693313384 -0.7390411487 0.7596734066 -0.8104678908 -0.6943499591 -0.6975202588
-0.9748393828 -0.8152181354 -0.9986018361 -0.7916545262 -0.2689392999 -0.7839529634 -0.9998378830 -0.7895379866 -0.2677507512 -0.7379783802 0.7571357861 -0.8092900487 -0.6928165270 -0.6966293593
-0.9744630259 -0.8128412198 -0.9981289701 -0.7905148384 -0.2671786565 -0.7827600177 -0.9996600542 -0.7884641861 -0.2661694152 -0.7368751092 0.7545519080 -0.8080651401 -0.6912452470 -0.6957020541
-0.9740262563 -0.8104127658 -0.9975847001 -0.7893287633 -0.2654155503 -0.7815212214 -0.9994161166 -0.7873443477 -0.2645861693 -0.7357302127 0.7519210266 -0.8067920964 -0.6896350978 -0.6947371621
-0.9735278480 -0.8079319955 -0.9969679855 -0.7880952050 -0.2636488655 -0.7802354891 -0.9991048738 -0.7861773580 -0.2629998521 -0.7345425672 0.7492423962 -0.8054698485 -0.6879850584 -0.6937335018
-0.9729665749 -0.8053981306 -0.9962777856 -0.7868130671 -0.2618774863 -0.7789017355 -0.9987251293 -0.7849621037 -0.2614093026 -0.7333110495 0.7465152709 -0.8040973278 -0.6862941076 -0.6926898922
-0.9723412111 -0.8028103930 -0.9955130598 -0.7854812537 -0.2601002966 -0.7775188753 -0.9982756866 -0.7836974714 -0.2598133596 -0.7320345364 0.7437389051 -0.8026734651 -0.6845612243 -0.6916051519
-0.9716505306 -0.8001680045 -0.9946727675 -0.7840986685 -0.2583161808 -0.7760858229 -0.9977553493 -0.7823823478 -0.2582108617 -0.7307119045 0.7409125529 -0.8011971919 -0.6827853873 -0.6904780998
-0.9708933073 -0.7974701870 -0.9937558681 -0.7826642154 -0.2565240228 -0.7746014931 -0.9971629210 -0.7810156194 -0.2566006479 -0.7293420306 0.7380354685 -0.7996674390 -0.6809655756 -0.6893075545
-0.9700683153 -0.7947161624 -0.9927613208 -0.7811767982 -0.2547227069 -0.7730648005 -0.9964972051 -0.7795961729 -0.2549815570 -0.7279237915 0.7351069063 -0.7980831377 -0.6791007680 -0.6880923348
-0.9691743285 -0.7919051524 -0.9916880852 -0.7796353209 -0.2529111173 -0.7714746596 -0.9957570052 -0.7781228950 -0.2533524277 -0.7264560638 0.7321261203 -0.7964432192 -0.6771899434 -0.6868312595
-0.9682101210 -0.7890363789 -0.9905351205 -0.7780386872 -0.2510881379 -0.7698299852 -0.9949411249 -0.7765946722 -0.2517120988 -0.7249377242 0.7290923650 -0.7947466145 -0.6752320806 -0.6855231473
-0.9671744668 -0.7861090638 -0.9893013861 -0.7763858011 -0.2492526531 -0.7681296918 -0.9940483676 -0.7750103913 -0.2500594092 -0.7233676496 0.7260048944 -0.7929922548 -0.6732261585 -0.6841668170
-0.9660661398 -0.7831224289 -0.9879858413 -0.7746755664 -0.2474035468 -0.7663726941 -0.9930775370 -0.7733689388 -0.2483931976 -0.7217447166 0.7228629629 -0.7911790711 -0.6711711560 -0.6827610874
-0.9648839140 -0.7800756960 -0.9865874456 -0.7729068870 -0.2455397034 -0.7645579066 -0.9920274366 -0.7716692014 -0.2467123029 -0.7200678019 0.7196658246 -0.7893059948 -0.6690660520 -0.6813047771
-0.9636265635 -0.7769680870 -0.9851051584 -0.7710786666 -0.2436600068 -0.7626842441 -0.9908968700 -0.7699100658 -0.2450155638 -0.7183357823 0.7164127339 -0.7873719568 -0.6669098253 -0.6797967049
-0.9622928622 -0.7737988238 -0.9835379388 -0.7691898092 -0.2417633412 -0.7607506211 -0.9896846406 -0.7680904185 -0.2433018192 -0.7165475345 0.7131029448 -0.7853758883 -0.6647014549 -0.6782356897
