-0.9400769101 -0.9177258673 -0.9131140052 -0.9040296370 -0.8938694675 -0.8985214408 -0.8817284899 -0.9008205772 -0.8801718521 -0.9000867451 0.8878465513 -0.8853143214 -0.8826929819 -0.9029235576
-0.9399575289 -0.9158364769 -0.9108820401 -0.9016538340 -0.8912921885 -0.8960449900 -0.8788252373 -0.8983802912 -0.8772224139 -0.8976836554 0.8848803234 -0.8824779348 -0.8797713863 -0.9003133295
-0.9398939757 -0.9140171490 -0.9087093895 -0.8993498535 -0.8887981453 -0.8936470935 -0.8760134538 -0.8960153786 -0.8743652218 -0.8953600460 0.8819870018 -0.8797287200 -0.8769377995 -0.8977626878
-0.9398849420 -0.9122665764 -0.9065949034 -0.8971164159 -0.8863859474 -0.8913264046 -0.8732916866 -0.8937245258 -0.8715988187 -0.8931145523 0.8791653530 -0.8770652671 -0.8741908105 -0.8952705168
-0.9399291193 -0.9105834517 -0.9045374319 -0.8949522420 -0.8840542044 -0.8890815764 -0.8706584829 -0.8915064190 -0.8689217475 -0.8909458097 0.8764141436 -0.8744861660 -0.8715290079 -0.8928357009
-0.9400251992 -0.9089664677 -0.9025358249 -0.8928560523 -0.8818015258 -0.8869112624 -0.8681123900 -0.8893597445 -0.8663325511 -0.8888524536 0.8737321404 -0.8719900066 -0.8689509806 -0.8904571243
-0.9401718733 -0.9074143170 -0.9005889325 -0.8908265674 -0.8796265211 -0.8848141158 -0.8656519551 -0.8872831883 -0.8638297723 -0.8868331194 0.8711181098 -0.8695753789 -0.8664553173 -0.8881336715
-0.9403678331 -0.9059256923 -0.8986956047 -0.8888625081 -0.8775277998 -0.8827887898 -0.8632757254 -0.8852754369 -0.8614119540 -0.8848864424 0.8685708187 -0.8672408729 -0.8640406068 -0.8858642267
-0.9406117702 -0.9044992863 -0.8968546915 -0.8869625948 -0.8755039714 -0.8808339378 -0.8609822482 -0.8833351763 -0.8590776392 -0.8830110581 0.8660890335 -0.8649850786 -0.8617054380 -0.8836476743
-0.9409023761 -0.9031337916 -0.8950650429 -0.8851255484 -0.8735536455 -0.8789482131 -0.8587700707 -0.8814610929 -0.8568253707 -0.8812056019 0.8636715209 -0.8628065858 -0.8594483996 -0.8814828987
-0.9412383424 -0.9018279010 -0.8933255090 -0.8833500892 -0.8716754314 -0.8771302689 -0.8566377402 -0.8796518729 -0.8546536914 -0.8794687091 0.8613170475 -0.8607039847 -0.8572680803 -0.8793687841
-0.9416183606 -0.9005803071 -0.8916349396 -0.8816349381 -0.8698679389 -0.8753787586 -0.8545838038 -0.8779062025 -0.8525611442 -0.8777990151 0.8590243801 -0.8586758650 -0.8551630690 -0.8773042149
-0.9420411223 -0.8993897027 -0.8899921850 -0.8799788157 -0.8681297772 -0.8736923354 -0.8526068089 -0.8762227680 -0.8505462719 -0.8761951554 0.8567922851 -0.8567208169 -0.8531319545 -0.8752880754
-0.9425053191 -0.8982547803 -0.8883960950 -0.8783804424 -0.8664595561 -0.8720696526 -0.8507053027 -0.8746002555 -0.8486076176 -0.8746557653 0.8546195292 -0.8548374302 -0.8511733256 -0.8733192501
-0.9430096424 -0.8971742327 -0.8868455197 -0.8768385391 -0.8648558849 -0.8705093635 -0.8488778323 -0.8730373513 -0.8467437240 -0.8731794802 0.8525048790 -0.8530242950 -0.8492857709 -0.8713966231
-0.9435527839 -0.8961467527 -0.8853393090 -0.8753518262 -0.8633173732 -0.8690101215 -0.8471229451 -0.8715327416 -0.8449531340 -0.8717649356 0.8504471013 -0.8512800011 -0.8474678794 -0.8695190789
-0.9441334351 -0.8951710327 -0.8838763131 -0.8739190245 -0.8618426305 -0.8675705796 -0.8454391883 -0.8700851128 -0.8432343905 -0.8704107667 0.8484449625 -0.8496031386 -0.8457182398 -0.8676855018
-0.9447502875 -0.8942457656 -0.8824553820 -0.8725388546 -0.8604302664 -0.8661893914 -0.8438251092 -0.8686931509 -0.8415860365 -0.8691156090 0.8464972293 -0.8479922975 -0.8440354409 -0.8658947761
-0.9454020327 -0.8933696440 -0.8810753655 -0.8712100370 -0.8590788902 -0.8648652100 -0.8422792549 -0.8673555423 -0.8400066148 -0.8678780979 0.8446026684 -0.8464460676 -0.8424180715 -0.8641457862
-0.9460873623 -0.8925413606 -0.8797351138 -0.8699312925 -0.8577871116 -0.8635966887 -0.8408001726 -0.8660709731 -0.8384946682 -0.8666968688 0.8427600464 -0.8449630389 -0.8408647204 -0.8624374163
-0.9468049678 -0.8917596081 -0.8784334769 -0.8687013415 -0.8565535401 -0.8623824809 -0.8393864098 -0.8648381296 -0.8370487398 -0.8655705571 0.8409681299 -0.8435418014 -0.8393739763 -0.8607685509
-0.9475535407 -0.8910230792 -0.8771693048 -0.8675189049 -0.8553767851 -0.8612212398 -0.8380365135 -0.8636556981 -0.8356673723 -0.8644977981 0.8392256855 -0.8421809451 -0.8379444280 -0.8591380743
-0.9483317727 -0.8903304666 -0.8759414474 -0.8663827031 -0.8542554561 -0.8601116187 -0.8367490310 -0.8625223647 -0.8343491087 -0.8634772272 0.8375314799 -0.8408790600 -0.8365746644 -0.8575448707
-0.9491383552 -0.8896804628 -0.8747487549 -0.8652914569 -0.8531881628 -0.8590522709 -0.8355225095 -0.8614368157 -0.8330924918 -0.8625074799 0.8358842796 -0.8396347359 -0.8352632742 -0.8559878246
-0.9499719798 -0.8890717607 -0.8735900771 -0.8642438868 -0.8521735145 -0.8580418497 -0.8343554964 -0.8603977374 -0.8318960645 -0.8615871916 0.8342828514 -0.8384465629 -0.8340088462 -0.8544658203
-0.9508313382 -0.8885030529 -0.8724642643 -0.8632387134 -0.8512101208 -0.8570790084 -0.8332465388 -0.8594038159 -0.8307583697 -0.8607149976 0.8327259618 -0.8373131309 -0.8328099692 -0.8529777421
-0.9517151217 -0.8879730321 -0.8713701662 -0.8622746575 -0.8502965912 -0.8561624002 -0.8321941840 -0.8584537375 -0.8296779504 -0.8598895333 0.8312123774 -0.8362330299 -0.8316652319 -0.8515224744
-0.9526220220 -0.8874803910 -0.8703066331 -0.8613504396 -0.8494315353 -0.8552906785 -0.8311969791 -0.8575461884 -0.8286533493 -0.8591094341 0.8297408650 -0.8352048499 -0.8305732232 -0.8500989014
-0.9535507307 -0.8870238222 -0.8692725148 -0.8604647803 -0.8486135625 -0.8544624965 -0.8302534715 -0.8566798549 -0.8276831094 -0.8583733354 0.8283101911 -0.8342271807 -0.8295325319 -0.8487059076
-0.9544999393 -0.8866020184 -0.8682666614 -0.8596164003 -0.8478412823 -0.8536765075 -0.8293622084 -0.8558534231 -0.8267657736 -0.8576798727 0.8269191223 -0.8332986125 -0.8285417467 -0.8473423772
