-0.2164483620 0.0201521499 -0.0016125014 0.1629962892 -0.2812926135 -0.3110380692 -0.1860350150 0.1968513123 -0.3018113881 0.8716800451 -0.0723864531 0.1159917935 0.0399242240 0.0933929847
-0.1988704604 0.0391771017 0.0134368584 0.1428661731 -0.2611761857 -0.2908622919 -0.1677055515 0.1768407882 -0.2831243008 0.8559502649 -0.0552461325 0.1295495643 0.0248660690 0.0753667572
-0.1808960206 0.0583599511 0.0287837205 0.1224602049 -0.2406883767 -0.2702924058 -0.1490279734 0.1565241231 -0.2640045644 0.8392049516 -0.0378146909 0.1433539550 0.0094790415 0.0570595286
-0.1625199162 0.0777001982 0.0444324647 0.1017771529 -0.2198258005 -0.2493245998 -0.1299984887 0.1358992950 -0.2444468714 0.8214275788 -0.0200888958 0.1574090552 -0.0062418611 0.0384687007
-0.1437370205 0.0971973431 0.0603874705 0.0808157850 -0.1985850712 -0.2279550624 -0.1106133053 0.1149642818 -0.2244459142 0.8026016201 -0.0020655146 0.1717189546 -0.0223016412 0.0195916752
-0.1245422071 0.1168508857 0.0766531174 0.0595748695 -0.1769628029 -0.2061799823 -0.0908686312 0.0937170616 -0.2039963853 0.7827105491 0.0162586853 0.1862877430 -0.0387053010 0.0004258537
-0.1049303494 0.1366603262 0.0932337852 0.0380531745 -0.1549556096 -0.1839955483 -0.0707606743 0.0721556126 -0.1830929770 0.7617378395 0.0348869364 0.2011195101 -0.0554578432 -0.0190313620
-0.0848963210 0.1566251647 0.1101338533 0.0162494679 -0.1325601055 -0.1613979489 -0.0502856424 0.0502779126 -0.1617303818 0.7396669649 0.0538224711 0.2162183454 -0.0725642700 -0.0387825703
-0.0644349953 0.1767449011 0.1273577014 -0.0058374820 -0.1097729047 -0.1383833730 -0.0294397435 0.0280819399 -0.1399032921 0.7164813989 0.0730685222 0.2315883388 -0.0900295838 -0.0588303694
-0.0435412459 0.1970190355 0.1449097091 -0.0282089071 -0.0865906211 -0.1149480092 -0.0082191856 0.0055656723 -0.1176064003 0.6921646151 0.0926283221 0.2472335799 -0.1078587872 -0.0791773577
-0.0222099461 0.2174470681 0.1627942559 -0.0508660394 -0.0630098690 -0.0910880461 0.0133798235 -0.0172729120 -0.0948343989 0.6667000871 0.1125051035 0.2631581583 -0.1260568824 -0.0998261336
-0.0004359695 0.2380284989 0.1810157216 -0.0738101107 -0.0390272623 -0.0667996725 0.0353610758 -0.0404358350 -0.0715819802 0.6400712886 0.1327020987 0.2793661639 -0.1446288720 -0.1207792952
0.0217858105 0.2587628279 0.1995784856 -0.0970423529 -0.0146394151 -0.0420790771 0.0577283634 -0.0639251186 -0.0478438367 0.6122616932 0.1532225404 0.2958616863 -0.1635797582 -0.1420394409
0.0444605203 0.2796495552 0.2184869276 -0.1205639979 0.0101570584 -0.0169224485 0.0804854784 -0.0877427848 -0.0236146609 0.5832547744 0.1740696612 0.3126488152 -0.1829145436 -0.1636091690
0.0675932864 0.3006881808 0.2377454272 -0.1443762777 0.0353655442 0.0086740246 0.1036362129 -0.1118908556 0.0011108549 0.5530340060 0.1952466936 0.3297316402 -0.2026382305 -0.1854910779
0.0911892355 0.3218782049 0.2573583639 -0.1684804241 0.0609894282 0.0347141535 0.1271843588 -0.1363713530 0.0263380183 0.5215828615 0.2167568701 0.3471142512 -0.2227558213 -0.2076877658
0.1152534939 0.3432191275 0.2773301175 -0.1928776689 0.0870320964 0.0612017494 0.1511337084 -0.1611862988 0.0520721368 0.4888848146 0.2386034233 0.3648007377 -0.2432723185 -0.2302018311
0.1397911883 0.3647104486 0.2976650674 -0.2175692442 0.1134969346 0.0881406237 0.1754880537 -0.1863377150 0.0783185180 0.4549233388 0.2607895857 0.3827951894 -0.2641927245 -0.2530358720
0.1648074451 0.3863516684 0.3183675933 -0.2425563817 0.1403873287 0.1155345878 0.2002511868 -0.2118276236 0.1050824694 0.4196819078 0.2833185899 0.4011016962 -0.2855220416 -0.2761924869
0.1903073908 0.4081422868 0.3394420747 -0.2678403134 0.1677066648 0.1433874529 0.2254268997 -0.2376580465 0.1323692987 0.3831439953 0.3061936685 0.4197243475 -0.3072652723 -0.2996742741
0.2162961520 0.4300818040 0.3608928914 -0.2934222712 0.1954583287 0.1717030303 0.2510189845 -0.2638310058 0.1601843135 0.3452930747 0.3294180539 0.4386672333 -0.3294274190 -0.3234838318
0.2427788552 0.4521697199 0.3827244228 -0.3193034869 0.2236457063 0.2004851314 0.2770312334 -0.2903485233 0.1885328213 0.3061126198 0.3529949788 0.4579344430 -0.3520134841 -0.3476237585
0.2697606269 0.4744055347 0.4049410486 -0.3454851925 0.2522721836 0.2297375674 0.3034674383 -0.3172126210 0.2174201296 0.2655861042 0.3769276757 0.4775300665 -0.3750284699 -0.3720966523
0.2972465936 0.4967887485 0.4275471483 -0.3719686198 0.2813411465 0.2594641497 0.3303313913 -0.3444253208 0.2468515461 0.2236970014 0.4012193771 0.4974581935 -0.3984773790 -0.3969051117
0.3252418818 0.5193188612 0.4505471016 -0.3987550008 0.3108559809 0.2896686896 0.3576268846 -0.3719886448 0.2768323784 0.1804287852 0.4258733155 0.5177229135 -0.4223652138 -0.4220517349
0.3537516180 0.5419953730 0.4739452881 -0.4258455673 0.3408200726 0.3203549984 0.3853577103 -0.3999046149 0.3073679340 0.1357649291 0.4508927237 0.5383283164 -0.4466969765 -0.4475391203
0.3827809288 0.5648177839 0.4977460874 -0.4532415513 0.3712368078 0.3515268874 0.4135276603 -0.4281752529 0.3384635204 0.0896889067 0.4762808340 0.5592784918 -0.4714776697 -0.4733698661
0.4123349407 0.5877855940 0.5219538790 -0.4809441845 0.4021095721 0.3831881679 0.4421405267 -0.4568025810 0.3701244454 0.0421841917 0.5020408790 0.5805775294 -0.4967122958 -0.4995465706
0.4424187802 0.6108983033 0.5465730426 -0.5089546990 0.4334417517 0.4153426512 0.4712001018 -0.4857886210 0.4023560164 -0.0067657423 0.5281760913 0.6022295189 -0.5224058571 -0.5260718322
0.4730375737 0.6341554119 0.5716079577 -0.5372743266 0.4652367323 0.4479941487 0.5007101774 -0.5151353949 0.4351635411 -0.0571774217 0.5546897035 0.6242385500 -0.5485633561 -0.5529482492
