0.1356704898 -0.0153049054 0.0718240535 -0.0235856853 0.0235024572 -0.0479059859 0.0059446035 -0.0821862442 -0.2510474283 -0.0337473375 0.0257773450 0.0024688383 -0.0242153194 0.0690369617
0.1597982478 0.0096510352 0.0952899547 -0.0490058784 0.0478186533 -0.0208577548 0.0315297631 -0.1055307661 -0.2218817354 -0.0070413541 0.0521093426 0.0284691668 -0.0511557129 0.0406282104
0.1843031640 0.0352520750 0.1193051553 -0.0749627633 0.0727358886 0.0067822081 0.0576789587 -0.1294099486 -0.1918220986 0.0202466129 0.0789204421 0.0550166751 -0.0785441865 0.0116624401
0.2091883853 0.0615063344 0.1438764012 -0.1014621780 0.0982616362 0.0350202696 0.0843985085 -0.1538302918 -0.1608569412 0.0481228547 0.1062150440 0.0821172107 -0.1063841863 -0.0178655579
0.2344570584 0.0884219339 0.1690104381 -0.1285099604 0.1244033688 0.0638627964 0.1116947309 -0.1787982953 -0.1289746866 0.0765936626 0.1339975488 0.1097766211 -0.1346791588 -0.0479609927
0.2601123300 0.1160069942 0.1947140119 -0.1561119484 0.1511685593 0.0933161552 0.1395739442 -0.2043204590 -0.0961637580 0.1056653281 0.1622723570 0.1380007537 -0.1634325502 -0.0786290732
0.2861573470 0.1442696356 0.2209938684 -0.1842739800 0.1785646806 0.1233867130 0.1680424669 -0.2304032827 -0.0624125790 0.1353441423 0.1910438690 0.1667954559 -0.1926478067 -0.1098750084
0.3125952561 0.1732179788 0.2478567534 -0.2130018932 0.2065992057 0.1540808364 0.1971066171 -0.2570532663 -0.0277095727 0.1656363967 0.2203164853 0.1961665753 -0.2223283748 -0.1417040072
0.3394292041 0.2028601442 0.2753094128 -0.2423015258 0.2352796073 0.1854048922 0.2267727132 -0.2842769095 0.0079568375 0.1965483825 0.2500946064 0.2261199593 -0.2524777007 -0.1741212786
0.3666623377 0.2332042524 0.3033585924 -0.2721787158 0.2646133584 0.2173652472 0.2570470735 -0.3120807122 0.0445982281 0.2280863912 0.2803826328 0.2566614553 -0.2830992307 -0.2071320315
0.3942978036 0.2642584238 0.3320110380 -0.3026393012 0.2946079318 0.2499682681 0.2879360165 -0.3404711743 0.0822261760 0.2602567140 0.3111849650 0.2877969108 -0.3141964112 -0.2407414748
0.4223387487 0.2960307791 0.3612734955 -0.3336891199 0.3252708005 0.2832203217 0.3194458603 -0.3694547956 0.1208522576 0.2930656422 0.3425060033 0.3195321733 -0.3457726883 -0.2749548177
0.4507883197 0.3285294387 0.3911527107 -0.3653340098 0.3566094372 0.3171277749 0.3515829234 -0.3990380758 0.1604880498 0.3265194672 0.3743501484 0.3518730903 -0.3778315085 -0.3097772689
0.4796496634 0.3617625232 0.4216554293 -0.3975798089 0.3886313149 0.3516969943 0.3843535240 -0.4292275149 0.2011451291 0.3606244804 0.4067218006 0.3848255092 -0.4103763180 -0.3452140375
0.5089259265 0.3957381530 0.4527883973 -0.4304323550 0.4213439065 0.3869343467 0.4177639806 -0.4600296126 0.2428350721 0.3953869730 0.4396253604 0.4183952774 -0.4434105631 -0.3812703323
0.5386202557 0.4304644487 0.4845583605 -0.4638974863 0.4547546847 0.4228461989 0.4518206113 -0.4914508688 0.2855694557 0.4308132364 0.4730652284 0.4525882425 -0.4769376901 -0.4179513624
0.5687357979 0.4659495309 0.5169720646 -0.4979810405 0.4888711226 0.4594389177 0.4865297346 -0.5234977834 0.3293598563 0.4669095619 0.5070458050 0.4874102519 -0.5109611454 -0.4552623368
0.5992756998 0.5022015200 0.5500362556 -0.5326888556 0.5237006930 0.4967188698 0.5218976688 -0.5561768560 0.3742178507 0.5036822408 0.5415714907 0.5228671530 -0.5454843752 -0.4932084643
0.6302431082 0.5392285365 0.5837576792 -0.5680267696 0.5592508688 0.5346924220 0.5579307322 -0.5894945866 0.4201550156 0.5411375645 0.5766466859 0.5589647933 -0.5805108258 -0.5317949539
0.6616411698 0.5770387011 0.6181430813 -0.6040006204 0.5955291228 0.5733659411 0.5946352432 -0.6234574750 0.4671829275 0.5792818243 0.6122757912 0.5957090204 -0.6160439436 -0.5710270145
0.6934730313 0.6156401341 0.6531992076 -0.6406162460 0.6325429279 0.6127457939 0.6320175200 -0.6580720210 0.5153131631 0.6181213115 0.6484632069 0.6331056815 -0.6520871748 -0.6109098552
0.7257418396 0.6550409562 0.6889328041 -0.6778794843 0.6702997571 0.6528383471 0.6700838810 -0.6933447245 0.5645572991 0.6576623175 0.6852133337 0.6711606243 -0.6886439657 -0.6514486849
0.7584507414 0.6952492878 0.7253506166 -0.7157961732 0.7088070831 0.6936499674 0.7088406446 -0.7292820853 0.6149269122 0.6979111335 0.7225305719 0.7098796962 -0.7257177627 -0.6926487125
0.7916028835 0.7362732494 0.7624593908 -0.7543721506 0.7480723789 0.7351870218 0.7482941290 -0.7658906031 0.6664335790 0.7388740510 0.7604193220 0.7492687446 -0.7633120120 -0.7345151470
0.8252014126 0.7781209617 0.8002658727 -0.7936132546 0.7881031173 0.7774558768 0.7884506526 -0.8031767779 0.7190888761 0.7805573612 0.7988839845 0.7893336169 -0.8014301600 -0.7770531973
0.8592494755 0.8208005450 0.8387768080 -0.8335253230 0.8289067713 0.8204628994 0.8293165337 -0.8411471095 0.7729043802 0.8229673555 0.8379289599 0.8300801608 -0.8400756529 -0.8202680725
0.8937502189 0.8643201200 0.8779989425 -0.8741141938 0.8704908137 0.8642144562 0.8708980907 -0.8798080977 0.8278916680 0.8661103252 0.8775586487 0.8715142236 -0.8792519371 -0.8641649814
0.9287067896 0.9086878072 0.9179390221 -0.9153857050 0.9128627173 0.9087169141 0.9132016419 -0.9191662423 0.8840623162 0.9099925616 0.9177774513 0.9136416527 -0.9189624588 -0.9087491329
0.9641223344 0.9539117270 0.9586037927 -0.9573456944 0.9560299551 0.9539766397 0.9562335055 -0.9592280431 0.9414279013 0.9546203561 0.9585897683 0.9564682957 -0.9592106643 -0.9540257362
1.0000000000 1.0000000000 1.0000000000 -1.0000000000 1.0000000000 1.0000000000 1.0000000000 -1.0000000000 1.0000000000 1.0000000000 1.0000000000 1.0000000000 -1.0000000000 -1.0000000000
