-0.9623479352 -0.7173873807 -0.9702806562 -0.6414449081 -0.1439321406 -0.6016496717 -0.9695885026 -0.6449984976 -0.1345769610 -0.5801579581 0.5330897262 -0.7015138102 -0.4953247090 -0.4315260834
-0.9606356939 -0.7149776648 -0.9687294154 -0.6387168782 -0.1391622221 -0.5989572106 -0.9680415659 -0.6423204089 -0.1299119973 -0.5772675539 0.5298935858 -0.6987218574 -0.4919128356 -0.4286531119
-0.9588809233 -0.7125366432 -0.9671346655 -0.6359607570 -0.1343851674 -0.5962378661 -0.9664519382 -0.6396139959 -0.1252399540 -0.5743514298 0.5266739731 -0.6959000140 -0.4884792234 -0.4257592040
-0.9570833440 -0.7100641019 -0.9654961165 -0.6331763666 -0.1296010321 -0.5934914613 -0.9648193183 -0.6368790760 -0.1205608784 -0.5714094289 0.5234307630 -0.6930481016 -0.4850237708 -0.4228442163
-0.9552426764 -0.7075598268 -0.9638134782 -0.6303635292 -0.1248098719 -0.5907178192 -0.9631434049 -0.6341154665 -0.1158748176 -0.5684413940 0.5201638308 -0.6901659419 -0.4815463758 -0.4199080054
-0.9533586411 -0.7050236037 -0.9620864607 -0.6275220667 -0.1200117424 -0.5879167628 -0.9614238966 -0.6313229846 -0.1111818187 -0.5654471680 0.5168730514 -0.6872533566 -0.4780469368 -0.4169504279
-0.9514309586 -0.7024552185 -0.9603147737 -0.6246518014 -0.1152066991 -0.5850881152 -0.9596604923 -0.6285014476 -0.1064819290 -0.5624265939 0.5135582999 -0.6843101673 -0.4745253519 -0.4139713402
-0.9494593493 -0.6998544572 -0.9584981274 -0.6217525554 -0.1103947976 -0.5822316993 -0.9578528907 -0.6256506729 -0.1017751957 -0.5593795145 0.5102194514 -0.6813361959 -0.4709815194 -0.4109705991
-0.9474435337 -0.6972211055 -0.9566362315 -0.6188241508 -0.1055760936 -0.5793473382 -0.9560007904 -0.6227704778 -0.0970616658 -0.5563057728 0.5068563809 -0.6783312639 -0.4674153375 -0.4079480611
-0.9453832323 -0.6945549495 -0.9547287960 -0.6158664097 -0.1007506426 -0.5764348548 -0.9541038903 -0.6198606794 -0.0923413867 -0.5532052117 0.5034689636 -0.6752951931 -0.4638267043 -0.4049035827
-0.9432781656 -0.6918557750 -0.9527755308 -0.6128791543 -0.0959185002 -0.5734940723 -0.9521618890 -0.6169210952 -0.0876144054 -0.5500776741 0.5000570744 -0.6722278051 -0.4602155182 -0.4018370206
-0.9411280541 -0.6891233678 -0.9507761459 -0.6098622066 -0.0910797222 -0.5705248136 -0.9501744852 -0.6139515423 -0.0828807691 -0.5469230030 0.4966205884 -0.6691289216 -0.4565816773 -0.3987482313
-0.9389326183 -0.6863575139 -0.9487303512 -0.6068153888 -0.0862343639 -0.5675269018 -0.9481413777 -0.6109518382 -0.0781405251 -0.5437410411 0.4931593807 -0.6659983642 -0.4529250799 -0.3956370714
-0.9366915787 -0.6835579992 -0.9466378566 -0.6037385230 -0.0813824811 -0.5645001598 -0.9460622652 -0.6079218001 -0.0733937205 -0.5405316316 0.4896733264 -0.6628359548 -0.4492456241 -0.3925033975
-0.9344046557 -0.6807246096 -0.9444983720 -0.6006314314 -0.0765241294 -0.5614444107 -0.9439368465 -0.6048612453 -0.0686404024 -0.5372946172 0.4861623005 -0.6596415149 -0.4455432082 -0.3893470661
-0.9320715699 -0.6778571309 -0.9423116075 -0.5974939360 -0.0716593643 -0.5583594776 -0.9417648201 -0.6017699911 -0.0638806181 -0.5340298408 0.4826261781 -0.6564148663 -0.4418177304 -0.3861679339
-0.9296920417 -0.6749553490 -0.9400772728 -0.5943258590 -0.0667882414 -0.5552451833 -0.9395458850 -0.5986478547 -0.0591144148 -0.5307371455 0.4790648343 -0.6531558306 -0.4380690888 -0.3829658574
-0.9272657917 -0.6720190499 -0.9377950779 -0.5911270225 -0.0619108164 -0.5521013510 -0.9372797398 -0.5954946536 -0.0543418395 -0.5274163740 0.4754781441 -0.6498642295 -0.4342971819 -0.3797406933
-0.9247925403 -0.6690480194 -0.9354647328 -0.5878972487 -0.0570271449 -0.5489278036 -0.9349660831 -0.5923102049 -0.0495629395 -0.5240673694 0.4718659825 -0.6465398847 -0.4305019076 -0.3764922980
-0.9222720081 -0.6660420434 -0.9330859473 -0.5846363596 -0.0521372824 -0.5457243643 -0.9326046139 -0.5890943260 -0.0447777620 -0.5206899746 0.4682282247 -0.6431826179 -0.4266831644 -0.3732205281
-0.9197039154 -0.6630009078 -0.9306584315 -0.5813441774 -0.0472412846 -0.5424908559 -0.9301950307 -0.5858468341 -0.0399863541 -0.5172840323 0.4645647457 -0.6397922508 -0.4228408503 -0.3699252403
-0.9170879828 -0.6599243985 -0.9281818952 -0.5780205241 -0.0423392070 -0.5392271016 -0.9277370323 -0.5825675467 -0.0351887630 -0.5138493857 0.4608754206 -0.6363686050 -0.4189748636 -0.3666062912
-0.9144239309 -0.6568123014 -0.9256560483 -0.5746652220 -0.0374311052 -0.5359329243 -0.9252303174 -0.5792562808 -0.0303850360 -0.5103858775 0.4571601245 -0.6329115023 -0.4150851025 -0.3632635372
-0.9117114800 -0.6536644024 -0.9230806009 -0.5712780931 -0.0325170350 -0.5326081471 -0.9226745847 -0.5759128539 -0.0255752201 -0.5068933507 0.4534187323 -0.6294207642 -0.4111714652 -0.3598968350
-0.9089503507 -0.6504804873 -0.9204552627 -0.5678589596 -0.0275970517 -0.5292525929 -0.9200695330 -0.5725370833 -0.0207593625 -0.5033716482 0.4496511192 -0.6258962126 -0.4072338500 -0.3565060412
-0.9061402634 -0.6472603421 -0.9177797438 -0.5644076436 -0.0226712111 -0.5258660849 -0.9174148611 -0.5691287862 -0.0159375104 -0.4998206130 0.4458571603 -0.6223376691 -0.4032721550 -0.3530910123
-0.9032809387 -0.6440037527 -0.9150537541 -0.5609239672 -0.0177395688 -0.5224484459 -0.9147102675 -0.5656877800 -0.0111097111 -0.4962400878 0.4420367305 -0.6187449553 -0.3992862785 -0.3496516049
-0.9003720970 -0.6407105049 -0.9122770034 -0.5574077525 -0.0128021804 -0.5189994991 -0.9119554511 -0.5622138818 -0.0062760116 -0.4926299158 0.4381897050 -0.6151178930 -0.3952761187 -0.3461876756
-0.8974134589 -0.6373803846 -0.9094492018 -0.5538588217 -0.0078591014 -0.5155190675 -0.9091501105 -0.5587069091 -0.0014364592 -0.4889899397 0.4343159588 -0.6114563038 -0.3912415738 -0.3426990810
-0.8944047448 -0.6340131777 -0.9065700591 -0.5502769968 -0.0029103874 -0.5120069740 -0.9062939445 -0.5551666791 0.0034088990 -0.4853200024 0.4304153671 -0.6077600095 -0.3871825421 -0.3391856777
