-0.9137962491 -0.7569453070 -0.8090336335 -0.8556941130 -0.8547147436 -0.9083429051 -0.7503837126 -0.8446896517 -0.8834869020 -0.8421761174 0.8320912042 -0.7461056871 -0.6560759652 -0.9985576736
-0.9125924306 -0.7571541368 -0.8088595534 -0.8553064104 -0.8550435460 -0.9079341897 -0.7512907424 -0.8444025887 -0.8831973560 -0.8420504504 0.8312616239 -0.7463958731 -0.6540840733 -0.9980021160
-0.9113162373 -0.7573573406 -0.8086587987 -0.8548748559 -0.8553380897 -0.9074650933 -0.7522032259 -0.8440763765 -0.8828566492 -0.8418885032 0.8303897497 -0.7466848350 -0.6520891642 -0.9973485615
-0.9099645560 -0.7575501762 -0.8084271114 -0.8543955396 -0.8555939883 -0.9069319544 -0.7531159313 -0.8437069902 -0.8824609307 -0.8416861332 0.8294718582 -0.7469677287 -0.6500874979 -0.9965940295
-0.9085342737 -0.7577279011 -0.8081602333 -0.8538645520 -0.8558068553 -0.9063311115 -0.7540236265 -0.8432904047 -0.8820063500 -0.8414391978 0.8285042261 -0.7472397099 -0.6480753340 -0.9957355395
-0.9070222773 -0.7578857730 -0.8078539062 -0.8532779834 -0.8559723043 -0.9056589029 -0.7549210796 -0.8428225952 -0.8814890563 -0.8411435544 0.8274831300 -0.7474959343 -0.6460489326 -0.9947701108
-0.9054254539 -0.7580190494 -0.8075038721 -0.8526319240 -0.8560859488 -0.9049116672 -0.7558030587 -0.8422995365 -0.8809051988 -0.8407950604 0.8264048466 -0.7477315578 -0.6440045533 -0.9936947627
-0.9037406904 -0.7581229881 -0.8071058727 -0.8519224644 -0.8561434025 -0.9040857428 -0.7566643320 -0.8417172037 -0.8802509269 -0.8403895733 0.8252656525 -0.7479417360 -0.6419384559 -0.9925065148
-0.9019648737 -0.7581928466 -0.8066556500 -0.8511456947 -0.8561402788 -0.9031774682 -0.7574996674 -0.8410715719 -0.8795223899 -0.8399229505 0.8240618244 -0.7481216247 -0.6398469004 -0.9912023864
-0.9000948908 -0.7582238826 -0.8061489458 -0.8502977053 -0.8560721913 -0.9021831818 -0.7583038330 -0.8403586160 -0.8787157369 -0.8393910493 0.8227896389 -0.7482663797 -0.6377261465 -0.9897793968
-0.8981276286 -0.7582113536 -0.8055815020 -0.8493745865 -0.8559347535 -0.9010992220 -0.7590715969 -0.8395743110 -0.8778271173 -0.8387897272 0.8214453728 -0.7483711567 -0.6355724541 -0.9882345654
-0.8960599742 -0.7581505173 -0.8049490605 -0.8483724288 -0.8557235791 -0.8999219273 -0.7597977273 -0.8387146320 -0.8768526804 -0.8381148415 0.8200253027 -0.7484311115 -0.6333820830 -0.9865649117
-0.8938888145 -0.7580366314 -0.8042473630 -0.8472873223 -0.8554342815 -0.8986476362 -0.7604769921 -0.8377755539 -0.8757885755 -0.8373622498 0.8185257052 -0.7484413997 -0.6311512929 -0.9847674551
-0.8916110364 -0.7578649534 -0.8034721515 -0.8461153575 -0.8550624744 -0.8972726872 -0.7611041594 -0.8367530518 -0.8746309518 -0.8365278095 0.8169428569 -0.7483971773 -0.6288763438 -0.9828392148
-0.8892235269 -0.7576307410 -0.8026191678 -0.8448526246 -0.8546037712 -0.8957934186 -0.7616739974 -0.8356431007 -0.8733759586 -0.8356073778 0.8152730346 -0.7482935998 -0.6265534954 -0.9807772103
-0.8867231731 -0.7573292518 -0.8016841539 -0.8434952141 -0.8540537856 -0.8942061689 -0.7621812740 -0.8344416756 -0.8720197452 -0.8345968123 0.8135125149 -0.7481258231 -0.6241790076 -0.9785784610
-0.8841068617 -0.7569557434 -0.8006628515 -0.8420392162 -0.8534081310 -0.8925072766 -0.7626207574 -0.8331447515 -0.8705584609 -0.8334919703 0.8116575745 -0.7478890030 -0.6217491401 -0.9762399863
-0.8813714798 -0.7565054734 -0.7995510025 -0.8404807213 -0.8526624211 -0.8906930801 -0.7629872157 -0.8317483034 -0.8689882549 -0.8322887094 0.8097044900 -0.7475782951 -0.6192601529 -0.9737588056
-0.8785139144 -0.7559736996 -0.7983443488 -0.8388158196 -0.8518122694 -0.8887599179 -0.7632754169 -0.8302483063 -0.8673052766 -0.8309828868 0.8076495380 -0.7471888552 -0.6167083058 -0.9711319382
-0.8755310524 -0.7553556794 -0.7970386322 -0.8370406017 -0.8508532894 -0.8867041284 -0.7634801290 -0.8286407353 -0.8655056751 -0.8295703600 0.8054889953 -0.7467158390 -0.6140898584 -0.9683564035
-0.8724197808 -0.7546466705 -0.7956295947 -0.8351511576 -0.8497810947 -0.8845220501 -0.7635961203 -0.8269215654 -0.8635855999 -0.8280469864 0.8032191385 -0.7461544024 -0.6114010708 -0.9654292210
-0.8691769865 -0.7538419306 -0.7941129780 -0.8331435779 -0.8485912989 -0.8822100215 -0.7636181587 -0.8250867715 -0.8615412002 -0.8264086234 0.8008362442 -0.7454997011 -0.6086382027 -0.9623474100
-0.8657995566 -0.7529367172 -0.7924845240 -0.8310139528 -0.8472795154 -0.8797643809 -0.7635410123 -0.8231323287 -0.8593686252 -0.8246511285 0.7983365892 -0.7447468908 -0.6057975138 -0.9591079898
-0.8622843779 -0.7519262880 -0.7907399747 -0.8287583727 -0.8458413580 -0.8771814669 -0.7633594492 -0.8210542120 -0.8570640242 -0.8227703590 0.7957164499 -0.7438911272 -0.6028752642 -0.9557079800
-0.8586283374 -0.7508059007 -0.7888750718 -0.8263729279 -0.8442724400 -0.8744576179 -0.7630682375 -0.8188483964 -0.8546235466 -0.8207621723 0.7929721032 -0.7429275662 -0.5998677135 -0.9521443998
-0.8548283221 -0.7495708127 -0.7868855573 -0.8238537087 -0.8425683752 -0.8715891723 -0.7626621452 -0.8165108569 -0.8520433415 -0.8186224260 0.7900998257 -0.7418513634 -0.5967711216 -0.9484142687
-0.8508812189 -0.7482162818 -0.7847671729 -0.8211968055 -0.8407247769 -0.8685724687 -0.7621359404 -0.8140375685 -0.8493195584 -0.8163469773 0.7870958940 -0.7406576746 -0.5935817483 -0.9445146060
-0.8467839149 -0.7467375657 -0.7825156606 -0.8183983086 -0.8387372588 -0.8654038453 -0.7614843913 -0.8114245063 -0.8464483464 -0.8139316837 0.7839565848 -0.7393416556 -0.5902958534 -0.9404424312
-0.8425332969 -0.7451299218 -0.7801267622 -0.8154543083 -0.8366014345 -0.8620796408 -0.7607022658 -0.8086676452 -0.8434258548 -0.8113724026 0.7806781748 -0.7378984622 -0.5869096968 -0.9361947635
-0.8381262519 -0.7433886078 -0.7775962195 -0.8123608950 -0.8343129174 -0.8585961936 -0.7597843321 -0.8057629603 -0.8402482330 -0.8086649915 0.7772569406 -0.7363232500 -0.5834195383 -0.9317686225
