-0.8148931851 -0.9031814014 -0.9223898569 0.9484272637 -0.9498423832 0.6316693120 -0.9918100573 0.8656474721 -0.9967534332 0.8822528390 -0.9352714957 -0.9550411468 0.9558928282 0.8457380296
-0.8099237355 -0.9002992886 -0.9202831565 0.9473114591 -0.9486786098 0.6301099941 -0.9912904601 0.8621582991 -0.9971096698 0.8797823462 -0.9335707110 -0.9539251872 0.9546338156 0.8411093682
-0.8050675920 -0.8974534691 -0.9182156963 0.9462351982 -0.9475481525 0.6288107907 -0.9907462281 0.8587553507 -0.9974511806 0.8774219876 -0.9319041462 -0.9528334035 0.9533882287 0.8365432856
-0.8003225372 -0.8946424972 -0.9161858627 0.9451967027 -0.9464493303 0.6277669640 -0.9901764110 0.8554365600 -0.9977767405 0.8751691874 -0.9302701940 -0.9517642388 0.9521546885 0.8320382401
-0.7956863537 -0.8918649272 -0.9141920419 0.9441941941 -0.9453804622 0.6269737760 -0.9895800582 0.8521998604 -0.9980851241 0.8730213692 -0.9286672476 -0.9507161360 0.9509318159 0.8275926901
-0.7911568244 -0.8891193133 -0.9122326203 0.9432258938 -0.9443398672 0.6264264889 -0.9889562193 0.8490431850 -0.9983751063 0.8709759571 -0.9270936997 -0.9496875381 0.9497182319 0.8232050938
-0.7867317318 -0.8864042099 -0.9103059842 0.9422900235 -0.9433258643 0.6261203647 -0.9883039441 0.8459644670 -0.9986454618 0.8690303749 -0.9255479434 -0.9486768880 0.9485125576 0.8188739095
-0.7824088588 -0.8837181711 -0.9084105199 0.9413848048 -0.9423367727 0.6260506656 -0.9876222820 0.8429616398 -0.9988949654 0.8671820465 -0.9240283715 -0.9476826287 0.9473134138 0.8145975956
-0.7781859879 -0.8810597514 -0.9065446137 0.9405084591 -0.9413709112 0.6262126536 -0.9869102827 0.8400326365 -0.9991223919 0.8654283959 -0.9225333771 -0.9467032031 0.9461194216 0.8103746104
-0.7740609019 -0.8784275049 -0.9047066520 0.9396592079 -0.9404265990 0.6266015909 -0.9861669958 0.8371753904 -0.9993265160 0.8637668469 -0.9210613529 -0.9457370542 0.9449292020 0.8062034122
-0.7700313836 -0.8758199859 -0.9028950209 0.9388352730 -0.9395021550 0.6272127395 -0.9853914708 0.8343878346 -0.9995061125 0.8621948234 -0.9196106921 -0.9447826249 0.9437413759 0.8020824593
-0.7660952155 -0.8732357487 -0.9011081069 0.9380348757 -0.9385958984 0.6280413616 -0.9845827574 0.8316679025 -0.9996599563 0.8607097494 -0.9181797874 -0.9438383583 0.9425545644 0.7980102100
-0.7622501805 -0.8706733477 -0.8993442962 0.9372562377 -0.9377061481 0.6290827192 -0.9837399051 0.8290135272 -0.9997868220 0.8593090486 -0.9167670319 -0.9429026972 0.9413673883 0.7939851227
-0.7584940611 -0.8681313369 -0.8976019752 0.9364975804 -0.9368312231 0.6303320745 -0.9828619636 0.8264226421 -0.9998854844 0.8579901451 -0.9153708184 -0.9419740847 0.9401784688 0.7900056555
-0.7548246402 -0.8656082708 -0.8958795302 0.9357571255 -0.9359694425 0.6317846895 -0.9819479825 0.8238931802 -0.9999547184 0.8567504628 -0.9139895399 -0.9410509637 0.9389864267 0.7860702670
-0.7512397003 -0.8631027037 -0.8941753474 0.9350330945 -0.9351191253 0.6334358265 -0.9809970112 0.8214230749 -0.9999932987 0.8555874254 -0.9126215894 -0.9401317771 0.9377898831 0.7821774153
-0.7477370243 -0.8606131897 -0.8924878133 0.9343237089 -0.9342785905 0.6352807474 -0.9800080996 0.8190102593 -1.0000000000 0.8544984569 -0.9112653597 -0.9392149680 0.9365874590 0.7783255588
-0.7443143948 -0.8581382831 -0.8908153140 0.9336271903 -0.9334461572 0.6373147143 -0.9789802970 0.8166526668 -0.9999735972 0.8534809813 -0.9099192437 -0.9382989792 0.9353777753 0.7745131558
-0.7409695944 -0.8556765383 -0.8891562360 0.9329417602 -0.9326201444 0.6395329895 -0.9779126532 0.8143482305 -0.9999128650 0.8525324224 -0.9085816345 -0.9373822538 0.9341594530 0.7707386646
-0.7377004060 -0.8532265095 -0.8875089655 0.9322656401 -0.9317988711 0.6419308349 -0.9768042177 0.8120948837 -0.9998165781 0.8516502041 -0.9072509249 -0.9364632347 0.9329311131 0.7670005436
-0.7345046122 -0.8507867510 -0.8858718888 0.9315970517 -0.9309806564 0.6445035127 -0.9756540401 0.8098905595 -0.9996835115 0.8508317503 -0.9059255079 -0.9355403648 0.9316913765 0.7632972509
-0.7313799957 -0.8483558171 -0.8842433922 0.9309342165 -0.9301638192 0.6472462849 -0.9744611700 0.8077331913 -0.9995124398 0.8500744849 -0.9046037765 -0.9346120871 0.9304388644 0.7596272450
-0.7283243392 -0.8459322620 -0.8826218622 0.9302753560 -0.9293466787 0.6501544138 -0.9732246571 0.8056207123 -0.9993021378 0.8493758319 -0.9032841234 -0.9336768447 0.9291721976 0.7559889842
-0.7253354254 -0.8435146400 -0.8810056849 0.9296186917 -0.9285275537 0.6532231613 -0.9719435508 0.8035510556 -0.9990513803 0.8487332150 -0.9019649418 -0.9327330803 0.9278899971 0.7523809268
-0.7224110370 -0.8411015054 -0.8793932466 0.9289624452 -0.9277047634 0.6564477897 -0.9706169009 0.8015221546 -0.9987589420 0.8481440583 -0.9006446244 -0.9317792371 0.9265908839 0.7488015310
-0.7195489568 -0.8386914125 -0.8777829338 0.9283048381 -0.9268766268 0.6598235609 -0.9692437568 0.7995319424 -0.9984235978 0.8476057855 -0.8993215643 -0.9308137579 0.9252734790 0.7452492552
-0.7167469673 -0.8362829156 -0.8761731326 0.9276440919 -0.9260414630 0.6633457371 -0.9678231683 0.7975783523 -0.9980441224 0.8471158207 -0.8979941543 -0.9298350857 0.9239364035 0.7417225578
-0.7140028514 -0.8338745688 -0.8745622295 0.9269784282 -0.9251975908 0.6670095804 -0.9663541848 0.7956593175 -0.9976192906 0.8466715876 -0.8966607874 -0.9288416635 0.9225782781 0.7382198969
-0.7113143916 -0.8314649265 -0.8729486107 0.9263060684 -0.9243433295 0.6708103529 -0.9648358561 0.7937727712 -0.9971478771 0.8462705103 -0.8953198566 -0.9278319343 0.9211977241 0.7347397311
-0.7086793708 -0.8290525430 -0.8713306625 0.9256252342 -0.9234769979 0.6747433167 -0.9632672316 0.7919166467 -0.9966286568 0.8459100126 -0.8939697547 -0.9268043409 0.9197933622 0.7312805184
