-0.9628174383 -0.7794983914 -0.8013335537 0.8829310464 -0.7912082194 -0.8986470166 -0.8671679664 0.8085618741 -0.7352017768 -0.8938902435 -0.9622298172 -0.8958069152 0.9597166796 0.9700494046
-0.9610119164 -0.7704664420 -0.7927985906 0.8782199390 -0.7824844515 -0.8949996145 -0.8618599893 0.8002886558 -0.7254719025 -0.8899602371 -0.9609766956 -0.8917702470 0.9616709051 0.9700436695
-0.9592288748 -0.7618206997 -0.7845710481 0.8737135581 -0.7741086999 -0.8915690604 -0.8567904041 0.7923062549 -0.7163183197 -0.8862472461 -0.9598033326 -0.8879290268 0.9636147308 0.9701424528
-0.9574651668 -0.7535530439 -0.7766441806 0.8694060658 -0.7660734918 -0.8883489876 -0.8519528924 0.7846081718 -0.7077294516 -0.8827449792 -0.9587053276 -0.8842774070 0.9655447106 0.9703405454
-0.9557176454 -0.7456553542 -0.7690112420 0.8652916242 -0.7583713543 -0.8853330293 -0.8473411360 0.7771879065 -0.6996937215 -0.8794471449 -0.9576782802 -0.8808095403 0.9674573981 0.9706327384
-0.9539831640 -0.7381195100 -0.7616654867 0.8613643953 -0.7509948145 -0.8825148186 -0.8429488165 0.7700389593 -0.6921995529 -0.8763474520 -0.9567177899 -0.8775195791 0.9693493470 0.9710138229
-0.9522585759 -0.7309373908 -0.7546001687 0.8576185413 -0.7439363996 -0.8798879890 -0.8387696156 0.7631548302 -0.6852353690 -0.8734396091 -0.9558194563 -0.8744016760 0.9712171111 0.9714785898
-0.9505407342 -0.7241008761 -0.7478085423 0.8540482241 -0.7371886367 -0.8774461735 -0.8347972150 0.7565290195 -0.6787895933 -0.8707173250 -0.9549788787 -0.8714499836 0.9730572439 0.9720218303
-0.9488264922 -0.7176018453 -0.7412838617 0.8506476058 -0.7307440529 -0.8751830054 -0.8310252962 0.7501550274 -0.6728506490 -0.8681743082 -0.9541916569 -0.8686586543 0.9748662993 0.9726383354
-0.9471127031 -0.7114321780 -0.7350193809 0.8474108484 -0.7245951753 -0.8730921179 -0.8274475411 0.7440263540 -0.6674069594 -0.8658042675 -0.9534533902 -0.8660218407 0.9766408310 0.9733228960
-0.9453962203 -0.7055837535 -0.7290083542 0.8443321142 -0.7187345310 -0.8711671443 -0.8240576312 0.7381364995 -0.6624469480 -0.8636009115 -0.9527596783 -0.8635336953 0.9783773925 0.9740703034
-0.9436738968 -0.7000484515 -0.7232440358 0.8414055650 -0.7131546472 -0.8694017178 -0.8208492483 0.7324789640 -0.6579590381 -0.8615579489 -0.9521061206 -0.8611883707 0.9800725376 0.9748753485
-0.9419425860 -0.6948181513 -0.7177196797 0.8386253629 -0.7078480509 -0.8677894716 -0.8178160740 0.7270472478 -0.6539316531 -0.8596690884 -0.9514883167 -0.8589800195 0.9817228201 0.9757328223
-0.9401991411 -0.6898847325 -0.7124285403 0.8359856701 -0.7028072694 -0.8663240389 -0.8149517900 0.7218348509 -0.6503532162 -0.8579280386 -0.9509018661 -0.8569027940 0.9833247935 0.9766375159
-0.9384404153 -0.6852400745 -0.7073638716 0.8334806486 -0.6980248297 -0.8649990531 -0.8122500779 0.7168352737 -0.6472121507 -0.8563285082 -0.9503423683 -0.8549508470 0.9848750117 0.9775842204
-0.9366632619 -0.6808760569 -0.7025189279 0.8311044604 -0.6934932589 -0.8638081472 -0.8097046194 0.7120420162 -0.6444968802 -0.8548642059 -0.9498054228 -0.8531183309 0.9863700283 0.9785677268
-0.9348645341 -0.6767845590 -0.6978869632 0.8288512675 -0.6892050842 -0.8627449546 -0.8073090962 0.7074485786 -0.6421958279 -0.8535288403 -0.9492866292 -0.8513993983 0.9878063970 0.9795828261
-0.9330410852 -0.6729574603 -0.6934612319 0.8267152322 -0.6851528327 -0.8618031085 -0.8050571900 0.7030484611 -0.6402974171 -0.8523161202 -0.9487815870 -0.8497882016 0.9891806715 0.9806243095
-0.9311897684 -0.6693866404 -0.6892349880 0.8246905163 -0.6813290315 -0.8609762420 -0.8029425824 0.6988351638 -0.6387900711 -0.8512197541 -0.9482858957 -0.8482788935 0.9904894055 0.9816869678
-0.9293074369 -0.6660639788 -0.6852014857 0.8227712821 -0.6777262077 -0.8602579885 -0.8009589551 0.6948021870 -0.6376622135 -0.8502334508 -0.9477951548 -0.8468656265 0.9917291527 0.9827655923
-0.9273909439 -0.6629813548 -0.6813539792 0.8209516914 -0.6743368884 -0.8596419812 -0.7990999898 0.6909430308 -0.6369022674 -0.8493509189 -0.9473049639 -0.8455425531 0.9928964668 0.9838549739
-0.9254371428 -0.6601306480 -0.6776857227 0.8192259065 -0.6711536008 -0.8591218532 -0.7973593681 0.6872511954 -0.6364986562 -0.8485658672 -0.9468109225 -0.8443038258 0.9939879014 0.9849499036
-0.9234428868 -0.6575037379 -0.6741899703 0.8175880893 -0.6681688720 -0.8586912379 -0.7957307718 0.6837201809 -0.6364398033 -0.8478720042 -0.9463086301 -0.8431435972 0.9950000104 0.9860451726
-0.9214050290 -0.6550925039 -0.6708599763 0.8160324020 -0.6653752292 -0.8583437684 -0.7942078824 0.6803434875 -0.6367141320 -0.8472630386 -0.9457936862 -0.8420560198 0.9959293474 0.9871355719
-0.9193204228 -0.6528888255 -0.6676889947 0.8145530065 -0.6627651993 -0.8580730780 -0.7927843817 0.6771146155 -0.6373100656 -0.8467326791 -0.9452616904 -0.8410352463 0.9967724661 0.9882158925
-0.9171859213 -0.6508845822 -0.6646702798 0.8131440649 -0.6603313096 -0.8578727999 -0.7914539513 0.6740270648 -0.6382160275 -0.8462746344 -0.9447082421 -0.8400754290 0.9975259201 0.9892809254
-0.9149983779 -0.6490716535 -0.6617970857 0.8117997393 -0.6580660871 -0.8577365674 -0.7902102729 0.6710743359 -0.6394204411 -0.8458826132 -0.9441289410 -0.8391707205 0.9981862632 0.9903254617
-0.9127546457 -0.6474419188 -0.6590626667 0.8105141918 -0.6559620591 -0.8576580136 -0.7890470282 0.6682499287 -0.6409117297 -0.8455503241 -0.9435193865 -0.8383152734 0.9987500492 0.9913442925
-0.9104515780 -0.6459872577 -0.6564602768 0.8092815844 -0.6540117525 -0.8576307718 -0.7879578988 0.6655473435 -0.6426783166 -0.8452714758 -0.9428751781 -0.8375032402 0.9992138316 0.9923322088
-0.9080860280 -0.6446995495 -0.6539831702 0.8080960792 -0.6522076946 -0.8576484752 -0.7869365664 0.6629600804 -0.6447086252 -0.8450397769 -0.9421919154 -0.8367287735 0.9995741642 0.9932840016
