-0.4976332396 -0.3949026843 -0.5573351644 0.4242719715 -0.5743959748 -0.5715461493 -0.5907722422 0.5232806960 -0.4594743314 -0.5119706194 -0.5045054912 -0.4695377398 0.6666580609 0.5529223886
-0.4895395043 -0.3900508165 -0.5493323775 0.4169204381 -0.5670688437 -0.5632529069 -0.5822516923 0.5146692791 -0.4518733289 -0.5030870394 -0.4955046842 -0.4610102016 0.6595602544 0.5445966657
-0.4812904877 -0.3850370115 -0.5411611663 0.4094224178 -0.5595639368 -0.5547908001 -0.5735602557 0.5059017303 -0.4441207006 -0.4940520130 -0.4863549860 -0.4523369347 0.6522635968 0.5361062137
-0.4728841842 -0.3798578071 -0.5328193514 0.4017756776 -0.5518786892 -0.5461577692 -0.5646959493 0.4969762570 -0.4362142676 -0.4848639125 -0.4770548452 -0.4435162177 0.6447652084 0.5274490292
-0.4643185884 -0.3745097409 -0.5243047532 0.3939779846 -0.5440105359 -0.5373517547 -0.5556567899 0.4878910666 -0.4281518510 -0.4755211101 -0.4676027105 -0.4345463291 0.6370622093 0.5186231091
-0.4555916948 -0.3689893508 -0.5156151923 0.3860271058 -0.5359569119 -0.5283706968 -0.5464407946 0.4786443668 -0.4199312719 -0.4660219778 -0.4579970307 -0.4254255474 0.6291517197 0.5096264502
-0.4467014979 -0.3632931744 -0.5067484891 0.3779208083 -0.5277152521 -0.5192125359 -0.5370459803 0.4692343649 -0.4115503513 -0.4563648881 -0.4482362543 -0.4161521511 0.6210308597 0.5004570492
-0.4376459922 -0.3574177495 -0.4977024641 0.3696568592 -0.5192829917 -0.5098752124 -0.5274703637 0.4596592684 -0.4030069104 -0.4465482130 -0.4383188300 -0.4067244187 0.6126967495 0.4911129029
-0.4284231723 -0.3513596138 -0.4884749378 0.3612330255 -0.5106575655 -0.5003566666 -0.5177119620 0.4499172849 -0.3942987701 -0.4365703248 -0.4282432065 -0.3971406286 0.6041465093 0.4815920080
-0.4190310327 -0.3451153051 -0.4790637307 0.3526470743 -0.5018364086 -0.4906548389 -0.5077687919 0.4400066218 -0.3854237515 -0.4264295957 -0.4180078325 -0.3873990593 0.5953772593 0.4718923614
-0.4094675678 -0.3386813610 -0.4694666632 0.3438967725 -0.4928169561 -0.4807676696 -0.4976388704 0.4299254866 -0.3763796759 -0.4161243978 -0.4076111567 -0.3774979895 0.5863861196 0.4620119597
-0.3997307723 -0.3320543193 -0.4596815559 0.3349798874 -0.4835966428 -0.4706930991 -0.4873202145 0.4196720867 -0.3671643641 -0.4056531034 -0.3970516276 -0.3674356974 0.5771702104 0.4519487998
-0.3898186407 -0.3252307177 -0.4497062293 0.3258941859 -0.4741729039 -0.4604290676 -0.4768108409 0.4092446298 -0.3577756373 -0.3950140847 -0.3863276941 -0.3572104617 0.5677266520 0.4417008784
-0.3797291674 -0.3182070940 -0.4395385037 0.3166374351 -0.4645431743 -0.4499735157 -0.4661087667 0.3986413232 -0.3482113166 -0.3842057138 -0.3754378046 -0.3468205608 0.5580525644 0.4312661922
-0.3694603470 -0.3109799859 -0.4291761998 0.3072074020 -0.4547048890 -0.4393243836 -0.4552120087 0.3878603744 -0.3384692230 -0.3732263630 -0.3643804081 -0.3362642732 0.5481450678 0.4206427381
-0.3590101740 -0.3035459312 -0.4186171379 0.2976018537 -0.4446554831 -0.4284796117 -0.4441185839 0.3768999909 -0.3285471777 -0.3620744046 -0.3531539530 -0.3255398774 0.5380012824 0.4098285129
-0.3483766429 -0.2959014675 -0.4078591386 0.2878185573 -0.4343923915 -0.4174371403 -0.4328265092 0.3657583803 -0.3184430016 -0.3507482106 -0.3417568880 -0.3146456520 0.5276183285 0.3988215132
-0.3375577483 -0.2880431325 -0.3969000224 0.2778552797 -0.4239130492 -0.4061949098 -0.4213338014 0.3544337499 -0.3081545159 -0.3392461533 -0.3301876619 -0.3035798753 0.5169933261 0.3876197358
-0.3265514847 -0.2799674641 -0.3857376097 0.2677097882 -0.4132148914 -0.3947508605 -0.4096384776 0.3429243073 -0.2976795417 -0.3275666048 -0.3184447233 -0.2923408259 0.5061233954 0.3762211776
-0.3153558466 -0.2716710000 -0.3743697211 0.2573798496 -0.4022953528 -0.3831029328 -0.3977385546 0.3312282600 -0.2870158999 -0.3157079375 -0.3065265209 -0.2809267822 0.4950056567 0.3646238352
-0.3039688285 -0.2631502778 -0.3627941769 0.2468632311 -0.3911518687 -0.3712490671 -0.3856320493 0.3193438154 -0.2761614118 -0.3036685235 -0.2944315033 -0.2693360229 0.4836372300 0.3528257055
-0.2923884249 -0.2544018353 -0.3510087978 0.2361576998 -0.3797818739 -0.3591872037 -0.3733169786 0.3072691810 -0.2651138983 -0.2914467350 -0.2821581192 -0.2575668262 0.4720152356 0.3408247852
-0.2806126304 -0.2454222103 -0.3390114041 0.2252610226 -0.3681828035 -0.3469152829 -0.3607913596 0.2950025643 -0.2538711806 -0.2790409442 -0.2697048173 -0.2456174709 0.4601367936 0.3286190711
-0.2686394395 -0.2362079404 -0.3267998164 0.2141709667 -0.3563520925 -0.3344312451 -0.3480532090 0.2825421729 -0.2424310797 -0.2664495233 -0.2570700463 -0.2334862353 0.4479990243 0.3162065599
-0.2564668467 -0.2267555635 -0.3143718551 0.2028852991 -0.3442871759 -0.3217330307 -0.3351005438 0.2698862141 -0.2307914166 -0.2536708445 -0.2442522548 -0.2211713979 0.4355990477 0.3035852485
-0.2440928465 -0.2170616172 -0.3017253408 0.1914017868 -0.3319854887 -0.3088185800 -0.3219313809 0.2570328955 -0.2189500126 -0.2407032801 -0.2312498914 -0.2086712372 0.4229339841 0.2907531335
-0.2315154335 -0.2071226393 -0.2888580939 0.1797181969 -0.3194444659 -0.2956858333 -0.3085437372 0.2439804245 -0.2069046886 -0.2275452021 -0.2180614049 -0.1959840317 0.4100009536 0.2777082117
-0.2187326021 -0.1969351674 -0.2757679350 0.1678322964 -0.3066615425 -0.2823327311 -0.2949356297 0.2307270086 -0.1946532657 -0.2141949829 -0.2046852440 -0.1831080600 0.3967970765 0.2644484800
-0.2057423470 -0.1864957394 -0.2624526844 0.1557418525 -0.2936341535 -0.2687572136 -0.2811050752 0.2172708554 -0.1821935649 -0.2006509945 -0.1911198573 -0.1700416004 0.3833194728 0.2509719350
-0.1925426626 -0.1758008929 -0.2489101626 0.1434446322 -0.2803597340 -0.2549572212 -0.2670500906 0.2036101722 -0.1695234075 -0.1869116094 -0.1773636934 -0.1567829316 0.3695652628 0.2372765736
