-0.9847748703 -0.9790222950 -0.8447536791 -0.9116952153 -0.8989299850 -0.8604781608 -0.8912087757 -0.9275860297 -0.9160752237 -0.9032073674 0.8713079508 -0.9743812756 -0.9036883630 -0.9217962273
-0.9845789604 -0.9794702382 -0.8401588802 -0.9092590368 -0.8961516064 -0.8565042368 -0.8882682003 -0.9256494887 -0.9138310491 -0.9005503702 0.8673818742 -0.9741207573 -0.9010809274 -0.9194110028
-0.9844071074 -0.9799372664 -0.8356956941 -0.9069069953 -0.8934713448 -0.8526588498 -0.8854373759 -0.9237849077 -0.9116715073 -0.8979872823 0.8635552694 -0.9739108644 -0.8985694759 -0.9170832552
-0.9842580397 -0.9804221026 -0.8313620104 -0.9046373235 -0.8908872948 -0.8489398511 -0.8827142668 -0.9219906140 -0.9095948002 -0.8955162373 0.8598263579 -0.9737499895 -0.8961521095 -0.9148115554
-0.9841304856 -0.9809234698 -0.8271557185 -0.9024482538 -0.8883975512 -0.8453450920 -0.8800968378 -0.9202649350 -0.9075991300 -0.8931353693 0.8561933608 -0.9736365255 -0.8938269288 -0.9125944743
-0.9840231736 -0.9814400910 -0.8230747081 -0.9003380187 -0.8860002085 -0.8418724239 -0.8775830532 -0.9186061979 -0.9056826986 -0.8908428121 0.8526544995 -0.9735688651 -0.8915920347 -0.9104305832
-0.9839348320 -0.9819706893 -0.8191168685 -0.8983048509 -0.8836933616 -0.8385196980 -0.8751708777 -0.9170127301 -0.9038437080 -0.8886366994 0.8492079953 -0.9735454013 -0.8894455281 -0.9083184529
-0.9838641892 -0.9825139876 -0.8152800893 -0.8963469829 -0.8814751050 -0.8352847656 -0.8728582758 -0.9154828589 -0.9020803603 -0.8865151653 0.8458520694 -0.9735645267 -0.8873855096 -0.9062566544
-0.9838099735 -0.9830687089 -0.8115622600 -0.8944626471 -0.8793435335 -0.8321654781 -0.8706432122 -0.9140149115 -0.9003908574 -0.8844763436 0.8425849432 -0.9736246342 -0.8854100801 -0.9042437589
-0.9837709134 -0.9836335763 -0.8079612701 -0.8926500762 -0.8772967416 -0.8291596868 -0.8685236512 -0.9126072155 -0.8987734014 -0.8825183681 0.8394048379 -0.9737241167 -0.8835173404 -0.9022783373
-0.9837457372 -0.9842073126 -0.8044750091 -0.8909075028 -0.8753328242 -0.8262652431 -0.8664975575 -0.9112580979 -0.8972261944 -0.8806393726 0.8363099749 -0.9738613668 -0.8817053912 -0.9003589606
-0.9837331733 -0.9847886410 -0.8011013666 -0.8892331592 -0.8734498759 -0.8234799982 -0.8645628957 -0.9099658862 -0.8957474382 -0.8788374912 0.8332985754 -0.9740347775 -0.8799723335 -0.8984841999
-0.9837319501 -0.9853762845 -0.7978382319 -0.8876252782 -0.8716459913 -0.8208018034 -0.8627176303 -0.9087289076 -0.8943353350 -0.8771108575 0.8303688607 -0.9742427415 -0.8783162679 -0.8966526262
-0.9837407959 -0.9859689660 -0.7946834947 -0.8860820922 -0.8699192651 -0.8182285101 -0.8609597258 -0.9075454895 -0.8929880868 -0.8754576056 0.8275190521 -0.9744836516 -0.8767352953 -0.8948628105
-0.9837584392 -0.9865654085 -0.7916350444 -0.8846018337 -0.8682677921 -0.8157579696 -0.8592871468 -0.9064139592 -0.8917038955 -0.8738758692 0.8247473709 -0.9747559006 -0.8752275165 -0.8931133238
-0.9837836082 -0.9871643350 -0.7886907705 -0.8831827354 -0.8666896668 -0.8133880332 -0.8576978579 -0.9053326441 -0.8904809633 -0.8723637822 0.8220520384 -0.9750578814 -0.8737910323 -0.8914027371
-0.9838150315 -0.9877644686 -0.7858485625 -0.8818230297 -0.8651829841 -0.8111165522 -0.8561898236 -0.9042998713 -0.8893174920 -0.8709194786 0.8194312759 -0.9753879867 -0.8724239435 -0.8897296215
-0.9838514372 -0.9883645323 -0.7831063100 -0.8805209493 -0.8637458384 -0.8089413779 -0.8547610085 -0.9033139683 -0.8882116838 -0.8695410920 0.8168833046 -0.9757446093 -0.8711243508 -0.8880925479
-0.9838915540 -0.9889632489 -0.7804619025 -0.8792747266 -0.8623763246 -0.8068603618 -0.8534093771 -0.9023732623 -0.8871617406 -0.8682267565 0.8144063459 -0.9761261421 -0.8698903551 -0.8864900875
-0.9839341100 -0.9895593417 -0.7779132294 -0.8780825942 -0.8610725373 -0.8048713550 -0.8521328939 -0.9014760807 -0.8861658645 -0.8669746059 0.8119986211 -0.9765309778 -0.8687200572 -0.8849208111
-0.9839778337 -0.9901515335 -0.7754581803 -0.8769427846 -0.8598325712 -0.8029722089 -0.8509295236 -0.9006207507 -0.8852222574 -0.8657827741 0.8096583515 -0.9769575093 -0.8676115578 -0.8833832899
-0.9840214535 -0.9907385473 -0.7730946446 -0.8758535304 -0.8586545209 -0.8011607748 -0.8497972307 -0.8998055998 -0.8843291215 -0.8646493948 0.8073837583 -0.9774041294 -0.8665629578 -0.8818760948
-0.9840636977 -0.9913191062 -0.7708205119 -0.8748130642 -0.8575364812 -0.7994349040 -0.8487339797 -0.8990289552 -0.8834846586 -0.8635726021 0.8051730628 -0.9778692309 -0.8655723580 -0.8803977970
-0.9841032947 -0.9918919331 -0.7686336716 -0.8738196184 -0.8564765467 -0.7977924479 -0.8477377352 -0.8982891442 -0.8826870709 -0.8625505296 0.8030244864 -0.9783512065 -0.8646378591 -0.8789469673
-0.9841389729 -0.9924557511 -0.7665320134 -0.8728714256 -0.8554728121 -0.7962312578 -0.8468064617 -0.8975844941 -0.8819345604 -0.8615813114 0.8009362502 -0.9788484491 -0.8637575621 -0.8775221768
-0.9841694607 -0.9930092831 -0.7645134266 -0.8719667184 -0.8545233720 -0.7947491850 -0.8459381238 -0.8969133323 -0.8812253290 -0.8606630813 0.7989065757 -0.9793593514 -0.8629295675 -0.8761219965
-0.9841934865 -0.9935512522 -0.7625758008 -0.8711037293 -0.8536263212 -0.7933440807 -0.8451306861 -0.8962739860 -0.8805575788 -0.8597939732 0.7969336841 -0.9798823064 -0.8621519764 -0.8747449975
-0.9842097785 -0.9940803814 -0.7607170255 -0.8702806908 -0.8527797544 -0.7920137964 -0.8443821131 -0.8956647826 -0.8799295118 -0.8589721208 0.7950157967 -0.9804157067 -0.8614228894 -0.8733897507
-0.9842170653 -0.9945953936 -0.7589349903 -0.8694958356 -0.8519817661 -0.7907561833 -0.8436903693 -0.8950840495 -0.8793393300 -0.8581956581 0.7931511348 -0.9809579453 -0.8607404074 -0.8720548272
-0.9842140751 -0.9950950119 -0.7572275845 -0.8687473960 -0.8512304511 -0.7895690928 -0.8430534194 -0.8945301138 -0.8787852355 -0.8574627189 0.7913379197 -0.9815074149 -0.8601026311 -0.8707387981
