-0.7503824957 -0.4862878458 -0.7662807251 -0.3979233114 0.1785271406 -0.3629918262 -0.7670806832 -0.4040277463 0.1813104507 -0.3319229815 0.2710609316 -0.4500754942 -0.2238904936 -0.1949706390
-0.7453244754 -0.4813979168 -0.7612980421 -0.3929993600 0.1836452602 -0.3581838278 -0.7621321802 -0.3991285550 0.1863374569 -0.3270340516 0.2660792226 -0.4449697524 -0.2188538936 -0.1904384876
-0.7402057577 -0.4764627652 -0.7562529953 -0.3880357553 0.1887669020 -0.3533374424 -0.7571214032 -0.3941891635 0.1913684762 -0.3221091914 0.2610659205 -0.4398225294 -0.2137889390 -0.1858760774
-0.7350260632 -0.4714821767 -0.7511452946 -0.3830323193 0.1938920103 -0.3484524929 -0.7520480511 -0.3892093893 0.1964034613 -0.3171482436 0.2560209002 -0.4346336469 -0.2086955279 -0.1812832651
-0.7297851123 -0.4664559373 -0.7459746499 -0.3779888743 0.1990205295 -0.3435288023 -0.7469118225 -0.3841890496 0.2014423651 -0.3121510513 0.2509440370 -0.4294029266 -0.2035735587 -0.1766599072
-0.7244826256 -0.4613838328 -0.7407407712 -0.3729052422 0.2041524040 -0.3385661938 -0.7417124163 -0.3791279617 0.2064851404 -0.3071174574 0.2458352057 -0.4241301901 -0.1984229294 -0.1720058603
-0.7191183235 -0.4562656492 -0.7354433684 -0.3677812453 0.2092875783 -0.3335644902 -0.7364495310 -0.3740259428 0.2115317400 -0.3020473048 0.2406942816 -0.4188152593 -0.1932435383 -0.1673209811
-0.7136919265 -0.4511011723 -0.7300821514 -0.3626167056 0.2144259967 -0.3285235146 -0.7311228654 -0.3688828104 0.2165821168 -0.2969404363 0.2355211396 -0.4134579556 -0.1880352837 -0.1626051260
-0.7082031551 -0.4458901881 -0.7246568301 -0.3574114453 0.2195676036 -0.3234430900 -0.7257321183 -0.3636983816 0.2216362236 -0.2917966950 0.2303156549 -0.4080581009 -0.1827980637 -0.1578581516
-0.7026517298 -0.4406324823 -0.7191671144 -0.3521652865 0.2247123434 -0.3183230395 -0.7202769884 -0.3584724738 0.2266940132 -0.2866159237 0.2250777024 -0.4026155169 -0.1775317766 -0.1530799146
-0.6970373712 -0.4353278410 -0.7136127144 -0.3468780514 0.2298601605 -0.3131631860 -0.7147571744 -0.3532049043 0.2317554384 -0.2813979653 0.2198071573 -0.3971300251 -0.1722363205 -0.1482702715
-0.6913597996 -0.4299760499 -0.7079933398 -0.3415495619 0.2350109993 -0.3079633526 -0.7091723751 -0.3478954903 0.2368204520 -0.2761426628 0.2145038946 -0.3916014473 -0.1669115938 -0.1434290790
-0.6856187355 -0.4245768950 -0.7023087007 -0.3361796404 0.2401648043 -0.3027233624 -0.7035222890 -0.3425440492 0.2418890069 -0.2708498591 0.2091677894 -0.3860296051 -0.1615574945 -0.1385561934
-0.6798138996 -0.4191301622 -0.6965585070 -0.3307681088 0.2453215197 -0.2974430382 -0.6978066151 -0.3371503983 0.2469610560 -0.2655193970 0.2037987168 -0.3804143203 -0.1561739210 -0.1336514716
-0.6739450121 -0.4136356374 -0.6907424686 -0.3253147894 0.2504810901 -0.2921222032 -0.6920250519 -0.3317143548 0.2520365519 -0.2601511195 0.1983965517 -0.3747554146 -0.1507607715 -0.1287147699
-0.6680117938 -0.4080931065 -0.6848602954 -0.3198195042 0.2556434598 -0.2867606804 -0.6861772983 -0.3262357360 0.2571154476 -0.2547448696 0.1929611694 -0.3690527096 -0.1453179441 -0.1237459451
-0.6620139649 -0.4025023552 -0.6789116974 -0.3142820754 0.2608085732 -0.2813582927 -0.6802630529 -0.3207143593 0.2621976958 -0.2493004901 0.1874924447 -0.3633060269 -0.1398453371 -0.1187448537
-0.6559512461 -0.3968631697 -0.6728963844 -0.3087023250 0.2659763748 -0.2759148633 -0.6742820145 -0.3151500419 0.2672832494 -0.2438178239 0.1819902529 -0.3575151884 -0.1343428487 -0.1137113522
-0.6498233578 -0.3911753356 -0.6668140664 -0.3030800753 0.2711468088 -0.2704302150 -0.6682338818 -0.3095426012 0.2723720613 -0.2382967139 0.1764544690 -0.3516800156 -0.1288103771 -0.1086452973
-0.6436300205 -0.3854386390 -0.6606644534 -0.2974151482 0.2763198198 -0.2649041710 -0.6621183535 -0.3038918543 0.2774640841 -0.2327370032 0.1708849680 -0.3458003303 -0.1232478205 -0.1035465455
-0.6373709547 -0.3796528657 -0.6544472552 -0.2917073661 0.2814953520 -0.2593365543 -0.6559351283 -0.2981976187 0.2825592709 -0.2271385345 0.1652816250 -0.3398759541 -0.1176550772 -0.0984149534
-0.6310458809 -0.3738178016 -0.6481621818 -0.2859565509 0.2866733500 -0.2537271878 -0.6496839051 -0.2924597116 0.2876575743 -0.2215011508 0.1596443150 -0.3339067088 -0.1120320453 -0.0932503777
-0.6246545196 -0.3679332326 -0.6418089431 -0.2801625248 0.2918537581 -0.2480758946 -0.6433643824 -0.2866779503 0.2927589472 -0.2158246950 0.1539729132 -0.3278924159 -0.1063786231 -0.0880526747
-0.6181965912 -0.3619989446 -0.6353872491 -0.2743251099 0.2970365207 -0.2423824978 -0.6369762590 -0.2808521521 0.2978633424 -0.2101090100 0.1482672946 -0.3218328973 -0.1006947088 -0.0828217013
-0.6116718163 -0.3560147235 -0.6288968096 -0.2684441283 0.3022215822 -0.2366468202 -0.6305192337 -0.2749821342 0.3029707127 -0.2043539388 0.1425273342 -0.3157279745 -0.0949802007 -0.0775573138
-0.6050799153 -0.3499803551 -0.6223373347 -0.2625194023 0.3074088870 -0.2308686851 -0.6239930051 -0.2690677141 0.3080810111 -0.1985593243 0.1367529072 -0.3095774693 -0.0892349968 -0.0722593690
-0.5984206088 -0.3438956254 -0.6157085341 -0.2565507538 0.3125983795 -0.2250479153 -0.6173972720 -0.2631087090 0.3131941902 -0.1927250093 0.1309438885 -0.3033812033 -0.0834589955 -0.0669277234
-0.5916936172 -0.3377603202 -0.6090101179 -0.2505380050 0.3177900041 -0.2191843339 -0.6107317332 -0.2571049361 0.3183102030 -0.1868508367 0.1251001533 -0.2971389983 -0.0776520950 -0.0615622335
-0.5848986610 -0.3315742255 -0.6022417960 -0.2444809781 0.3229837053 -0.2132777639 -0.6039960873 -0.2510562128 0.3234290022 -0.1809366496 0.1192215767 -0.2908506759 -0.0718141934 -0.0561627559
-0.5780354607 -0.3253371271 -0.5954032782 -0.2383794951 0.3281794273 -0.2073280283 -0.5971900330 -0.2449623564 0.3285505406 -0.1749822908 0.1133080336 -0.2845160577 -0.0659451890 -0.0507291473
