-0.7136731478 -0.9847903383 -0.9065818942 -0.8875737086 -0.8848785581 -0.8899181020 -0.9963311872 -0.8841041471 -0.8144091980 -0.8998175518 0.8098377440 -0.8800683439 -0.9808114518 -0.7941609917
-0.7129120337 -0.9860857638 -0.9073274428 -0.8874109869 -0.8851668819 -0.8900077005 -0.9968892111 -0.8839012434 -0.8144766421 -0.8995438860 0.8093758414 -0.8804130097 -0.9826576033 -0.7937451876
-0.7121995392 -0.9873409580 -0.9080753055 -0.8872409169 -0.8854573428 -0.8900937691 -0.9974099367 -0.8836915792 -0.8145693076 -0.8992560654 0.8089310157 -0.8807627256 -0.9844222362 -0.7933533787
-0.7115322038 -0.9885532412 -0.9088222393 -0.8870606978 -0.8857468489 -0.8901733667 -0.9978907924 -0.8834723579 -0.8146838221 -0.8989514293 0.8085001904 -0.8811143368 -0.9861033396 -0.7929823681
-0.7109065667 -0.9897199337 -0.9095650010 -0.8868675289 -0.8860323082 -0.8902435526 -0.9983292062 -0.8832407829 -0.8148168128 -0.8986273168 0.8080802892 -0.8814646885 -0.9876989024 -0.7926289588
-0.7103191673 -0.9908383556 -0.9103003474 -0.8866586095 -0.8863106288 -0.8903013857 -0.9987226065 -0.8829940574 -0.8149649073 -0.8982810671 0.8076682357 -0.8818106261 -0.9892069138 -0.7922899539
-0.7097665451 -0.9919058273 -0.9110250353 -0.8864311390 -0.8865787187 -0.8903439251 -0.9990684215 -0.8827293850 -0.8151247330 -0.8979100195 0.8072609536 -0.8821489948 -0.9906253626 -0.7919621565
-0.7092452393 -0.9929196691 -0.9117358217 -0.8861823165 -0.8868334860 -0.8903682299 -0.9993640794 -0.8824439689 -0.8152929173 -0.8975115131 0.8068553665 -0.8824766399 -0.9919522378 -0.7916423697
-0.7087517895 -0.9938772011 -0.9124294634 -0.8859093415 -0.8870718386 -0.8903713591 -0.9996070083 -0.8821350124 -0.8154660876 -0.8970828872 0.8064483981 -0.8827904066 -0.9931855285 -0.7913273965
-0.7082827348 -0.9947757436 -0.9131027173 -0.8856094131 -0.8872906846 -0.8903503719 -0.9997946367 -0.8817997191 -0.8156408713 -0.8966214809 0.8060369719 -0.8830871404 -0.9943232237 -0.7910140400
-0.7078346148 -0.9956126169 -0.9137523401 -0.8852797306 -0.8874869321 -0.8903023273 -0.9999243926 -0.8814352922 -0.8158138959 -0.8961246334 0.8056180117 -0.8833636864 -0.9953633123 -0.7906991033
-0.7074039688 -0.9963851413 -0.9143750887 -0.8849174934 -0.8876574891 -0.8902242843 -0.9999937043 -0.8810389351 -0.8159817889 -0.8955896841 0.8051884411 -0.8836168899 -0.9963037834 -0.7903793895
-0.7069873361 -0.9970906369 -0.9149677201 -0.8845199007 -0.8877992636 -0.8901133020 -1.0000000000 -0.8806078512 -0.8161411776 -0.8950139720 0.8047451838 -0.8838435962 -0.9971426259 -0.7900517017
-0.7065812561 -0.9977264241 -0.9155269910 -0.8840841519 -0.8879091637 -0.8899664396 -0.9999407080 -0.8801392438 -0.8162886894 -0.8943948363 0.8042851633 -0.8840406506 -0.9978778289 -0.7897128429
-0.7061822682 -0.9982898232 -0.9160496582 -0.8836074461 -0.8879840973 -0.8897807560 -0.9998132564 -0.8796303162 -0.8164209518 -0.8937296164 0.8038053033 -0.8842048983 -0.9985073813 -0.7893596162
-0.7057869118 -0.9987781543 -0.9165324788 -0.8830869828 -0.8880209725 -0.8895533103 -0.9996150736 -0.8790782720 -0.8165345923 -0.8930156512 0.8033025275 -0.8843331847 -0.9990292722 -0.7889888247
-0.7053917262 -0.9991887377 -0.9169722094 -0.8825199611 -0.8880166975 -0.8892811616 -0.9993435877 -0.8784803143 -0.8166262382 -0.8922502802 0.8027737594 -0.8844223550 -0.9994414905 -0.7885972715
-0.7049932508 -0.9995188938 -0.9173656070 -0.8819035804 -0.8879681801 -0.8889613690 -0.9989962270 -0.8778336467 -0.8166925170 -0.8914308425 0.8022159229 -0.8844692545 -0.9997420252 -0.7881817596
-0.7045880250 -0.9997659427 -0.9177094283 -0.8812350400 -0.8878723284 -0.8885909915 -0.9985704196 -0.8771354724 -0.8167300561 -0.8905546772 0.8016259414 -0.8844707285 -0.9999288654 -0.7877390921
-0.7041725882 -0.9999272047 -0.9180004304 -0.8805115391 -0.8877260505 -0.8881670882 -0.9980635939 -0.8763829948 -0.8167354830 -0.8896191236 0.8010007387 -0.8844236222 -1.0000000000 -0.7872660722
-0.7037434796 -1.0000000000 -0.9182353699 -0.8797302770 -0.8875262544 -0.8876867182 -0.9974731780 -0.8755734173 -0.8167054250 -0.8886215209 0.8003372383 -0.8843247810 -0.9999534180 -0.7867595028
-0.7032972388 -0.9999816490 -0.9184110038 -0.8788884531 -0.8872698481 -0.8871469405 -0.9967966002 -0.8747039432 -0.8166365096 -0.8875592083 0.7996323640 -0.8841710501 -0.9997871085 -0.7862161870
-0.7028304050 -0.9998694718 -0.9185240889 -0.8779832666 -0.8869537397 -0.8865448142 -0.9960312886 -0.8737717759 -0.8165253642 -0.8864295250 0.7988830393 -0.8839592747 -0.9994990604 -0.7856329280
-0.7023395177 -0.9996607888 -0.9185713820 -0.8770119167 -0.8865748372 -0.8858773984 -0.9951746716 -0.8727741188 -0.8163686163 -0.8852298102 0.7980861880 -0.8836863003 -0.9990872627 -0.7850065289
-0.7018211162 -0.9993529201 -0.9185496401 -0.8759716029 -0.8861300487 -0.8851417521 -0.9942241773 -0.8717081753 -0.8161628933 -0.8839574031 0.7972387336 -0.8833489720 -0.9985497044 -0.7843337926
-0.7012717398 -0.9989431862 -0.9184556199 -0.8748595243 -0.8856162821 -0.8843349345 -0.9931772341 -0.8705711486 -0.8159048225 -0.8826096429 0.7963375998 -0.8829441351 -0.9978843746 -0.7836115222
-0.7006879280 -0.9984289071 -0.9182860784 -0.8736728803 -0.8850304455 -0.8834540044 -0.9920312700 -0.8693602422 -0.8155910315 -0.8811838688 0.7953797102 -0.8824686350 -0.9970892621 -0.7828365209
-0.7000662202 -0.9978074032 -0.9180377723 -0.8724088702 -0.8843694470 -0.8824960212 -0.9907837133 -0.8680726594 -0.8152181477 -0.8796774200 0.7943619886 -0.8819193168 -0.9961623561 -0.7820055918
-0.6994031556 -0.9970759947 -0.9177074585 -0.8710646932 -0.8836301945 -0.8814580437 -0.9894319923 -0.8667056036 -0.8147827984 -0.8780876358 0.7932813584 -0.8812930259 -0.9951016455 -0.7811155378
-0.6986952737 -0.9962320018 -0.9172918939 -0.8696375486 -0.8828095962 -0.8803371311 -0.9879735351 -0.8652562782 -0.8142816112 -0.8764118552 0.7921347435 -0.8805866076 -0.9939051193 -0.7801631621
