-0.8819182970 -0.9607771674 -0.8760486943 -0.8893076878 -0.8602807793 -0.9178002027 -0.9367526123 -0.9022969715 -0.9024264984 -0.9121636228 0.8631729299 -0.8517397609 -0.9794694288 -0.9192017387
-0.8805148593 -0.9614059505 -0.8748964591 -0.8882710819 -0.8588651491 -0.9170722821 -0.9362416554 -0.9013780380 -0.9016084360 -0.9114673975 0.8614380606 -0.8500937209 -0.9801110445 -0.9186354336
-0.8791475022 -0.9620508939 -0.8737937533 -0.8872775819 -0.8575022725 -0.9163757753 -0.9357547430 -0.9004960716 -0.9008307761 -0.9108081522 0.8597424632 -0.8484991039 -0.9807534147 -0.9181051028
-0.8778153864 -0.9627111904 -0.8727395708 -0.8863262392 -0.8561911335 -0.9157098292 -0.9352910801 -0.8996501781 -0.9000925782 -0.9101849716 0.8580852951 -0.8469549296 -0.9813958953 -0.9176098292
-0.8765176722 -0.9633860326 -0.8717329050 -0.8854161047 -0.8549307160 -0.9150735904 -0.9348498717 -0.8988394628 -0.8993929018 -0.9095969401 0.8564657140 -0.8454602179 -0.9820378426 -0.9171486959
-0.8752535201 -0.9640746133 -0.8707727494 -0.8845462298 -0.8537200041 -0.9144662058 -0.9344303227 -0.8980630315 -0.8987308063 -0.9090431422 0.8548828775 -0.8440139885 -0.9826786125 -0.9167207858
-0.8740220907 -0.9647761253 -0.8698580978 -0.8837156656 -0.8525579816 -0.9138868221 -0.9340316380 -0.8973199895 -0.8981053513 -0.9085226623 0.8533359431 -0.8426152612 -0.9833175612 -0.9163251820
-0.8728225444 -0.9654897612 -0.8689879436 -0.8829234632 -0.8514436325 -0.9133345862 -0.9336530225 -0.8966094425 -0.8975155961 -0.9080345851 0.8518240685 -0.8412630557 -0.9839540448 -0.9159609675
-0.8716540416 -0.9662147138 -0.8681612805 -0.8821686739 -0.8503759409 -0.9128086449 -0.9332936814 -0.8959304960 -0.8969606003 -0.9075779949 0.8503464112 -0.8399563919 -0.9845874194 -0.9156272253
-0.8705157430 -0.9669501758 -0.8673771020 -0.8814503488 -0.8493538905 -0.9123081448 -0.9329528193 -0.8952822555 -0.8964394232 -0.9071519763 0.8489021289 -0.8386942893 -0.9852170411 -0.9153230385
-0.8694068088 -0.9676953400 -0.8666344017 -0.8807675392 -0.8483764654 -0.9118322329 -0.9326296415 -0.8946638267 -0.8959511245 -0.9067556137 0.8474903791 -0.8374757680 -0.9858422660 -0.9150474900
-0.8683263997 -0.9684493990 -0.8659321732 -0.8801192961 -0.8474426495 -0.9113800559 -0.9323233527 -0.8940743149 -0.8954947635 -0.9063879918 0.8461103194 -0.8362998475 -0.9864624501 -0.9147996629
-0.8672736761 -0.9692115457 -0.8652694101 -0.8795046707 -0.8465514269 -0.9109507606 -0.9320331579 -0.8935128259 -0.8950693997 -0.9060481949 0.8447611075 -0.8351655477 -0.9870769496 -0.9145786402
-0.8662477985 -0.9699809726 -0.8646451060 -0.8789227143 -0.8457017813 -0.9105434938 -0.9317582620 -0.8929784650 -0.8946740926 -0.9057353076 0.8434419009 -0.8340718884 -0.9876851206 -0.9143835049
-0.8652479274 -0.9707568727 -0.8640582543 -0.8783724780 -0.8448926969 -0.9101574022 -0.9314978702 -0.8924703379 -0.8943079016 -0.9054484144 0.8421518572 -0.8330178892 -0.9882863191 -0.9142133401
-0.8642732232 -0.9715384385 -0.8635078488 -0.8778530130 -0.8441231575 -0.9097916327 -0.9312511871 -0.8919875502 -0.8939698862 -0.9051865997 0.8408901340 -0.8320025700 -0.9888799013 -0.9140672287
-0.8633228464 -0.9723248628 -0.8629928830 -0.8773633704 -0.8433921471 -0.9094453321 -0.9310174179 -0.8915292072 -0.8936591059 -0.9049489481 0.8396558888 -0.8310249505 -0.9894652233 -0.9139442538
-0.8623959576 -0.9731153384 -0.8625123504 -0.8769026015 -0.8426986497 -0.9091176471 -0.9307957675 -0.8910944147 -0.8933746202 -0.9047345440 0.8384482794 -0.8300840506 -0.9900416412 -0.9138434983
-0.8614917171 -0.9739090580 -0.8620652448 -0.8764697573 -0.8420416491 -0.9088077246 -0.9305854407 -0.8906822781 -0.8931154884 -0.9045424721 0.8372664632 -0.8291788899 -0.9906085110 -0.9137640454
-0.8606092855 -0.9747052143 -0.8616505595 -0.8760638892 -0.8414201295 -0.9085147112 -0.9303856426 -0.8902919030 -0.8928807701 -0.9043718166 0.8361095980 -0.8283084882 -0.9911651889 -0.9137049780
-0.8597478232 -0.9755030000 -0.8612672883 -0.8756840482 -0.8408330746 -0.9082377539 -0.9301955782 -0.8899223950 -0.8926695248 -0.9042216622 0.8349768411 -0.8274718654 -0.9917110309 -0.9136653792
-0.8589064908 -0.9763016078 -0.8609144247 -0.8753292856 -0.8402794685 -0.9079759994 -0.9300144523 -0.8895728595 -0.8924808118 -0.9040910934 0.8338673504 -0.8266680411 -0.9922453932 -0.9136443319
-0.8580844487 -0.9771002306 -0.8605909622 -0.8749986524 -0.8397582952 -0.9077285945 -0.9298414698 -0.8892424021 -0.8923136908 -0.9039791946 0.8327802832 -0.8258960351 -0.9927676318 -0.9136409192
-0.8572808574 -0.9778980610 -0.8602958945 -0.8746912000 -0.8392685385 -0.9074946859 -0.9296758359 -0.8889301284 -0.8921672210 -0.9038850504 0.8317147974 -0.8251548672 -0.9932771029 -0.9136542241
-0.8564948774 -0.9786942917 -0.8600282152 -0.8744059794 -0.8388091824 -0.9072734205 -0.9295167553 -0.8886351439 -0.8920404621 -0.9038077452 0.8306700503 -0.8244435572 -0.9937731626 -0.9136833296
-0.8557256691 -0.9794881155 -0.8597869178 -0.8741420419 -0.8383792109 -0.9070639451 -0.9293634331 -0.8883565542 -0.8919324734 -0.9037463636 0.8296451997 -0.8237611248 -0.9942551669 -0.9137273188
-0.8549723931 -0.9802787251 -0.8595709958 -0.8738984386 -0.8379776080 -0.9068654065 -0.9292150742 -0.8880934648 -0.8918423145 -0.9036999900 0.8286394031 -0.8231065898 -0.9947224720 -0.9137852746
-0.8542342097 -0.9810653133 -0.8593794430 -0.8736742207 -0.8376033575 -0.9066769513 -0.9290708835 -0.8878449812 -0.8917690448 -0.9036677089 0.8276518181 -0.8224789720 -0.9951744338 -0.9138562801
-0.8535102796 -0.9818470727 -0.8592112528 -0.8734684393 -0.8372554435 -0.9064977265 -0.9289300660 -0.8876102089 -0.8917117237 -0.9036486049 0.8266816024 -0.8218772911 -0.9956104087 -0.9139394183
-0.8527997631 -0.9826231961 -0.8590654189 -0.8732801457 -0.8369328499 -0.9063268788 -0.9287918267 -0.8873882537 -0.8916694108 -0.9036417624 0.8257279134 -0.8213005669 -0.9960297526 -0.9140337722
