-0.4294095712 -0.4477419394 -0.2364200686 0.4028023595 -0.5433559590 -0.4747517142 -0.3399525900 0.3352637754 -0.5172386321 -0.4720782478 -0.4486490152 -0.4383684470 0.5035395703 0.3048718428
-0.4142748227 -0.4325492442 -0.2236152124 0.3880801262 -0.5304871810 -0.4598757053 -0.3248098549 0.3209286483 -0.5033613733 -0.4569091070 -0.4345509022 -0.4243918113 0.4873830717 0.2912523255
-0.3988048380 -0.4170131594 -0.2105213691 0.3730269319 -0.5171720454 -0.4446350402 -0.3093783623 0.3062886023 -0.4890744839 -0.4413834403 -0.4200837373 -0.4100486483 0.4708764906 0.2773271469
-0.3829958369 -0.4011297890 -0.1971346124 0.3576389036 -0.5034039681 -0.4290253333 -0.2936551275 0.2913400532 -0.4743724106 -0.4254971182 -0.4052427480 -0.3953341794 0.4540162035 0.2630924233
-0.3668440394 -0.3848952371 -0.1834510161 0.3419121687 -0.4891763651 -0.4130421989 -0.2776371662 0.2760794172 -0.4592496003 -0.4092460113 -0.3900231616 -0.3802436264 0.4367985871 0.2485442708
-0.3503456652 -0.3683056078 -0.1694666537 0.3258428543 -0.4744826524 -0.3966812514 -0.2613214939 0.2605031101 -0.4437004998 -0.3926259903 -0.3744202053 -0.3647722108 0.4192200179 0.2336788056
-0.3334969341 -0.3513570050 -0.1551775989 0.3094270877 -0.4593162460 -0.3799381052 -0.2447051261 0.2446075479 -0.4277195559 -0.3756329258 -0.3584291066 -0.3489151544 0.4012768726 0.2184921440
-0.3162940661 -0.3340455329 -0.1405799255 0.2926609961 -0.4436705617 -0.3628083747 -0.2277850785 0.2283891466 -0.4113012154 -0.3582626883 -0.3420450928 -0.3326676788 0.3829655278 0.2029804022
-0.2987332809 -0.3163672955 -0.1256697070 0.2755407068 -0.4275390156 -0.3452876743 -0.2105583665 0.2118443221 -0.3944399252 -0.3405111486 -0.3252633911 -0.3160250055 0.3642823602 0.1871396963
-0.2808107983 -0.2983183969 -0.1104430172 0.2580623468 -0.4109150236 -0.3273716183 -0.1930220057 0.1949694904 -0.3771301320 -0.3223741771 -0.3080792290 -0.2989823563 0.3452237462 0.1709661426
-0.2625228382 -0.2798949410 -0.0948959298 0.2402220436 -0.3937920018 -0.3090558212 -0.1751730116 0.1777610676 -0.3593662827 -0.3038476446 -0.2904878338 -0.2815349528 0.3257860626 0.1544558572
-0.2438656205 -0.2610930321 -0.0790245183 0.2220159242 -0.3761633660 -0.2903358972 -0.1570083999 0.1602154694 -0.3411428240 -0.2849274217 -0.2724844328 -0.2636780166 0.3059656860 0.1376049564
-0.2248353649 -0.2419087741 -0.0628248565 0.2034401160 -0.3580225323 -0.2712074609 -0.1385251860 0.1423291120 -0.3224542028 -0.2656093789 -0.2540642533 -0.2454067694 0.2857589929 0.1204095564
-0.2054282913 -0.2223382710 -0.0462930180 0.1844907461 -0.3393629166 -0.2516661265 -0.1197203855 0.1240984113 -0.3032948658 -0.2458893869 -0.2352225227 -0.2267164329 0.2651623600 0.1028657734
-0.1856406195 -0.2023776270 -0.0294250766 0.1651639418 -0.3201779348 -0.2317075084 -0.1005910140 0.1055197832 -0.2836592600 -0.2257633163 -0.2159544683 -0.2076022285 0.2441721639 0.0849697235
-0.1654685693 -0.1820229461 -0.0122171059 0.1454558303 -0.3004610030 -0.2113272211 -0.0811340869 0.0865896436 -0.2635418321 -0.2052270377 -0.1962553175 -0.1880593781 0.2227847812 0.0667175230
-0.1449083607 -0.1612703324 0.0053348205 0.1253625388 -0.2802055371 -0.1905208788 -0.0613466199 0.0673044087 -0.2429370289 -0.1842764217 -0.1761202975 -0.1680831032 0.2009965885 0.0481052880
-0.1239562134 -0.1401158898 0.0232346289 0.1048801945 -0.2594049531 -0.1692840961 -0.0412256285 0.0476604943 -0.2218392972 -0.1629073389 -0.1555446357 -0.1476686255 0.1788039624 0.0291291349
-0.1026083472 -0.1185557225 0.0414862455 0.0840049248 -0.2380526670 -0.1476124872 -0.0207681282 0.0276543164 -0.2002430839 -0.1411156600 -0.1345235596 -0.1268111666 0.1562032797 0.0097851798
-0.0808609820 -0.0965859345 0.0600935968 0.0627328567 -0.2161420947 -0.1255016666 0.0000288653 0.0072822909 -0.1781428357 -0.1188972556 -0.1130522962 -0.1055059482 0.1331909167 -0.0099304612
-0.0587103377 -0.0742026299 0.0790606090 0.0410601175 -0.1936666521 -0.1029472485 0.0211683366 -0.0134591661 -0.1555329996 -0.0962479963 -0.0911260732 -0.0837481919 0.1097632503 -0.0300216718
-0.0361526339 -0.0514019127 0.0983912085 0.0189828345 -0.1706197553 -0.0799448475 0.0426532702 -0.0345736387 -0.1324080221 -0.0731637526 -0.0687401176 -0.0615331193 0.0859166570 -0.0504923358
-0.0131840907 -0.0281798870 0.1180893216 -0.0035028652 -0.1469948203 -0.0564900779 0.0644866503 -0.0560647109 -0.1087623503 -0.0496403953 -0.0458896570 -0.0388559521 0.0616475133 -0.0713463370
0.0101990722 -0.0045326568 0.1381588746 -0.0264008542 -0.1227852629 -0.0325785540 0.0866714616 -0.0779359669 -0.0845904309 -0.0256737949 -0.0225699186 -0.0157119120 0.0369521960 -0.0925875591
0.0340006350 0.0195436738 0.1586037939 -0.0497150055 -0.0979844992 -0.0082058903 0.1092106885 -0.1001909905 -0.0598867107 -0.0012598220 0.0012238702 0.0079037795 0.0118270816 -0.1142198861
0.0582243778 0.0440530007 0.1794280057 -0.0734491917 -0.0725859451 0.0166322990 0.1321073153 -0.1228333659 -0.0346456365 0.0236056527 0.0254964822 0.0319959007 -0.0137314532 -0.1362472017
0.0828740807 0.0689992200 0.2006354365 -0.0976072856 -0.0465830166 0.0419403993 0.1553643266 -0.1458666771 -0.0088616552 0.0489267586 0.0502526899 0.0565692299 -0.0397270318 -0.1586733897
0.1079535241 0.0943862275 0.2222300125 -0.1221931601 -0.0199691297 0.0677227963 0.1789847069 -0.1692945080 0.0174707865 0.0747076252 0.0754972660 0.0816285455 -0.0661632777 -0.1815023338
0.1334664879 0.1202179192 0.2442156601 -0.1472106878 0.0072622997 0.0939838757 0.2029714405 -0.1931204429 0.0443572417 0.1009523817 0.1012349832 0.1071786259 -0.0930438142 -0.2047379180
0.1594167524 0.1464981910 0.2665963056 -0.1726637416 0.0351178556 0.1207280230 0.2273275118 -0.2173480656 0.0718032636 0.1276651576 0.1274706142 0.1332242494 -0.1203722647 -0.2283840259
