0.1204868601 -0.0338892407 -0.0009507557 -0.0540251670 -0.0143765618 0.1450062279 0.0227412571 0.0317956471 -0.0549549222 0.8994877751 0.0621137863 -0.0121856495 0.0650529681 -0.0017666167
0.1376017775 -0.0172333639 0.0160878997 -0.0698523826 0.0026735091 0.1595434394 0.0393422057 0.0149076706 -0.0370204934 0.8863489969 0.0786021522 0.0056386511 0.0475644218 -0.0192744913
0.1548319307 -0.0003215081 0.0333421065 -0.0858914615 0.0199498375 0.1742617675 0.0561542079 -0.0022265527 -0.0188567463 0.8723410794 0.0952729017 0.0236613883 0.0298228374 -0.0369796409
0.1721769856 0.0168485083 0.0508133316 -0.1021440955 0.0374540534 0.1891627283 0.0731787628 -0.0196089996 -0.0004622095 0.8574536125 0.1121271166 0.0418835234 0.0118262727 -0.0548831279
0.1896366078 0.0342788667 0.0685030418 -0.1186119762 0.0551877867 0.2042478380 0.0904173696 -0.0372416472 0.0181645886 0.8416761861 0.1291658786 0.0603060175 -0.0064272148 -0.0729860148
0.2072104634 0.0519717486 0.0864127042 -0.1352967954 0.0731526673 0.2195186126 0.1078715274 -0.0551264723 0.0370251195 0.8249983900 0.1463902695 0.0789298320 -0.0249395671 -0.0912893641
0.2248982182 0.0699293356 0.1045437856 -0.1522002448 0.0913503251 0.2349765684 0.1255427354 -0.0732654518 0.0561208546 0.8074098139 0.1638013710 0.0977559280 -0.0437127266 -0.1097942384
0.2426995380 0.0881538092 0.1228977528 -0.1693240162 0.1097823900 0.2506232214 0.1434324927 -0.0916605626 0.0754532655 0.7889000477 0.1814002648 0.1167852668 -0.0627486355 -0.1285017001
0.2606140886 0.1066473508 0.1414760729 -0.1866698011 0.1284504919 0.2664600878 0.1615422986 -0.1103137817 0.0950238237 0.7694586813 0.1991880328 0.1360188096 -0.0820492361 -0.1474128118
0.2786415360 0.1254121420 0.1602802127 -0.2042392914 0.1473562607 0.2824886836 0.1798736521 -0.1292270860 0.1148340006 0.7490753044 0.2171657566 0.1554575176 -0.1016164707 -0.1665286358
0.2967815460 0.1444503643 0.1793116391 -0.2220341788 0.1665013264 0.2987105251 0.1984280524 -0.1484024523 0.1348852678 0.7277395068 0.2353345180 0.1751023521 -0.1214522814 -0.1858502348
0.3150337844 0.1637641991 0.1985718190 -0.2400561549 0.1858873188 0.3151271283 0.2172069987 -0.1678418576 0.1551790967 0.7054408785 0.2536953987 0.1949542743 -0.1415586106 -0.2053786712
0.3333979171 0.1833558281 0.2180622194 -0.2583069115 0.2055158678 0.3317400094 0.2362119902 -0.1875472789 0.1757169588 0.6821690091 0.2722494805 0.2150142454 -0.1619374005 -0.2251150075
0.3518736099 0.2032274325 0.2377843071 -0.2767881403 0.2253886034 0.3485506844 0.2554445259 -0.2075206930 0.1965003257 0.6579134886 0.2909978452 0.2352832267 -0.1825905933 -0.2450603062
0.3704605287 0.2233811941 0.2577395491 -0.2955015330 0.2455071555 0.3655606695 0.2749061050 -0.2277640767 0.2175306688 0.6326639068 0.3099415744 0.2557621794 -0.2035201314 -0.2652156298
0.3891583394 0.2438192943 0.2779294122 -0.3144487814 0.2658731539 0.3827714809 0.2945982268 -0.2482794072 0.2388094596 0.6064098534 0.3290817499 0.2764520647 -0.2247279570 -0.2855820408
0.4079667078 0.2645439146 0.2983553634 -0.3336315770 0.2864882285 0.4001846346 0.3145223903 -0.2690686612 0.2603381697 0.5791409183 0.3484194535 0.2973538438 -0.2462160123 -0.3061606017
0.4268852997 0.2855572364 0.3190188696 -0.3530516118 0.3073540094 0.4178016469 0.3346800947 -0.2901338157 0.2821182705 0.5508466914 0.3679557668 0.3184684781 -0.2679862396 -0.3269523750
0.4459137810 0.3068614414 0.3399213976 -0.3727105773 0.3284721263 0.4356240337 0.3550728391 -0.3114768475 0.3041512335 0.5215167623 0.3876917717 0.3397969286 -0.2900405812 -0.3479584232
0.4650518176 0.3284587109 0.3610644144 -0.3926101653 0.3498442092 0.4536533112 0.3757021228 -0.3330997337 0.3264385302 0.4911407211 0.4076285499 0.3613401567 -0.3123809792 -0.3691798088
0.4842990754 0.3503512266 0.3824493869 -0.4127520674 0.3714718880 0.4718909957 0.3965694449 -0.3550044511 0.3489816321 0.4597081574 0.4277671832 0.3830991236 -0.3350093761 -0.3906175943
0.5036552200 0.3725411698 0.4040777820 -0.4331379755 0.3933567926 0.4903386031 0.4176763045 -0.3771929765 0.3717820107 0.4272086612 0.4481087532 0.4050747905 -0.3579277139 -0.4122728422
0.5231199175 0.3950307222 0.4259510666 -0.4537695813 0.4155005529 0.5089976496 0.4390242008 -0.3996672871 0.3948411376 0.3936318221 0.4686543417 0.4272681187 -0.3811379351 -0.4341466150
0.5426928337 0.4178220652 0.4480707076 -0.4746485763 0.4379047988 0.5278696513 0.4606146329 -0.4224293596 0.4181604841 0.3589672301 0.4894050305 0.4496800693 -0.4046419818 -0.4562399751
0.5623736344 0.4409173803 0.4704381720 -0.4957766524 0.4605711603 0.5469561244 0.4824491001 -0.4454811709 0.4417415218 0.3232044750 0.5103619013 0.4723116036 -0.4284417963 -0.4785539852
0.5821619854 0.4643188491 0.4930549265 -0.5171555013 0.4835012671 0.5662585850 0.5045291013 -0.4688246980 0.4655857222 0.2863331466 0.5315260358 0.4951636828 -0.4525393208 -0.5010897076
0.6020575528 0.4880286529 0.5159224382 -0.5387868147 0.5066967493 0.5857785492 0.5268561359 -0.4924619179 0.4896945568 0.2483428347 0.5528985159 0.5182372682 -0.4769364977 -0.5238482048
0.6220600021 0.5120489734 0.5390421739 -0.5606722842 0.5301592368 0.6055175331 0.5494317030 -0.5163948073 0.5140694971 0.2092231291 0.5744804231 0.5415333211 -0.5016352691 -0.5468305395
0.6421689995 0.5363819921 0.5624156005 -0.5828136017 0.5538903593 0.6254770528 0.5722573017 -0.5406253432 0.5387120146 0.1689636197 0.5962728394 0.5650528025 -0.5266375774 -0.5700377740
0.6623842106 0.5610298903 0.5860441850 -0.6052124588 0.5778917470 0.6456586246 0.5953344312 -0.5651555026 0.5636235807 0.1275538963 0.6182768464 0.5887966738 -0.5519453647 -0.5934709709
