-0.5307206704 -0.5270864686 -0.8309149343 0.5749290507 -0.9900289817 -0.7338108324 -0.6491651867 0.6810472313 -0.4652998456 -0.7379530126 -0.6215232657 -0.8820755132 0.7907093683 0.6388799382
-0.5261015521 -0.5207528695 -0.8223272114 0.5649439511 -0.9872541050 -0.7267117307 -0.6411735863 0.6697454915 -0.4679521069 -0.7308981696 -0.6132480552 -0.8767416910 0.7820147918 0.6271374598
-0.5212612108 -0.5142110337 -0.8134668389 0.5547636024 -0.9841125402 -0.7193551988 -0.6329531583 0.6582208816 -0.4703494039 -0.7235844927 -0.6047533025 -0.8710989220 0.7730589594 0.6151873186
-0.5161935233 -0.5074560907 -0.8043298657 0.5443856709 -0.9805961812 -0.7117364336 -0.6244999470 0.6464721176 -0.4724804911 -0.7160071368 -0.5960353230 -0.8651407715 0.7638380914 0.6030286115
-0.5108923662 -0.5004831700 -0.7949123407 0.5338078230 -0.9766969212 -0.7038506318 -0.6158099968 0.6344979153 -0.4743341228 -0.7081612567 -0.5870904322 -0.8588608050 0.7543484078 0.5906604354
-0.5053516163 -0.4932874011 -0.7852103128 0.5230277250 -0.9724066541 -0.6956929899 -0.6068793520 0.6222969906 -0.4758990537 -0.7000420071 -0.5779149454 -0.8522525880 0.7445861289 0.5780818873
-0.4995651503 -0.4858639135 -0.7752198308 0.5120430432 -0.9677172732 -0.6872587048 -0.5977040568 0.6098680594 -0.4771640383 -0.6916445428 -0.5685051782 -0.8453096858 0.7345474746 0.5652920639
-0.4935268450 -0.4782078366 -0.7649369436 0.5008514440 -0.9626206723 -0.6785429732 -0.5882801557 0.5972098375 -0.4781178309 -0.6829640188 -0.5588574460 -0.8380256639 0.7242286652 0.5522900624
-0.4872305770 -0.4703143000 -0.7543577001 0.4894505936 -0.9571087449 -0.6695409917 -0.5786036929 0.5843210409 -0.4787491862 -0.6739955896 -0.5489680641 -0.8303940879 0.7136259208 0.5390749795
-0.4806702232 -0.4621784332 -0.7434781491 0.4778381586 -0.9511733845 -0.6602479570 -0.5686707127 0.5712003854 -0.4790468586 -0.6647344103 -0.5388333481 -0.8224085230 0.7027354614 0.5256459122
-0.4738396602 -0.4537953656 -0.7322943395 0.4660118051 -0.9448064847 -0.6506590659 -0.5584772596 0.5578465868 -0.4789996026 -0.6551756355 -0.5284496133 -0.8140625348 0.6915535073 0.5120019575
-0.4667327647 -0.4451602268 -0.7208023202 0.4539691995 -0.9379999391 -0.6407695151 -0.5480193777 0.5442583612 -0.4785961727 -0.6453144202 -0.5178131751 -0.8053496887 0.6800762785 0.4981422121
-0.4593434136 -0.4362681462 -0.7089981400 0.4417080082 -0.9307456413 -0.6305745013 -0.5372931115 0.5304344243 -0.4778253235 -0.6351459189 -0.5069203491 -0.7962635502 0.6682999952 0.4840657731
-0.4516654834 -0.4271142533 -0.6968778478 0.4292258975 -0.9230354848 -0.6200692211 -0.5262945053 0.5163734919 -0.4766758093 -0.6246652867 -0.4957674506 -0.7867976847 0.6562208774 0.4697717374
-0.4436928510 -0.4176936776 -0.6844374925 0.4165205337 -0.9148613633 -0.6092488714 -0.5150196034 0.5020742801 -0.4751363846 -0.6138676783 -0.4843507951 -0.7769456576 0.6438351454 0.4552592018
-0.4354193930 -0.4080015487 -0.6716731230 0.4035895832 -0.9062151702 -0.5981086487 -0.5034644500 0.4875355047 -0.4731958041 -0.6027482484 -0.4726666979 -0.7667010344 0.6311390192 0.4405272633
-0.4268389862 -0.3980329959 -0.6585807880 0.3904307123 -0.8970887992 -0.5866437498 -0.4916250896 0.4727558814 -0.4708428221 -0.5913021519 -0.4607114746 -0.7560573805 0.6181287190 0.4255750188
-0.4179455074 -0.3877831488 -0.6451565365 0.3770415874 -0.8874741438 -0.5748493715 -0.4794975664 0.4577341263 -0.4680661933 -0.5795245437 -0.4484814406 -0.7450082614 0.6048004649 0.4104015652
-0.4087328332 -0.3772471370 -0.6313964174 0.3634198747 -0.8773630977 -0.5627207103 -0.4670779249 0.4424689552 -0.4648546719 -0.5674105784 -0.4359729112 -0.7335472426 0.5911504769 0.3950059995
-0.3991948404 -0.3664200897 -0.6172964795 0.3495632407 -0.8667475543 -0.5502529631 -0.4543622092 0.4269590840 -0.4611970127 -0.5549554109 -0.4231822019 -0.7216678894 0.5771749753 0.3793874185
-0.3893254056 -0.3552971367 -0.6028527716 0.3354693517 -0.8556194073 -0.5374413264 -0.4413464637 0.4112032285 -0.4570819700 -0.5421541961 -0.4101056282 -0.7093637673 0.5628701802 0.3635449191
-0.3791184057 -0.3438734073 -0.5880613427 0.3211358739 -0.8439705502 -0.5242809971 -0.4280267328 0.3952001046 -0.4524982983 -0.5290020886 -0.3967395054 -0.6966284417 0.5482323117 0.3474775984
-0.3685677174 -0.3321440311 -0.5729182416 0.3065604738 -0.8317928767 -0.5107671719 -0.4143990608 0.3789484283 -0.4474347522 -0.5154942434 -0.3830801490 -0.6834554782 0.5332575899 0.3311845532
-0.3576672173 -0.3201041375 -0.5574195172 0.2917408177 -0.8190782802 -0.4968950474 -0.4004594920 0.3624469153 -0.4418800861 -0.5016258152 -0.3691238745 -0.6698384421 0.5179422349 0.3146648803
-0.3464107822 -0.3077488561 -0.5415612184 0.2766745719 -0.8058186543 -0.4826598203 -0.3862040707 0.3456942815 -0.4358230545 -0.4873919587 -0.3548669972 -0.6557708989 0.5022824669 0.2979176768
-0.3347922889 -0.2950733162 -0.5253393939 0.2613594027 -0.7920058927 -0.4680566873 -0.3716288412 0.3286892429 -0.4292524120 -0.4727878290 -0.3403058327 -0.6412464141 0.4862745059 0.2809420395
-0.3228056140 -0.2820726475 -0.5087500928 0.2457929766 -0.7776318889 -0.4530808453 -0.3567298480 0.3114305153 -0.4221569129 -0.4578085806 -0.3254366962 -0.6262585530 0.4699145722 0.2637370654
-0.3104446344 -0.2687419795 -0.4917893638 0.2299729598 -0.7626885365 -0.4377274907 -0.3415031352 0.2939168145 -0.4145253119 -0.4424493684 -0.3102559033 -0.6108008812 0.4531988858 0.2463018514
-0.2977032266 -0.2550764415 -0.4744532558 0.2138970186 -0.7471677290 -0.4219918205 -0.3259447472 0.2761468565 -0.4063463634 -0.4267053473 -0.2947597693 -0.5948669640 0.4361236669 0.2286354944
-0.2845752675 -0.2410711631 -0.4567378177 0.1975628195 -0.7310613600 -0.4058690312 -0.3100507284 0.2581193572 -0.3976088219 -0.4105716721 -0.2789446098 -0.5784503670 0.4186851356 0.2107370912
