0.0220349153 -0.0777454970 -0.0796323139 -0.0079863171 -0.0448575009 -0.0282023845 -0.0524475782 -0.0050965443 -0.0344444940 0.0023158880 -0.0080040534 -0.0499395249 -0.0332427927 0.0025959883
0.0420372168 -0.0547180068 -0.0571126204 0.0133987243 -0.0229567564 -0.0065136904 -0.0298214408 0.0162279533 -0.0130788633 0.0236196653 -0.0287340114 -0.0279919701 -0.0106253248 0.0233180317
0.0624096347 -0.0313260365 -0.0342028202 0.0351300003 -0.0006840214 0.0155343865 -0.0068468206 0.0378976043 0.0086696271 0.0452595538 -0.0498191318 -0.0056677441 0.0123169930 0.0444029075
0.0831556296 -0.0075669062 -0.0108996700 0.0572103115 0.0219637962 0.0379447872 0.0164788542 0.0599152054 0.0308043497 0.0672382143 -0.0712624909 0.0170363078 0.0355861717 0.0658538126
0.1042786623 0.0165620636 0.0128000732 0.0796424586 0.0449897883 0.0607204524 0.0401581554 0.0822835532 0.0533286773 0.0895583075 -0.0930671650 0.0401233404 0.0591842221 0.0876739440
0.1257821932 0.0410635529 0.0368996527 0.1024292423 0.0683970469 0.0838643232 0.0641936546 0.1050054443 0.0762459823 0.1122224943 -0.1152362306 0.0635965083 0.0831131554 0.1098664986
0.1476696830 0.0659402412 0.0614023115 0.1255734634 0.0921886640 0.1073793405 0.0885879238 0.1280836753 0.0995596373 0.1352334354 -0.1377727639 0.0874589662 0.1073749825 0.1324346733
0.1699445924 0.0911948084 0.0863112928 0.1490779226 0.1163677314 0.1312684452 0.1133435346 0.1515210429 0.1232730149 0.1585937918 -0.1606798413 0.1117138690 0.1319717145 0.1553816651
0.1926103820 0.1168299341 0.1116298398 0.1729454206 0.1409373412 0.1555345782 0.1384630590 0.1753203438 0.1473894876 0.1823062240 -0.1839605392 0.1363643712 0.1569053622 0.1787106708
0.2156705125 0.1428482983 0.1373611957 0.1971787580 0.1659005854 0.1801806806 0.1639490685 0.1994843745 0.1719124281 0.2063733930 -0.2076179339 0.1614136277 0.1821779369 0.2024248873
0.2391284443 0.1692525804 0.1635086034 0.2217807357 0.1912605559 0.2052096931 0.1898041350 0.2240159318 0.1968452089 0.2307979596 -0.2316551018 0.1868647931 0.2077914493 0.2265275117
0.2629876383 0.1960454605 0.1900753064 0.2467541543 0.2170203447 0.2306245568 0.2160308303 0.2489178121 0.2221912025 0.2555825845 -0.2560751193 0.2127210222 0.2337479106 0.2510217408
0.2872515549 0.2232296180 0.2170645475 0.2721018145 0.2431830437 0.2564282126 0.2426317261 0.2741928123 0.2479537816 0.2807299286 -0.2808810627 0.2389854697 0.2600493318 0.2759107715
0.3119236549 0.2508077329 0.2444795701 0.2978265170 0.2697517449 0.2826236014 0.2696093943 0.2998437288 0.2741363187 0.3062426526 -0.3060760083 0.2656612903 0.2866977238 0.3011978008
0.3370073988 0.2787824848 0.2723236172 0.3239310626 0.2967295403 0.3092136642 0.2969664065 0.3258733584 0.3007421864 0.3321234173 -0.3316630325 0.2927516387 0.3136950977 0.3268860256
0.3625062474 0.3071565536 0.3005999321 0.3504182520 0.3241195218 0.3362013418 0.3247053346 0.3522844976 0.3277747573 0.3583748836 -0.3576452117 0.3202596697 0.3410434644 0.3529786428
0.3884236611 0.3359326188 0.3293117578 0.3772908858 0.3519247814 0.3635895752 0.3528287504 0.3790799432 0.3552374039 0.3849997121 -0.3840256222 0.3481885380 0.3687448350 0.3794788493
0.4147631007 0.3651133604 0.3584623375 0.4045517649 0.3801484110 0.3913813054 0.3813392255 0.4062624918 0.3831334988 0.4120005639 -0.4108073404 0.3765413982 0.3968012204 0.4063898421
0.4415280268 0.3947014579 0.3880549144 0.4322036898 0.4087935027 0.4195794733 0.4102393319 0.4338349399 0.4114664145 0.4393800995 -0.4379934427 0.4053214052 0.4252146317 0.4337148180
0.4687219000 0.4246995912 0.4180927315 0.4602494614 0.4378631484 0.4481870197 0.4395316412 0.4618000842 0.4402395238 0.4671409799 -0.4655870053 0.4345317136 0.4539870798 0.4614569741
0.4963481809 0.4551104400 0.4485790321 0.4886918803 0.4673604401 0.4772068857 0.4692187252 0.4901607214 0.4694561990 0.4952858657 -0.4935911047 0.4641754781 0.4831205759 0.4896195072
0.5244103302 0.4859366841 0.4795170593 0.5175337472 0.4972884696 0.5066420122 0.4993031557 0.5189196481 0.4991198128 0.5238174179 -0.5220088172 0.4942558536 0.5126171307 0.5182056142
0.5529118084 0.5171810032 0.5109100563 0.5467778629 0.5276503291 0.5364953401 0.5297875045 0.5480796609 0.5292337378 0.5527382972 -0.5508432191 0.5247759946 0.5424787555 0.5472184921
0.5818560763 0.5488460770 0.5427612661 0.5764270280 0.5584491104 0.5667698103 0.5606743434 0.5776435565 0.5598013466 0.5820511644 -0.5800973869 0.5557390559 0.5727074611 0.5766613378
0.6112465944 0.5809345852 0.5750739320 0.6064840433 0.5896879055 0.5974683638 0.5919662441 0.6076141315 0.5908260116 0.6117586803 -0.6097743969 0.5871481923 0.6033052586 0.6065373481
0.6410868234 0.6134492077 0.6078512971 0.6369517095 0.6213698064 0.6285939415 0.6236657784 0.6379941825 0.6223111055 0.6418635057 -0.6398773254 0.6190065584 0.6342741590 0.6368497202
0.6713802239 0.6463926242 0.6410966045 0.6678328273 0.6534979051 0.6601494843 0.6557755180 0.6687865062 0.6542600009 0.6723683014 -0.6704092488 0.6513173090 0.6656161733 0.6676016507
0.7021302566 0.6797675143 0.6748130974 0.6991301975 0.6860752934 0.6921379332 0.6882980348 0.6999938992 0.6866760702 0.7032757282 -0.7013732434 0.6840835988 0.6973333125 0.6987963368
0.7333403820 0.7135765580 0.7090040190 0.7308466206 0.7191050635 0.7245622291 0.7212359005 0.7316191581 0.7195626862 0.7345884469 -0.7327723856 0.7173085826 0.7294275875 0.7304369753
0.7650140608 0.7478224347 0.7436726123 0.7629848975 0.7525903072 0.7574253129 0.7545916869 0.7636650797 0.7529232214 0.7663091183 -0.7646097518 0.7509954149 0.7619010094 0.7625267630
