-0.3943642752 -0.2964724302 -0.2126908530 -0.2548365001 -0.2861295269 -0.2751493287 -0.2902718957 -0.2643896238 -0.2890894975 -0.2868416461 0.1995171364 -0.2775727824 -0.2726811431 -0.1753303257
-0.3805800827 -0.2837009105 -0.2004370137 -0.2424430821 -0.2736686568 -0.2627006095 -0.2779164877 -0.2519767517 -0.2767571994 -0.2743109151 0.1876047380 -0.2652504404 -0.2604139479 -0.1633935183
-0.3665978795 -0.2707458340 -0.1880193916 -0.2298732880 -0.2610212676 -0.2500691825 -0.2653707130 -0.2393843821 -0.2642344676 -0.2615949305 0.1755259714 -0.2527417231 -0.2479609862 -0.1512998585
-0.3524163570 -0.2576058934 -0.1754368367 -0.2171258383 -0.2481859689 -0.2372537009 -0.2526331188 -0.2266112012 -0.2515198450 -0.2486923277 0.1632796033 -0.2400452205 -0.2353208468 -0.1390482307
-0.3380342070 -0.2442797813 -0.1626881990 -0.2041994538 -0.2351613702 -0.2242528181 -0.2397022524 -0.2136558954 -0.2386118744 -0.2356017421 0.1508644003 -0.2271595226 -0.2224921184 -0.1266375192
-0.3234501209 -0.2307661905 -0.1497723286 -0.1910928551 -0.2219460810 -0.2110651873 -0.2265766610 -0.2005171508 -0.2255090987 -0.2223218091 0.1382791290 -0.2140832193 -0.2094733899 -0.1140666084
-0.3086627902 -0.2170638137 -0.1366880755 -0.1778047628 -0.2085387109 -0.1976894618 -0.2132548919 -0.1871936537 -0.2122100608 -0.2088511641 0.1255225561 -0.2008149006 -0.1962632501 -0.1013343826
-0.2936709066 -0.2031713435 -0.1234342896 -0.1643338974 -0.1949378692 -0.1841242949 -0.1997354922 -0.1736840903 -0.1987133036 -0.1951884424 0.1125934482 -0.1873531564 -0.1828602877 -0.0884397261
-0.2784731615 -0.1890874725 -0.1100098210 -0.1506789797 -0.1811421656 -0.1703683398 -0.1860170092 -0.1599871468 -0.1850173701 -0.1813322795 0.0994905719 -0.1736965768 -0.1692630915 -0.0753815234
-0.2630682466 -0.1748108936 -0.0964135198 -0.1368387303 -0.1671502095 -0.1564202500 -0.1720979902 -0.1461015095 -0.1711208030 -0.1672813108 0.0862126938 -0.1598437517 -0.1554702503 -0.0621586586
-0.2474548533 -0.1603402993 -0.0826442358 -0.1228118698 -0.1529606105 -0.1422786786 -0.1579769824 -0.1320258646 -0.1570221453 -0.1530341716 0.0727585805 -0.1457932710 -0.1414803530 -0.0487700162
-0.2316316733 -0.1456743824 -0.0687008192 -0.1085971188 -0.1385719781 -0.1279422789 -0.1436525330 -0.1177588984 -0.1427199398 -0.1385894973 0.0591269988 -0.1315437247 -0.1272919882 -0.0352144805
-0.2155973981 -0.1308118356 -0.0545821199 -0.0941931979 -0.1239829217 -0.1134097043 -0.1291231893 -0.1032992970 -0.1282127295 -0.1239459234 0.0453167152 -0.1170937028 -0.1129037448 -0.0214909358
-0.1993507192 -0.1157513514 -0.0402869880 -0.0795988278 -0.1091920509 -0.0986796080 -0.1143874985 -0.0886457467 -0.1134990572 -0.1091020852 0.0313264963 -0.1024417952 -0.0983142115 -0.0075982664
-0.1828903282 -0.1004916227 -0.0258142734 -0.0648127291 -0.0941979752 -0.0837506433 -0.0994440079 -0.0737969337 -0.0985774658 -0.0940566181 0.0171551088 -0.0875865920 -0.0835219772 0.0064646432
-0.1662149167 -0.0850313420 -0.0111628262 -0.0498336224 -0.0789993042 -0.0686214635 -0.0842912646 -0.0587515443 -0.0834464983 -0.0788081575 0.0028013193 -0.0725266830 -0.0685256306 0.0206989088
-0.1493231761 -0.0693692021 0.0036685035 -0.0346602284 -0.0635946473 -0.0532907219 -0.0689278160 -0.0435082647 -0.0681046974 -0.0633553389 -0.0117361056 -0.0572606582 -0.0533237605 0.0351056461
-0.1322137982 -0.0535038957 0.0186808659 -0.0192912676 -0.0479826140 -0.0377570718 -0.0533522092 -0.0280657811 -0.0525506061 -0.0476967975 -0.0264583993 -0.0417871077 -0.0379149557 0.0496859706
-0.1148854743 -0.0374341154 0.0338754108 -0.0037254608 -0.0321618138 -0.0220191664 -0.0375629916 -0.0124227798 -0.0367827673 -0.0318311688 -0.0413667950 -0.0261046212 -0.0222978051 0.0644409981
-0.0973368961 -0.0211585539 0.0492532883 0.0120384715 -0.0161308563 -0.0060756591 -0.0215587103 0.0034220531 -0.0207997238 -0.0157570882 -0.0564625263 -0.0102117889 -0.0064708973 0.0793718442
-0.0795667551 -0.0046759040 0.0648156483 0.0280018087 0.0001116490 0.0100747969 -0.0053379125 0.0194700312 -0.0046000186 0.0005268089 -0.0717468264 0.0058927993 0.0095671789 0.0944796246
-0.0615737428 0.0120151418 0.0805636409 0.0441658301 0.0165670927 0.0264335482 0.0111008544 0.0357224684 0.0118178055 0.0170218872 -0.0872209288 0.0222105534 0.0258178346 0.1097654550
-0.0433565509 0.0289158907 0.0964984159 0.0605318150 0.0332368651 0.0430019416 0.0277590433 0.0521806783 0.0284552056 0.0337295112 -0.1028860668 0.0387428836 0.0422824810 0.1252304509
-0.0249138709 0.0460276501 0.1126211235 0.0771010430 0.0501223569 0.0597813239 0.0446381068 0.0688459749 0.0453136387 0.0506510456 -0.1187434738 0.0554911998 0.0589625295 0.1408757282
-0.0062443943 0.0633517272 0.1289329136 0.0938747932 0.0672249585 0.0767730416 0.0617394979 0.0857196718 0.0623945621 0.0677878549 -0.1347943831 0.0724569121 0.0758593911 0.1567024023
0.0126531874 0.0808894293 0.1454349361 0.1108543452 0.0845460603 0.0939784415 0.0790646692 0.1028030828 0.0796994328 0.0851413038 -0.1510400282 0.0896414304 0.0929744771 0.1727115891
0.0317801825 0.0986420639 0.1621283411 0.1280409783 0.1020870529 0.1113988704 0.0966150734 0.1200975218 0.0972297080 0.1027127569 -0.1674816424 0.1070461649 0.1103091987 0.1889044042
0.0511378995 0.1166109382 0.1790142786 0.1454359718 0.1198493267 0.1290356749 0.1143921634 0.1376043023 0.1149868446 0.1205035788 -0.1841204590 0.1246725256 0.1278649672 0.2052819631
0.0707276469 0.1347973595 0.1960938984 0.1630406052 0.1378342723 0.1468902018 0.1323973920 0.1553247383 0.1329723000 0.1385151340 -0.2009577115 0.1425219225 0.1456431937 0.2218453817
0.0905507331 0.1532026351 0.2133683507 0.1808561577 0.1560432802 0.1649637977 0.1506322118 0.1732601435 0.1511875311 0.1567487872 -0.2179946333 0.1605957656 0.1636452895 0.2385957755
