-0.8215235181 -0.5848822594 -0.7683861230 0.7940185160 -0.7039291627 0.1845532768 -0.8389027223 0.7945275092 -0.6987598004 0.9598965864 -0.8102860585 -0.5076546102 0.8507496272 0.8040067893
-0.8181721759 -0.5805788824 -0.7646408473 0.7912891946 -0.7017560333 0.1992646252 -0.8358742031 0.7912096392 -0.6953767723 0.9593643849 -0.8073028019 -0.5041901608 0.8466845822 0.8019860691
-0.8147596529 -0.5762392218 -0.7608390934 0.7885051974 -0.6995422344 0.2140248684 -0.8327839211 0.7878341288 -0.6919477576 0.9587675954 -0.8042615837 -0.5007032195 0.8425507580 0.7999129168
-0.8112851576 -0.5718626010 -0.7569801563 0.7856655003 -0.6972864766 0.2288277117 -0.8296309916 0.7844001522 -0.6884718690 0.9581045993 -0.8011614794 -0.4971927605 0.8383476368 0.7977860787
-0.8077478989 -0.5674483431 -0.7530633309 0.7827690790 -0.6949874706 0.2436668607 -0.8264145298 0.7809068833 -0.6849482195 0.9573737781 -0.7980015640 -0.4936577581 0.8340747005 0.7956043011
-0.8041470854 -0.5629957713 -0.7490879122 0.7798149092 -0.6926439271 0.2585360205 -0.8231336511 0.7773534962 -0.6813759217 0.9565735132 -0.7947809128 -0.4900971864 0.8297314312 0.7933663304
-0.8004819259 -0.5585042089 -0.7450531952 0.7768019669 -0.6902545568 0.2734288967 -0.8197874708 0.7737391649 -0.6777540885 0.9557021859 -0.7914986012 -0.4865100199 0.8253173110 0.7910709130
-0.7967516290 -0.5539729792 -0.7409584748 0.7737292277 -0.6878180703 0.2883391945 -0.8163751041 0.7700630633 -0.6740818327 0.9547581778 -0.7881537043 -0.4828952327 0.8208318219 0.7887167950
-0.7929554034 -0.5494014052 -0.7368030460 0.7705956675 -0.6853331783 0.3032606195 -0.8128956664 0.7663243656 -0.6703582669 0.9537398701 -0.7847452974 -0.4792517990 0.8162744461 0.7863027229
-0.7890924578 -0.5447888102 -0.7325862037 0.7674002620 -0.6827985915 0.3181868768 -0.8093482730 0.7625222457 -0.6665825041 0.9526456445 -0.7812724558 -0.4755786932 0.8116446655 0.7838274430
-0.7851620010 -0.5401345175 -0.7283072429 0.7641419871 -0.6802130206 0.3331116721 -0.8057320391 0.7586558777 -0.6627536569 0.9514738822 -0.7777342546 -0.4718748895 0.8069419622 0.7812897016
-0.7811632416 -0.5354378503 -0.7239654585 0.7608198185 -0.6775751761 0.3480287105 -0.8020460801 0.7547244355 -0.6588708382 0.9502229647 -0.7741297692 -0.4681393621 0.8021658183 0.7786882450
-0.7770953883 -0.5306981317 -0.7195601456 0.7574327321 -0.6748837689 0.3629316975 -0.7982895112 0.7507270932 -0.6549331607 0.9488912735 -0.7704580748 -0.4643710852 0.7973157158 0.7760218196
-0.7729576499 -0.5259146851 -0.7150905990 0.7539797035 -0.6721375095 0.3778143385 -0.7944614478 0.7466630248 -0.6509397373 0.9474771899 -0.7667182466 -0.4605690332 0.7923911368 0.7732891717
-0.7687492350 -0.5210868336 -0.7105561138 0.7504597087 -0.6693351087 0.3926703389 -0.7905610052 0.7425314044 -0.6468896806 0.9459790953 -0.7629093599 -0.4567321802 0.7873915634 0.7704890477
-0.7644693524 -0.5162139004 -0.7059559849 0.7468717233 -0.6664752770 0.4074934040 -0.7865872987 0.7383314059 -0.6427821036 0.9443953713 -0.7590304899 -0.4528595006 0.7823164776 0.7676201938
-0.7601172107 -0.5112952088 -0.7012895072 0.7432147232 -0.6635567253 0.4222772392 -0.7825394435 0.7340622033 -0.6386161189 0.9427243991 -0.7550807119 -0.4489499685 0.7771653615 0.7646813563
-0.7556920186 -0.5063300819 -0.6965559757 0.7394876842 -0.6605781640 0.4370155499 -0.7784165550 0.7297229708 -0.6343908394 0.9409645603 -0.7510591012 -0.4450025582 0.7719376971 0.7616712817
-0.7511929849 -0.5013178431 -0.6917546854 0.7356895821 -0.6575383040 0.4517020414 -0.7742177484 0.7253128822 -0.6301053778 0.9391142363 -0.7469647329 -0.4410162441 0.7666329665 0.7585887162
-0.7466193183 -0.4962578154 -0.6868849313 0.7318193926 -0.6544358559 0.4663304193 -0.7699421392 0.7208311117 -0.6257588469 0.9371718084 -0.7427966823 -0.4369900002 0.7612506518 0.7554324062
-0.7419702274 -0.4911493222 -0.6819460082 0.7278760915 -0.6512695304 0.4808943887 -0.7655888425 0.7162768332 -0.6213503595 0.9351356581 -0.7385540248 -0.4329228009 0.7557902350 0.7522010979
-0.7372449209 -0.4859916867 -0.6769372111 0.7238586547 -0.6480380381 0.4953876552 -0.7611569736 0.7116492207 -0.6168790284 0.9330041669 -0.7342358354 -0.4288136205 0.7502511982 0.7488935378
-0.7324426076 -0.4807842320 -0.6718578351 0.7197660578 -0.6447400897 0.5098039241 -0.7566456480 0.7069474483 -0.6123439664 0.9307757161 -0.7298411895 -0.4246614331 0.7446330234 0.7455084721
-0.7275624962 -0.4755262814 -0.6667071750 0.7155972768 -0.6413743959 0.5241369007 -0.7520539808 0.7021706900 -0.6077442862 0.9284486871 -0.7253691623 -0.4204652130 0.7389351927 0.7420446473
-0.7226037953 -0.4702171582 -0.6614845259 0.7113512874 -0.6379396673 0.5383802905 -0.7473810874 0.6973181199 -0.6030791006 0.9260214615 -0.7208188291 -0.4162239345 0.7331571882 0.7385008095
-0.7175657137 -0.4648561854 -0.6561891826 0.7070270654 -0.6344346146 0.5525277988 -0.7426260831 0.6923889118 -0.5983475224 0.9234924206 -0.7161892652 -0.4119365718 0.7272984919 0.7348757051
-0.7124474600 -0.4594426864 -0.6508204402 0.7026235865 -0.6308579486 0.5665731310 -0.7377880831 0.6873822399 -0.5935486644 0.9208599458 -0.7114795456 -0.4076020992 0.7213585859 0.7311680805
-0.7072482430 -0.4539759844 -0.6453775936 0.6981398266 -0.6272083798 0.5805099925 -0.7328662028 0.6822972782 -0.5886816394 0.9181224185 -0.7066887458 -0.4032194909 0.7153369522 0.7273766820
-0.7019672714 -0.4484554026 -0.6398599377 0.6935747615 -0.6234846189 0.5943320887 -0.7278595575 0.6771332006 -0.5837455601 0.9152782203 -0.7018159410 -0.3987877212 0.7092330729 0.7235002559
-0.6966037538 -0.4428802641 -0.6342667676 0.6889273669 -0.6196853767 0.6080331250 -0.7227672625 0.6718891813 -0.5787395394 0.9123257324 -0.6968602063 -0.3943057643 0.7030464301 0.7195375486
