0.1982221464 0.1666626339 0.1355524906 0.1412978458 0.1101632871 0.1511071291 0.1455321616 0.1488582444 0.1386805827 0.1455755402 -0.1703065475 0.1739292646 0.1737783526 0.2016001251
0.2122249088 0.1812101057 0.1506154585 0.1563911282 0.1257158455 0.1660477074 0.1605957310 0.1637913044 0.1537373481 0.1606202326 -0.1846269576 0.1882567763 0.1885003444 0.2160268677
0.2263690333 0.1959049772 0.1658325904 0.1716325705 0.1414254786 0.1811339403 0.1758050073 0.1788722043 0.1689458687 0.1758113104 -0.1991002893 0.2027338789 0.2033571109 0.2305760563
0.2406552672 0.2107480121 0.1812046762 0.1870229018 0.1572929667 0.1963665439 0.1911606978 0.1941016825 0.1843069115 0.1911494890 -0.2137273780 0.2173613746 0.2183492791 0.2452482205
0.2550843574 0.2257399744 0.1967325058 0.2025628509 0.1733190903 0.2117462347 0.2066635100 0.2094804770 0.1998212434 0.2066354838 -0.2285090591 0.2321400658 0.2334774760 0.2600438897
0.2696570511 0.2408816278 0.2124168692 0.2182531468 0.1895046299 0.2272737289 0.2223141510 0.2250093262 0.2154896311 0.2222700101 -0.2434461677 0.2470707547 0.2487423286 0.2749635936
0.2843740954 0.2561737361 0.2282585563 0.2340945185 0.2058503657 0.2429497430 0.2381133282 0.2406889684 0.2313128418 0.2380537835 -0.2585395395 0.2621542437 0.2641444640 0.2900078615
0.2992362374 0.2716170633 0.2442583571 0.2500876950 0.2223570783 0.2587749931 0.2540617489 0.2565201417 0.2472916421 0.2539875192 -0.2737900096 0.2773913349 0.2796845091 0.3051772231
0.3142442241 0.2872123732 0.2604170614 0.2662334052 0.2390255481 0.2747501958 0.2701601204 0.2725035845 0.2634267991 0.2700719327 -0.2891984135 0.2927828306 0.2953630911 0.3204722077
0.3293988027 0.3029604295 0.2767354593 0.2825323780 0.2558565554 0.2908760672 0.2864091500 0.2886400350 0.2797190797 0.2863077393 -0.3047655864 0.3083295333 0.3111808369 0.3358933451
0.3447007202 0.3188619961 0.2932143407 0.2989853425 0.2728508808 0.3071533238 0.3028095450 0.3049302314 0.2961692507 0.3026956545 -0.3204923639 0.3240322450 0.3271383735 0.3514411646
0.3601507238 0.3349178370 0.3098544955 0.3155930276 0.2900093045 0.3235826818 0.3193620128 0.3213749120 0.3127780790 0.3192363937 -0.3363795811 0.3398917682 0.3432363281 0.3671161958
0.3757495606 0.3511287158 0.3266567137 0.3323561622 0.3073326071 0.3401648576 0.3360672607 0.3379748151 0.3295463315 0.3359306723 -0.3524280736 0.3559089051 0.3594753275 0.3829189682
0.3914979776 0.3674953964 0.3436217851 0.3492754753 0.3248215690 0.3569005675 0.3529259958 0.3547306788 0.3464747752 0.3527792056 -0.3686386766 0.3720844579 0.3758559989 0.3988500113
0.4073967220 0.3840186428 0.3607504998 0.3663516960 0.3424769706 0.3737905278 0.3699389257 0.3716432416 0.3635641770 0.3697827090 -0.3850122254 0.3884192290 0.3923789693 0.4149098547
0.4234465408 0.4006992186 0.3780436477 0.3835855530 0.3602995922 0.3908354549 0.3871067575 0.3887132415 0.3808153037 0.3869418981 -0.4015495556 0.4049140207 0.4090448657 0.4310990278
0.4396481811 0.4175378878 0.3955020187 0.4009777755 0.3782902144 0.4080360651 0.4044301986 0.4059414169 0.3982289222 0.4042574880 -0.4182515023 0.4215696351 0.4258543150 0.4474180602
0.4560023900 0.4345354142 0.4131264027 0.4185290923 0.3964496175 0.4253930747 0.4219099562 0.4233285060 0.4158057994 0.4217301944 -0.4351189010 0.4383868747 0.4428079445 0.4638674814
0.4725099147 0.4516925615 0.4309175898 0.4362402324 0.4147785819 0.4429072001 0.4395467378 0.4408752470 0.4335467023 0.4393607324 -0.4521525870 0.4553665417 0.4599063810 0.4804478209
0.4891715022 0.4690100938 0.4488763697 0.4541119248 0.4332778882 0.4605791575 0.4573412506 0.4585823783 0.4514523977 0.4571498176 -0.4693533957 0.4725094383 0.4771502516 0.4971596082
0.5059878996 0.4864887747 0.4670035326 0.4721448984 0.4519483166 0.4784096633 0.4752942019 0.4764506380 0.4695236525 0.4750981654 -0.4867221625 0.4898163669 0.4945401833 0.5140033728
0.5229598541 0.5041293682 0.4852998683 0.4903398822 0.4707906476 0.4963994339 0.4934062990 0.4944807645 0.4877612337 0.4932064911 -0.5042597226 0.5072881297 0.5120768032 0.5309796444
0.5400881126 0.5219326380 0.5037661667 0.5086976052 0.4898056617 0.5145491856 0.5116782493 0.5126734959 0.5061659081 0.5114755101 -0.5219669115 0.5249255290 0.5297607382 0.5480889523
0.5573734224 0.5398993481 0.5224032178 0.5272187962 0.5089941392 0.5328596346 0.5301107600 0.5310295706 0.5247384426 0.5299059379 -0.5398445645 0.5427293671 0.5475926154 0.5653318261
0.5748165304 0.5580302622 0.5412118116 0.5459041844 0.5283568606 0.5513314974 0.5487045385 0.5495497268 0.5434796041 0.5484984897 -0.5578935170 0.5607004463 0.5655730619 0.5827087953
0.5924181839 0.5763261441 0.5601927379 0.5647544986 0.5478946063 0.5699654902 0.5674602920 0.5682347026 0.5623901596 0.5672538812 -0.5761146043 0.5788395689 0.5837027046 0.6002203894
0.6101791298 0.5947877578 0.5793467868 0.5837704678 0.5676081567 0.5887623294 0.5863787279 0.5870852365 0.5814708759 0.5861728275 -0.5945086618 0.5971475371 0.6019821707 0.6178671380
0.6281001154 0.6134158670 0.5986747481 0.6029528210 0.5874982923 0.6077227313 0.6054605535 0.6061020666 0.6007225199 0.6052560442 -0.6130765248 0.6156251532 0.6204120870 0.6356495705
0.6461818876 0.6322112357 0.6181774118 0.6223022870 0.6075657934 0.6268474123 0.6247064760 0.6252859312 0.6201458586 0.6245042465 -0.6318190287 0.6342732196 0.6389930806 0.6535682166
0.6644251936 0.6511746275 0.6378555679 0.6418195950 0.6278114404 0.6461370886 0.6441172029 0.6446375686 0.6397416588 0.6439181500 -0.6507370089 0.6530925384 0.6577257786 0.6716236056
