-0.9630985923 -0.8379953985 -0.9455496999 -0.9211217626 -0.4977635359 -0.8284905576 -0.9564586829 -0.9286250698 -0.5013991545 -0.8134048817 0.7661735450 -0.8357721710 -0.9983295909 -0.7161514104
-0.9624160606 -0.8361423187 -0.9441001574 -0.9201073472 -0.4964846412 -0.8269276351 -0.9550179135 -0.9276170049 -0.5000863982 -0.8118311648 0.7642277567 -0.8341676927 -0.9978978022 -0.7159524804
-0.9616847930 -0.8342478192 -0.9426042463 -0.9190465153 -0.4951758649 -0.8253230055 -0.9535303451 -0.9265622268 -0.4987436986 -0.8102163329 0.7622434602 -0.8325213254 -0.9974147463 -0.7157130403
-0.9609042963 -0.8323115451 -0.9410615568 -0.9179388137 -0.4938368300 -0.8236762842 -0.9519955656 -0.9254602808 -0.4973706821 -0.8085600044 0.7602203187 -0.8308326882 -0.9968799088 -0.7154325739
-0.9600740775 -0.8303331417 -0.9394716789 -0.9167837894 -0.4924671598 -0.8219870867 -0.9504131630 -0.9243107121 -0.4959669749 -0.8068617978 0.7581579953 -0.8291014002 -0.9962927753 -0.7151105651
-0.9591936435 -0.8283122541 -0.9378342028 -0.9155809891 -0.4910664772 -0.8202550286 -0.9487827253 -0.9231130661 -0.4945322034 -0.8051213313 0.7560561534 -0.8273270804 -0.9956528314 -0.7147464976
-0.9582625011 -0.8262485274 -0.9361487188 -0.9143299596 -0.4896344055 -0.8184797254 -0.9471038405 -0.9218668882 -0.4930659937 -0.8033382234 0.7539144559 -0.8255093479 -0.9949595629 -0.7143398554
-0.9572801574 -0.8241416069 -0.9344148169 -0.9130302479 -0.4881705677 -0.8166607925 -0.9453760966 -0.9205717236 -0.4915679722 -0.8015120924 0.7517325661 -0.8236478218 -0.9942124554 -0.7138901221
-0.9562461191 -0.8219911376 -0.9326320873 -0.9116814008 -0.4866745870 -0.8147978455 -0.9435990816 -0.9192271177 -0.4900377652 -0.7996425568 0.7495101471 -0.8217421212 -0.9934109945 -0.7133967817
-0.9551598932 -0.8197967647 -0.9308001201 -0.9102829650 -0.4851460864 -0.8128904999 -0.9417723833 -0.9178326157 -0.4884749989 -0.7977292348 0.7472468622 -0.8197918652 -0.9925546658 -0.7128593179
-0.9540209865 -0.8175581335 -0.9289185056 -0.9088344876 -0.4835846891 -0.8109383712 -0.9398955899 -0.9163877630 -0.4868792997 -0.7957717448 0.7449423745 -0.8177966728 -0.9916429551 -0.7122772146
-0.9528289061 -0.8152748890 -0.9269868339 -0.9073355152 -0.4819900181 -0.8089410749 -0.9379682893 -0.9148921049 -0.4852502938 -0.7937697052 0.7425963471 -0.8157561632 -0.9906753480 -0.7116499555
-0.9515831588 -0.8129466765 -0.9250046951 -0.9057855948 -0.4803616967 -0.8068982265 -0.9359900695 -0.9133451868 -0.4835876075 -0.7917227344 0.7402084432 -0.8136699553 -0.9896513301 -0.7109770246
-0.9502832515 -0.8105731410 -0.9229716794 -0.9041842733 -0.4786993478 -0.8048094415 -0.9339605184 -0.9117465539 -0.4818908671 -0.7896304508 0.7377783260 -0.8115376683 -0.9885703871 -0.7102579055
-0.9489286910 -0.8081539278 -0.9208873769 -0.9025310973 -0.4770025947 -0.8026743355 -0.9318792241 -0.9100957515 -0.4801596988 -0.7874924727 0.7353056587 -0.8093589213 -0.9874320046 -0.7094920822
-0.9475189844 -0.8056886820 -0.9187513779 -0.9008256138 -0.4752710603 -0.8004925238 -0.9297457745 -0.9083923250 -0.4783937291 -0.7853084184 0.7327901044 -0.8071333333 -0.9862356682 -0.7086790384
-0.9460536385 -0.8031770487 -0.9165632724 -0.8990673697 -0.4735043680 -0.7982636221 -0.9275597576 -0.9066358198 -0.4765925840 -0.7830779064 0.7302313262 -0.8048605235 -0.9849808637 -0.7078182580
-0.9445321601 -0.8006186732 -0.9143226506 -0.8972559118 -0.4717021406 -0.7959872459 -0.9253207615 -0.9048257810 -0.4747558900 -0.7808005551 0.7276289875 -0.8025401108 -0.9836670767 -0.7069092247
-0.9429540563 -0.7980132006 -0.9120291026 -0.8953907868 -0.4698640014 -0.7936630106 -0.9230283740 -0.9029617540 -0.4728832733 -0.7784759827 0.7249827513 -0.8001717145 -0.9822937928 -0.7059514225
-0.9413188339 -0.7953602760 -0.9096822187 -0.8934715418 -0.4679895735 -0.7912905318 -0.9206821832 -0.9010432842 -0.4709743602 -0.7761038077 0.7222922807 -0.7977549535 -0.9808604977 -0.7049443350
-0.9396259999 -0.7926595447 -0.9072815890 -0.8914977234 -0.4660784800 -0.7888694249 -0.9182817770 -0.8990699168 -0.4690287769 -0.7736836485 0.7195572391 -0.7952894469 -0.9793666770 -0.7038874462
-0.9378750610 -0.7899106517 -0.9048268036 -0.8894688786 -0.4641303440 -0.7863993055 -0.9158267435 -0.8970411972 -0.4670461499 -0.7712151234 0.7167772894 -0.7927748138 -0.9778118163 -0.7027802398
-0.9360655243 -0.7871132423 -0.9023174527 -0.8873845542 -0.4621447885 -0.7838797891 -0.9133166705 -0.8949566708 -0.4650261052 -0.7686978507 0.7139520950 -0.7902106734 -0.9761954015 -0.7016221997
-0.9341968966 -0.7842669616 -0.8997531264 -0.8852442971 -0.4601214368 -0.7813104912 -0.9107511462 -0.8928158827 -0.4629682693 -0.7661314489 0.7110813190 -0.7875966446 -0.9745169179 -0.7004128097
-0.9322686848 -0.7813714547 -0.8971334150 -0.8830476541 -0.4580599119 -0.7786910272 -0.9081297585 -0.8906183783 -0.4608722685 -0.7635155363 0.7081646244 -0.7849323466 -0.9727758514 -0.6991515536
-0.9302803959 -0.7784263669 -0.8944579085 -0.8807941720 -0.4559598370 -0.7760210128 -0.9054520953 -0.8883637030 -0.4587377289 -0.7608497313 0.7052016746 -0.7822173985 -0.9709716876 -0.6978379152
-0.9282315367 -0.7754313433 -0.8917261971 -0.8784833976 -0.4538208351 -0.7733000634 -0.9027177446 -0.8860514021 -0.4565642769 -0.7581336523 0.7021921327 -0.7794514192 -0.9691039122 -0.6964713783
-0.9261216141 -0.7723860290 -0.8889378709 -0.8761148779 -0.4516425293 -0.7705277945 -0.8999262945 -0.8836810208 -0.4543515387 -0.7553669176 0.6991356618 -0.7766340280 -0.9671720106 -0.6950514268
-0.9239501351 -0.7692900692 -0.8860925202 -0.8736881597 -0.4494245429 -0.7677038217 -0.8970773329 -0.8812521045 -0.4520991408 -0.7525491456 0.6960319251 -0.7737648438 -0.9651754688 -0.6935775444
-0.9217166065 -0.7661431091 -0.8831897351 -0.8712027898 -0.4471664988 -0.7648277604 -0.8941704478 -0.8787641986 -0.4498067092 -0.7496799546 0.6928805858 -0.7708434858 -0.9631137722 -0.6920492150
