-0.1533573107 -0.0287725144 -0.2359618562 0.2324984046 -0.1244674186 0.2224886161 -0.2207663329 0.1439730962 -0.2215522531 0.1912619396 -0.2683843605 -0.1990374005 0.1803053668 0.0747062059
-0.1287945240 -0.0074310346 -0.2110700789 0.2086744811 -0.1026280722 0.2000366388 -0.1975787306 0.1221373809 -0.1977918323 0.1679171157 -0.2429631599 -0.1740392958 0.1572110002 0.0521092964
-0.1037805158 0.0143292472 -0.1856308020 0.1842624761 -0.0802620958 0.1769519321 -0.1737918900 0.0997486028 -0.1734553862 0.1440194649 -0.2169728112 -0.1485465999 0.1335679552 0.0290848971
-0.0783114384 0.0365133172 -0.1596380686 0.1592549406 -0.0573623470 0.1532252990 -0.1493977660 0.0767990230 -0.1485357029 0.1195620717 -0.1904072029 -0.1225547567 0.1093692739 0.0056285074
-0.0523834442 0.0591261614 -0.1330859219 0.1336444260 -0.0339216839 0.1288475423 -0.1243883140 0.0532809028 -0.1230255704 0.0945380209 -0.1632602236 -0.0960592095 0.0846079986 -0.0182643737
-0.0259926855 0.0821727657 -0.1059684052 0.1074234833 -0.0099329642 0.1038094648 -0.0987554892 0.0291865033 -0.0969177766 0.0689403970 -0.1355257619 -0.0690554018 0.0592771715 -0.0425982470
0.0008646855 0.1056581162 -0.0782795616 0.0805846637 0.0146109543 0.0781018693 -0.0724912466 0.0045080856 -0.0702051096 0.0427622847 -0.1071977065 -0.0415387773 0.0333698346 -0.0673776133
0.0281925163 0.1295871989 -0.0500134343 0.0531205185 0.0397172136 0.0517155587 -0.0455875415 -0.0207620891 -0.0428803573 0.0159967686 -0.0782699459 -0.0135047795 0.0068790303 -0.0926069735
0.0559946546 0.1539649997 -0.0211640665 0.0250235988 0.0653929559 0.0246413358 -0.0180363289 -0.0466317596 -0.0149363079 -0.0113630667 -0.0487363686 0.0150511482 -0.0202021993 -0.1182908284
0.0842749481 0.1787965048 0.0082744987 -0.0037135443 0.0916453233 -0.0031299966 0.0101704358 -0.0731086648 0.0136342508 -0.0393241364 -0.0185908633 0.0441335622 -0.0478808119 -0.1444336789
0.1130372445 0.2040867002 0.0383082181 -0.0330983595 0.1184814582 -0.0316076356 0.0390407975 -0.1002005435 0.0428385307 -0.0678933561 0.0121726814 0.0737470189 -0.0761637655 -0.1710400258
0.1422853913 0.2298405717 0.0689430484 -0.0631382957 0.1459085024 -0.0608007785 0.0685828011 -0.1279151346 0.0726837438 -0.0970776410 0.0435603770 0.1038960748 -0.1050580179 -0.1981143699
0.1720232364 0.2560631056 0.1001849466 -0.0938408017 0.1739335983 -0.0907186224 0.0988044914 -0.1562601768 0.1031771020 -0.1268839065 0.0755783348 0.1345852864 -0.1345705267 -0.2256612122
0.2022546273 0.2827592877 0.1320398693 -0.1252133263 0.2025638880 -0.1213703644 0.1297139132 -0.1852434090 0.1343258175 -0.1573190680 0.1082326663 0.1658192102 -0.1647082499 -0.2536850534
0.2329834117 0.3099341041 0.1645137735 -0.1572633184 0.2318065136 -0.1527652018 0.1613191114 -0.2148725701 0.1661371021 -0.1883900408 0.1415294830 0.1976024026 -0.1954781453 -0.2821903944
0.2642134372 0.3375925408 0.1976126160 -0.1899982267 0.2616686173 -0.1849123317 0.1936281307 -0.2451553989 0.1986181679 -0.2201037403 0.1754748961 0.2299394201 -0.2268871707 -0.3111817360
0.2959485517 0.3657395838 0.2313423535 -0.2234255001 0.2921573412 -0.2178209513 0.2266490161 -0.2760996342 0.2317762269 -0.2524670819 0.2100750171 0.2628348191 -0.2589422838 -0.3406635791
0.3281926026 0.3943802192 0.2657089430 -0.2575525875 0.3232798275 -0.2515002577 0.2603898122 -0.3077130149 0.2656184910 -0.2854869810 0.2453359575 0.2962931562 -0.2916504425 -0.3706404245
0.3609494377 0.4235194329 0.3007183411 -0.2923869376 0.3550432183 -0.2859594481 0.2948585641 -0.3400032798 0.3001521723 -0.3191703528 0.2812638286 0.3303189878 -0.3250186046 -0.4011167731
0.3942229046 0.4531622109 0.3363765048 -0.3279359993 0.3874546558 -0.3212077197 0.3300633164 -0.3729781677 0.3353844827 -0.3535241128 0.3178647418 0.3649168703 -0.3590537279 -0.4320971256
0.4280168510 0.4833135393 0.3726893909 -0.3642072214 0.4205212821 -0.3572542697 0.3660121140 -0.4066454175 0.3713226342 -0.3885551763 0.3551448087 0.4000913603 -0.3937627703 -0.4635859831
0.4623351246 0.5139784041 0.4096629561 -0.4012080526 0.4542502394 -0.3941082953 0.4027130018 -0.4410127681 0.4079738389 -0.4242704587 0.3931101405 0.4358470141 -0.4291526894 -0.4955878462
0.4971815730 0.5451617914 0.4473031572 -0.4389459420 0.4886486699 -0.4317789935 0.4401740245 -0.4760879582 0.4453453088 -0.4606768753 0.4317668487 0.4721883884 -0.4652304433 -0.5281072158
0.5325600440 0.5768686870 0.4856159512 -0.4774283382 0.5237237156 -0.4702755616 0.4784032271 -0.5118787266 0.4834442557 -0.4977813416 0.4711210447 0.5091200395 -0.5020029895 -0.5611485929
0.5684743851 0.6091040770 0.5246072949 -0.5166626900 0.5594825188 -0.5096071968 0.5174086543 -0.5483928124 0.5222778918 -0.5355907729 0.5111788399 0.5466465238 -0.5394772861 -0.5947164781
0.6049284440 0.6418729475 0.5642831449 -0.5566564464 0.5959322216 -0.5497830962 0.5571983509 -0.5856379541 0.5618534289 -0.5741120845 0.5519463458 0.5847723980 -0.5776602907 -0.6288153725
0.6419260684 0.6751802845 0.6046494583 -0.5974170562 0.6330799661 -0.5908124570 0.5977803619 -0.6236218908 0.6021780792 -0.6133521918 0.5934296737 0.6235022184 -0.6165589613 -0.6634497767
0.6794711059 0.7090310739 0.6457121917 -0.6389519681 0.6709328945 -0.6327044763 0.6391627319 -0.6623523613 0.6432590545 -0.6533180102 0.6356349350 0.6628405415 -0.6561802555 -0.6986241917
0.7175674043 0.7434303018 0.6874773020 -0.6812686310 0.7094981489 -0.6754683514 0.6813535059 -0.7018371043 0.6851035670 -0.6940164551 0.6785682413 0.7027919238 -0.6965311313 -0.7343431183
0.7562188112 0.7783829542 0.7299507460 -0.7243744937 0.7487828716 -0.7191132794 0.7243607287 -0.7420838587 0.7277188285 -0.7354544417 0.7222357038 0.7433609217 -0.7376185463 -0.7706110573
