-0.8549927558 -0.7379436529 -0.8865670046 0.8097456547 -0.7095913567 -0.8796450396 -0.7617674460 0.9997585967 -0.7589796487 -0.9011631373 -0.9199055080 -0.7901659161 0.9784139110 0.7980682887
-0.8535090982 -0.7355445414 -0.8854273235 0.8071694615 -0.7091819879 -0.8794562403 -0.7599143687 0.9999063857 -0.7587148795 -0.9010221848 -0.9199016670 -0.7894580748 0.9782152454 0.7959860012
-0.8520389644 -0.7332016910 -0.8842921758 0.8046039912 -0.7088970799 -0.8793007909 -0.7581182630 0.9999872141 -0.7585502167 -0.9009035748 -0.9199130773 -0.7888209832 0.9779934025 0.7939340088
-0.8505803700 -0.7309126918 -0.8831596295 0.8020475702 -0.7087326972 -0.8791760878 -0.7563765742 1.0000000000 -0.7584820598 -0.9008048594 -0.9199373654 -0.7882515960 0.9777466408 0.7919102190
-0.8491313307 -0.7286751339 -0.8820277526 0.7994985247 -0.7086849045 -0.8790795272 -0.7546867477 0.9999436616 -0.7585068085 -0.9007235906 -0.9199721574 -0.7877468681 0.9774732191 0.7899125390
-0.8476898619 -0.7264866073 -0.8808946130 0.7969551809 -0.7087497663 -0.8790085057 -0.7530462287 0.9998171171 -0.7586208622 -0.9006573204 -0.9200150797 -0.7873037542 0.9771713958 0.7879388761
-0.8462539792 -0.7243447023 -0.8797582787 0.7944158650 -0.7089233472 -0.8789604194 -0.7514524627 0.9996192846 -0.7588206206 -0.9006036009 -0.9200637583 -0.7869192091 0.9768394296 0.7859871379
-0.8448216984 -0.7222470088 -0.8786168176 0.7918789033 -0.7092017117 -0.8789326647 -0.7499028949 0.9993490824 -0.7591024831 -0.9005599841 -0.9201158197 -0.7865901877 0.9764755791 0.7840552315
-0.8433910350 -0.7201911171 -0.8774682977 0.7893426220 -0.7095809244 -0.8789226380 -0.7483949708 0.9990054287 -0.7594628494 -0.9005240219 -0.9201688901 -0.7863136447 0.9760781028 0.7821410644
-0.8419600045 -0.7181746172 -0.8763107870 0.7868053474 -0.7100570498 -0.8789277356 -0.7469261356 0.9985872416 -0.7598981188 -0.9004932666 -0.9202205957 -0.7860865349 0.9756452594 0.7802425438
-0.8405266225 -0.7161950993 -0.8751423534 0.7842654057 -0.7106261526 -0.8789453538 -0.7454938347 0.9980934392 -0.7604046911 -0.9004652700 -0.9202685628 -0.7859058131 0.9751753074 0.7783575772
-0.8390889047 -0.7142501534 -0.8739610648 0.7817211231 -0.7112842973 -0.8789728890 -0.7440955135 0.9975229399 -0.7609789657 -0.9004375843 -0.9203104176 -0.7857684341 0.9746665055 0.7764840720
-0.8376448667 -0.7123373698 -0.8727649893 0.7791708258 -0.7120275485 -0.8790077376 -0.7427286172 0.9968746617 -0.7616173423 -0.9004077614 -0.9203437865 -0.7856713527 0.9741171123 0.7746199354
-0.8361925240 -0.7104543384 -0.8715521947 0.7766128402 -0.7128519707 -0.8790472958 -0.7413905913 0.9961475229 -0.7623162202 -0.9003733534 -0.9203662956 -0.7856115237 0.9735253863 0.7727630748
-0.8347298922 -0.7085986494 -0.8703207490 0.7740454924 -0.7137536285 -0.8790889600 -0.7400788811 0.9953404417 -0.7630719991 -0.9003319124 -0.9203755712 -0.7855859019 0.9728895861 0.7709113975
-0.8332549869 -0.7067678930 -0.8690687202 0.7714671087 -0.7147285865 -0.8791301265 -0.7387909318 0.9944523362 -0.7638810785 -0.9002809903 -0.9203692396 -0.7855914421 0.9722079704 0.7690628110
-0.8317658238 -0.7049596592 -0.8677941762 0.7688760153 -0.7157729092 -0.8791681917 -0.7375241890 0.9934821245 -0.7647398580 -0.9002181392 -0.9203449271 -0.7856250990 0.9714787976 0.7672152225
-0.8302604183 -0.7031715381 -0.8664951850 0.7662705385 -0.7168826612 -0.8792005519 -0.7362760978 0.9924287250 -0.7656447371 -0.9001409112 -0.9203002598 -0.7856838275 0.9707003266 0.7653665394
-0.8287367862 -0.7014011199 -0.8651698145 0.7636490045 -0.7180539071 -0.8792246035 -0.7350441036 0.9912910558 -0.7665921154 -0.9000468582 -0.9202328641 -0.7857645823 0.9698708157 0.7635146691
-0.8271929429 -0.6996459947 -0.8638161327 0.7610097394 -0.7192827115 -0.8792377428 -0.7338256519 0.9900680350 -0.7675783924 -0.8999335323 -0.9201403663 -0.7858643183 0.9689885236 0.7616575189
-0.8256269042 -0.6979037525 -0.8624322075 0.7583510697 -0.7205651388 -0.8792373661 -0.7326181879 0.9887585809 -0.7685999676 -0.8997984856 -0.9200203925 -0.7859799902 0.9680517090 0.7597929962
-0.8240366855 -0.6961719836 -0.8610161070 0.7556713214 -0.7218972537 -0.8792208698 -0.7314191569 0.9873616116 -0.7696532406 -0.8996392700 -0.9198705690 -0.7861085529 0.9670586303 0.7579190083
-0.8224203025 -0.6944482780 -0.8595658990 0.7529688209 -0.7232751207 -0.8791856502 -0.7302260043 0.9858760453 -0.7707346109 -0.8994534377 -0.9196885221 -0.7862469611 0.9660075463 0.7560334626
-0.8207757708 -0.6927302258 -0.8580796515 0.7502418944 -0.7246948045 -0.8791291037 -0.7290361755 0.9843008002 -0.7718404781 -0.8992385406 -0.9194718781 -0.7863921696 0.9648967154 0.7541342664
-0.8191011059 -0.6910154171 -0.8565554325 0.7474888681 -0.7261523695 -0.8790486266 -0.7278471158 0.9826347945 -0.7729672418 -0.8989921307 -0.9192182631 -0.7865411332 0.9637243963 0.7522193270
-0.8173943234 -0.6893014421 -0.8549913099 0.7447080682 -0.7276438804 -0.8789416152 -0.7266562706 0.9808769464 -0.7741113014 -0.8987117602 -0.9189253036 -0.7866908068 0.9624888476 0.7502865519
-0.8156534390 -0.6875858909 -0.8533853516 0.7418978210 -0.7291654017 -0.8788054658 -0.7254610851 0.9790261740 -0.7752690565 -0.8983949810 -0.9185906256 -0.7868381450 0.9611883279 0.7483338484
-0.8138764683 -0.6858663535 -0.8517356257 0.7390564528 -0.7307129979 -0.8786375749 -0.7242590047 0.9770813956 -0.7764369067 -0.8980393452 -0.9182118555 -0.7869801027 0.9598210958 0.7463591238
-0.8120614268 -0.6841404202 -0.8500402001 0.7361822897 -0.7322827337 -0.8784353387 -0.7230474749 0.9750415293 -0.7776112516 -0.8976424048 -0.9177866196 -0.7871136348 0.9583854098 0.7443602854
-0.8102063300 -0.6824056809 -0.8482971426 0.7332736580 -0.7338706736 -0.8781961536 -0.7218239408 0.9729054933 -0.7787884905 -0.8972017118 -0.9173125441 -0.7872356959 0.9568795286 0.7423352407
