-0.6241983776 -0.5960243801 -0.4976105064 0.6067160993 -0.5507611878 0.9637903537 -0.5156518084 0.5229013442 -0.4560012056 0.7549122832 -0.4649100575 -0.5006688323 0.6110000379 0.4551108056
-0.6139875964 -0.5857736084 -0.4888650848 0.5970447976 -0.5421967992 0.9600328990 -0.5072078028 0.5145256972 -0.4474124184 0.7454718162 -0.4553869464 -0.4918861411 0.6017260989 0.4457378722
-0.6036025319 -0.5753557264 -0.4799580643 0.5871984618 -0.5334576006 0.9559621125 -0.4985951831 0.5059791737 -0.4386692279 0.7358167563 -0.4457173916 -0.4829415937 0.5922720241 0.4362189948
-0.5930418264 -0.5647694370 -0.4708876493 0.5771754741 -0.5245415799 0.9515726706 -0.4898119652 0.4972597391 -0.4297698651 0.7259452163 -0.4359000500 -0.4738334050 0.5826359947 0.4265527826
-0.5823041223 -0.5540134429 -0.4616520443 0.5669742169 -0.5154467254 0.9468592498 -0.4808561652 0.4883653590 -0.4207125607 0.7158553093 -0.4259335789 -0.4645597899 0.5728161922 0.4167378443
-0.5713880621 -0.5430864470 -0.4522494538 0.5565930723 -0.5061710251 0.9418165264 -0.4717257991 0.4792939990 -0.4114955458 0.7055451485 -0.4158166351 -0.4551189632 0.5628107979 0.4067727890
-0.5602922881 -0.5319871520 -0.4426780823 0.5460304227 -0.4967124671 0.9364391767 -0.4624188830 0.4700436246 -0.4021170513 0.6950128467 -0.4055478759 -0.4455091400 0.5526179931 0.3966562258
-0.5490154428 -0.5207142608 -0.4329361344 0.5352846504 -0.4870690394 0.9307218774 -0.4529334327 0.4606122015 -0.3925753079 0.6842565170 -0.3951259583 -0.4357285350 0.5422359590 0.3863867634
-0.5375561685 -0.5092664761 -0.4230218144 0.5243541375 -0.4772387303 0.9246593046 -0.4432674643 0.4509976950 -0.3828685467 0.6732742725 -0.3845495393 -0.4257753633 0.5316628771 0.3759630110
-0.5259131076 -0.4976425008 -0.4129333270 0.5132372663 -0.4672195277 0.9182461348 -0.4334189939 0.4411980709 -0.3729949984 0.6620642263 -0.3738172761 -0.4156478396 0.5208969287 0.3653835775
-0.5140849025 -0.4858410375 -0.4026688766 0.5019324192 -0.4570094197 0.9114770444 -0.4233860374 0.4312112947 -0.3629528940 0.6506244912 -0.3629278256 -0.4053441791 0.5099362951 0.3546470718
-0.5020701957 -0.4738607892 -0.3922266678 0.4904379783 -0.4466063946 0.9043467099 -0.4131666108 0.4210353318 -0.3527404645 0.6389531805 -0.3518798450 -0.3948625965 0.4987791576 0.3437521030
-0.4898676295 -0.4617004585 -0.3816049049 0.4787523260 -0.4360084402 0.8968498075 -0.4027587302 0.4106681480 -0.3423559406 0.6270484070 -0.3406719913 -0.3842013067 0.4874236976 0.3326972800
-0.4774758463 -0.4493587483 -0.3708017926 0.4668738444 -0.4252135448 0.8889810137 -0.3921604116 0.4001077086 -0.3317975532 0.6149082840 -0.3293029215 -0.3733585247 0.4758680963 0.3214812118
-0.4648934885 -0.4368343614 -0.3598155354 0.4548009160 -0.4142196964 0.8807350050 -0.3813696709 0.3893519794 -0.3210635334 0.6025309243 -0.3177712929 -0.3623324654 0.4641105351 0.3101025073
-0.4521191985 -0.4241260006 -0.3486443377 0.4425319229 -0.4030248832 0.8721064576 -0.3703845242 0.3783989258 -0.3101521119 0.5899144410 -0.3060757623 -0.3511213437 0.4521491954 0.2985597756
-0.4391516188 -0.4112323686 -0.3372864040 0.4300652474 -0.3916270931 0.8630900480 -0.3592029875 0.3672465134 -0.2990615196 0.5770569472 -0.2942149870 -0.3397233744 0.4399822584 0.2868516256
-0.4259893916 -0.3981521683 -0.3257399389 0.4173992717 -0.3800243144 0.8536804526 -0.3478230767 0.3558927078 -0.2877899875 0.5639565559 -0.2821876239 -0.3281367726 0.4276079055 0.2749766663
-0.4126311595 -0.3848841024 -0.3140031468 0.4045323782 -0.3682145350 0.8438723477 -0.3362428080 0.3443354745 -0.2763357465 0.5506113801 -0.2699923302 -0.3163597532 0.4150243180 0.2629335066
-0.3990755647 -0.3714268738 -0.3020742323 0.3914629491 -0.3561957431 0.8336604099 -0.3244601973 0.3325727791 -0.2646970273 0.5370195329 -0.2576277628 -0.3043905309 0.4022296773 0.2507207556
-0.3853212498 -0.3577791852 -0.2899513998 0.3781893667 -0.3439659268 0.8230393154 -0.3124732605 0.3206025871 -0.2528720610 0.5231791273 -0.2450925789 -0.2922273208 0.3892221646 0.2383370221
-0.3713668570 -0.3439397394 -0.2776328539 0.3647100131 -0.3315230742 0.8120037407 -0.3002800138 0.3084228641 -0.2408590784 0.5090882763 -0.2323854355 -0.2798683377 0.3759999613 0.2257809153
-0.3572110289 -0.3299072392 -0.2651167990 0.3510232708 -0.3188651733 0.8005483621 -0.2878784732 0.2960315757 -0.2286563104 0.4947450930 -0.2195049898 -0.2673117967 0.3625612487 0.2130510440
-0.3428524077 -0.3156803874 -0.2524014397 0.3371275219 -0.3059902123 0.7886678561 -0.2752666546 0.2834266874 -0.2162619879 0.4801476904 -0.2064498987 -0.2545559124 0.3489042082 0.2001460172
-0.3282896360 -0.3012578868 -0.2394849805 0.3230211488 -0.2928961792 0.7763568991 -0.2624425740 0.2706061647 -0.2036743419 0.4652941816 -0.1932188193 -0.2415989000 0.3350270210 0.1870644439
-0.3135213560 -0.2866384402 -0.2263656258 0.3087025336 -0.2795810622 0.7636101675 -0.2494042474 0.2575679733 -0.1908916031 0.4501826796 -0.1798104088 -0.2284389743 0.3209278686 0.1738049331
-0.2985462102 -0.2718207503 -0.2130415803 0.2941700587 -0.2660428493 0.7504223375 -0.2361496910 0.2443100786 -0.1779120025 0.4348112973 -0.1662233241 -0.2150743502 0.3066049321 0.1603660938
-0.2833628410 -0.2568035201 -0.1995110482 0.2794221063 -0.2522795285 0.7367880858 -0.2226769206 0.2308304463 -0.1647337709 0.4191781480 -0.1524562223 -0.2015032426 0.2920563930 0.1467465348
-0.2679698907 -0.2415854521 -0.1857722343 0.2644570587 -0.2382890881 0.7227020886 -0.2089839523 0.2171270418 -0.1513551394 0.4032813445 -0.1385077606 -0.1877238664 0.2772804326 0.1329448653
-0.2523660019 -0.2261652494 -0.1718233429 0.2492732981 -0.2240695161 0.7081590223 -0.1950688021 0.2031978308 -0.1377743387 0.3871190000 -0.1243765959 -0.1737344365 0.2622752322 0.1189596941
