0.1709399488 0.2460679510 0.1103517192 -0.1601601346 0.1263322680 0.9777930856 0.1917819307 -0.1690346464 0.1712800847 0.2412892289 0.1759986322 0.3271692472 -0.2000823895 -0.1031065468
0.1929795300 0.2668986631 0.1327591116 -0.1806856815 0.1484428092 0.9831582711 0.2126207090 -0.1905648796 0.1915324770 0.2132921587 0.1964490957 0.3452496167 -0.2194715838 -0.1240551740
0.2152595053 0.2879048078 0.1554902315 -0.2015486121 0.1708652802 0.9878097866 0.2337260497 -0.2123642934 0.2121175541 0.1846611184 0.2172136988 0.3635094337 -0.2391894989 -0.1454168700
0.2377807937 0.3090864525 0.1785475071 -0.2227520877 0.1936019822 0.9917345641 0.2550998003 -0.2344345983 0.2330384675 0.1553898713 0.2382952183 0.3819497570 -0.2592394448 -0.1671960008
0.2605443141 0.3304436649 0.2019333662 -0.2442992696 0.2166552161 0.9949195355 0.2767438078 -0.2567775050 0.2542983687 0.1254721808 0.2596964313 0.4005716459 -0.2796247316 -0.1893969324
0.2835509854 0.3519765122 0.2256502369 -0.2661933190 0.2400272831 0.9973516328 0.2986599195 -0.2793947238 0.2759004094 0.0949018103 0.2814201144 0.4193761593 -0.3003486693 -0.2120240309
0.3068017267 0.3736850621 0.2497005471 -0.2884373974 0.2637204842 0.9990177880 0.3208499826 -0.3022879655 0.2978477410 0.0636725230 0.3034690447 0.4383643564 -0.3214145680 -0.2350816620
0.3302974568 0.3955693820 0.2740867249 -0.3110346660 0.2877371203 0.9999049330 0.3433158442 -0.3254589405 0.3201435152 0.0317780824 0.3258459989 0.4575372963 -0.3428257377 -0.2585741919
0.3540390947 0.4176295394 0.2988111982 -0.3339882861 0.3120794926 1.0000000000 0.3660593516 -0.3489093594 0.3427908835 -0.0007877483 0.3485537540 0.4768960380 -0.3645854885 -0.2825059865
0.3780275594 0.4398656017 0.3238763951 -0.3573014190 0.3367499022 0.9992899208 0.3890823521 -0.3726409327 0.3657929974 -0.0340312056 0.3715950867 0.4964416407 -0.3866971305 -0.3068814118
0.4022637697 0.4622776365 0.3492847435 -0.3809772261 0.3617506500 0.9977616275 0.4123866927 -0.3966553710 0.3891530086 -0.0679585263 0.3949727741 0.5161751633 -0.4091639738 -0.3317048337
0.4267486446 0.4848657112 0.3750386714 -0.4050188685 0.3870840370 0.9954020520 0.4359742207 -0.4209543848 0.4128740685 -0.1025759470 0.4186895930 0.5360976650 -0.4319893283 -0.3569806182
0.4514831032 0.5076298933 0.4011406068 -0.4294295076 0.4127523645 0.9921981263 0.4598467833 -0.4455396847 0.4369593287 -0.1378897043 0.4427483201 0.5562102048 -0.4551765042 -0.3827131314
0.4764680642 0.5305702502 0.4275929777 -0.4542123047 0.4387579333 0.9881367824 0.4840062278 -0.4704129812 0.4614119408 -0.1739060349 0.4671517325 0.5765138419 -0.4787288115 -0.4089067391
0.5017044467 0.5536868494 0.4543982122 -0.4793704211 0.4651030446 0.9832049523 0.5084544012 -0.4955759849 0.4862350564 -0.2106311756 0.4919026070 0.5970096353 -0.5026495603 -0.4355658074
0.5271931697 0.5769797585 0.4815587381 -0.5049070182 0.4917899994 0.9773895680 0.5331931509 -0.5210304063 0.5114318269 -0.2480713628 0.5170037204 0.6176986442 -0.5269420606 -0.4626947021
0.5529351520 0.6004490449 0.5090769834 -0.5308252571 0.5188210987 0.9706775614 0.5582243240 -0.5467779559 0.5370054040 -0.2862328333 0.5424578497 0.6385819275 -0.5516096225 -0.4902977894
0.5789313126 0.6240947760 0.5369553763 -0.5571282992 0.5461986436 0.9630558646 0.5835497678 -0.5728203444 0.5629589392 -0.3251218238 0.5682677717 0.6596605443 -0.5766555560 -0.5183794351
0.6051825704 0.6479170194 0.5651963446 -0.5838193059 0.5739249352 0.9545114095 0.6091713294 -0.5991592822 0.5892955841 -0.3647445708 0.5944362632 0.6809355538 -0.6020831713 -0.5469440053
0.6316898444 0.6719158426 0.5938023164 -0.6109014383 0.6020022744 0.9450311282 0.6350908560 -0.6257964799 0.6160184902 -0.4051073112 0.6209661012 0.7024080151 -0.6278957784 -0.5759958659
0.6584540536 0.6960913129 0.6227757196 -0.6383778579 0.6304329624 0.9346019525 0.6613101949 -0.6527336480 0.6431308091 -0.4462162814 0.6478600626 0.7240789871 -0.6540966873 -0.6055393829
0.6854761168 0.7204434979 0.6521189822 -0.6662517258 0.6592193001 0.9232108146 0.6878311932 -0.6799724972 0.6706356924 -0.4880777182 0.6751209241 0.7459495290 -0.6806892081 -0.6355789223
0.7127569531 0.7449724650 0.6818345323 -0.6945262035 0.6883635887 0.9108446463 0.7146556982 -0.7075147379 0.6985362915 -0.5306978582 0.7027514627 0.7680206999 -0.7076766509 -0.6661188500
0.7402974813 0.7696782818 0.7119247978 -0.7232044522 0.7178681291 0.8974903797 0.7417855571 -0.7353620807 0.7268357581 -0.5740829381 0.7307544553 0.7902935589 -0.7350623257 -0.6971635320
0.7680986204 0.7945610157 0.7423922067 -0.7522896332 0.7477352225 0.8831349467 0.7692226171 -0.7635162361 0.7555372437 -0.6182391945 0.7591326786 0.8127691649 -0.7628495426 -0.7287173343
0.7961612895 0.8196207342 0.7732391871 -0.7817849077 0.7779671698 0.8677652794 0.7969687253 -0.7919789147 0.7846438999 -0.6631728641 0.7878889097 0.8354485772 -0.7910416116 -0.7607846229
0.8244864073 0.8448575047 0.8044681668 -0.8116934372 0.8085662721 0.8513683097 0.8250257290 -0.8207518270 0.8141588782 -0.7088901836 0.8170259253 0.8583328548 -0.8196418428 -0.7933697637
0.8530748928 0.8702713948 0.8360815739 -0.8420183829 0.8395348305 0.8339309696 0.8533954754 -0.8498366836 0.8440853302 -0.7553973895 0.8465465024 0.8814230568 -0.8486535463 -0.8264771227
0.8819276651 0.8958624719 0.8680818364 -0.8727629061 0.8708751460 0.8154401911 0.8820798117 -0.8792351951 0.8744264074 -0.8027007187 0.8764534178 0.9047202422 -0.8780800322 -0.8601110659
0.9110456430 0.9216308035 0.9004713822 -0.9039301681 0.9025895196 0.7958829062 0.9110805851 -0.9089490719 0.9051852615 -0.8508064076 0.9067494484 0.9282254701 -0.9079246104 -0.8942759592
