-0.9943405096 -0.7172675525 -0.8682659244 0.7126301701 -0.9606835900 -0.8147342626 -0.6949988092 0.9419402691 -0.9939601173 -0.8795139185 -0.8203007428 -0.9880115752 0.9998858678 0.7766792056
-0.9932807250 -0.7161906457 -0.8654721379 0.7102935143 -0.9612811103 -0.8136578825 -0.6925133079 0.9393790643 -0.9952354904 -0.8788996880 -0.8174743389 -0.9854546713 1.0000000000 0.7732443223
-0.9921206525 -0.7152050096 -0.8626325093 0.7080193845 -0.9618604084 -0.8126121092 -0.6900975715 0.9367319919 -0.9963640536 -0.8782873405 -0.8146311343 -0.9826568425 0.9999880816 0.7698045160
-0.9908581919 -0.7143049705 -0.8597445897 0.7058031576 -0.9624171186 -0.8115923794 -0.6877469062 0.9339972393 -0.9973439816 -0.8776726464 -0.8117681619 -0.9796195876 0.9998481897 0.7663568553
-0.9894912428 -0.7134848544 -0.8568059304 0.7036402102 -0.9629468752 -0.8105941298 -0.6854566181 0.9311729937 -0.9981734493 -0.8770513761 -0.8088824549 -0.9763444055 0.9995784012 0.7628984090
-0.9880177049 -0.7127389877 -0.8538140827 0.7015259191 -0.9634453122 -0.8096127973 -0.6832220133 0.9282574426 -0.9988506314 -0.8764192998 -0.8059710462 -0.9728327950 0.9991767931 0.7594262460
-0.9864354779 -0.7120616965 -0.8507665978 0.6994556611 -0.9639080641 -0.8086438185 -0.6810383980 0.9252487733 -0.9993737027 -0.8757721880 -0.8030309690 -0.9690862549 0.9986414424 0.7559374351
-0.9847424614 -0.7114473068 -0.8476610270 0.6974248128 -0.9643307650 -0.8076826302 -0.6789010784 0.9221451730 -0.9997408381 -0.8751058110 -0.8000592563 -0.9651062841 0.9979704260 0.7524290450
-0.9829365551 -0.7108901451 -0.8444949215 0.6954287512 -0.9647090491 -0.8067246692 -0.6768053605 0.9189448293 -0.9999502122 -0.8744159392 -0.7970529412 -0.9608943813 0.9971618211 0.7488981445
-0.9810156586 -0.7103845373 -0.8412658326 0.6934628528 -0.9650385507 -0.8057653721 -0.6747465505 0.9156459293 -1.0000000000 -0.8736983430 -0.7940090568 -0.9564520455 0.9962137045 0.7453418025
-0.9789776716 -0.7099248097 -0.8379713116 0.6915224944 -0.9653149041 -0.8048001757 -0.6727199545 0.9122466605 -0.9998883762 -0.8729487928 -0.7909246360 -0.9517807755 0.9951241533 0.7417570877
-0.9768204939 -0.7095052884 -0.8346089096 0.6896030529 -0.9655337434 -0.8038245169 -0.6707208787 0.9087452102 -0.9996135155 -0.8721630588 -0.7877967120 -0.9468820700 0.9938912444 0.7381410689
-0.9745420249 -0.7091202997 -0.8311761779 0.6876999049 -0.9656907029 -0.8028338322 -0.6687446293 0.9051397658 -0.9991735929 -0.8713369115 -0.7846223179 -0.9417574279 0.9925130548 0.7344908150
-0.9721401645 -0.7087641697 -0.8276706678 0.6858084272 -0.9657814168 -0.8018235585 -0.6667865124 0.9014285146 -0.9985667830 -0.8704661212 -0.7813984867 -0.9364083482 0.9909876615 0.7308033946
-0.9696128122 -0.7084312247 -0.8240899305 0.6839239965 -0.9658015194 -0.8007891324 -0.6648418340 0.8976096439 -0.9977912607 -0.8695464584 -0.7781222514 -0.9308363295 0.9893131415 0.7270758767
-0.9669578678 -0.7081157906 -0.8204315174 0.6820419895 -0.9657466449 -0.7997259908 -0.6629059004 0.8936813411 -0.9968452007 -0.8685736933 -0.7747906451 -0.9250428707 0.9874875718 0.7233053300
-0.9641732309 -0.7078121939 -0.8166929795 0.6801577831 -0.9656124275 -0.7986295704 -0.6609740177 0.8896417935 -0.9957267779 -0.8675435963 -0.7714007010 -0.9190294707 0.9855090294 0.7194888232
-0.9612568011 -0.7075147605 -0.8128718682 0.6782667540 -0.9653945015 -0.7974953080 -0.6590414921 0.8854891885 -0.9944341670 -0.8664519379 -0.7679494520 -0.9127976283 0.9833755912 0.7156234253
-0.9582064782 -0.7072178168 -0.8089657348 0.6763642788 -0.9650885011 -0.7963186402 -0.6571036296 0.8812217134 -0.9929655429 -0.8652944883 -0.7644339312 -0.9063488423 0.9810853343 0.7117062049
-0.9550201617 -0.7069156889 -0.8049721304 0.6744457345 -0.9646900606 -0.7950950038 -0.6551557364 0.8768375556 -0.9913190803 -0.8640670179 -0.7608511717 -0.8996846116 0.9786363356 0.7077342310
-0.9516957514 -0.7066027029 -0.8008886064 0.6725064976 -0.9641948141 -0.7938198356 -0.6531931187 0.8723349024 -0.9894929540 -0.8627652972 -0.7571982065 -0.8928064350 0.9760266721 0.7037045722
-0.9482311469 -0.7062731851 -0.7967127139 0.6705419450 -0.9635983960 -0.7924885722 -0.6512110826 0.8677119412 -0.9874853389 -0.8613850964 -0.7534720687 -0.8857158114 0.9732544209 0.6996142973
-0.9446242479 -0.7059214615 -0.7924420043 0.6685474534 -0.9628964403 -0.7910966506 -0.6492049343 0.8629668593 -0.9852944096 -0.8599221860 -0.7496697914 -0.8784142395 0.9703176588 0.6954604753
-0.9408729540 -0.7055418585 -0.7880740288 0.6665183995 -0.9620845815 -0.7896395073 -0.6471699798 0.8580978441 -0.9829183410 -0.8583723362 -0.7457884077 -0.8709032182 0.9672144629 0.6912401748
-0.9369751649 -0.7051287022 -0.7836063386 0.6644501601 -0.9611584537 -0.7881125791 -0.6451015254 0.8531030828 -0.9803553080 -0.8567313175 -0.7418249505 -0.8631842463 0.9639429102 0.6869504646
-0.9329287803 -0.7046763187 -0.7790364850 0.6623381120 -0.9601136912 -0.7865113029 -0.6429948771 0.8479807629 -0.9776034851 -0.8549949003 -0.7377764531 -0.8552588227 0.9605010776 0.6825884136
-0.9287316999 -0.7041790343 -0.7743620192 0.6601776318 -0.9589459281 -0.7848311152 -0.6408453412 0.8427290717 -0.9746610474 -0.8531588549 -0.7336399483 -0.8471284462 0.9568870421 0.6781510906
-0.9243818232 -0.7036311750 -0.7695804925 0.6579640964 -0.9576507988 -0.7830674529 -0.6386482237 0.8373461965 -0.9715261696 -0.8512189516 -0.7294124693 -0.8387946157 0.9530988808 0.6736355642
-0.9198770500 -0.7030270672 -0.7646894562 0.6556928825 -0.9562239374 -0.7812157527 -0.6363988308 0.8318303248 -0.9681970264 -0.8491709609 -0.7250910492 -0.8302588299 0.9491346706 0.6690389035
-0.9152152799 -0.7023610369 -0.7596864614 0.6533593668 -0.9546609782 -0.7792714514 -0.6340924686 0.8261796437 -0.9646717926 -0.8470106530 -0.7206727210 -0.8215225877 0.9449924885 0.6643581770
