-0.8982613543 -0.8742054297 -0.9939366699 0.9771727407 -0.9941218183 0.0163582321 -0.9938652571 0.9984762991 -0.9760944172 0.8930052586 -0.9813284971 -0.9910201017 0.9704791809 0.9649693427
-0.9028488212 -0.8805748335 -0.9920531554 0.9699110406 -0.9922825699 -0.0324053938 -0.9918844808 0.9979831145 -0.9684795237 0.8861152632 -0.9753742394 -0.9880103437 0.9610517194 0.9538779842
-0.9073429252 -0.8867796009 -0.9902343921 0.9628177648 -0.9904995592 -0.0797918076 -0.9899326948 0.9974944368 -0.9610361946 0.8795891627 -0.9695501418 -0.9849905914 0.9518251470 0.9430721127
-0.9117427473 -0.8928196646 -0.9884779519 0.9558897521 -0.9887704851 -0.1258140772 -0.9880080520 0.9970085556 -0.9537612784 0.8734207206 -0.9638534275 -0.9819597856 0.9427961535 0.9325473623
-0.9160473686 -0.8986949569 -0.9867814068 0.9491238410 -0.9870930466 -0.1704852707 -0.9861087050 0.9965237602 -0.9466516236 0.8676037002 -0.9582813197 -0.9789168673 0.9339614290 0.9222993670
-0.9202558701 -0.9044054106 -0.9851423289 0.9425168704 -0.9854649426 -0.2138184560 -0.9842328068 0.9960383401 -0.9397040786 0.8621318648 -0.9528310413 -0.9758607774 0.9253176632 0.9123237607
-0.9243673330 -0.9099509580 -0.9835582901 0.9360656788 -0.9838838721 -0.2558267012 -0.9823785101 0.9955505847 -0.9329154918 0.8569989777 -0.9474998157 -0.9727904567 0.9168615463 0.9026161776
-0.9283808382 -0.9153315318 -0.9820268625 0.9297671051 -0.9823475340 -0.2965230743 -0.9805439676 0.9950587836 -0.9262827117 0.8521988024 -0.9422848658 -0.9697048463 0.9085897680 0.8931722517
-0.9322954668 -0.9205470643 -0.9805456180 0.9236179879 -0.9808536274 -0.3359206433 -0.9787273323 0.9945612261 -0.9198025866 0.8477251021 -0.9371834148 -0.9666028870 0.9004990184 0.8839876169
-0.9361102998 -0.9255974883 -0.9791121288 0.9176151660 -0.9793998510 -0.3740324763 -0.9769267568 0.9940562018 -0.9134719652 0.8435716403 -0.9321926859 -0.9634835198 0.8925859874 0.8750579073
-0.9398244184 -0.9304827361 -0.9777239667 0.9117554779 -0.9779839040 -0.4108716411 -0.9751403940 0.9935420000 -0.9072876957 0.8397321801 -0.9273099021 -0.9603456855 0.8848473650 0.8663787570
-0.9434369036 -0.9352027403 -0.9763787039 0.9060357625 -0.9766034852 -0.4464512060 -0.9733663967 0.9930169102 -0.9012466267 0.8362004851 -0.9225322867 -0.9571883252 0.8772798410 0.8579457999
-0.9469468364 -0.9397574334 -0.9750739122 0.9004528583 -0.9752562936 -0.4807842388 -0.9716029177 0.9924792219 -0.8953456065 0.8329703185 -0.9178570626 -0.9540103796 0.8698801054 0.8497546701
-0.9503532978 -0.9441467480 -0.9738071637 0.8950036042 -0.9739400282 -0.5138838075 -0.9698481097 0.9919272246 -0.8895814837 0.8300354436 -0.9132814531 -0.9508107898 0.8626448481 0.8418010015
-0.9536553690 -0.9483706165 -0.9725760305 0.8896848388 -0.9726523879 -0.5457629803 -0.9681001256 0.9913592076 -0.8839511066 0.8273896239 -0.9088026813 -0.9475884966 0.8555707592 0.8340804284
-0.9568521310 -0.9524289716 -0.9713780845 0.8844934009 -0.9713910716 -0.5764348251 -0.9663571181 0.9907734604 -0.8784513237 0.8250266226 -0.9044179703 -0.9443424410 0.8486545285 0.8265885845
-0.9599426649 -0.9563217456 -0.9702108978 0.8794261290 -0.9701537784 -0.6059124099 -0.9646172401 0.9901682725 -0.8730789835 0.8229402031 -0.9001245432 -0.9410715638 0.8418928459 0.8193211041
-0.9629260516 -0.9600488712 -0.9690720422 0.8744798620 -0.9689382071 -0.6342088027 -0.9628786443 0.9895419334 -0.8678309344 0.8211241288 -0.8959196232 -0.9377748061 0.8352824015 0.8122736211
-0.9658013724 -0.9636102808 -0.9679590900 0.8696514385 -0.9677420567 -0.6613370716 -0.9611394836 0.9888927324 -0.8627040248 0.8195721629 -0.8918004334 -0.9344511087 0.8288198851 0.8054417695
-0.9685677081 -0.9670059071 -0.9668696130 0.8649376971 -0.9665630262 -0.6873102845 -0.9593979106 0.9882189591 -0.8576951032 0.8182780689 -0.8877641968 -0.9310994126 0.8225019867 0.7988211834
-0.9712241399 -0.9702356824 -0.9658011833 0.8603354768 -0.9653988145 -0.7121415095 -0.9576520783 0.9875189029 -0.8528010180 0.8172356101 -0.8838081367 -0.9277186586 0.8163253962 0.7924074967
-0.9737697488 -0.9732995394 -0.9647513728 0.8558416160 -0.9642471206 -0.7358438146 -0.9559001395 0.9867908533 -0.8480186177 0.8164385498 -0.8799294762 -0.9243077877 0.8102868035 0.7861963436
-0.9762036159 -0.9761974105 -0.9637177536 0.8514529535 -0.9631056434 -0.7584302678 -0.9541402468 0.9860330996 -0.8433447507 0.8158806513 -0.8761254384 -0.9208657407 0.8043828987 0.7801833580
-0.9785248222 -0.9789292283 -0.9626978978 0.8471663281 -0.9619720820 -0.7799139371 -0.9523705532 0.9852439314 -0.8387762654 0.8155556780 -0.8723932463 -0.9173914588 0.7986103716 0.7743641739
-0.9807324488 -0.9814949253 -0.9616893772 0.8429785783 -0.9608441351 -0.8003078906 -0.9505892113 0.9844216381 -0.8343100104 0.8154573933 -0.8687301232 -0.9138838826 0.7929659122 0.7687344255
-0.9828255768 -0.9838944340 -0.9606897639 0.8388865430 -0.9597195018 -0.8196251962 -0.9487943741 0.9835645092 -0.8299428339 0.8155795605 -0.8651332922 -0.9103419532 0.7874462104 0.7632897467
-0.9848032872 -0.9861276870 -0.9596966300 0.8348870608 -0.9585958811 -0.8378789219 -0.9469841942 0.9826708341 -0.8256715845 0.8159159429 -0.8615999764 -0.9067646115 0.7820479561 0.7580257715
-0.9866646610 -0.9881946168 -0.9587075474 0.8309769704 -0.9574709719 -0.8550821359 -0.9451568246 0.9817389022 -0.8214931107 0.8164603039 -0.8581273989 -0.9031507983 0.7767678394 0.7529381340
-0.9884087793 -0.9900951558 -0.9577200881 0.8271531106 -0.9563424731 -0.8712479060 -0.9433104179 0.9807670031 -0.8174042608 0.8172064068 -0.8547127828 -0.8994994547 0.7716025500 0.7480224681
-0.9900347232 -0.9918292366 -0.9567318241 0.8234123199 -0.9552080837 -0.8863893003 -0.9414431270 0.9797534261 -0.8134018833 0.8181480150 -0.8513533513 -0.8958095216 0.7665487781 0.7432744080
