0.1093135272 0.1291290190 0.0936227425 -0.1957293823 -0.1018621690 -0.0123615110 0.0867436854 -0.1152773761 -0.0844559603 -0.0031620193 -0.0053247550 -0.0164887606 -0.0543324123 -0.1353078981
0.1282121318 0.1470997808 0.1129265429 -0.2130900677 -0.0805855483 0.0084919162 0.1054775616 -0.1350301489 -0.0631736658 0.0176696867 0.0156403947 0.0039439885 -0.0747197692 -0.1535103367
0.1473750297 0.1653516657 0.1324962961 -0.2306743568 -0.0588824278 0.0296765060 0.1245121183 -0.1550013367 -0.0414874140 0.0388217654 0.0369226168 0.0247323168 -0.0953741001 -0.1719754510
0.1668042051 0.1838870836 0.1523339344 -0.2484839235 -0.0367488720 0.0511948619 0.1438499101 -0.1751920212 -0.0193936045 0.0602966647 0.0585242851 0.0458792696 -0.1162971463 -0.1907053337
0.1865016425 0.2027084444 0.1724413897 -0.2665204415 -0.0141809455 0.0730495877 0.1634934918 -0.1956032842 0.0031113631 0.0820968326 0.0804477734 0.0673878921 -0.1374906494 -0.2097020773
0.2064693264 0.2218181579 0.1928205940 -0.2847855846 0.0088252871 0.0952432871 0.1834454179 -0.2162362075 0.0260310893 0.1042247171 0.1026954553 0.0892612295 -0.1589563506 -0.2289677745
0.2267092410 0.2412186340 0.2134734795 -0.3032810265 0.0322737613 0.1177785637 0.2037082431 -0.2370918730 0.0493691747 0.1266827662 0.1252697046 0.1115023269 -0.1806959915 -0.2485045179
0.2472233708 0.2609122827 0.2344019781 -0.3220084411 0.0561684125 0.1406580211 0.2242845221 -0.2581713625 0.0731292195 0.1494734277 0.1481728950 0.1341142297 -0.2027113133 -0.2683144003
0.2680137003 0.2809015137 0.2556080219 -0.3409695020 0.0805131761 0.1638842630 0.2451768096 -0.2794757577 0.0973148243 0.1725991497 0.1714074004 0.1570999829 -0.2250040575 -0.2883995142
0.2890822138 0.3011887370 0.2770935429 -0.3601658830 0.1053119876 0.1874598932 0.2663876601 -0.3010061406 0.1219295896 0.1960623802 0.1949755943 0.1804626319 -0.2475759656 -0.3087619523
0.3104308957 0.3217763626 0.2988604733 -0.3795992579 0.1305687824 0.2113875151 0.2879196284 -0.3227635929 0.1469771157 0.2198655671 0.2188798507 0.2042052218 -0.2704287788 -0.3294038073
0.3320617305 0.3426668001 0.3209107449 -0.3992713005 0.1562874959 0.2356697326 0.3097752691 -0.3447491964 0.1724610032 0.2440111583 0.2431225431 0.2283307978 -0.2935642387 -0.3503271718
0.3539767025 0.3638624597 0.3432462900 -0.4191836845 0.1824720636 0.2603091492 0.3319571369 -0.3669640329 0.1983848525 0.2685016019 0.2677060454 0.2528424051 -0.3169840866 -0.3715341384
0.3761777962 0.3853657510 0.3658690405 -0.4393380836 0.2091264208 0.2853083687 0.3544677863 -0.3894091844 0.2247522640 0.2933393457 0.2926327313 0.2777430890 -0.3406900639 -0.3930267998
0.3986669960 0.4071790841 0.3887809285 -0.4597361717 0.2362545031 0.3106699946 0.3773097722 -0.4120857325 0.2515668383 0.3185268379 0.3179049745 0.3030358946 -0.3646839120 -0.4148072487
0.4214462862 0.4293048688 0.4119838860 -0.4803796225 0.2638602459 0.3363966307 0.4004856491 -0.4349947591 0.2788321757 0.3440665263 0.3435251488 0.3287238672 -0.3889673724 -0.4368775777
0.4445176513 0.4517455150 0.4354798450 -0.5012701098 0.2919475845 0.3624908806 0.4239979717 -0.4581373460 0.3065518767 0.3699608588 0.3694956279 0.3548100519 -0.4135421865 -0.4592398794
0.4678830757 0.4745034326 0.4592707377 -0.5224093073 0.3205204545 0.3889553480 0.4478492946 -0.4815145751 0.3347295418 0.3962122836 0.3958187856 0.3812974940 -0.4384100955 -0.4818962465
0.4915445437 0.4975810314 0.4833584960 -0.5437988888 0.3495827913 0.4157926364 0.4720421726 -0.5051275281 0.3633687715 0.4228232484 0.4224969956 0.4081892386 -0.4635728411 -0.5048487716
0.5155040399 0.5209807214 0.5077450521 -0.5654405280 0.3791385302 0.4430053497 0.4965791602 -0.5289772868 0.3924731661 0.4497962014 0.4495326317 0.4354883310 -0.4890321644 -0.5280995475
0.5397635486 0.5447049125 0.5324323378 -0.5873358988 0.4091916068 0.4705960914 0.5214628121 -0.5530649332 0.4220463262 0.4771335904 0.4769280675 0.4631978164 -0.5147898071 -0.5516506666
0.5643250542 0.5687560144 0.5574222854 -0.6094866748 0.4397459564 0.4985674652 0.5466956831 -0.5773915489 0.4520918521 0.5048378635 0.5046856769 0.4913207400 -0.5408475104 -0.5755042218
0.5891905411 0.5931364372 0.5827168268 -0.6318945299 0.4708055145 0.5269220748 0.5722803276 -0.6019582158 0.4826133444 0.5329114685 0.5328078335 0.5198601470 -0.5672070158 -0.5996623056
0.6143619937 0.6178485907 0.6083178941 -0.6545611378 0.5023742166 0.5556625238 0.5982193005 -0.6267660158 0.5136144035 0.5613568535 0.5612969111 0.5488190826 -0.5938700646 -0.6241270107
0.6398413965 0.6428948848 0.6342274194 -0.6774881723 0.5344559980 0.5847914159 0.6245151563 -0.6518160306 0.5450986299 0.5901764664 0.5901552835 0.5782005921 -0.6208383983 -0.6489004297
0.6656307338 0.6682777294 0.6604473346 -0.7006773071 0.5670547942 0.6143113548 0.6511704497 -0.6771093421 0.5770696240 0.6193727553 0.6193853244 0.6080077205 -0.6481137583 -0.6739846553
0.6917319901 0.6939995343 0.6869795718 -0.7241302159 0.6001745406 0.6442249441 0.6781877354 -0.7026470320 0.6095309862 0.6489481679 0.6489894076 0.6382435131 -0.6756978860 -0.6993817801
0.7181471497 0.7200627095 0.7138260631 -0.7478485727 0.6338191727 0.6745347874 0.7055695681 -0.7284301823 0.6424863171 0.6789051524 0.6789699067 0.6689110152 -0.7035925228 -0.7250938969
0.7448781971 0.7464696648 0.7409887405 -0.7718340510 0.6679926258 0.7052434885 0.7333185023 -0.7544598746 0.6759392170 0.7092461567 0.7093291955 0.7000132719 -0.7317994101 -0.7511230981
0.7719271166 0.7732228101 0.7684695361 -0.7960883248 0.7026988355 0.7363536509 0.7614370927 -0.7807371909 0.7098932865 0.7399736287 0.7400696478 0.7315533285 -0.7603202893 -0.7774714765
