-0.2739116998 -0.3340176465 -0.4228576880 0.2850072743 -0.1853765517 -0.2331807447 -0.3833069598 0.6258890108 -0.4559207083 -0.2334329436 -0.2010793416 -0.4020602793 0.2880434268 0.3597664857
-0.2609928085 -0.3197650102 -0.4108906550 0.2732439617 -0.1760362086 -0.2243834425 -0.3714630645 0.6130517572 -0.4420385881 -0.2188425964 -0.1919114118 -0.3897304781 0.2787955021 0.3499613586
-0.2479207716 -0.3053559696 -0.3987066541 0.2613063185 -0.1665178776 -0.2153840703 -0.3594134545 0.5999410951 -0.4279536064 -0.2044347695 -0.1825576740 -0.3771961025 0.2693341363 0.3399274413
-0.2346946602 -0.2907903543 -0.3863033938 0.2491925892 -0.1568186699 -0.2061791433 -0.3471559488 0.5865544279 -0.4136647691 -0.1902214340 -0.1730150474 -0.3644552049 0.2596558781 0.3296613051
-0.2213135451 -0.2760679936 -0.3736785824 0.2369010183 -0.1469356966 -0.1967651765 -0.3346883664 0.5728891590 -0.3991710822 -0.1762145611 -0.1632804516 -0.3515058375 0.2497572761 0.3191595213
-0.2077764973 -0.2611887169 -0.3608299284 0.2244298505 -0.1368660690 -0.1871386851 -0.3220085263 0.5589426917 -0.3844715516 -0.1624261220 -0.1533508057 -0.3383460524 0.2396348791 0.3084186611
-0.1940825877 -0.2461523537 -0.3477551400 0.2117773301 -0.1266068981 -0.1772961841 -0.3091142474 0.5447124296 -0.3695651833 -0.1488680879 -0.1432230293 -0.3249739020 0.2292852357 0.2974352960
-0.1802308871 -0.2309587333 -0.3344519257 0.1989417018 -0.1161552951 -0.1672341887 -0.2960033487 0.5301957760 -0.3544509831 -0.1355524301 -0.1328940416 -0.3113874385 0.2187048947 0.2862059970
-0.1662204667 -0.2156076851 -0.3209179939 0.1859212101 -0.1055083713 -0.1569492139 -0.2826736492 0.5153901343 -0.3391279572 -0.1224911196 -0.1223607620 -0.2975847142 0.2078904047 0.2747273356
-0.1520503971 -0.2000990385 -0.3071510529 0.1727140994 -0.0946632377 -0.1464377749 -0.2691229679 0.5002929079 -0.3235951113 -0.1096961277 -0.1116201099 -0.2835637813 0.1968383144 0.2629958830
-0.1377197495 -0.1844326230 -0.2931488111 0.1593186145 -0.0836170055 -0.1356963869 -0.2553491237 0.4849015002 -0.3078514516 -0.0971794255 -0.1006690046 -0.2693226920 0.1855451726 0.2510082104
-0.1232275946 -0.1686082680 -0.2789089769 0.1457329997 -0.0723667860 -0.1247215648 -0.2413499357 0.4692133145 -0.2918959838 -0.0849529843 -0.0895043655 -0.2548594987 0.1740075278 0.2387608892
-0.1085730035 -0.1526258028 -0.2644292587 0.1319554997 -0.0609096902 -0.1135098238 -0.2271232228 0.4532257544 -0.2757277139 -0.0730287752 -0.0781231120 -0.2401722535 0.1622219289 0.2262504906
-0.0937550470 -0.1364850568 -0.2497073649 0.1179843589 -0.0492428294 -0.1020576791 -0.2126668040 0.4369362232 -0.2593456480 -0.0614187694 -0.0665221633 -0.2252590087 0.1501849245 0.2134735859
-0.0787727961 -0.1201858595 -0.2347410039 0.1038178220 -0.0373633146 -0.0903616457 -0.1979784982 0.4203421243 -0.2427487918 -0.0501349382 -0.0546984389 -0.2101178165 0.1378930632 0.2004267463
-0.0636253217 -0.1037280402 -0.2195278840 0.0894541333 -0.0252682571 -0.0784182387 -0.1830561245 0.4034408610 -0.2259361515 -0.0391892527 -0.0426488582 -0.1947467293 0.1253428939 0.1871065432
-0.0483116947 -0.0871114284 -0.2040657136 0.0748915376 -0.0129547681 -0.0662239733 -0.1678975019 0.3862298369 -0.2089067329 -0.0285936840 -0.0303703404 -0.1791437992 0.1125309652 0.1735095479
-0.0328309861 -0.0703358535 -0.1883522011 0.0601282792 -0.0004199586 -0.0537753645 -0.1525004492 0.3687064553 -0.1916595420 -0.0183602035 -0.0178598050 -0.1633070786 0.0994538257 0.1596323315
-0.0171822667 -0.0534011448 -0.1723850549 0.0451626028 0.0123390601 -0.0410689275 -0.1368627855 0.3508681195 -0.1741935847 -0.0085007822 -0.0051141713 -0.1472346196 0.0861080242 0.1454714654
-0.0013646075 -0.0363071318 -0.1561619833 0.0299927529 0.0253251768 -0.0281011774 -0.1209823298 0.3327122331 -0.1565078669 0.0009726086 0.0078696414 -0.1309244745 0.0724901094 0.1310235209
0.0146229206 -0.0190536438 -0.1396806948 0.0146169740 0.0385412805 -0.0148686292 -0.1048569011 0.3142361994 -0.1386013947 0.0100479978 0.0210947136 -0.1143746955 0.0585966299 0.1162850692
0.0307812467 -0.0016405104 -0.1229388977 -0.0009664894 0.0519902599 -0.0013677982 -0.0884843183 0.2954374218 -0.1204731739 0.0187134141 0.0345641261 -0.0975833350 0.0444241345 0.1012526817
0.0471112998 0.0159324392 -0.1059343005 -0.0167593926 0.0656750039 0.0124048006 -0.0718624003 0.2763133036 -0.1021222106 0.0269568864 0.0482809594 -0.0805484451 0.0299691718 0.0859229295
0.0636140090 0.0336653756 -0.0886646114 -0.0327634913 0.0795984013 0.0264526522 -0.0549889663 0.2568612484 -0.0835475106 0.0347664435 0.0622482942 -0.0632680781 0.0152282906 0.0702923840
0.0802903035 0.0515584692 -0.0711275389 -0.0489805408 0.0937633409 0.0407792413 -0.0378618351 0.2370786595 -0.0647480799 0.0421301142 0.0764692111 -0.0457402863 0.0001980395 0.0543576164
0.0971411122 0.0696118908 -0.0533207913 -0.0654122966 0.1081727116 0.0553880528 -0.0204788258 0.2169629402 -0.0457229244 0.0490359273 0.0909467908 -0.0279631218 -0.0151250328 0.0381151981
0.1141673642 0.0878258108 -0.0352420771 -0.0820605142 0.1228294022 0.0702825717 -0.0028377572 0.1965114941 -0.0264710502 0.0554719116 0.1056841140 -0.0099346371 -0.0307443775 0.0215617003
0.1313699888 0.1062004000 -0.0168891047 -0.0989269490 0.1377363015 0.0854662829 0.0150635515 0.1757217245 -0.0069914631 0.0614260959 0.1206842612 0.0083471158 -0.0466634460 0.0046936942
0.1487499148 0.1247358289 0.0017404177 -0.1160133565 0.1528962985 0.1009426712 0.0332272814 0.1545910348 0.0127168310 0.0668865090 0.1359503131 0.0268840845 -0.0628856896 -0.0124922488
0.1663080714 0.1434322681 0.0206487816 -0.1333214922 0.1683122818 0.1167152215 0.0516556136 0.1331168284 0.0326548260 0.0718411798 0.1514853504 0.0456782168 -0.0794145596 -0.0299995574
