-0.9928321828 -0.9906548297 -0.9900463968 0.9834986108 -0.9873321092 -0.9914137750 -0.9800223875 0.9256712790 -0.9881665391 -0.9783241695 -0.9911224719 -0.9943864641 0.9884011906 0.9956828211
-0.9894492178 -0.9860002151 -0.9851762531 0.9755063055 -0.9811700700 -0.9871560683 -0.9811730018 0.9271572237 -0.9824577361 -0.9676744101 -0.9868923912 -0.9915963652 0.9896363735 0.9936090371
-0.9861971328 -0.9813567835 -0.9803754351 0.9676832138 -0.9751203030 -0.9829209088 -0.9822972364 0.9286607199 -0.9768847392 -0.9571482458 -0.9827983892 -0.9888163158 0.9908032582 0.9915898392
-0.9830736156 -0.9767239371 -0.9756426080 0.9600270512 -0.9691810595 -0.9787075043 -0.9833943294 0.9301804188 -0.9714454389 -0.9467442950 -0.9788381830 -0.9860455186 0.9919016182 0.9896237646
-0.9800763544 -0.9721010778 -0.9709764368 0.9525355332 -0.9633505905 -0.9745150621 -0.9844635188 0.9317149716 -0.9661377262 -0.9364611763 -0.9750094900 -0.9832831762 0.9929312269 0.9877093501
-0.9772030371 -0.9674876078 -0.9663755869 0.9452063753 -0.9576271470 -0.9703427901 -0.9855040428 0.9332630295 -0.9609594918 -0.9262975079 -0.9713100274 -0.9805284914 0.9938918578 0.9858451327
-0.9744513518 -0.9628829291 -0.9618387235 0.9380372932 -0.9520089802 -0.9661898956 -0.9865151394 0.9348232435 -0.9559086264 -0.9162519085 -0.9677375125 -0.9777806667 0.9947832844 0.9840296494
-0.9718189866 -0.9582864437 -0.9573645118 0.9310260023 -0.9464943411 -0.9620555864 -0.9874960466 0.9363942649 -0.9509830207 -0.9063229963 -0.9642896627 -0.9750389049 0.9956052800 0.9822614372
-0.9693036294 -0.9536975537 -0.9529516169 0.9241702182 -0.9410814809 -0.9579390700 -0.9884460026 0.9379747447 -0.9461805655 -0.8965093898 -0.9609641950 -0.9723024086 0.9963576182 0.9805390330
-0.9669029683 -0.9491156612 -0.9485987041 0.9174676563 -0.9357686507 -0.9538395539 -0.9893642453 0.9395633342 -0.9414991517 -0.8868097075 -0.9577588269 -0.9695703805 0.9970400724 0.9788609738
-0.9646146914 -0.9445401681 -0.9443044387 0.9109160323 -0.9305541016 -0.9497562459 -0.9902500129 0.9411586845 -0.9369366698 -0.8772225678 -0.9546712756 -0.9668420231 0.9976524160 0.9772257966
-0.9624364866 -0.9399704766 -0.9400674857 0.9045130616 -0.9254360846 -0.9456883534 -0.9911025435 0.9427594468 -0.9324910107 -0.8677465891 -0.9516992584 -0.9641165393 0.9981944225 0.9756320384
-0.9603660420 -0.9354059887 -0.9358865105 0.8982564598 -0.9204128509 -0.9416350840 -0.9919210751 0.9443642722 -0.9281600652 -0.8583803899 -0.9488404925 -0.9613931316 0.9986658654 0.9740782361
-0.9584010457 -0.9308461064 -0.9317601782 0.8921439424 -0.9154826516 -0.9375956454 -0.9927048457 0.9459718118 -0.9239417240 -0.8491225885 -0.9460926953 -0.9586710028 0.9990665182 0.9725629267
-0.9565391856 -0.9262902318 -0.9276871541 0.8861732249 -0.9106437377 -0.9335692451 -0.9934530935 0.9475807169 -0.9198338778 -0.8399718035 -0.9434535839 -0.9559493554 0.9993961542 0.9710846471
-0.9547781499 -0.9217377670 -0.9236661033 0.8803420229 -0.9058943604 -0.9295550907 -0.9941650565 0.9491896385 -0.9158344173 -0.8309266532 -0.9409208757 -0.9532273921 0.9996545469 0.9696419344
-0.9531156265 -0.9171881140 -0.9196956912 0.8746480520 -0.9012327707 -0.9255523898 -0.9948399729 0.9507972278 -0.9119412335 -0.8219857562 -0.9384922880 -0.9505043156 0.9998414698 0.9682333255
-0.9515493035 -0.9126406748 -0.9157745827 0.8690890275 -0.8966572198 -0.9215603500 -0.9954770805 0.9524021361 -0.9081522169 -0.8131477307 -0.9361655379 -0.9477793286 0.9999566964 0.9668573574
-0.9500768689 -0.9080948515 -0.9119014433 0.8636626652 -0.8921659587 -0.9175781789 -0.9960756176 0.9540030144 -0.9044652584 -0.8044111953 -0.9339383428 -0.9450516337 1.0000000000 0.9655125671
-0.9486960108 -0.9035500462 -0.9080749381 0.8583666804 -0.8877572386 -0.9136050840 -0.9966348222 0.9555985138 -0.9008782487 -0.7957747684 -0.9318084200 -0.9423204336 0.9999711542 0.9641974915
-0.9474044171 -0.8990056609 -0.9042937323 0.8531987888 -0.8834293105 -0.9096402730 -0.9971539324 0.9571872856 -0.8973890786 -0.7872370684 -0.9297734868 -0.9395849309 0.9998699324 0.9629106676
-0.9461997760 -0.8944610976 -0.9005564912 0.8481567058 -0.8791804256 -0.9056829534 -0.9976321862 0.9587679810 -0.8939956388 -0.7787967138 -0.9278312603 -0.9368443283 0.9996961080 0.9616506324
-0.9450797754 -0.8899157585 -0.8968618798 0.8432381470 -0.8750088350 -0.9017323328 -0.9980688218 0.9603392509 -0.8906958200 -0.7704523229 -0.9259794579 -0.9340978285 0.9994494546 0.9604159228
-0.9440421035 -0.8853690455 -0.8932085636 0.8384408280 -0.8709127896 -0.8977876188 -0.9984630771 0.9618997467 -0.8874875131 -0.7622025143 -0.9242157969 -0.9313446340 0.9991297455 0.9592050758
-0.9430844481 -0.8808203607 -0.8895952076 0.8337624642 -0.8668905408 -0.8938480190 -0.9988141902 0.9634481195 -0.8843686088 -0.7540459063 -0.9225379944 -0.9285839477 0.9987367543 0.9580166284
-0.9422044975 -0.8762691061 -0.8860204770 0.8292007712 -0.8629403394 -0.8899127409 -0.9991213993 0.9649830204 -0.8813369977 -0.7459811174 -0.9209437679 -0.9258149721 0.9982702543 0.9568491176
-0.9413999395 -0.8717146839 -0.8824830372 0.8247534645 -0.8590604367 -0.8859809922 -0.9993839424 0.9665031005 -0.8783905708 -0.7380067661 -0.9194308346 -0.9230369100 0.9977300191 0.9557010803
-0.9406684622 -0.8671564961 -0.8789815532 0.8204182596 -0.8552490837 -0.8820519805 -0.9996010575 0.9680070111 -0.8755272187 -0.7301214707 -0.9179969117 -0.9202489639 0.9971158220 0.9545710535
-0.9400077538 -0.8625939446 -0.8755146904 0.8161928722 -0.8515045316 -0.8781249133 -0.9997719827 0.9694934033 -0.8727448322 -0.7223238497 -0.9166397165 -0.9174503365 0.9964274366 0.9534575742
-0.9394155021 -0.8580264317 -0.8720811138 0.8120750176 -0.8478250314 -0.8741989982 -0.9998959562 0.9709609282 -0.8700413020 -0.7146125215 -0.9153569663 -0.9146402305 0.9956646363 0.9523591793
