-0.1124438523 0.0310269571 -0.0406060380 0.0315637720 -0.0849708131 -0.1271525534 0.0178578873 0.1046358430 -0.1453397670 -0.0576862366 -0.1029722560 -0.0253331094 0.1296512739 0.2501601665
-0.0949262656 0.0462727129 -0.0247599819 0.0147539703 -0.0691162021 -0.1101337342 0.0349787339 0.0870695035 -0.1301464659 -0.0399839835 -0.0856206727 -0.0102121727 0.1138176055 0.2320725881
-0.0771879439 0.0617058960 -0.0086940504 -0.0022406289 -0.0530107797 -0.0928691900 0.0522419045 0.0692890987 -0.1146401750 -0.0221030957 -0.0680502463 0.0051395409 0.0977010874 0.2136846969
-0.0592275799 0.0773279957 0.0075936054 -0.0194209645 -0.0366521734 -0.0753570086 0.0696473875 0.0512934731 -0.0988172511 -0.0040431984 -0.0502596330 0.0207242986 0.0812987952 0.1949939948
-0.0410438662 0.0931405013 0.0241048341 -0.0367879758 -0.0200380106 -0.0575952779 0.0871951713 0.0330814712 -0.0826740515 0.0141960827 -0.0322474891 0.0365443675 0.0646078045 0.1759979841
-0.0226354957 0.1091449021 0.0408414845 -0.0543426016 -0.0031659190 -0.0395820860 0.1048852445 0.0146519373 -0.0662069331 0.0326151223 -0.0140124708 0.0526020147 0.0476251908 0.1566941669
-0.0040011611 0.1253426875 0.0578054053 -0.0720857812 0.0139664740 -0.0213155206 0.1227175954 -0.0039962839 -0.0494122530 0.0512142949 0.0044467656 0.0688995073 0.0303480298 0.1370800452
0.0148604449 0.1417353465 0.0749984453 -0.0900184534 0.0313615407 -0.0027936698 0.1406922124 -0.0228643481 -0.0322863682 0.0699939751 0.0231315638 0.0854391124 0.0127733969 0.1171531211
0.0339506296 0.1583243687 0.0924224533 -0.1081415574 0.0490216537 0.0159853785 0.1588090841 -0.0419534106 -0.0148256357 0.0889545372 0.0420432675 0.1022230970 -0.0051016321 0.0969108968
0.0532707002 0.1751112432 0.1100792779 -0.1264560322 0.0669491855 0.0350235365 0.1770681988 -0.0612646272 0.0029735874 0.1080963560 0.0611832205 0.1192537284 -0.0232799817 0.0763508745
0.0728219641 0.1920974593 0.1279707679 -0.1449628168 0.0851465084 0.0543227163 0.1954695450 -0.0807991532 0.0211149441 0.1274198059 0.0805527666 0.1365332735 -0.0417645764 0.0554705561
0.0926057284 0.2092845064 0.1460987720 -0.1636628503 0.1036159950 0.0738848298 0.2140131112 -0.1005581442 0.0396020773 0.1469252615 0.1001532493 0.1540639994 -0.0605583405 0.0342674439
0.1126233005 0.2266738737 0.1644651390 -0.1825570717 0.1223600176 0.0937117892 0.2326988857 -0.1205427557 0.0584386302 0.1666130973 0.1199860126 0.1718481733 -0.0796641985 0.0127390399
0.1328759876 0.2442670505 0.1830717176 -0.2016464202 0.1413809489 0.1138055065 0.2515268570 -0.1407541433 0.0776282454 0.1864836878 0.1400524000 0.1898880623 -0.0990850748 -0.0091171538
0.1533650970 0.2620655260 0.2019203566 -0.2209318346 0.1606811612 0.1341678939 0.2704970135 -0.1611934624 0.0971745662 0.2065374077 0.1603537554 0.2081859334 -0.1188238938 -0.0313036350
0.1740919360 0.2800707897 0.2210129047 -0.2404142541 0.1802630270 0.1548008635 0.2896093437 -0.1818618686 0.1170812354 0.2267746313 0.1808914225 0.2267440538 -0.1388835799 -0.0538229017
0.1950578118 0.2982843307 0.2403512106 -0.2600946178 0.2001289188 0.1757063272 0.3088638360 -0.2027605173 0.1373518960 0.2471957333 0.2016667449 0.2455646906 -0.1592670575 -0.0766774516
0.2162640317 0.3167076384 0.2599371231 -0.2799738646 0.2202812091 0.1968861972 0.3282604789 -0.2238905642 0.1579901909 0.2678010882 0.2226810665 0.2646501107 -0.1799772512 -0.0998697828
0.2377119030 0.3353422021 0.2797724909 -0.3000529336 0.2407222702 0.2183423856 0.3477992608 -0.2452531648 0.1789997632 0.2885910705 0.2439357309 0.2840025814 -0.2010170852 -0.1234023930
0.2594027330 0.3541895110 0.2998591628 -0.3203327639 0.2614544747 0.2400768044 0.3674801701 -0.2668494744 0.2003842558 0.3095660548 0.2654320820 0.3036243698 -0.2223894840 -0.1472777803
0.2813378289 0.3732510544 0.3201989875 -0.3408142945 0.2824801951 0.2620913658 0.3873031952 -0.2886806488 0.2221473116 0.3307264156 0.2871714633 0.3235177428 -0.2440973721 -0.1714984424
0.3035184979 0.3925283216 0.3407938137 -0.3614984644 0.3038018037 0.2843879817 0.4072683247 -0.3107478433 0.2442925736 0.3520725275 0.3091552187 0.3436849677 -0.2661436738 -0.1960668772
0.3259460475 0.4120228020 0.3616454902 -0.3823862127 0.3254216732 0.3069685644 0.4273755469 -0.3330522136 0.2668236849 0.3736047649 0.3313846919 0.3641283116 -0.2885313135 -0.2209855827
0.3486217848 0.4317359847 0.3827558657 -0.4034784785 0.3473421758 0.3298350258 0.4476248503 -0.3555949151 0.2897442883 0.3953235024 0.3538612266 0.3848500414 -0.3112632157 -0.2462570568
0.3715470171 0.4516693591 0.4041267890 -0.4247762008 0.3695656841 0.3529892781 0.4680162233 -0.3783771034 0.3130580268 0.4172291146 0.3765861666 0.4058524244 -0.3343423048 -0.2718837972
0.3947230517 0.4718244145 0.4257601088 -0.4462803185 0.3920945706 0.3764332333 0.4885496544 -0.4013999339 0.3367685434 0.4393219760 0.3995608555 0.4271377275 -0.3577715053 -0.2978683020
0.4181511958 0.4922026401 0.4476576738 -0.4679917709 0.4149312077 0.4001688035 0.5092251319 -0.4246645622 0.3608794810 0.4616024611 0.4227866371 0.4487082180 -0.3815537414 -0.3242130689
0.4418327567 0.5128055253 0.4698213328 -0.4899114969 0.4380779679 0.4241979009 0.5300426444 -0.4481721439 0.3853944827 0.4840709445 0.4462648552 0.4705661629 -0.4056919377 -0.3509205959
0.4657690418 0.5336345593 0.4922529345 -0.5120404355 0.4615372237 0.4485224374 0.5510021803 -0.4719238343 0.4103171914 0.5067278007 0.4699968535 0.4927138293 -0.4301890186 -0.3779933809
0.4899613582 0.5546912315 0.5149543277 -0.5343795259 0.4853113474 0.4731443251 0.5721037280 -0.4959207892 0.4356512500 0.5295734042 0.4939839756 0.5151534843 -0.4550479085 -0.4054339217
