-0.3655591291 -0.6126214302 -0.3784717637 0.5816919275 -0.5424129998 0.3224554136 -0.4737679895 0.3766137537 -0.3538562296 0.6256610819 -0.4892038250 -0.2963173152 0.3815585436 0.2356743590
-0.3539745189 -0.5938378385 -0.3616837886 0.5625220181 -0.5233484527 0.3048140292 -0.4549265539 0.3637124232 -0.3416712874 0.6089911036 -0.4689666041 -0.2824943732 0.3667905027 0.2211144374
-0.3418324219 -0.5744632518 -0.3444359957 0.5427904868 -0.5037503541 0.2867716189 -0.4355974783 0.3502725919 -0.3289498335 0.5916770038 -0.4482542539 -0.2682109914 0.3515187699 0.2061538740
-0.3291159958 -0.5544886520 -0.3267198004 0.5224895208 -0.4836112458 0.2683218659 -0.4157740200 0.3362793846 -0.3156761857 0.5737061227 -0.4270623914 -0.2534550547 0.3357314277 0.1907827048
-0.3158083981 -0.5339050207 -0.3085266182 0.5016113073 -0.4629236693 0.2494584533 -0.3954494363 0.3217179262 -0.3018346615 0.5550658003 -0.4053866337 -0.2382144481 0.3194165586 0.1749909658
-0.3018927864 -0.5127033398 -0.2898478646 0.4801480337 -0.4416801662 0.2301750642 -0.3746169843 0.3065733416 -0.2874095784 0.5357433769 -0.3832225979 -0.2224770565 0.3025622450 0.1587686929
-0.2873523182 -0.4908745911 -0.2706749550 0.4580918872 -0.4198732783 0.2104653818 -0.3532699215 0.2908307557 -0.2723852540 0.5157261926 -0.3605659011 -0.2062307648 0.2851565696 0.1421059222
-0.2721701511 -0.4684097564 -0.2509993048 0.4354350550 -0.3974955471 0.1903230892 -0.3314015050 0.2744752934 -0.2567460059 0.4950015876 -0.3374121603 -0.1894634579 0.2671876148 0.1249926896
-0.2563294426 -0.4452998174 -0.2308123296 0.4121697245 -0.3745395142 0.1697418695 -0.3090049922 0.2574920795 -0.2404761516 0.4735569021 -0.3137569925 -0.1721630208 0.2486434631 0.1074190312
-0.2398133503 -0.4215357560 -0.2101054446 0.3882880828 -0.3509977213 0.1487154059 -0.2860736403 0.2398662390 -0.2235600087 0.4513794761 -0.2895960150 -0.1543173384 0.2295121971 0.0893749829
-0.2226050318 -0.3971085539 -0.1888700655 0.3637823172 -0.3268627100 0.1272373816 -0.2626007066 0.2215828968 -0.2059818947 0.4284566500 -0.2649248448 -0.1359142957 0.2097818992 0.0708505807
-0.2046876445 -0.3720091930 -0.1670976076 0.3386446151 -0.3021270219 0.1053014796 -0.2385794484 0.2026271778 -0.1877261272 0.4047757638 -0.2397390988 -0.1169417775 0.1894406520 0.0518358605
-0.1860443461 -0.3462286550 -0.1447794864 0.3128671636 -0.2767831987 0.0829013832 -0.2140031229 0.1829842067 -0.1687770238 0.3803241578 -0.2140343943 -0.0973876688 0.1684765379 0.0323208585
-0.1666582940 -0.3197579218 -0.1219071173 0.2864421500 -0.2508237819 0.0600307753 -0.1888649875 0.1626391087 -0.1491189019 0.3550891720 -0.1878063483 -0.0772398545 0.1468776395 0.0122956105
-0.1465126459 -0.2925879750 -0.0984719158 0.2593617617 -0.2242413132 0.0366833393 -0.1631582994 0.1415770084 -0.1287360793 0.3290581467 -0.1610505778 -0.0564862195 0.1246320392 -0.0082498474
-0.1255905594 -0.2647097966 -0.0744652974 0.2316181857 -0.1970283343 0.0128527582 -0.1368763159 0.1197830308 -0.1076128734 0.3022184220 -0.1337627000 -0.0351146488 0.1017278197 -0.0293254793
-0.1038751919 -0.2361143682 -0.0498786774 0.2032036095 -0.1691773867 -0.0114672848 -0.1100122942 0.0972423009 -0.0857336018 0.2745573380 -0.1059383319 -0.0131130273 0.0781530633 -0.0509412491
-0.0813497010 -0.2067926717 -0.0247034714 0.1741102202 -0.1406810121 -0.0362831066 -0.0825594917 0.0739399435 -0.0630825821 0.2460622350 -0.0775730905 0.0095307601 0.0538958526 -0.0731071210
-0.0579972443 -0.1767356890 0.0010689052 0.1443302052 -0.1115317521 -0.0616010241 -0.0545111656 0.0498610834 -0.0396441317 0.2167204531 -0.0486625931 0.0328288285 0.0289442702 -0.0958330588
-0.0338009793 -0.1459344016 0.0274470370 0.1138557516 -0.0817221483 -0.0874273541 -0.0258605731 0.0249908456 -0.0154025684 0.1865193325 -0.0192024565 0.0567932928 0.0032863985 -0.1191290266
-0.0087440636 -0.1143797916 0.0544395086 0.0826790468 -0.0512447424 -0.1137684134 0.0033990283 -0.0006856450 0.0096577904 0.1554462133 0.0108117020 0.0814362683 -0.0230896800 -0.1430049884
0.0171903453 -0.0820628406 0.0820549044 0.0507922780 -0.0200920760 -0.1406305190 0.0332743815 -0.0271832635 0.0355526271 0.1234884357 0.0413842654 0.1067698699 -0.0501958828 -0.1674709083
0.0440190898 -0.0489745305 0.1103018090 0.0181876324 0.0117433094 -0.1680199877 0.0637722292 -0.0545168851 0.0622976242 0.0906333399 0.0725196166 0.1328062127 -0.0780441273 -0.1925367502
0.0717590123 -0.0151058430 0.1391888070 -0.0151427026 0.0442688720 -0.1959431363 0.0948993142 -0.0827013849 0.0899084640 0.0568682661 0.1042221387 0.1595574119 -0.1066463311 -0.2182124782
0.1004269554 0.0195522401 0.1687244829 -0.0492065398 0.0774920703 -0.2244062818 0.1266623790 -0.1117516379 0.1184008291 0.0221805543 0.1364962143 0.1870355824 -0.1360144116 -0.2445080562
0.1300397614 0.0550087369 0.1989174213 -0.0840116919 0.1114203625 -0.2534157409 0.1590681665 -0.1416825193 0.1477904018 -0.0134424552 0.1693462266 0.2152528394 -0.1661602863 -0.2714334483
0.1606142728 0.0912726658 0.2297762067 -0.1195659718 0.1460612072 -0.2829778305 0.1921234193 -0.1725089041 0.1780928646 -0.0500134223 0.2027765585 0.2442212980 -0.1970958728 -0.2989986185
0.1921673320 0.1283530448 0.2613094237 -0.1558771920 0.1814220626 -0.3130988676 0.2258348803 -0.2042456676 0.2093239000 -0.0875450068 0.2367915927 0.2739530731 -0.2288330885 -0.3272135308
0.2247157815 0.1662588922 0.2935256569 -0.1929531654 0.2175103872 -0.3437851689 0.2602092921 -0.2369076847 0.2414991903 -0.1260498686 0.2713957124 0.3044602799 -0.2613838508 -0.3560881492
0.2582764638 0.2049992263 0.3264334907 -0.2308017048 0.2543336393 -0.3750430513 0.2952533974 -0.2705098307 0.2746344181 -0.1655406674 0.3065933004 0.3357550334 -0.2947600774 -0.3856324378
