-1.0000000000 -0.7300396466 -0.8115060525 0.6996410155 -0.8201859909 -0.8436959905 -0.7101799169 0.8864974279 -0.6904423197 -0.8794555319 -0.9993180097 -0.6761201262 0.9552926594 0.9932971792
-0.9999591776 -0.7289988866 -0.8097250972 0.6981588276 -0.8221277372 -0.8435523745 -0.7083597102 0.8859995738 -0.6914917016 -0.8796058770 -0.9988740382 -0.6744068303 0.9544148627 0.9942570798
-0.9998361664 -0.7280392307 -0.8079541998 0.6967663162 -0.8241669958 -0.8434389814 -0.7066139335 0.8854954819 -0.6926999724 -0.8797707288 -0.9983152069 -0.6727926046 0.9534769595 0.9951592341
-0.9996273173 -0.7271543203 -0.8061887080 0.6954571674 -0.8262956878 -0.8433500016 -0.7049367236 0.8849802064 -0.6940583016 -0.8799444390 -0.9976387808 -0.6712710649 0.9524752124 0.9959990753
-0.9993289810 -0.7263377970 -0.8044239700 0.6942250672 -0.8285057346 -0.8432796255 -0.7033222172 0.8844488011 -0.6955578590 -0.8801213598 -0.9968420248 -0.6698358266 0.9514058835 0.9967720362
-0.9989375083 -0.7255833024 -0.8026553336 0.6930637016 -0.8307890573 -0.8432220434 -0.7017645510 0.8838963201 -0.6971898141 -0.8802958431 -0.9959222038 -0.6684805053 0.9502652352 0.9974735500
-0.9984492501 -0.7248844781 -0.8008781468 0.6919667566 -0.8331375772 -0.8431714459 -0.7002578617 0.8833178175 -0.6989453366 -0.8804622408 -0.9948765828 -0.6671987165 0.9490495298 0.9980990497
-0.9978605571 -0.7242349655 -0.7990877576 0.6909279183 -0.8355432157 -0.8431220232 -0.6987962861 0.8827083473 -0.7008155962 -0.8806149049 -0.9937024265 -0.6659840760 0.9477550297 0.9986439683
-0.9971677801 -0.7236284062 -0.7972795138 0.6899408725 -0.8379978938 -0.8430679658 -0.6973739608 0.8820629634 -0.7027917625 -0.8807481875 -0.9923970001 -0.6648301991 0.9463779972 0.9991037387
-0.9963672699 -0.7230584418 -0.7954487636 0.6889993054 -0.8404935330 -0.8430034640 -0.6959850225 0.8813767200 -0.7048650052 -0.8808564404 -0.9909575683 -0.6637307014 0.9449146947 0.9994737941
-0.9954553773 -0.7225187138 -0.7935908547 0.6880969029 -0.8430220543 -0.8429227083 -0.6946236081 0.8806446710 -0.7070264939 -0.8809340157 -0.9893813961 -0.6626791986 0.9433613844 0.9997495674
-0.9944284531 -0.7220028639 -0.7917011353 0.6872273510 -0.8455753792 -0.8428198891 -0.6932838541 0.8798618705 -0.7092673983 -0.8809752653 -0.9876657485 -0.6616693062 0.9417143288 0.9999264917
-0.9932828481 -0.7215045334 -0.7897749531 0.6863843358 -0.8481454288 -0.8426891967 -0.6919598974 0.8790233725 -0.7115788881 -0.8809745412 -0.9858078903 -0.6606946397 0.9399697901 1.0000000000
-0.9920149130 -0.7210173641 -0.7878076562 0.6855615432 -0.8507241244 -0.8425248215 -0.6906458746 0.8781242309 -0.7139521328 -0.8809261954 -0.9838050864 -0.6597488147 0.9381240307 0.9999655253
-0.9906209987 -0.7205349974 -0.7857945926 0.6847526593 -0.8533033872 -0.8423209540 -0.6893359224 0.8771594999 -0.7163783022 -0.8808245799 -0.9816546018 -0.6588254468 0.9361733129 0.9998185006
-0.9890974560 -0.7200510749 -0.7837311101 0.6839513700 -0.8558751385 -0.8420717844 -0.6880241775 0.8761242334 -0.7188485659 -0.8806640465 -0.9793537015 -0.6579181516 0.9341138991 0.9995543590
-0.9874406356 -0.7195592382 -0.7816125567 0.6831513614 -0.8584312996 -0.8417715033 -0.6867047768 0.8750134855 -0.7213540936 -0.8804389473 -0.9768996502 -0.6570205445 0.9319420516 0.9991685335
-0.9856468884 -0.7190531287 -0.7794342805 0.6823463194 -0.8609637916 -0.8414143010 -0.6853718568 0.8738223102 -0.7238860549 -0.8801436344 -0.9742897130 -0.6561262412 0.9296540327 0.9986564571
-0.9837125651 -0.7185263882 -0.7771916292 0.6815299301 -0.8634645359 -0.8409943679 -0.6840195543 0.8725457616 -0.7264356195 -0.8797724595 -0.9715211547 -0.6552288572 0.9272461048 0.9980135628
-0.9816340165 -0.7179726580 -0.7748799510 0.6806958795 -0.8659254537 -0.8405058944 -0.6826420060 0.8711788935 -0.7289939569 -0.8793197748 -0.9685912403 -0.6543220081 0.9247145301 0.9972352836
-0.9794075935 -0.7173855798 -0.7724945937 0.6798378536 -0.8683384663 -0.8399430708 -0.6812333486 0.8697167601 -0.7315522370 -0.8787799321 -0.9654972346 -0.6533993095 0.9220555711 0.9963170526
-0.9770296467 -0.7167587951 -0.7700309053 0.6789495384 -0.8706954948 -0.8393000877 -0.6797877188 0.8681544154 -0.7341016293 -0.8781472835 -0.9622364027 -0.6524543769 0.9192654901 0.9952543028
-0.9744965271 -0.7160859455 -0.7674842337 0.6780246198 -0.8729884606 -0.8385711353 -0.6782992534 0.8664869134 -0.7366333034 -0.8774161810 -0.9588060094 -0.6514808258 0.9163405494 0.9940424672
-0.9718045853 -0.7153606726 -0.7648499270 0.6770567840 -0.8752092849 -0.8377504040 -0.6767620891 0.8647093082 -0.7391384291 -0.8765809764 -0.9552033196 -0.6504722719 0.9132770113 0.9926769788
-0.9689501723 -0.7145766178 -0.7621233330 0.6760397168 -0.8773498890 -0.8368320844 -0.6751703625 0.8628166537 -0.7416081760 -0.8756360219 -0.9514255983 -0.6494223306 0.9100711382 0.9911532707
-0.9659296387 -0.7137274227 -0.7592997997 0.6749671044 -0.8794021940 -0.8358103666 -0.6735182105 0.8608040039 -0.7440337137 -0.8745756692 -0.9474701104 -0.6483246177 0.9067191924 0.9894667758
-0.9627393355 -0.7128067289 -0.7563746750 0.6738326326 -0.8813581214 -0.8346794412 -0.6717997696 0.8586664130 -0.7464062120 -0.8733942706 -0.9433341208 -0.6471727486 0.9032174362 0.9876129272
-0.9593756132 -0.7118081779 -0.7533433070 0.6726299876 -0.8832095922 -0.8334334986 -0.6700091767 0.8563989349 -0.7487168404 -0.8720861778 -0.9390148944 -0.6459603388 0.8995621320 0.9855871580
-0.9558348229 -0.7107254114 -0.7502010435 0.6713528553 -0.8849485278 -0.8320667291 -0.6681405684 0.8539966236 -0.7509567686 -0.8706457429 -0.9345096962 -0.6446810040 0.8957495422 0.9833849011
-0.9521133152 -0.7095520707 -0.7469432325 0.6699949218 -0.8865668495 -0.8305733231 -0.6661880814 0.8514545332 -0.7531171662 -0.8690673178 -0.9298157910 -0.6433283597 0.8917759290 0.9810015896
