-0.9351584931 -0.9263376074 -0.9483688618 0.9109420028 -0.8452050652 -0.9467239223 -0.9802344963 0.9699407604 -0.8752675910 -0.9466691317 -0.9576357652 -0.9519929522 0.9798188308 0.9028373435
-0.9282037411 -0.9183159249 -0.9429781222 0.9013079921 -0.8287455477 -0.9411405761 -0.9784172497 0.9669663500 -0.8620235393 -0.9411374122 -0.9529927451 -0.9470744010 0.9777994648 0.8922992002
-0.9214895414 -0.9105429361 -0.9378086272 0.8919894049 -0.8128987603 -0.9357813290 -0.9767328072 0.9641527248 -0.8492760262 -0.9358420880 -0.9484839750 -0.9423808624 0.9758813676 0.8820999716
-0.9150113641 -0.9030141746 -0.9328558734 0.8829809856 -0.7976558656 -0.9306416667 -0.9751774471 0.9614959210 -0.8370175132 -0.9307784351 -0.9441062292 -0.9379076848 0.9740613679 0.8722341861
-0.9087646791 -0.8957251739 -0.9281153574 0.8742774787 -0.7830080259 -0.9257170746 -0.9737474480 0.9589919744 -0.8252404619 -0.9259417296 -0.9398562822 -0.9336502168 0.9723362943 0.8626963722
-0.9027449563 -0.8886714678 -0.9235825758 0.8658736286 -0.7689464036 -0.9210030384 -0.9724390884 0.9566369210 -0.8139373340 -0.9213272474 -0.9357309083 -0.9296038068 0.9707029755 0.8534810584
-0.8969476658 -0.8818485900 -0.9192530252 0.8577641797 -0.7554621613 -0.9164950434 -0.9712486466 0.9544267967 -0.8031005911 -0.9169302645 -0.9317268819 -0.9257638033 0.9691582400 0.8445827731
-0.8913682775 -0.8752520739 -0.9151222020 0.8499438764 -0.7425464612 -0.9121885754 -0.9701724011 0.9523576376 -0.7927226947 -0.9127460570 -0.9278409773 -0.9221255547 0.9676989166 0.8359960449
-0.8860022613 -0.8688774533 -0.9111856029 0.8424074633 -0.7301904659 -0.9080791197 -0.9692066305 0.9504254795 -0.7827961064 -0.9087699009 -0.9240699690 -0.9186844095 0.9663218339 0.8277154022
-0.8808450873 -0.8627202619 -0.9074387244 0.8351496847 -0.7183853378 -0.9041621619 -0.9683476131 0.9486263586 -0.7733132880 -0.9049970721 -0.9204106314 -0.9154357162 0.9650238204 0.8197353735
-0.8758922253 -0.8567760332 -0.9038770631 0.8281652851 -0.7071222393 -0.9004331876 -0.9675916274 0.9469563106 -0.7642667008 -0.9014228467 -0.9168597387 -0.9123748233 0.9638017049 0.8120504873
-0.8711391453 -0.8510403009 -0.9004961156 0.8214490090 -0.6963923329 -0.8968876823 -0.9669349519 0.9454113716 -0.7556488067 -0.8980425007 -0.9134140655 -0.9094970791 0.9626523160 0.8046552721
-0.8665813174 -0.8455085987 -0.8972913784 0.8149956007 -0.6861867809 -0.8935211314 -0.9663738650 0.9439875775 -0.7474520670 -0.8948513100 -0.9100703860 -0.9067978323 0.9615724823 0.7975442562
-0.8622142114 -0.8401764602 -0.8942583480 0.8087998047 -0.6764967458 -0.8903290207 -0.9659046452 0.9426809643 -0.7396689436 -0.8918445506 -0.9068254746 -0.9042724311 0.9605590324 0.7907119683
-0.8580332973 -0.8350394190 -0.8913925211 0.8028563655 -0.6673133901 -0.8873068355 -0.9655235709 0.9414875680 -0.7322918979 -0.8890174987 -0.9036761058 -0.9019162242 0.9596087951 0.7841529368
-0.8540340451 -0.8300930088 -0.8886893942 0.7971600275 -0.6586278761 -0.8844500614 -0.9652269206 0.9404034245 -0.7253133916 -0.8863654301 -0.9006190539 -0.8997245599 0.9587185988 0.7778616901
-0.8502119247 -0.8253327632 -0.8861444639 0.7917055351 -0.6504313663 -0.8817541839 -0.9650109728 0.9394245697 -0.7187258862 -0.8838836209 -0.8976510932 -0.8976927868 0.9578852724 0.7718327567
-0.8465624061 -0.8207542159 -0.8837532267 0.7864876328 -0.6427150231 -0.8792146886 -0.9648720059 0.9385470398 -0.7125218434 -0.8815673470 -0.8947689982 -0.8958162533 0.9571056444 0.7660606652
-0.8430809593 -0.8163529005 -0.8815111792 0.7815010650 -0.6354700090 -0.8768270610 -0.9648062984 0.9377668705 -0.7066937248 -0.8794118846 -0.8919695433 -0.8940903078 0.9563765434 0.7605399440
-0.8397630542 -0.8121243506 -0.8794138180 0.7767405761 -0.6286874863 -0.8745867867 -0.9648101287 0.9370800979 -0.7012339920 -0.8774125095 -0.8892495027 -0.8925102989 0.9556947982 0.7552651215
-0.8366041608 -0.8080641000 -0.8774566396 0.7722009106 -0.6223586176 -0.8724893511 -0.9648797753 0.9364827579 -0.6961351065 -0.8755644978 -0.8866056510 -0.8910715750 0.9550572372 0.7502307263
-0.8335997490 -0.8041676821 -0.8756351406 0.7678768130 -0.6164745652 -0.8705302398 -0.9650115166 0.9359708865 -0.6913895300 -0.8738631255 -0.8840347624 -0.8897694845 0.9544606893 0.7454312868
-0.8307452889 -0.8004306308 -0.8739448175 0.7637630277 -0.6110264916 -0.8687049383 -0.9652016311 0.9355405196 -0.6869897241 -0.8723036685 -0.8815336114 -0.8885993760 0.9539019829 0.7408613316
-0.8280362503 -0.7968484796 -0.8723811670 0.7598542990 -0.6060055592 -0.8670089322 -0.9654463973 0.9351876933 -0.6829281503 -0.8708814030 -0.8790989723 -0.8875565979 0.9533779468 0.7365153890
-0.8254681032 -0.7934167622 -0.8709396855 0.7561453716 -0.6014029304 -0.8654377069 -0.9657420937 0.9349084434 -0.6791972703 -0.8695916049 -0.8767276195 -0.8866364987 0.9528854096 0.7323879875
-0.8230363176 -0.7901310122 -0.8696158697 0.7526309897 -0.5972097677 -0.8639867481 -0.9660849985 0.9346988060 -0.6757895457 -0.8684295501 -0.8744163274 -0.8858344268 0.9524211999 0.7284736557
-0.8207363635 -0.7869867632 -0.8684052161 0.7493058978 -0.5934172334 -0.8626515412 -0.9664713905 0.9345548170 -0.6726974381 -0.8673905148 -0.8721618704 -0.8851457307 0.9519821464 0.7247669221
-0.8185637108 -0.7839795490 -0.8673032213 0.7461648405 -0.5900164901 -0.8614275718 -0.9668975479 0.9344725123 -0.6699134091 -0.8664697748 -0.8699610228 -0.8845657589 0.9515650777 0.7212623150
-0.8165138294 -0.7811049030 -0.8663053818 0.7432025620 -0.5869987002 -0.8603103254 -0.9673597493 0.9344479279 -0.6674299202 -0.8656626063 -0.8678105590 -0.8840898598 0.9511668224 0.7179543630
-0.8145821894 -0.7783583591 -0.8654071942 0.7404138069 -0.5843550260 -0.8592952875 -0.9678542730 0.9344770999 -0.6652394332 -0.8649642851 -0.8657072534 -0.8837133819 0.9507842092 0.7148375945
