-0.9833185138 -0.9580806405 -0.8535480412 0.9085581492 -0.9989496757 0.9176966973 -0.8683030627 0.7798438423 -0.8328214740 0.8376283397 -0.9078339871 -0.9829578681 0.8883242443 0.9007221417
-0.9819437095 -0.9552845798 -0.8478514147 0.9048557514 -0.9984794022 0.9158506414 -0.8637909884 0.7715352989 -0.8260751792 0.8320254925 -0.9041964208 -0.9843741760 0.8829839788 0.8967296547
-0.9805028503 -0.9524172915 -0.8423165873 0.9012323856 -0.9979174963 0.9141998192 -0.8594738708 0.7635045624 -0.8194964509 0.8266655652 -0.9006467374 -0.9857539039 0.8776761282 0.8928274767
-0.9789935974 -0.9494770255 -0.8369379393 0.8976834800 -0.9972618593 0.9127366113 -0.8553449988 0.7557444817 -0.8130799046 0.8215412174 -0.8971801589 -0.9870932503 0.8723976460 0.8890108995
-0.9774136119 -0.9464620319 -0.8317098510 0.8942044632 -0.9965103929 0.9114533983 -0.8513976614 0.7482479062 -0.8068201559 0.8166451087 -0.8937919076 -0.9883884134 0.8671454856 0.8852752150
-0.9757605551 -0.9433705608 -0.8266267027 0.8907907635 -0.9956609986 0.9103425608 -0.8476251474 0.7410076851 -0.8007118204 0.8119698987 -0.8904772058 -0.9896355918 0.8619166006 0.8816157150
-0.9740320880 -0.9402008621 -0.8216828747 0.8874378093 -0.9947115781 0.9093964793 -0.8440207458 0.7340166675 -0.7947495136 0.8075082469 -0.8872312754 -0.9908309839 0.8567079443 0.8780276913
-0.9722258719 -0.9369511860 -0.8168727472 0.8841410291 -0.9936600328 0.9086075345 -0.8405777454 0.7272677027 -0.7889278511 0.8032528129 -0.8840493388 -0.9919707879 0.8515164703 0.8745064356
-0.9703395679 -0.9336197824 -0.8121907006 0.8808958512 -0.9925042644 0.9079681069 -0.8372894352 0.7207536399 -0.7832414484 0.7991962562 -0.8809266180 -0.9930512023 0.8463391321 0.8710472399
-0.9683708373 -0.9302049013 -0.8076311151 0.8776977039 -0.9912421743 0.9074705771 -0.8341491041 0.7144673283 -0.7776849211 0.7953312365 -0.8778583353 -0.9940684255 0.8411728831 0.8676453959
-0.9663173412 -0.9267047929 -0.8031883710 0.8745420159 -0.9898716642 0.9071073257 -0.8311500409 0.7084016171 -0.7722528849 0.7916504133 -0.8748397128 -0.9950186558 0.8360146768 0.8642961955
-0.9641767407 -0.9231177070 -0.7988568487 0.8714242153 -0.9883906357 0.9068707332 -0.8282855347 0.7025493555 -0.7669399552 0.7881464461 -0.8718659727 -0.9958980918 0.8308614666 0.8609949304
-0.9619466971 -0.9194418939 -0.7946309283 0.8683397306 -0.9867969902 0.9067531803 -0.8255488743 0.6969033926 -0.7617407476 0.7848119946 -0.8689323372 -0.9967029316 0.8257102061 0.8577368925
-0.9596248715 -0.9156756034 -0.7905049902 0.8652839903 -0.9850886293 0.9067470474 -0.8229333485 0.6914565778 -0.7566498777 0.7816397183 -0.8660340284 -0.9974293739 0.8205578487 0.8545173736
-0.9572089251 -0.9118170856 -0.7864734147 0.8622524227 -0.9832634547 0.9068447153 -0.8204322465 0.6862017603 -0.7516619610 0.7786222768 -0.8631662685 -0.9980736168 0.8154013479 0.8513316654
-0.9546965191 -0.9078645906 -0.7825305820 0.8592404562 -0.9813193678 0.9070385645 -0.8180388569 0.6811317891 -0.7467716132 0.7757523297 -0.8603242797 -0.9986318589 0.8102376572 0.8481750599
-0.9520853147 -0.9038163683 -0.7786708724 0.8562435192 -0.9792542703 0.9073209755 -0.8157464688 0.6762395136 -0.7419734497 0.7730225364 -0.8575032842 -0.9991002985 0.8050637300 0.8450428488
-0.9493729729 -0.8996706689 -0.7748886663 0.8532570402 -0.9770660636 0.9076843289 -0.8135483711 0.6715177830 -0.7372620862 0.7704255567 -0.8546985041 -0.9994751341 0.7998765198 0.8419303240
-0.9465571551 -0.8954257423 -0.7711783438 0.8502764475 -0.9747526494 0.9081210054 -0.8114378526 0.6669594464 -0.7326321382 0.7679540500 -0.8519051616 -0.9997525639 0.7946729801 0.8388327772
-0.9436355224 -0.8910798386 -0.7675342854 0.8472971695 -0.9723119293 0.9086233854 -0.8094082023 0.6625573530 -0.7280782213 0.7656006759 -0.8491184788 -0.9999287864 0.7894500643 0.8357455003
-0.9406057358 -0.8866312078 -0.7639508712 0.8443146346 -0.9697418047 0.9091838496 -0.8074527091 0.6583043522 -0.7235949510 0.7633580940 -0.8463336781 -1.0000000000 0.7842047260 0.8326637850
-0.9374654568 -0.8820780999 -0.7604224816 0.8413242712 -0.9670401773 0.9097947786 -0.8055646619 0.6541932930 -0.7191769429 0.7612189639 -0.8435459814 -0.9999624031 0.7789339186 0.8295829233
-0.9342123463 -0.8774187650 -0.7569434969 0.8383215078 -0.9642049486 0.9104485529 -0.8037373495 0.6502170246 -0.7148188126 0.7591759452 -0.8407506110 -0.9998121940 0.7736345956 0.8264982069
-0.9308440656 -0.8726514531 -0.7535082972 0.8353017727 -0.9612340201 0.9111375531 -0.8019640610 0.6463683964 -0.7105151757 0.7572216973 -0.8379427891 -0.9995455712 0.7683037105 0.8234049275
-0.9273582758 -0.8677744142 -0.7501112630 0.8322604943 -0.9581252935 0.9118541598 -0.8002380853 0.6426402575 -0.7062606476 0.7553488799 -0.8351177378 -0.9991587331 0.7629382166 0.8202983772
-0.9237526382 -0.8627858983 -0.7467467745 0.8291931010 -0.9548766703 0.9125907535 -0.7985527111 0.6390254571 -0.7020498441 0.7535501526 -0.8322706793 -0.9986478779 0.7575350676 0.8171738475
-0.9200248139 -0.8576841556 -0.7434092120 0.8260950213 -0.9514860520 0.9133397149 -0.7969012275 0.6355168443 -0.6978773805 0.7518181748 -0.8293968357 -0.9980092042 0.7520912169 0.8140266305
-0.9161724641 -0.8524674359 -0.7400929558 0.8229616834 -0.9479513403 0.9140934246 -0.7952769234 0.6321072685 -0.6937378726 0.7501456063 -0.8264914294 -0.9972389104 0.7466036179 0.8108520178
-0.9121932499 -0.8471339894 -0.7367923861 0.8197885159 -0.9442704367 0.9148442630 -0.7936730876 0.6287895789 -0.6896259358 0.7485251065 -0.8235496823 -0.9963331947 0.7410692241 0.8076453013
-0.9080848326 -0.8416820661 -0.7335018833 0.8165709472 -0.9404412427 0.9155846109 -0.7920830091 0.6255566245 -0.6855361858 0.7469493350 -0.8205668167 -0.9952882557 0.7354849891 0.8044017728
