-1.0000000000 -1.0000000000 -1.0000000000 1.0000000000 -1.0000000000 1.0000000000 -1.0000000000 1.0000000000 -1.0000000000 1.0000000000 -0.9931157609 -0.9996995339 1.0000000000 1.0000000000
-0.9967896803 -0.9968093349 -0.9975599484 0.9985408743 -0.9993435579 0.9845399773 -0.9971115074 0.9949225674 -0.9975490115 0.9930713377 -0.9933988834 -0.9996952129 0.9945517004 0.9950071987
-0.9936434484 -0.9936986457 -0.9951908850 0.9971376735 -0.9987149834 0.9694752264 -0.9942748640 0.9899317224 -0.9951413767 0.9863228274 -0.9936856041 -0.9996976973 0.9891986925 0.9901111730
-0.9905601117 -0.9906665498 -0.9928914636 0.9957891384 -0.9981132751 0.9548017714 -0.9914889923 0.9850261799 -0.9927760781 0.9797522474 -0.9939751242 -0.9997061746 0.9839396227 0.9853105093
-0.9875384779 -0.9877116644 -0.9906603378 0.9944940098 -0.9975374315 0.9405156365 -0.9887528150 0.9802046549 -0.9904520982 0.9733573762 -0.9942666447 -0.9997198324 0.9787731375 0.9806037940
-0.9845773544 -0.9848326068 -0.9884961616 0.9932510285 -0.9969864511 0.9266128458 -0.9860652546 0.9754658626 -0.9881684194 0.9671359922 -0.9945593669 -0.9997378581 0.9736978834 0.9759896132
-0.9816755487 -0.9820279944 -0.9863975886 0.9920589353 -0.9964593326 0.9130894236 -0.9834252337 0.9708085179 -0.9859240243 0.9610858738 -0.9948524918 -0.9997594393 0.9687125067 0.9714665535
-0.9788318683 -0.9792964443 -0.9843632726 0.9909164709 -0.9959550744 0.8999413938 -0.9808316748 0.9662313360 -0.9837178953 0.9552047995 -0.9951452206 -0.9997837636 0.9638156541 0.9670332010
-0.9760451208 -0.9766365738 -0.9823918674 0.9898223763 -0.9954726751 0.8871647808 -0.9782835007 0.9617330318 -0.9815490148 0.9494905477 -0.9954367543 -0.9998100183 0.9590059719 0.9626881422
-0.9733141136 -0.9740470002 -0.9804820268 0.9887753921 -0.9950111332 0.8747556086 -0.9757796338 0.9573123204 -0.9794163654 0.9439408969 -0.9957262941 -0.9998373912 0.9542821066 0.9584299634
-0.9706376543 -0.9715263409 -0.9786324045 0.9877742592 -0.9945694474 0.8627099014 -0.9733189967 0.9529679168 -0.9773189295 0.9385536254 -0.9960130412 -0.9998650696 0.9496427046 0.9542572509
-0.9680145504 -0.9690732130 -0.9768416543 0.9868177183 -0.9941466161 0.8510236834 -0.9709005120 0.9486985362 -0.9752556895 0.9333265116 -0.9962961966 -0.9998922411 0.9450864125 0.9501685910
-0.9654436093 -0.9666862339 -0.9751084300 0.9859045104 -0.9937416379 0.8396929787 -0.9685231024 0.9445028934 -0.9732256280 0.9282573341 -0.9965749614 -0.9999180932 0.9406118766 0.9461625701
-0.9629236386 -0.9643640208 -0.9734313853 0.9850333761 -0.9933535113 0.8287138114 -0.9661856903 0.9403797037 -0.9712277275 0.9233438712 -0.9968485369 -0.9999418135 0.9362177434 0.9422377745
-0.9604534459 -0.9621051910 -0.9718091740 0.9842030563 -0.9929812349 0.8180822058 -0.9638871984 0.9363276819 -0.9692609703 0.9185839014 -0.9971161241 -0.9999625894 0.9319026595 0.9383927906
-0.9580318385 -0.9599083618 -0.9702404499 0.9834122917 -0.9926238073 0.8077941860 -0.9616265493 0.9323455432 -0.9673243390 0.9139752031 -0.9973769241 -0.9999796085 0.9276652711 0.9346262046
-0.9556576240 -0.9577721504 -0.9687238667 0.9826598232 -0.9922802270 0.7978457761 -0.9594026655 0.9284320026 -0.9654168160 0.9095155547 -0.9976301381 -0.9999920582 0.9235042249 0.9309366030
-0.9533296100 -0.9556951742 -0.9672580783 0.9819443916 -0.9919494925 0.7882330003 -0.9572144696 0.9245857751 -0.9635373838 0.9052027346 -0.9978749671 -0.9999991263 0.9194181672 0.9273225719
-0.9510466040 -0.9536760504 -0.9658417383 0.9812647376 -0.9916306023 0.7789518827 -0.9550608842 0.9208055758 -0.9616850249 0.9010345214 -0.9981106124 -1.0000000000 0.9154057446 0.9237826979
-0.9488074133 -0.9517133963 -0.9644735006 0.9806196021 -0.9913225551 0.7699984476 -0.9529408319 0.9170901198 -0.9598587218 0.8970086933 -0.9983362750 -0.9999938670 0.9114656034 0.9203155672
-0.9466108457 -0.9498058291 -0.9631520189 0.9800077259 -0.9910243494 0.7613687190 -0.9508532353 0.9134381220 -0.9580574569 0.8931230289 -0.9985511561 -0.9999799148 0.9075963901 0.9169197661
-0.9444557085 -0.9479519662 -0.9618759470 0.9794278497 -0.9907349837 0.7530587211 -0.9487970169 0.9098482975 -0.9562802126 0.8893753066 -0.9987544567 -0.9999573309 0.9037967513 0.9135938810
-0.9423408093 -0.9461504249 -0.9606439386 0.9788787144 -0.9904534566 0.7450644780 -0.9467710994 0.9063193614 -0.9545259716 0.8857633047 -0.9989453780 -0.9999253028 0.9000653333 0.9103364982
-0.9402649556 -0.9443998223 -0.9594546475 0.9783590607 -0.9901787667 0.7373820140 -0.9447744053 0.9028500287 -0.9527937161 0.8822848018 -0.9991231212 -0.9998830181 0.8964007826 0.9071462040
-0.9382269549 -0.9426987758 -0.9583067276 0.9778676295 -0.9899099124 0.7300073531 -0.9428058572 0.8994390144 -0.9510824288 0.8789375763 -0.9992868873 -0.9998296642 0.8928017457 0.9040215848
-0.9362256147 -0.9410459027 -0.9571988325 0.9774031615 -0.9896458923 0.7229365196 -0.9408643777 0.8960850336 -0.9493910920 0.8757194065 -0.9994358774 -0.9997644287 0.8892668690 0.9009612269
-0.9342597425 -0.9394398202 -0.9561296161 0.9769643976 -0.9893857050 0.7161655376 -0.9389488894 0.8927868013 -0.9477186883 0.8726280709 -0.9995692928 -0.9996864991 0.8857947990 0.8979637167
-0.9323281458 -0.9378791456 -0.9550977320 0.9765500785 -0.9891283490 0.7096904312 -0.9370583148 0.8895430327 -0.9460642001 0.8696613480 -0.9996863345 -0.9995950629 0.8823841821 0.8950276404
-0.9304296322 -0.9363624962 -0.9541018341 0.9761589450 -0.9888728228 0.7035072246 -0.9351915765 0.8863524426 -0.9444266099 0.8668170161 -0.9997862036 -0.9994893077 0.8790336648 0.8921515844
-0.9285630091 -0.9348884892 -0.9531405762 0.9757897380 -0.9886181251 0.6976119419 -0.9333475972 0.8832137462 -0.9428049002 0.8640928538 -0.9998681013 -0.9993684210 0.8757418936 0.8893341351
