-0.6655971519 -0.6801676091 -0.7543850565 0.9992231694 -0.8912257095 0.7548785060 -0.9793741157 0.6957611535 -0.7612196614 0.9772730202 -0.9851426954 -0.9653627272 0.7895249595 0.7686287873
-0.6616001315 -0.6751655062 -0.7511982685 0.9989015146 -0.8890178956 0.7536448868 -0.9771629139 0.6927972868 -0.7587418809 0.9776337768 -0.9834796607 -0.9677783076 0.7852938479 0.7652568408
-0.6576779655 -0.6701997542 -0.7480456305 0.9985171653 -0.8867739545 0.7524996831 -0.9748316081 0.6899156393 -0.7563131995 0.9779688269 -0.9817167287 -0.9701373510 0.7810426067 0.7619037020
-0.6538266285 -0.6652674367 -0.7449235518 0.9980672021 -0.8844912109 0.7514375294 -0.9723791438 0.6871116422 -0.7539294702 0.9782742904 -0.9798522273 -0.9724360349 0.7767690617 0.7585661372
-0.6500420952 -0.6603656375 -0.7418284416 0.9975487055 -0.8821669899 0.7504530606 -0.9698044667 0.6843807267 -0.7515865459 0.9785462872 -0.9778844844 -0.9746705373 0.7724710388 0.7552409126
-0.6463203402 -0.6554914403 -0.7387567089 0.9969587562 -0.8797986164 0.7495409114 -0.9671065225 0.6817183240 -0.7492802797 0.9787809371 -0.9758118280 -0.9768370359 0.7681463638 0.7519247945
-0.6426573382 -0.6506419288 -0.7357047632 0.9962944348 -0.8773834152 0.7486957164 -0.9642842567 0.6791198652 -0.7470065246 0.9789743601 -0.9736325859 -0.9789317086 0.7637928626 0.7486145492
-0.6390490638 -0.6458141866 -0.7326690135 0.9955528217 -0.8749187112 0.7479121104 -0.9613366151 0.6765807817 -0.7447611336 0.9791226759 -0.9713450861 -0.9809507330 0.7594083611 0.7453069429
-0.6354914918 -0.6410052975 -0.7296458691 0.9947309977 -0.8724018293 0.7471847281 -0.9582625433 0.6740965045 -0.7425399598 0.9792220046 -0.9689476563 -0.9828902869 0.7549906850 0.7419987419
-0.6319805967 -0.6362123451 -0.7266317391 0.9938260433 -0.8698300946 0.7465082042 -0.9550609869 0.6716624649 -0.7403388560 0.9792684659 -0.9664386246 -0.9847465483 0.7505376603 0.7386867126
-0.6285123532 -0.6314324132 -0.7236230327 0.9928350392 -0.8672008318 0.7458771735 -0.9517308915 0.6692740941 -0.7381536754 0.9792581798 -0.9638163188 -0.9865156947 0.7460471128 0.7353676211
-0.6250827361 -0.6266625854 -0.7206161592 0.9917550658 -0.8645113658 0.7452862705 -0.9482712029 0.6669268232 -0.7359802709 0.9791872661 -0.9610790668 -0.9881939041 0.7415168684 0.7320382337
-0.6216877198 -0.6218999455 -0.7176075278 0.9905832038 -0.8617590216 0.7447301302 -0.9446808666 0.6646160835 -0.7338144956 0.9790518447 -0.9582251965 -0.9897773542 0.7369447529 0.7286953168
-0.6183232791 -0.6171415772 -0.7145935476 0.9893165338 -0.8589411241 0.7442033871 -0.9409588284 0.6623373062 -0.7316522025 0.9788480356 -0.9552530359 -0.9912622227 0.7323285921 0.7253356365
-0.6149853887 -0.6123845640 -0.7115706278 0.9879521364 -0.8560549982 0.7437006760 -0.9371040338 0.6600859224 -0.7294892445 0.9785719585 -0.9521609127 -0.9926446875 0.7276662120 0.7219559592
-0.6116700231 -0.6076259899 -0.7085351777 0.9864870921 -0.8530979687 0.7432166316 -0.9331154284 0.6578573634 -0.7273214747 0.9782197334 -0.9489471550 -0.9939209264 0.7229554383 0.7185530511
-0.6083731572 -0.6028629383 -0.7054836065 0.9849184816 -0.8500673607 0.7427458886 -0.9289919580 0.6556470604 -0.7251447461 0.9777874802 -0.9456100906 -0.9950871171 0.7181940970 0.7151236785
-0.6050907654 -0.5980924931 -0.7024123233 0.9832433854 -0.8469604989 0.7422830818 -0.9247325682 0.6534504445 -0.7229549117 0.9772713187 -0.9421480473 -0.9961394374 0.7133800138 0.7116646076
-0.6018188225 -0.5933117379 -0.6993177373 0.9814588842 -0.8437747084 0.7418228458 -0.9203362046 0.6512629469 -0.7207478245 0.9766673688 -0.9385593532 -0.9970740651 0.7085110147 0.7081726048
-0.5985533031 -0.5885177565 -0.6961962578 0.9795620585 -0.8405073139 0.7413598154 -0.9158018129 0.6490799989 -0.7185193375 0.9759717504 -0.9348423361 -0.9978871780 0.7035849255 0.7046444364
-0.5952901819 -0.5837076325 -0.6930442939 0.9775499889 -0.8371556405 0.7408886253 -0.9111283387 0.6468970316 -0.7162653038 0.9751805835 -0.9309953239 -0.9985749539 0.6985995720 0.7010768685
-0.5920254336 -0.5788784496 -0.6898582549 0.9754197561 -0.8337170129 0.7404039102 -0.9063147276 0.6447094763 -0.7139815762 0.9742899877 -0.9270166445 -0.9991335705 0.6935527801 0.6974666674
-0.5887550327 -0.5740272916 -0.6866345499 0.9731684405 -0.8301887562 0.7399003048 -0.9013599254 0.6425127641 -0.7116640080 0.9732960831 -0.9229046258 -0.9995592056 0.6884423756 0.6938105995
-0.5854749540 -0.5691512421 -0.6833695882 0.9707931228 -0.8265681952 0.7393724438 -0.8962628776 0.6403023262 -0.7093084520 0.9721949896 -0.9186575957 -0.9998480371 0.6832661845 0.6901054309
-0.5821811721 -0.5642473848 -0.6800597789 0.9682908836 -0.8228526549 0.7388149620 -0.8910225299 0.6380735939 -0.7069107612 0.9709828270 -0.9142738821 -0.9999962426 0.6780220325 0.6863479281
-0.5788696616 -0.5593128034 -0.6767015312 0.9656588035 -0.8190394600 0.7382224940 -0.8856378279 0.6358219982 -0.7044667887 0.9696557151 -0.9097518129 -1.0000000000 0.6727077455 0.6825348572
-0.5755363973 -0.5543445816 -0.6732912544 0.9628939630 -0.8151259357 0.7375896746 -0.8801077173 0.6335429705 -0.7019723875 0.9682097740 -0.9050897160 -0.9998554871 0.6673211494 0.6786629845
-0.5721773537 -0.5493398032 -0.6698253577 0.9599934428 -0.8111094066 0.7369111385 -0.8744311438 0.6312319420 -0.6994234106 0.9666411234 -0.9002859193 -0.9995588816 0.6618600700 0.6747290763
-0.5687885056 -0.5442955517 -0.6663002501 0.9569543234 -0.8069871978 0.7361815204 -0.8686070528 0.6288843437 -0.6968157110 0.9649458832 -0.8953387507 -0.9991063613 0.6563223332 0.6707298988
-0.5653658276 -0.5392089110 -0.6627123410 0.9537736855 -0.8027566342 0.7353954550 -0.8626343903 0.6264956069 -0.6941451417 0.9631201734 -0.8902465380 -0.9984941041 0.6507057648 0.6666622184
