-0.9770818489 -0.8836737304 -0.9269870879 0.8752282082 -0.8907241454 -0.9233504881 -0.8834364718 0.9457341859 -0.8440145480 -0.9357081880 -0.9599944639 -0.8675058843 0.9796748543 0.9589228753
-0.9775166172 -0.8751621339 -0.9215636050 0.8659892483 -0.8833785797 -0.9180044707 -0.8747404627 0.9419901061 -0.8329773110 -0.9313512278 -0.9618775407 -0.8576387271 0.9783934162 0.9588088005
-0.9780042175 -0.8669669040 -0.9163223055 0.8570735827 -0.8764294399 -0.9129036316 -0.8663358252 0.9384227897 -0.8224256856 -0.9272177511 -0.9637469558 -0.8481068643 0.9771901653 0.9588059577
-0.9785410004 -0.8590816821 -0.9112585376 0.8484748975 -0.8698686472 -0.9080421613 -0.8582166961 0.9350272907 -0.8123508415 -0.9233021099 -0.9655999741 -0.8389039117 0.9760613640 0.9589097799
-0.9791233169 -0.8515001099 -0.9063676492 0.8401868788 -0.8636881229 -0.9034142501 -0.8503772120 0.9317986632 -0.8027439483 -0.9195986562 -0.9674338605 -0.8300234846 0.9750032745 0.9591157000
-0.9797475177 -0.8442158289 -0.9016449881 0.8322032124 -0.8578797883 -0.8990140885 -0.8428115098 0.9287319612 -0.7935961756 -0.9161017419 -0.9692458799 -0.8214591988 0.9740121591 0.9594191513
-0.9804099536 -0.8372224806 -0.8970859024 0.8245175845 -0.8524355646 -0.8948358669 -0.8355137260 0.9258222387 -0.7848986932 -0.9128057191 -0.9710332972 -0.8132046697 0.9730842804 0.9598155666
-0.9811069753 -0.8305137067 -0.8926857401 0.8171236809 -0.8473473731 -0.8908737755 -0.8284779975 0.9230645497 -0.7766426706 -0.9097049397 -0.9727933774 -0.8052535129 0.9722159004 0.9603003789
-0.9818349338 -0.8240831486 -0.8884398489 0.8100151878 -0.8426071350 -0.8871220049 -0.8216984609 0.9204539483 -0.7688192776 -0.9067937557 -0.9745233854 -0.7975993440 0.9714032817 0.9608690214
-0.9825901797 -0.8179244479 -0.8843435770 0.8031857912 -0.8382067715 -0.8835747455 -0.8151692529 0.9179854885 -0.7614196838 -0.9040665191 -0.9762205861 -0.7902357785 0.9706426865 0.9615169270
-0.9833690639 -0.8120312462 -0.8803922723 0.7966291769 -0.8341382040 -0.8802261875 -0.8088845103 0.9156542243 -0.7544350587 -0.9015175817 -0.9778822444 -0.7831564320 0.9699303772 0.9622395287
-0.9841679372 -0.8063971851 -0.8765812827 0.7903390311 -0.8303933536 -0.8770705214 -0.8028383697 0.9134552097 -0.7478565722 -0.8991412957 -0.9795056253 -0.7763549201 0.9692626161 0.9630322596
-0.9849831503 -0.8010159060 -0.8729059561 0.7843090398 -0.8269641416 -0.8741019377 -0.7970249679 0.9113834988 -0.7416753939 -0.8969320129 -0.9810879936 -0.7698248583 0.9686356656 0.9638905527
-0.9858110541 -0.7958810505 -0.8693616406 0.7785328889 -0.8238424894 -0.8713146266 -0.7914384416 0.9094341455 -0.7358826933 -0.8948840854 -0.9826266142 -0.7635598622 0.9680457879 0.9648098410
-0.9866479993 -0.7909862603 -0.8659436840 0.7730042644 -0.8210203180 -0.8687027786 -0.7860729276 0.9076022040 -0.7304696402 -0.8929918652 -0.9841187522 -0.7575535474 0.9674892454 0.9657855575
-0.9874903368 -0.7863251767 -0.8626474344 0.7677168524 -0.8184895488 -0.8662605841 -0.7809225624 0.9058827281 -0.7254274041 -0.8912497041 -0.9855616723 -0.7517995294 0.9669623005 0.9668131353
-0.9883344172 -0.7818914415 -0.8594682397 0.7626643389 -0.8162421031 -0.8639822335 -0.7759814829 0.9042707720 -0.7207471549 -0.8896519542 -0.9869526396 -0.7462914237 0.9664612155 0.9678880073
-0.9891765915 -0.7776786961 -0.8564014478 0.7578404098 -0.8142699020 -0.8618619171 -0.7712438258 0.9027613897 -0.7164200621 -0.8881929674 -0.9882889189 -0.7410228460 0.9659822527 0.9690056067
-0.9900132105 -0.7736805821 -0.8534424067 0.7532387512 -0.8125648669 -0.8598938254 -0.7667037277 0.9013496352 -0.7124372953 -0.8868670958 -0.9895677752 -0.7359874118 0.9655216745 0.9701613663
-0.9908406248 -0.7698907410 -0.8505864643 0.7488530491 -0.8111189189 -0.8580721488 -0.7623553254 0.9000305624 -0.7087900242 -0.8856686912 -0.9907864734 -0.7311787367 0.9650757431 0.9713507193
-0.9916551853 -0.7663028144 -0.8478289687 0.7446769895 -0.8099239794 -0.8563910776 -0.7581927556 0.8987992255 -0.7054694186 -0.8845921057 -0.9919422784 -0.7265904362 0.9646407210 0.9725690987
-0.9924532428 -0.7629104439 -0.8451652676 0.7407042584 -0.8089719695 -0.8548448022 -0.7542101550 0.8976506785 -0.7024666479 -0.8836316913 -0.9930324551 -0.7222161259 0.9642128704 0.9738119374
-0.9932311481 -0.7597072710 -0.8425907092 0.7369285418 -0.8082548106 -0.8534275130 -0.7504016603 0.8965799753 -0.6997728820 -0.8827817999 -0.9940542684 -0.7180494214 0.9637884537 0.9750746686
-0.9939852519 -0.7566869373 -0.8401006413 0.7333435256 -0.8077644239 -0.8521334005 -0.7467614083 0.8955821700 -0.6973792904 -0.8820367834 -0.9950049833 -0.7140839381 0.9633637333 0.9763527252
-0.9947119051 -0.7538430843 -0.8376904120 0.7299428960 -0.8074927306 -0.8509566550 -0.7432835356 0.8946523166 -0.6952770428 -0.8813909939 -0.9958818647 -0.7103132918 0.9629349714 0.9776415402
-0.9954074585 -0.7511693535 -0.8353553691 0.7267203389 -0.8074316521 -0.8498914669 -0.7399621790 0.8937854692 -0.6934573088 -0.8808387834 -0.9966821775 -0.7067310978 0.9624984305 0.9789365467
-0.9960682628 -0.7486593866 -0.8330908606 0.7236695403 -0.8075731094 -0.8489320266 -0.7367914752 0.8929766818 -0.6919112581 -0.8803745037 -0.9974031865 -0.7033309719 0.9620503727 0.9802331777
-0.9966906689 -0.7463068250 -0.8308922344 0.7207841863 -0.8079090240 -0.8480725245 -0.7337655609 0.8922210083 -0.6906300604 -0.8799925070 -0.9980421569 -0.7001065296 0.9615870606 0.9815268662
-0.9972710275 -0.7441053104 -0.8287548386 0.7180579627 -0.8084313170 -0.8473071510 -0.7308785728 0.8915135028 -0.6896048853 -0.8796871450 -0.9985963533 -0.6970513864 0.9611047563 0.9828130452
-0.9978056895 -0.7420484842 -0.8266740210 0.7154845557 -0.8091319097 -0.8466300964 -0.7281246476 0.8908492194 -0.6888269025 -0.8794527699 -0.9990630408 -0.6941591579 0.9605997223 0.9840871478
