-0.7606542824 -0.6649260947 -0.6538224120 0.6919125647 -0.6070084694 0.6912585369 -0.7037861200 0.7161496883 -0.6412264794 0.7390671619 -0.6169094128 -0.5361836493 0.5031991883 0.6484514345
-0.7512650056 -0.6589181981 -0.6470494179 0.6842538766 -0.5986568527 0.6829260616 -0.6939552161 0.7089477632 -0.6339678362 0.7314344031 -0.6099437863 -0.5290528298 0.4957245027 0.6409717683
-0.7416456158 -0.6526877983 -0.6400609479 0.6763749604 -0.5901103061 0.6743772386 -0.6839127708 0.7015169605 -0.6264995810 0.7235693449 -0.6027730834 -0.5217382654 0.4880763120 0.6332818811
-0.7317935549 -0.6462300020 -0.6328526789 0.6682720614 -0.5813657265 0.6656087990 -0.6736565807 0.6938531531 -0.6188177628 0.7154681287 -0.5953931865 -0.5142361030 0.4802510700 0.6253779678
-0.7217062652 -0.6395399159 -0.6254202880 0.6599414247 -0.5724200107 0.6566174736 -0.6631844426 0.6859522141 -0.6109184307 0.7071268959 -0.5877999778 -0.5065424894 0.4722452303 0.6172562234
-0.7113811886 -0.6326126468 -0.6177594521 0.6513792957 -0.5632700556 0.6473999936 -0.6524941532 0.6778100165 -0.6027976337 0.6985417880 -0.5799893395 -0.4986535713 0.4640552466 0.6089128428
-0.7008157673 -0.6254433015 -0.6098658484 0.6425819195 -0.5539127581 0.6379530899 -0.6415835091 0.6694224332 -0.5944514209 0.6897089465 -0.5719571538 -0.4905654956 0.4556775724 0.6003440210
-0.6900074435 -0.6180269867 -0.6017351540 0.6335455414 -0.5443450150 0.6282734933 -0.6304503072 0.6607853372 -0.5858758413 0.6806245127 -0.5636993030 -0.4822744091 0.4471086614 0.5915459529
-0.6789536591 -0.6103588092 -0.5933630457 0.6242664066 -0.5345637231 0.6183579350 -0.6190923441 0.6518946015 -0.5770669440 0.6712846281 -0.5552116693 -0.4737764585 0.4383449674 0.5825148335
-0.6676518563 -0.6024338757 -0.5847452008 0.6147407603 -0.5245657794 0.6082031459 -0.6075074166 0.6427460990 -0.5680207779 0.6616854341 -0.5464901350 -0.4650677907 0.4293829439 0.5732468577
-0.6560994771 -0.5942472930 -0.5758772962 0.6049648478 -0.5143480807 0.5978058570 -0.5956933213 0.6333357027 -0.5587333923 0.6518230722 -0.5375305822 -0.4561445524 0.4202190445 0.5637382205
-0.6442939638 -0.5857941679 -0.5667550089 0.5949349142 -0.5039075239 0.5871627991 -0.5836478550 0.6236592856 -0.5492008360 0.6416936838 -0.5283288931 -0.4470028905 0.4108497230 0.5539851169
-0.6322327583 -0.5770696072 -0.5573740161 0.5846472048 -0.4932410059 0.5762707034 -0.5713688144 0.6137127206 -0.5394191583 0.6312934103 -0.5188809501 -0.4376389516 0.4012714330 0.5439837418
-0.6199133027 -0.5680687175 -0.5477299947 0.5740979649 -0.4823454234 0.5651263007 -0.5588539962 0.6034918809 -0.5293844080 0.6206183932 -0.5091826354 -0.4280488827 0.3914806281 0.5337302902
-0.6073330393 -0.5587866057 -0.5378186219 0.5632834396 -0.4712176734 0.5537263221 -0.5461011971 0.5929926392 -0.5190926343 0.6096647739 -0.4992298311 -0.4182288306 0.3814737620 0.5232209570
-0.5944894099 -0.5492183785 -0.5276355745 0.5521998742 -0.4598546527 0.5420674985 -0.5331082139 0.5822108686 -0.5085398862 0.5984286938 -0.4890184196 -0.4081749419 0.3712472883 0.5124519372
-0.5813798569 -0.5393591427 -0.5171765298 0.5408435139 -0.4482532583 0.5301465608 -0.5198728432 0.5711424421 -0.4977222127 0.5869062943 -0.4785442829 -0.3978833635 0.3607976607 0.5014194257
-0.5680018221 -0.5292040050 -0.5064371647 0.5292106040 -0.4364103869 0.5179602402 -0.5063928818 0.5597832326 -0.4866356630 0.5750937170 -0.4678033035 -0.3873502423 0.3501213329 0.4901196175
-0.5543527479 -0.5187480722 -0.4954131563 0.5172973896 -0.4243229354 0.5055052675 -0.4926661265 0.5481291131 -0.4752762861 0.5629871032 -0.4567913634 -0.3765717249 0.3392147584 0.4785487076
-0.5404300761 -0.5079864511 -0.4841001816 0.5051001159 -0.4119878007 0.4927783736 -0.4786903738 0.5361759566 -0.4636401309 0.5505825944 -0.4455043450 -0.3655439582 0.3280743909 0.4667028908
-0.5262312490 -0.4969142485 -0.4724939176 0.4926150283 -0.3994018797 0.4797762897 -0.4644634205 0.5239196361 -0.4517232466 0.5378763320 -0.4339381305 -0.3542630890 0.3166966841 0.4545783622
-0.5117537086 -0.4855265710 -0.4605900415 0.4798383720 -0.3865620692 0.4664957466 -0.4499830634 0.5113560245 -0.4395216822 0.5248644574 -0.4220886020 -0.3427252641 0.3050780917 0.4421713167
-0.4969948970 -0.4738185254 -0.4483842302 0.4667663921 -0.3734652660 0.4529334753 -0.4352470992 0.4984809948 -0.4270314868 0.5115431120 -0.4099516419 -0.3309266302 0.2932150672 0.4294779493
-0.4819522564 -0.4617852186 -0.4358721608 0.4533953339 -0.3601083671 0.4390862068 -0.4202533245 0.4852904200 -0.4142487094 0.4979084374 -0.3975231323 -0.3188633342 0.2811040643 0.4164944550
-0.4666232287 -0.4494217573 -0.4230495103 0.4397214426 -0.3464882694 0.4249506721 -0.4049995362 0.4717801731 -0.4011693990 0.4839565749 -0.3847989554 -0.3065315229 0.2687415368 0.4032170286
-0.4510052562 -0.4367232481 -0.4099119558 0.4257409635 -0.3326018696 0.4105236021 -0.3894835308 0.4579461269 -0.3877896047 0.4696836660 -0.3717749936 -0.2939273430 0.2561239381 0.3896418651
-0.4350957808 -0.4236847980 -0.3964551743 0.4114501417 -0.3184460646 0.3958017278 -0.3737031052 0.4437841546 -0.3741053756 0.4550858521 -0.3584471291 -0.2810469414 0.2432477220 0.3757651595
-0.4188922448 -0.4103015137 -0.3826748429 0.3968452225 -0.3040177514 0.3807817803 -0.3576560560 0.4292901291 -0.3601127607 0.4401592747 -0.3448112440 -0.2678864648 0.2301093421 0.3615831068
-0.4023920902 -0.3965685019 -0.3685666386 0.3819224512 -0.2893138267 0.3654604903 -0.3413401799 0.4144599233 -0.3458078091 0.4249000751 -0.3308632206 -0.2544420600 0.2167052521 0.3470919019
-0.3855927590 -0.3824808693 -0.3541262385 0.3666780729 -0.2743311875 0.3498345890 -0.3247532738 0.3992894103 -0.3311865697 0.4093043948 -0.3165989411 -0.2407098738 0.2030319056 0.3322877397
