-0.3401074964 -0.1411532813 -0.1625874079 0.1396461128 -0.1651561428 0.5632686749 -0.2348001607 0.1810910468 -0.2453736388 0.6796775056 -0.2200560914 -0.3256168167 0.1576187649 0.1942019533
-0.3201708609 -0.1238210845 -0.1445742214 0.1213588705 -0.1493850786 0.5423721523 -0.2164210517 0.1638866883 -0.2263228840 0.6620710815 -0.2000494990 -0.3068093419 0.1368450043 0.1798412277
-0.2998410703 -0.1061771166 -0.1262517903 0.1027879196 -0.1332396415 0.5209144612 -0.1976869116 0.1463359380 -0.2069277973 0.6437423195 -0.1797433802 -0.2875883578 0.1158365819 0.1650438565
-0.2791143380 -0.0882176740 -0.1076168839 0.0839307337 -0.1167138535 0.4988908540 -0.1785937759 0.1284342882 -0.1871850526 0.6246790792 -0.1591360980 -0.2679489380 0.0945941683 0.1498016870
-0.2579868770 -0.0699390535 -0.0886662716 0.0647847864 -0.0998017365 0.4762965832 -0.1591376797 0.1101772308 -0.1670913233 0.6048692199 -0.1382260156 -0.2478861560 0.0731184340 0.1341065660
-0.2364549005 -0.0513375516 -0.0693967231 0.0453475515 -0.0824973123 0.4531269011 -0.1393146583 0.0915602580 -0.1466432832 0.5843006012 -0.1170114960 -0.2273950854 0.0514100497 0.1179503408
-0.2145146216 -0.0324094650 -0.0498050075 0.0256165025 -0.0647946029 0.4293770601 -0.1191207469 0.0725788618 -0.1258376059 0.5629610825 -0.0954909023 -0.2064707997 0.0294696860 0.1013248583
-0.1921622535 -0.0131510903 -0.0298878945 0.0055891133 -0.0466876302 0.4050423128 -0.0985519809 0.0532285345 -0.1046709649 0.5408385235 -0.0736625974 -0.1851083725 0.0072980134 0.0842219656
-0.1693940093 0.0064412759 -0.0096421534 -0.0147371427 -0.0281704161 0.3801179113 -0.0776043955 0.0335047680 -0.0831400340 0.5179207834 -0.0515249444 -0.1633028774 -0.0151042975 0.0666335097
-0.1462061022 0.0263713369 0.0109354464 -0.0353647916 -0.0092369825 0.3545991083 -0.0562740260 0.0134030544 -0.0612414867 0.4941957218 -0.0290763065 -0.1410493879 -0.0377365761 0.0485513377
-0.1225947452 0.0466427962 0.0318481355 -0.0562963599 0.0101186487 0.3284811560 -0.0345569076 -0.0070811140 -0.0389719966 0.4696511983 -0.0063150465 -0.1183429775 -0.0605981517 0.0299672968
-0.0985561516 0.0672593571 0.0530991443 -0.0775343737 0.0299024555 0.3017593069 -0.0124490756 -0.0279522453 -0.0163282375 0.4442750722 0.0167604723 -0.0951787198 -0.0836883539 0.0108732338
-0.0740865345 0.0882247230 0.0746917035 -0.0990813596 0.0501204162 0.2744288134 0.0100534347 -0.0492148474 0.0066931171 0.4180552031 0.0401518871 -0.0715516884 -0.1070065119 -0.0087390041
-0.0491821070 0.1095425972 0.0966290436 -0.1209398438 0.0707785087 0.2464849278 0.0329545880 -0.0708734280 0.0300953936 0.3909794504 0.0638608346 -0.0474569568 -0.1305519553 -0.0288775698
-0.0238390823 0.1312166832 0.1189143953 -0.1431123526 0.0918827111 0.2179229027 0.0562583492 -0.0929324952 0.0538819183 0.3630356736 0.0878889519 -0.0228895986 -0.1543240135 -0.0495506164
0.0019463265 0.1532506843 0.1415509890 -0.1656014124 0.1134390016 0.1887379903 0.0799686829 -0.1153965568 0.0780560176 0.3342117323 0.1122378760 0.0021553127 -0.1783220158 -0.0707662967
0.0281779062 0.1756483039 0.1645420554 -0.1884095495 0.1354533583 0.1589254432 0.1040895539 -0.1382701208 0.1026210179 0.3044954859 0.1369092437 0.0276827036 -0.2025452916 -0.0925327637
0.0548594437 0.1984132454 0.1878908250 -0.2115392902 0.1579317592 0.1284805137 0.1286249268 -0.1615576950 0.1275802456 0.2738747938 0.1619046920 0.0536975003 -0.2269931705 -0.1148581703
0.0819947259 0.2215492121 0.2116005284 -0.2349931608 0.1808801824 0.0973984541 0.1535787665 -0.1852637873 0.1529370269 0.2423375156 0.1872258579 0.0802046295 -0.2516649817 -0.1377506696
0.1095875396 0.2450599075 0.2356743962 -0.2587736878 0.2043046061 0.0656745170 0.1789550377 -0.2093929056 0.1786946884 0.2098715108 0.2128743784 0.1072090176 -0.2765600547 -0.1612184143
0.1376416717 0.2689490348 0.2601156589 -0.2828833974 0.2282110082 0.0333039547 0.2047577050 -0.2339495579 0.2048565563 0.1764646388 0.2388518903 0.1347155909 -0.3016777190 -0.1852695575
0.1661609090 0.2932202976 0.2849275471 -0.3073248159 0.2526053670 0.0002820197 0.2309907333 -0.2589382520 0.2314259571 0.1421047591 0.2651600306 0.1627292760 -0.3270173039 -0.2099122521
0.1951490384 0.3178773991 0.3101132914 -0.3321004696 0.2774936605 -0.0333960358 0.2576580873 -0.2843634959 0.2584062171 0.1067797312 0.2918004364 0.1912549993 -0.3525781388 -0.2351546511
0.2246098467 0.3429240427 0.3356761223 -0.3572128850 0.3028818667 -0.0677349592 0.2847637316 -0.3102297973 0.2858006627 0.0704774147 0.3187747444 0.2202976872 -0.3783595532 -0.2610049074
0.2545471209 0.3683639319 0.3616192705 -0.3826645883 0.3287759639 -0.1027394981 0.3123116311 -0.3365416643 0.3136126202 0.0331856688 0.3460845917 0.2498622662 -0.4043608764 -0.2874711739
0.2849646476 0.3942007700 0.3879459664 -0.4084581059 0.3551819300 -0.1384144002 0.3403057505 -0.3633036048 0.3418454161 -0.0051076468 0.3737316153 0.2799536628 -0.4305814379 -0.3145616036
0.3158662139 0.4204382603 0.4146594408 -0.4345959641 0.3821057432 -0.1747644130 0.3687500544 -0.3905201265 0.3705023767 -0.0444146726 0.4017174521 0.3105768033 -0.4570205671 -0.3422843495
0.3472556066 0.4470801063 0.4417629240 -0.4610806892 0.4095533815 -0.2117942842 0.3976485077 -0.4181957375 0.3995868284 -0.0847475492 0.4300437390 0.3417366142 -0.4836775934 -0.3706475644
0.3791366124 0.4741300113 0.4692596467 -0.4879148075 0.4375308231 -0.2495087613 0.4270050751 -0.4463349456 0.4291020975 -0.1261184171 0.4587121129 0.3734380220 -0.5105518462 -0.3996594013
0.4115130184 0.5015916787 0.4971528395 -0.5151008454 0.4660440461 -0.2879125920 0.4568237213 -0.4749422588 0.4590515105 -0.1685394168 0.4877242109 0.4056859531 -0.5376426549 -0.4293280132
