-0.9176542963 -0.8971286895 -0.7462690884 0.8799554670 -0.7822085505 0.9044909826 -0.7473879281 0.7502736450 -0.7043572038 0.9846233576 -0.7549242420 -0.7505389633 0.8651779040 0.7398226522
-0.9136534073 -0.8928364978 -0.7427738833 0.8762802546 -0.7792577296 0.9091706653 -0.7443174737 0.7473211089 -0.7007341814 0.9826253238 -0.7504277989 -0.7470273961 0.8619293404 0.7354093967
-0.9095366119 -0.8884329758 -0.7391942856 0.8724995706 -0.7762186106 0.9137659312 -0.7411637169 0.7442851772 -0.6970328275 0.9804938364 -0.7458426582 -0.7434307314 0.8585788438 0.7309100114
-0.9053025524 -0.8839168264 -0.7355284997 0.8686117975 -0.7730891818 0.9182714567 -0.7379246735 0.7411638156 -0.6932513727 0.9782270084 -0.7411674768 -0.7397471843 0.8551245958 0.7263231053
-0.9009498712 -0.8792867523 -0.7317747303 0.8646153174 -0.7698674311 0.9226819181 -0.7345983597 0.7379549894 -0.6893880481 0.9758229529 -0.7364009119 -0.7359749696 0.8515647775 0.7216472874
-0.8964772109 -0.8745414563 -0.7279311817 0.8605085125 -0.7665513467 0.9269919919 -0.7311827915 0.7346566644 -0.6854410844 0.9732797829 -0.7315416205 -0.7321123022 0.8478975703 0.7168811665
-0.8918832136 -0.8696796413 -0.7239960585 0.8562897653 -0.7631389166 0.9311963544 -0.7276759848 0.7312668061 -0.6814087127 0.9705956115 -0.7265882597 -0.7281573970 0.8441211556 0.7120233518
-0.8871665219 -0.8647000100 -0.7199675653 0.8519574578 -0.7596281290 0.9352896821 -0.7240759557 0.7277833800 -0.6772891638 0.9677685516 -0.7215394866 -0.7241084691 0.8402337146 0.7070724521
-0.8823257782 -0.8596012651 -0.7158439064 0.8475099725 -0.7560169720 0.9392666514 -0.7203807201 0.7242043517 -0.6730806686 0.9647967164 -0.7163939581 -0.7199637331 0.8362334287 0.7020270765
-0.8773596248 -0.8543821096 -0.7116232865 0.8429456915 -0.7523034336 0.9431219386 -0.7165882941 0.7205276867 -0.6687814580 0.9616782188 -0.7111503315 -0.7157214042 0.8321184792 0.6968858339
-0.8722667041 -0.8490412462 -0.7073039099 0.8382629971 -0.7484855019 0.9468502201 -0.7126966938 0.7167513506 -0.6643897629 0.9584111719 -0.7058072637 -0.7113796971 0.8278870475 0.6916473333
-0.8670456585 -0.8435773776 -0.7028839813 0.8334602716 -0.7445611650 0.9504461724 -0.7087039350 0.7128733090 -0.6599038141 0.9549936887 -0.7003634119 -0.7069368269 0.8235373148 0.6863101837
-0.8616951305 -0.8379892067 -0.6983617051 0.8285358972 -0.7405284110 0.9539044718 -0.7046080338 0.7088915274 -0.6553218426 0.9514238823 -0.6948174331 -0.7023910083 0.8190674625 0.6808729940
-0.8562137624 -0.8322754362 -0.6937352857 0.8234882563 -0.7363852280 0.9572197947 -0.7004070062 0.7048039713 -0.6506420793 0.9476998657 -0.6891679843 -0.6977404564 0.8144756720 0.6753343732
-0.8506001967 -0.8264347690 -0.6890029279 0.8183157310 -0.7321296042 0.9603868176 -0.6960988683 0.7006086064 -0.6458627550 0.9438197519 -0.6834137226 -0.6929833860 0.8097601245 0.6696929304
-0.8448530756 -0.8204659078 -0.6841628359 0.8130167037 -0.7277595275 0.9634002168 -0.6916816359 0.6963033981 -0.6409821007 0.9397816540 -0.6775533052 -0.6881180120 0.8049190014 0.6639472743
-0.8389710417 -0.8143675555 -0.6792132144 0.8075895566 -0.7232729860 0.9662546687 -0.6871533252 0.6918863122 -0.6359983472 0.9355836850 -0.6715853890 -0.6831425494 0.7999504840 0.6580960141
-0.8329527373 -0.8081384148 -0.6741522677 0.8020326719 -0.7186679680 0.9689448497 -0.6825119522 0.6873553140 -0.6309097255 0.9312239580 -0.6655086311 -0.6780552131 0.7948527536 0.6521377588
-0.8267968048 -0.8017771885 -0.6689782006 0.7963444320 -0.7139424614 0.9714654363 -0.6777555328 0.6827083691 -0.6257144664 0.9267005859 -0.6593216887 -0.6728542179 0.7896239916 0.6460711172
-0.8205018866 -0.7952825794 -0.6636892173 0.7905232191 -0.7090944543 0.9738111047 -0.6728820831 0.6779434432 -0.6204108008 0.9220116819 -0.6530232187 -0.6675377788 0.7842623792 0.6398946983
-0.8140666252 -0.7886532903 -0.6582835225 0.7845674155 -0.7041219349 0.9759765315 -0.6678896190 0.6730585017 -0.6149969596 0.9171553589 -0.6466118783 -0.6621041107 0.7787660979 0.6336071112
-0.8074896628 -0.7818880240 -0.6527593206 0.7784754034 -0.6990228913 0.9779563930 -0.6627761566 0.6680515103 -0.6094711737 0.9121297299 -0.6400863244 -0.6565514285 0.7731333289 0.6272069648
-0.8007696420 -0.7749854832 -0.6471148162 0.7722455651 -0.6937953114 0.9797453656 -0.6575397119 0.6629204345 -0.6038316741 0.9069329082 -0.6334452143 -0.6508779471 0.7673622535 0.6206928681
-0.7939052050 -0.7679443709 -0.6413482137 0.7658762829 -0.6884371835 0.9813381257 -0.6521783009 0.6576632398 -0.5980766915 0.9015630065 -0.6266872049 -0.6450818815 0.7614510532 0.6140634301
-0.7868949944 -0.7607633897 -0.6354577177 0.7593659390 -0.6829464955 0.9827293497 -0.6466899396 0.6522778918 -0.5922044569 0.8960181381 -0.6198109533 -0.6391614464 0.7553979092 0.6073172596
-0.7797376524 -0.7534412424 -0.6294415326 0.7527129156 -0.6773212357 0.9839137139 -0.6410726440 0.6467623561 -0.5862132012 0.8902964159 -0.6128151165 -0.6331148569 0.7492010028 0.6004529658
-0.7724318215 -0.7459766319 -0.6232978629 0.7459155952 -0.6715593921 0.9848858949 -0.6353244301 0.6411145981 -0.5801011553 0.8843959530 -0.6056983518 -0.6269403279 0.7428585154 0.5934691575
-0.7649761442 -0.7383682609 -0.6170249132 0.7389723598 -0.6656589527 0.9856405690 -0.6294433139 0.6353325836 -0.5738665500 0.8783148623 -0.5984593160 -0.6206360742 0.7363686283 0.5863644438
-0.7573692627 -0.7306148323 -0.6106208880 0.7318815919 -0.6596179057 0.9861724125 -0.6234273115 0.6294142780 -0.5675076163 0.8720512570 -0.5910966663 -0.6142003108 0.7297295228 0.5791374336
-0.7496098195 -0.7227150488 -0.6040839917 0.7246416736 -0.6534342392 0.9864761019 -0.6172744388 0.6233576468 -0.5610225851 0.8656032501 -0.5836090598 -0.6076312526 0.7229393803 0.5717867359
