-0.0325988846 -0.0048058312 -0.0514652004 -0.0646927842 -0.2571933927 -0.1675795156 -0.0526093856 0.0350116887 -0.2406039100 -0.1585760067 -0.1619161941 -0.1675153244 0.0993643485 0.0011064051
-0.0157431867 0.0110027019 -0.0342194699 -0.0803248947 -0.2391870950 -0.1492816571 -0.0361889856 0.0169672896 -0.2224236571 -0.1402191554 -0.1434021692 -0.1498175820 0.0810500928 -0.0150699636
0.0013609291 0.0270730790 -0.0167232427 -0.0961672190 -0.2207857810 -0.1306734653 -0.0194883424 -0.0012868698 -0.2038682506 -0.1215615151 -0.1245900617 -0.1317886220 0.0624827944 -0.0314922668
0.0187154473 0.0434077100 0.0010254130 -0.1122214306 -0.2019855152 -0.1117523366 -0.0025049013 -0.0197518715 -0.1849340901 -0.1026006379 -0.1054774981 -0.1134253992 0.0436607118 -0.0481625971
0.0363223521 0.0600090047 0.0190284294 -0.1284892035 -0.1827823622 -0.0925156673 0.0147638923 -0.0384287972 -0.1656175750 -0.0833340758 -0.0860621044 -0.0947248683 0.0245821037 -0.0650830471
0.0541836282 0.0768793731 0.0372877385 -0.1449722113 -0.1631723865 -0.0729608538 0.0323205931 -0.0573187286 -0.1459151049 -0.0637593809 -0.0663415070 -0.0756839843 0.0052452287 -0.0822557096
0.0723012597 0.0940212250 0.0558052724 -0.1616721279 -0.1431516527 -0.0530852923 0.0501677558 -0.0764227477 -0.1258230794 -0.0438741051 -0.0463133321 -0.0562997018 -0.0143516548 -0.0996826772
0.0906772313 0.1114369703 0.0745829630 -0.1785906270 -0.1227162253 -0.0328863792 0.0683079350 -0.0957419363 -0.1053378980 -0.0236758006 -0.0259752061 -0.0365689756 -0.0342102879 -0.1173660424
0.1093135272 0.1291290190 0.0936227425 -0.1957293823 -0.1018621690 -0.0123615110 0.0867436854 -0.1152773761 -0.0844559603 -0.0031620193 -0.0053247550 -0.0164887606 -0.0543324123 -0.1353078981
0.1282121318 0.1470997808 0.1129265429 -0.2130900677 -0.0805855483 0.0084919162 0.1054775616 -0.1350301489 -0.0631736658 0.0176696867 0.0156403947 0.0039439885 -0.0747197692 -0.1535103367
0.1473750297 0.1653516657 0.1324962961 -0.2306743568 -0.0588824278 0.0296765060 0.1245121183 -0.1550013367 -0.0414874140 0.0388217654 0.0369226168 0.0247323168 -0.0953741001 -0.1719754510
0.1668042051 0.1838870836 0.1523339344 -0.2484839235 -0.0367488720 0.0511948619 0.1438499101 -0.1751920212 -0.0193936045 0.0602966647 0.0585242851 0.0458792696 -0.1162971463 -0.1907053337
0.1865016425 0.2027084444 0.1724413897 -0.2665204415 -0.0141809455 0.0730495877 0.1634934918 -0.1956032842 0.0031113631 0.0820968326 0.0804477734 0.0673878921 -0.1374906494 -0.2097020773
0.2064693264 0.2218181579 0.1928205940 -0.2847855846 0.0088252871 0.0952432871 0.1834454179 -0.2162362075 0.0260310893 0.1042247171 0.1026954553 0.0892612295 -0.1589563506 -0.2289677745
0.2267092410 0.2412186340 0.2134734795 -0.3032810265 0.0322737613 0.1177785637 0.2037082431 -0.2370918730 0.0493691747 0.1266827662 0.1252697046 0.1115023269 -0.1806959915 -0.2485045179
0.2472233708 0.2609122827 0.2344019781 -0.3220084411 0.0561684125 0.1406580211 0.2242845221 -0.2581713625 0.0731292195 0.1494734277 0.1481728950 0.1341142297 -0.2027113133 -0.2683144003
0.2680137003 0.2809015137 0.2556080219 -0.3409695020 0.0805131761 0.1638842630 0.2451768096 -0.2794757577 0.0973148243 0.1725991497 0.1714074004 0.1570999829 -0.2250040575 -0.2883995142
0.2890822138 0.3011887370 0.2770935429 -0.3601658830 0.1053119876 0.1874598932 0.2663876601 -0.3010061406 0.1219295896 0.1960623802 0.1949755943 0.1804626319 -0.2475759656 -0.3087619523
0.3104308957 0.3217763626 0.2988604733 -0.3795992579 0.1305687824 0.2113875151 0.2879196284 -0.3227635929 0.1469771157 0.2198655671 0.2188798507 0.2042052218 -0.2704287788 -0.3294038073
0.3320617305 0.3426668001 0.3209107449 -0.3992713005 0.1562874959 0.2356697326 0.3097752691 -0.3447491964 0.1724610032 0.2440111583 0.2431225431 0.2283307978 -0.2935642387 -0.3503271718
0.3539767025 0.3638624597 0.3432462900 -0.4191836845 0.1824720636 0.2603091492 0.3319571369 -0.3669640329 0.1983848525 0.2685016019 0.2677060454 0.2528424051 -0.3169840866 -0.3715341384
0.3761777962 0.3853657510 0.3658690405 -0.4393380836 0.2091264208 0.2853083687 0.3544677863 -0.3894091844 0.2247522640 0.2933393457 0.2926327313 0.2777430890 -0.3406900639 -0.3930267998
0.3986669960 0.4071790841 0.3887809285 -0.4597361717 0.2362545031 0.3106699946 0.3773097722 -0.4120857325 0.2515668383 0.3185268379 0.3179049745 0.3030358946 -0.3646839120 -0.4148072487
0.4214462862 0.4293048688 0.4119838860 -0.4803796225 0.2638602459 0.3363966307 0.4004856491 -0.4349947591 0.2788321757 0.3440665263 0.3435251488 0.3287238672 -0.3889673724 -0.4368775777
0.4445176513 0.4517455150 0.4354798450 -0.5012701098 0.2919475845 0.3624908806 0.4239979717 -0.4581373460 0.3065518767 0.3699608588 0.3694956279 0.3548100519 -0.4135421865 -0.4592398794
0.4678830757 0.4745034326 0.4592707377 -0.5224093073 0.3205204545 0.3889553480 0.4478492946 -0.4815145751 0.3347295418 0.3962122836 0.3958187856 0.3812974940 -0.4384100955 -0.4818962465
0.4915445437 0.4975810314 0.4833584960 -0.5437988888 0.3495827913 0.4157926364 0.4720421726 -0.5051275281 0.3633687715 0.4228232484 0.4224969956 0.4081892386 -0.4635728411 -0.5048487716
0.5155040399 0.5209807214 0.5077450521 -0.5654405280 0.3791385302 0.4430053497 0.4965791602 -0.5289772868 0.3924731661 0.4497962014 0.4495326317 0.4354883310 -0.4890321644 -0.5280995475
0.5397635486 0.5447049125 0.5324323378 -0.5873358988 0.4091916068 0.4705960914 0.5214628121 -0.5530649332 0.4220463262 0.4771335904 0.4769280675 0.4631978164 -0.5147898071 -0.5516506666
0.5643250542 0.5687560144 0.5574222854 -0.6094866748 0.4397459564 0.4985674652 0.5466956831 -0.5773915489 0.4520918521 0.5048378635 0.5046856769 0.4913207400 -0.5408475104 -0.5755042218
