-0.8299152117 -0.6530554930 -0.7707808562 0.7792705277 -0.8147716622 0.9847426464 -0.7413791445 0.7239089787 -0.8538709894 0.9141162693 -0.8835185127 -0.6448520070 0.8895984615 0.8848181425
-0.8278347667 -0.6521213251 -0.7687857260 0.7753731595 -0.8120855838 0.9864392362 -0.7381150281 0.7211525218 -0.8522234527 0.9126315717 -0.8797619824 -0.6429237876 0.8871879672 0.8816264432
-0.8256916244 -0.6511850604 -0.7667448248 0.7714064301 -0.8093341176 0.9880556333 -0.7347988743 0.7183544295 -0.8505115955 0.9110681057 -0.8759095123 -0.6409845577 0.8846949610 0.8783447769
-0.8234830806 -0.6502426642 -0.7646551856 0.7673685643 -0.8065148751 0.9895877933 -0.7314283860 0.7155120326 -0.8487325345 0.9094231030 -0.8719596124 -0.6390308604 0.8821171529 0.8749713133
-0.8212064308 -0.6492901019 -0.7625138411 0.7632577869 -0.8036254678 0.9910316716 -0.7280012662 0.7126226617 -0.8468833863 0.9076937955 -0.8679107932 -0.6370592390 0.8794522527 0.8715042225
-0.8188589706 -0.6483233389 -0.7603178242 0.7590723226 -0.8006635072 0.9923832234 -0.7245152179 0.7096836477 -0.8449612675 0.9058774151 -0.8637615647 -0.6350662366 0.8766979703 0.8679416744
-0.8164379959 -0.6473383405 -0.7580641676 0.7548103961 -0.7976266048 0.9936384043 -0.7209679441 0.7066923210 -0.8429632949 0.9039711938 -0.8595104372 -0.6330483964 0.8738520156 0.8642818389
-0.8139408021 -0.6463310721 -0.7557499041 0.7504702321 -0.7945123723 0.9947931697 -0.7173571477 0.7036460126 -0.8408865849 0.9019723633 -0.8551559210 -0.6310022616 0.8709120985 0.8605228859
-0.8113646849 -0.6452974991 -0.7533720666 0.7460500555 -0.7913184211 0.9958434749 -0.7136805318 0.7005420531 -0.8387282543 0.8998781556 -0.8506965262 -0.6289243753 0.8678759288 0.8566629853
-0.8087069399 -0.6442335868 -0.7509276879 0.7415480908 -0.7880423627 0.9967852753 -0.7099357993 0.6973777731 -0.8364854197 0.8976858025 -0.8461307631 -0.6268112808 0.8647412164 0.8527003071
-0.8059648628 -0.6431353006 -0.7484138008 0.7369625629 -0.7846818087 0.9976145265 -0.7061206533 0.6941505035 -0.8341551978 0.8953925359 -0.8414571418 -0.6246595213 0.8615056712 0.8486330212
-0.8031357492 -0.6419986058 -0.7458274380 0.7322916965 -0.7812343705 0.9983271837 -0.7022327966 0.6908575748 -0.8317347051 0.8929955878 -0.8366741727 -0.6224656399 0.8581670032 0.8444592974
-0.8002168948 -0.6408194679 -0.7431656325 0.7275337162 -0.7776976598 0.9989192023 -0.6982699323 0.6874963179 -0.8292210583 0.8904921899 -0.8317803660 -0.6202261798 0.8547229220 0.8401773057
-0.7972055952 -0.6395938521 -0.7404254169 0.7226868470 -0.7740692880 0.9993865379 -0.6942297634 0.6840640634 -0.8266113740 0.8878795742 -0.8267742317 -0.6179376842 0.8511711378 0.8357852161
-0.7940991460 -0.6383177239 -0.7376038241 0.7177493134 -0.7703468666 0.9997251458 -0.6901099928 0.6805581420 -0.8239027689 0.8851549725 -0.8216542803 -0.6155966963 0.8475093603 0.8312811984
-0.7908948429 -0.6369870487 -0.7346978870 0.7127193402 -0.7665280073 0.9999309813 -0.6859083235 0.6769758845 -0.8210923596 0.8823156168 -0.8164190219 -0.6131997592 0.8437352993 0.8266634225
-0.7875899815 -0.6355977917 -0.7317046382 0.7075951521 -0.7626103214 1.0000000000 -0.6816224586 0.6733146215 -0.8181772627 0.8793587388 -0.8110669667 -0.6107434163 0.8398466649 0.8219300584
-0.7841818575 -0.6341459184 -0.7286211107 0.7023749740 -0.7585914206 0.9999281572 -0.6772501010 0.6695716837 -0.8151545949 0.8762815706 -0.8055966249 -0.6082242106 0.8358411669 0.8170792760
-0.7806677664 -0.6326273940 -0.7254443372 0.6970570304 -0.7544689163 0.9997114083 -0.6727889537 0.6657444020 -0.8120214729 0.8730813439 -0.8000065068 -0.6056386853 0.8317165151 0.8121092453
-0.7770450039 -0.6310381841 -0.7221713506 0.6916395462 -0.7502404202 0.9993457087 -0.6682367196 0.6618301068 -0.8087750131 0.8697552906 -0.7942951227 -0.6029833836 0.8274704195 0.8070181360
-0.7733108658 -0.6293742539 -0.7187991835 0.6861207460 -0.7459035436 0.9988270138 -0.6635911018 0.6578261291 -0.8054123323 0.8663006427 -0.7884609826 -0.6002548488 0.8231005898 0.8018041182
-0.7694626475 -0.6276315688 -0.7153248690 0.6804988547 -0.7414558982 0.9981512791 -0.6588498032 0.6537297994 -0.8019305472 0.8627146320 -0.7825025968 -0.5974496239 0.8186047361 0.7964653618
-0.7654976447 -0.6258060943 -0.7117454397 0.6747720968 -0.7368950954 0.9973144600 -0.6540105269 0.6495384485 -0.7983267743 0.8589944904 -0.7764184756 -0.5945642522 0.8139805682 0.7910000366
-0.7614131531 -0.6238937955 -0.7080579284 0.6689386973 -0.7322187468 0.9963125118 -0.6490709758 0.6452494070 -0.7945981303 0.8551374498 -0.7702071292 -0.5915952769 0.8092257959 0.7854063127
-0.7572064684 -0.6218906380 -0.7042593680 0.6629968807 -0.7274244640 0.9951413899 -0.6440288528 0.6408600058 -0.7907417318 0.8511407420 -0.7638670678 -0.5885392411 0.8043381292 0.7796823598
-0.7528748860 -0.6197925870 -0.7003467913 0.6569448719 -0.7225098583 0.9937970498 -0.6388818611 0.6363675755 -0.7867546954 0.8470015989 -0.7573968016 -0.5853926881 0.7993152779 0.7738263480
-0.7484157018 -0.6175956080 -0.6963172311 0.6507808956 -0.7174725414 0.9922754469 -0.6336277035 0.6317694468 -0.7826341378 0.8427172525 -0.7507948409 -0.5821521610 0.7941549519 0.7678364472
-0.7438262113 -0.6152956663 -0.6921677202 0.6445031764 -0.7123101248 0.9905725365 -0.6282640830 0.6270629504 -0.7783771757 0.8382849346 -0.7440596958 -0.5788142030 0.7888548612 0.7617108272
-0.7391037102 -0.6128887272 -0.6878952913 0.6381099392 -0.7070202201 0.9886842742 -0.6227887027 0.6222454170 -0.7739809256 0.8337018770 -0.7371898766 -0.5753753573 0.7834127154 0.7554476581
-0.7342454939 -0.6103707562 -0.6834969774 0.6315994087 -0.7016004352 0.9866066155 -0.6171992655 0.6173141775 -0.7694425009 0.8289653119 -0.7301838935 -0.5718321671 0.7778262247 0.7490451097
