-0.8875647147 -0.8332040840 -0.8789123172 0.9115494465 -0.6938584611 -0.9009070634 -0.9176147283 0.9920064320 -0.8688225364 -0.9063482361 -0.9649449704 -0.9453003805 0.9455034155 0.9094978022
-0.8834523308 -0.8267590077 -0.8743497487 0.9087192375 -0.6820455137 -0.8973011060 -0.9145585314 0.9920364480 -0.8646652845 -0.9029993310 -0.9638860058 -0.9435458935 0.9436861520 0.9062669249
-0.8794997872 -0.8205240392 -0.8699479207 0.9060494563 -0.6706265755 -0.8938367012 -0.9116133906 0.9920970102 -0.8607535486 -0.8997890678 -0.9628912910 -0.9418870927 0.9419579530 0.9031702359
-0.8757041291 -0.8144958559 -0.8657039324 0.9035369486 -0.6595965084 -0.8905110785 -0.9087768870 0.9921863854 -0.8570831621 -0.8967146792 -0.9619587755 -0.9403215840 0.9403165278 0.9002050135
-0.8720624011 -0.8086711354 -0.8616148828 0.9011785599 -0.6489501742 -0.8873214676 -0.9060466020 0.9923028406 -0.8536499585 -0.8937733977 -0.9610864088 -0.9388469736 0.9387595861 0.8973685361
-0.8685716483 -0.8030465550 -0.8576778711 0.8989711358 -0.6386824347 -0.8842650978 -0.9034201169 0.9924446424 -0.8504497711 -0.8909624561 -0.9602721401 -0.9374608673 0.9372848373 0.8946580823
-0.8652289154 -0.7976187923 -0.8538899964 0.8969115221 -0.6287881518 -0.8813391986 -0.9008950129 0.9926100579 -0.8474784332 -0.8882790868 -0.9595139191 -0.9361608712 0.9358899910 0.8920709302
-0.8620312474 -0.7923845246 -0.8502483578 0.8949965643 -0.6192621872 -0.8785409997 -0.8984688713 0.9927973537 -0.8447317782 -0.8857205226 -0.9588096952 -0.9349445914 0.9345727566 0.8896043583
-0.8589756892 -0.7873404295 -0.8467500544 0.8932231081 -0.6100994027 -0.8758677305 -0.8961392734 0.9930047967 -0.8422056396 -0.8832839962 -0.9581574177 -0.9338096338 0.9333308438 0.8872556449
-0.8560592857 -0.7824831843 -0.8433921854 0.8915879992 -0.6012946603 -0.8733166205 -0.8939038006 0.9932306537 -0.8398958505 -0.8809667400 -0.9575550362 -0.9327536044 0.9321619619 0.8850220686
-0.8532790816 -0.7778094666 -0.8401718498 0.8900880830 -0.5928428217 -0.8708848992 -0.8917600340 0.9934731916 -0.8377982445 -0.8787659867 -0.9570005000 -0.9317741094 0.9310638206 0.8829009075
-0.8506321220 -0.7733159538 -0.8370861467 0.8887202054 -0.5847387487 -0.8685697962 -0.8897055549 0.9937306772 -0.8359086549 -0.8766789691 -0.9564917587 -0.9308687546 0.9300341292 0.8808894402
-0.8481154517 -0.7689993234 -0.8341321753 0.8874812119 -0.5769773031 -0.8663685410 -0.8877379447 0.9940013773 -0.8342229151 -0.8747029196 -0.9560267617 -0.9300351462 0.9290705975 0.8789849450
-0.8457261156 -0.7648562527 -0.8313070347 0.8863679481 -0.5695533468 -0.8642783630 -0.8858547846 0.9942835588 -0.8327368583 -0.8728350710 -0.9556034584 -0.9292708900 0.9281709348 0.8771847002
-0.8434611585 -0.7608834193 -0.8286078240 0.8853772598 -0.5624617416 -0.8622964918 -0.8840536559 0.9945754884 -0.8314463181 -0.8710726558 -0.9552197983 -0.9285735923 0.9273328507 0.8754859843
-0.8413176254 -0.7570775007 -0.8260316423 0.8845059924 -0.5556973493 -0.8604201570 -0.8823321400 0.9948754330 -0.8303471277 -0.8694129067 -0.9548737308 -0.9279408588 0.9265540547 0.8738860756
-0.8392925612 -0.7534351742 -0.8235755887 0.8837509917 -0.5492550318 -0.8586465879 -0.8806878180 0.9951816594 -0.8294351206 -0.8678530563 -0.9545632054 -0.9273702958 0.9258322563 0.8723822526
-0.8373830106 -0.7499531173 -0.8212367624 0.8831091033 -0.5431296508 -0.8569730142 -0.8791182713 0.9954924345 -0.8287061300 -0.8663903373 -0.9542861714 -0.9268595091 0.9251651650 0.8709717935
-0.8355860187 -0.7466280076 -0.8190122624 0.8825771729 -0.5373160681 -0.8553966654 -0.8776210811 0.9958060251 -0.8281559894 -0.8650219822 -0.9540405785 -0.9264061049 0.9245504904 0.8696519769
-0.8338986303 -0.7434565223 -0.8168991879 0.8821520460 -0.5318091457 -0.8539147709 -0.8761938288 0.9961206980 -0.8277805322 -0.8637452237 -0.9538243759 -0.9260076891 0.9239859419 0.8684200810
-0.8323178903 -0.7404353391 -0.8148946379 0.8818305683 -0.5266037452 -0.8525245603 -0.8748340955 0.9964347200 -0.8275755916 -0.8625572945 -0.9536355132 -0.9256618677 0.9234692291 0.8672733842
-0.8308408435 -0.7375611353 -0.8129957117 0.8816095854 -0.5216947286 -0.8512232630 -0.8735394627 0.9967463579 -0.8275370011 -0.8614554271 -0.9534719398 -0.9253662468 0.9229980615 0.8662091649
-0.8294645348 -0.7348305885 -0.8111995082 0.8814859430 -0.5170769576 -0.8500081087 -0.8723075116 0.9970538786 -0.8276605941 -0.8604368542 -0.9533316051 -0.9251184323 0.9225701486 0.8652247016
-0.8281860092 -0.7322403760 -0.8095031267 0.8814564867 -0.5127452941 -0.8488763268 -0.8711358234 0.9973555490 -0.8279422038 -0.8594988084 -0.9532124586 -0.9249160304 0.9221831999 0.8643172725
-0.8270023116 -0.7297871753 -0.8079036662 0.8815180621 -0.5086945999 -0.8478251468 -0.8700219795 0.9976496358 -0.8283776637 -0.8586385224 -0.9531124498 -0.9247566469 0.9218349250 0.8634841561
-0.8259104867 -0.7274676639 -0.8063982258 0.8816675149 -0.5049197368 -0.8468517983 -0.8689635612 0.9979344058 -0.8289628072 -0.8578532287 -0.9530295280 -0.9246378880 0.9215230333 0.8627226307
-0.8249075795 -0.7252785192 -0.8049839047 0.8819016907 -0.5014155666 -0.8459535107 -0.8679581496 0.9982081260 -0.8296934676 -0.8571401601 -0.9529616428 -0.9245573596 0.9212452344 0.8620299748
-0.8239906349 -0.7232164187 -0.8036578020 0.8822174351 -0.4981769511 -0.8451275136 -0.8670033262 0.9984690630 -0.8305654782 -0.8564965490 -0.9529067435 -0.9245126677 0.9209992377 0.8614034667
-0.8231566978 -0.7212780398 -0.8024170167 0.8826115938 -0.4951987522 -0.8443710365 -0.8660966722 0.9987154839 -0.8315746725 -0.8559196282 -0.9528627797 -0.9245014184 0.9207827529 0.8608403847
-0.8224028130 -0.7194600600 -0.8012586481 0.8830810125 -0.4924758317 -0.8436813088 -0.8652357688 0.9989456552 -0.8327168837 -0.8554066304 -0.9528277007 -0.9245212177 0.9205934894 0.8603380073
