-0.8944137230 -0.9383618299 -0.8542996892 0.9190646003 -0.9047540190 -0.8784207778 -0.8783960099 0.8965395849 -0.9858311793 -0.8975266265 -0.9160643113 -0.9973789345 0.8590193816 0.9675839221
-0.8927206308 -0.9373221479 -0.8513287469 0.9175181836 -0.9030451965 -0.8764793972 -0.8760735716 0.8945236145 -0.9865981553 -0.8959917924 -0.9149116187 -0.9974670087 0.8561422739 0.9666481101
-0.8910832610 -0.9363083472 -0.8484089446 0.9160004863 -0.9013771620 -0.8746041078 -0.8737994647 0.8925453704 -0.9873530013 -0.8945157958 -0.9138101507 -0.9975525790 0.8533142065 0.9657028999
-0.8895001693 -0.9353192766 -0.8455390600 0.9145103864 -0.8997486618 -0.8727933659 -0.8715724192 0.8906036769 -0.9880948348 -0.8930971328 -0.9127584506 -0.9976347081 0.8505339714 0.9647475729
-0.8879699113 -0.9343537850 -0.8427178703 0.9130467619 -0.8981584424 -0.8710456281 -0.8693911646 0.8886973585 -0.9888227732 -0.8917342992 -0.9117550613 -0.9977124592 0.8478003605 0.9637814104
-0.8864910427 -0.9334107214 -0.8399441530 0.9116084908 -0.8966052500 -0.8693593508 -0.8672544309 0.8868252397 -0.9895359340 -0.8904257911 -0.9107985260 -0.9977848950 0.8451121658 0.9628036939
-0.8850621190 -0.9324889346 -0.8372166857 0.9101944512 -0.8950878310 -0.8677329904 -0.8651609478 0.8849861449 -0.9902334347 -0.8891701043 -0.9098873878 -0.9978510785 0.8424681792 0.9618137048
-0.8836816960 -0.9315872736 -0.8345342458 0.9088035212 -0.8936049318 -0.8661650033 -0.8631094450 0.8831788987 -0.9909143926 -0.8879657348 -0.9090201899 -0.9979100726 0.8398671928 0.9608107244
-0.8823483291 -0.9307045871 -0.8318956108 0.9074345787 -0.8921552988 -0.8646538461 -0.8610986522 0.8814023254 -0.9915779254 -0.8868111786 -0.9081954754 -0.9979609402 0.8373079985 0.9597940342
-0.8810605740 -0.9298397242 -0.8292995581 0.9060865018 -0.8907376783 -0.8631979751 -0.8591272993 0.8796552495 -0.9922231505 -0.8857049316 -0.9074117873 -0.9980027443 0.8347893882 0.9587629155
-0.8798169863 -0.9289915336 -0.8267448651 0.9047581686 -0.8893508166 -0.8617958468 -0.8571941160 0.8779364955 -0.9928491853 -0.8846454897 -0.9066676690 -0.9980345477 0.8323101539 0.9577166498
-0.8786161216 -0.9281588644 -0.8242303095 0.9034484571 -0.8879934602 -0.8604459175 -0.8552978320 0.8762448878 -0.9934551473 -0.8836313489 -0.9059616633 -0.9980554133 0.8298690876 0.9566545184
-0.8774565356 -0.9273405653 -0.8217546686 0.9021562453 -0.8866643554 -0.8591466439 -0.8534371771 0.8745792510 -0.9940401539 -0.8826610051 -0.9052923136 -0.9980644041 0.8274649813 0.9555758028
-0.8763367839 -0.9265354853 -0.8193167198 0.9008804112 -0.8853622486 -0.8578964822 -0.8516108811 0.8729384094 -0.9946033227 -0.8817329543 -0.9046581628 -0.9980605830 0.8250966268 0.9544797843
-0.8752554220 -0.9257424733 -0.8169152407 0.8996198330 -0.8840858861 -0.8566938890 -0.8498176737 0.8713211875 -0.9951437711 -0.8808456925 -0.9040577541 -0.9980430129 0.8227628162 0.9533657443
-0.8742110057 -0.9249603781 -0.8145490088 0.8983733886 -0.8828340143 -0.8555373206 -0.8480562847 0.8697264098 -0.9956606166 -0.8799977155 -0.9034896307 -0.9980107567 0.8204623414 0.9522329643
-0.8732020904 -0.9241880487 -0.8122168014 0.8971399561 -0.8816053795 -0.8544252335 -0.8463254438 0.8681529007 -0.9961529766 -0.8791875193 -0.9029523357 -0.9979628774 0.8181939944 0.9510807256
-0.8722272318 -0.9234243339 -0.8099173961 0.8959184135 -0.8803987281 -0.8533560842 -0.8446238808 0.8665994847 -0.9966199686 -0.8784135998 -0.9024444122 -0.9978984377 0.8159565671 0.9499083097
-0.8712849856 -0.9226680827 -0.8076495703 0.8947076388 -0.8792128066 -0.8523283291 -0.8429503255 0.8650649863 -0.9970607101 -0.8776744531 -0.9019644033 -0.9978165007 0.8137488516 0.9487149978
-0.8703739074 -0.9219181439 -0.8054121015 0.8935065102 -0.8780463611 -0.8513404246 -0.8413035076 0.8635482299 -0.9974743185 -0.8769685750 -0.9015108521 -0.9977161293 0.8115696397 0.9475000715
-0.8694925527 -0.9211733664 -0.8032037672 0.8923139056 -0.8768981382 -0.8503908272 -0.8396821569 0.8620480400 -0.9978599114 -0.8762944616 -0.9010823018 -0.9975963864 0.8094177235 0.9462628122
-0.8686394771 -0.9204325991 -0.8010233448 0.8911287031 -0.8757668841 -0.8494779932 -0.8380850030 0.8605632411 -0.9982166061 -0.8756506086 -0.9006772955 -0.9974563348 0.8072918948 0.9450025011
-0.8678132364 -0.9196946910 -0.7988696118 0.8899497807 -0.8746513452 -0.8486003793 -0.8365107759 0.8590926575 -0.9985435202 -0.8750355122 -0.9002943763 -0.9972950376 0.8051909457 0.9437184197
-0.8670123861 -0.9189584908 -0.7967413456 0.8887760164 -0.8735502680 -0.8477564417 -0.8349582052 0.8576351138 -0.9988397711 -0.8744476681 -0.8999320874 -0.9971115576 0.8031136681 0.9424098495
-0.8662354818 -0.9182228475 -0.7946373237 0.8876062884 -0.8724623986 -0.8469446369 -0.8334260207 0.8561894344 -0.9991044763 -0.8738855725 -0.8995889718 -0.9969049577 0.8010588541 0.9410760718
-0.8654810792 -0.9174866101 -0.7925563237 0.8864394746 -0.8713864836 -0.8461634214 -0.8319129522 0.8547544438 -0.9993367533 -0.8733477212 -0.8992635727 -0.9966743008 0.7990252954 0.9397163680
-0.8647477338 -0.9167486272 -0.7904971229 0.8852744530 -0.8703212693 -0.8454112516 -0.8304177294 0.8533289664 -0.9995357194 -0.8728326101 -0.8989544332 -0.9964186499 0.7970117842 0.9383300195
-0.8640340012 -0.9160077480 -0.7884584988 0.8841101018 -0.8692655020 -0.8446865839 -0.8289390820 0.8519118268 -0.9997004923 -0.8723387353 -0.8986600964 -0.9961370679 0.7950171123 0.9369163077
-0.8633384372 -0.9152628212 -0.7864392288 0.8829452989 -0.8682179281 -0.8439878748 -0.8274757399 0.8505018492 -0.9998301893 -0.8718645926 -0.8983791055 -0.9958286177 0.7930400718 0.9354745140
-0.8626595972 -0.9145126958 -0.7844380906 0.8817789224 -0.8671772939 -0.8433135808 -0.8260264327 0.8490978583 -0.9999239280 -0.8714086780 -0.8981100036 -0.9954923621 0.7910794545 0.9340039197
