-0.6334901627 -0.8213136575 -0.8656248359 0.7888602527 -0.7666315185 0.8380884486 -0.7437972594 0.7594556073 -0.7460427353 0.9660493365 -0.8993108757 -0.7987060971 0.5830243164 0.6586114246
-0.6310318907 -0.8150632893 -0.8599966457 0.7817122942 -0.7606437722 0.8345728305 -0.7398242525 0.7542642861 -0.7411540356 0.9631072487 -0.8937712316 -0.7904776090 0.5788352380 0.6535940334
-0.6284463237 -0.8086435961 -0.8541898665 0.7744016058 -0.7544985758 0.8308854540 -0.7356995727 0.7489174004 -0.7361127867 0.9599661246 -0.8880439859 -0.7820709454 0.5745289761 0.6484428441
-0.6257285359 -0.8020521480 -0.8482016796 0.7669263270 -0.7481933150 0.8270221316 -0.7314193011 0.7434118209 -0.7309156603 0.9566214424 -0.8821263279 -0.7734853429 0.5701017065 0.6431545872
-0.6228736014 -0.7952865150 -0.8420292665 0.7592845974 -0.7417253755 0.8229786753 -0.7269795185 0.7377444178 -0.7255593280 0.9530686801 -0.8760154471 -0.7647200379 0.5655496047 0.6377259929
-0.6198765945 -0.7883442672 -0.8356698084 0.7514745564 -0.7350921430 0.8187508976 -0.7223763059 0.7319120617 -0.7200404615 0.9493033158 -0.8697085330 -0.7557742670 0.5608688464 0.6321537918
-0.6167325892 -0.7812229747 -0.8291204869 0.7434943438 -0.7282910031 0.8143346106 -0.7176057441 0.7259116228 -0.7143557324 0.9453208276 -0.8632027750 -0.7466472665 0.5560556073 0.6264347142
-0.6134366597 -0.7739202075 -0.8223784832 0.7353420990 -0.7213193415 0.8097256266 -0.7126639141 0.7197399717 -0.7085018125 0.9411166936 -0.8564953627 -0.7373382731 0.5511060628 0.6205654905
-0.6099838802 -0.7664335358 -0.8154409787 0.7270159615 -0.7141745438 0.8049197578 -0.7075468968 0.7133939788 -0.7024753733 0.9366863919 -0.8495834854 -0.7278465231 0.5460163887 0.6145428510
-0.6063693249 -0.7587605295 -0.8083051548 0.7185140710 -0.7068539959 0.7999128166 -0.7022507731 0.7068705144 -0.6962730867 0.9320254005 -0.8424643327 -0.7181712531 0.5407827606 0.6083635262
-0.6025880679 -0.7508987589 -0.8009681928 0.7098345669 -0.6993550833 0.7947006152 -0.6967716239 0.7001664490 -0.6898916241 0.9271291976 -0.8351350939 -0.7083116995 0.5354013542 0.6020242465
-0.5986351833 -0.7428457938 -0.7934272743 0.7009755889 -0.6916751916 0.7892789659 -0.6911055301 0.6932786529 -0.6833276574 0.9219932612 -0.8275929586 -0.6982670989 0.5298683450 0.5955217422
-0.5945057454 -0.7345992045 -0.7856795804 0.6919352764 -0.6838117067 0.7836436808 -0.6852485726 0.6862039967 -0.6765778582 0.9166130694 -0.8198351163 -0.6880366876 0.5241799086 0.5888527437
-0.5901948282 -0.7261565610 -0.7777222926 0.6827117691 -0.6757620141 0.7777905723 -0.6791968324 0.6789393507 -0.6696388981 0.9109841003 -0.8118587562 -0.6776197023 0.5183322208 0.5820139815
-0.5856975060 -0.7175154334 -0.7695525923 0.6733032065 -0.6675234996 0.7717154527 -0.6729463904 0.6714815854 -0.6625074489 0.9051018320 -0.8036610681 -0.6670153793 0.5123214571 0.5750021858
-0.5810088528 -0.7086733917 -0.7611676609 0.6637077281 -0.6590935487 0.7654141341 -0.6664933274 0.6638275711 -0.6551801821 0.8989617425 -0.7952392412 -0.6562229552 0.5061437932 0.5678140871
-0.5761239429 -0.6996280060 -0.7525646796 0.6539234734 -0.6504695472 0.7588824289 -0.6598337244 0.6559741783 -0.6476537695 0.8925593100 -0.7865904650 -0.6452416665 0.4997954047 0.5604464159
-0.5710378505 -0.6903768464 -0.7437408299 0.6439485822 -0.6416488808 0.7521161493 -0.6529636623 0.6479182774 -0.6399248828 0.8858900126 -0.7777119291 -0.6340707495 0.4932724672 0.5528959024
-0.5657456495 -0.6809174830 -0.7346932932 0.6337811938 -0.6326289351 0.7451111075 -0.6458792221 0.6396567388 -0.6319901935 0.8789493282 -0.7686008229 -0.6227094409 0.4865711563 0.5451592770
-0.5602424144 -0.6712474858 -0.7254192509 0.6234194478 -0.6234070958 0.7378631159 -0.6385764846 0.6311864329 -0.6238463734 0.8717327351 -0.7592543357 -0.6111569771 0.4796876478 0.5372332702
-0.5545232191 -0.6613644249 -0.7159158842 0.6128614839 -0.6139807485 0.7303679867 -0.6310515307 0.6225042302 -0.6154900942 0.8642357112 -0.7496696572 -0.5994125945 0.4726181171 0.5291146123
-0.5485831378 -0.6512658703 -0.7061803747 0.6021054415 -0.6043472791 0.7226215322 -0.6233004413 0.6136070010 -0.6069180274 0.8564537348 -0.7398439768 -0.5874755297 0.4653587400 0.5208000337
-0.5424172447 -0.6409493923 -0.6962099036 0.5911494602 -0.5945040730 0.7146195646 -0.6153192975 0.6044916157 -0.5981268449 0.8483822838 -0.7297744838 -0.5753450192 0.4579056920 0.5122862649
-0.5360206140 -0.6304125607 -0.6860016523 0.5799916795 -0.5844485160 0.7063578961 -0.6071041800 0.5951549449 -0.5891132182 0.8400168363 -0.7194583679 -0.5630202994 0.4502551488 0.5035700362
-0.5293883198 -0.6196529458 -0.6755528022 0.5686302391 -0.5741779938 0.6978323391 -0.5986511698 0.5855938588 -0.5798738190 0.8313528705 -0.7088928183 -0.5505006068 0.4424032861 0.4946480779
-0.5225154363 -0.6086681175 -0.6648605347 0.5570632784 -0.5636898921 0.6890387057 -0.5899563478 0.5758052280 -0.5704053191 0.8223858643 -0.6980750247 -0.5377851779 0.4343462794 0.4855171205
-0.5153970376 -0.5974556460 -0.6539220312 0.5452889370 -0.5529815965 0.6799728083 -0.5810157950 0.5657859228 -0.5607043900 0.8131112960 -0.6870021764 -0.5248732491 0.4260803043 0.4761738944
-0.5080281980 -0.5860131013 -0.6427344730 0.5333053545 -0.5420504926 0.6706304592 -0.5718255922 0.5555328137 -0.5507677034 0.8035246436 -0.6756714630 -0.5117640571 0.4176015366 0.4666151299
-0.5004039914 -0.5743380535 -0.6312950415 0.5211106703 -0.5308939663 0.6610074705 -0.5623818203 0.5450427710 -0.5405919310 0.7936213851 -0.6640800738 -0.4984568382 0.4089061518 0.4568375575
-0.4925194922 -0.5624280726 -0.6196009181 0.5087030242 -0.5195094030 0.6510996546 -0.5526805603 0.5343126652 -0.5301737445 0.7833969987 -0.6522251984 -0.4849508289 0.3999903256 0.4468379075
