-0.1046863002 -0.1803268564 -0.1252668669 0.1796123183 -0.1688432113 -0.0309963070 -0.1231131349 0.0819612600 -0.1636879836 0.0372644774 -0.1677277994 -0.1099355943 0.0586691401 0.0665891627
-0.0938982805 -0.1702265511 -0.1154489518 0.1692564639 -0.1576613512 -0.0222693820 -0.1125828866 0.0715662791 -0.1532588705 0.0438902720 -0.1564087383 -0.1001856684 0.0491366887 0.0571271136
-0.0830200339 -0.1600025189 -0.1055173347 0.1587817667 -0.1463787713 -0.0134347774 -0.1019525953 0.0610801380 -0.1427166555 0.0506434323 -0.1449915858 -0.0903250271 0.0395036899 0.0475610390
-0.0720511671 -0.1496539049 -0.0954712324 0.1481874604 -0.1349950168 -0.0044916275 -0.0912217251 0.0505023796 -0.1320606453 0.0575253265 -0.1334759448 -0.0803529107 0.0297694659 0.0378902132
-0.0609912868 -0.1391798547 -0.0853098619 0.1374727788 -0.1235096329 0.0045609335 -0.0803897397 0.0398325468 -0.1212901467 0.0645373227 -0.1218614182 -0.0702685596 0.0199333391 0.0281139109
-0.0498399996 -0.1285795135 -0.0750324398 0.1266369558 -0.1119221649 0.0137237713 -0.0694561030 0.0290701826 -0.1104044664 0.0716807893 -0.1101476088 -0.0600712142 0.0099946318 0.0182314065
-0.0385969123 -0.1178520267 -0.0646381832 0.1156792250 -0.1002321579 0.0229977518 -0.0584202787 0.0182148296 -0.0994029113 0.0789570942 -0.0983341194 -0.0497601147 -0.0000473337 0.0082419746
-0.0272616314 -0.1069965397 -0.0541263089 0.1045988203 -0.0884391573 0.0323837407 -0.0472817308 0.0072660309 -0.0882847880 0.0863676057 -0.0864205530 -0.0393345017 -0.0101932352 -0.0018551103
-0.0158337638 -0.0960121978 -0.0434960337 0.0933949754 -0.0765427082 0.0418826037 -0.0360399231 -0.0037766708 -0.0770494033 0.0939136921 -0.0744065125 -0.0287936155 -0.0204437504 -0.0120605736
-0.0043129161 -0.0848981463 -0.0327465746 0.0820669242 -0.0645423559 0.0514952066 -0.0246943194 -0.0149137325 -0.0656960639 0.1015967213 -0.0622916006 -0.0181366963 -0.0307995569 -0.0223751409
0.0073013050 -0.0736535307 -0.0218771483 0.0706139003 -0.0524376456 0.0612224152 -0.0132443836 -0.0261456114 -0.0542240767 0.1094180617 -0.0500754202 -0.0073629847 -0.0412613325 -0.0327995375
0.0190092929 -0.0622774962 -0.0108869718 0.0590351377 -0.0402281225 0.0710650953 -0.0016895794 -0.0374727646 -0.0426327484 0.1173790815 -0.0377575742 0.0035282791 -0.0518297548 -0.0433344889
0.0308114409 -0.0507691883 0.0002247382 0.0473298700 -0.0279133319 0.0810241126 0.0099706292 -0.0488956493 -0.0309213858 0.1254811487 -0.0253376655 0.0145378547 -0.0625055016 -0.0539807207
0.0427081422 -0.0391277522 0.0114587647 0.0354973310 -0.0154928190 0.0911003329 0.0217367784 -0.0604147225 -0.0190892955 0.1337256316 -0.0128152969 0.0256665016 -0.0732892506 -0.0647389582
0.0546997902 -0.0273523334 0.0228158908 0.0235367546 -0.0029661291 0.1012946219 0.0336094044 -0.0720304415 -0.0071357844 0.1421138983 -0.0001900713 0.0369149796 -0.0841816795 -0.0756099271
0.0667867782 -0.0154420772 0.0342968998 0.0114473744 0.0096671928 0.1116078454 0.0455890433 -0.0837432633 0.0049398408 0.1506473170 0.0125384085 0.0482840483 -0.0951834660 -0.0865943526
0.0789694996 -0.0033961288 0.0459025747 -0.0007715756 0.0224076012 0.1220408691 0.0576762314 -0.0955536451 0.0171382732 0.1593272559 0.0253705396 0.0597744673 -0.1062952877 -0.0976929603
0.0912483475 0.0087863662 0.0576336987 -0.0131208618 0.0352555510 0.1325945589 0.0698715047 -0.1074620439 0.0294602063 0.1681550832 0.0383067191 0.0713869962 -0.1175178225 -0.1089064756
0.1036237155 0.0211062626 0.0694910549 -0.0256012504 0.0482114969 0.1432697805 0.0821753995 -0.1194689170 0.0419063331 0.1771321671 0.0513473441 0.0831223947 -0.1288517480 -0.1202356241
0.1160959967 0.0335644150 0.0814754265 -0.0382135076 0.0612758938 0.1540673997 0.0945884519 -0.1315747215 0.0544773470 0.1862598756 0.0644928119 0.0949814224 -0.1402977419 -0.1316811312
0.1286655845 0.0461616780 0.0935875966 -0.0509583995 0.0744491964 0.1649882822 0.1071111980 -0.1437799145 0.0671739412 0.1955395771 0.0777435195 0.1069648389 -0.1518564819 -0.1432437223
0.1413328723 0.0588989064 0.1058283483 -0.0638366925 0.0877318594 0.1760332938 0.1197441740 -0.1560849531 0.0799968089 0.2049726397 0.0910998641 0.1190734039 -0.1635286457 -0.1549241229
0.1540982532 0.0717769547 0.1181984648 -0.0768491527 0.1011243377 0.1872033002 0.1324879161 -0.1684902944 0.0929466433 0.2145604315 0.1045622428 0.1313078771 -0.1753149110 -0.1667230585
0.1669621207 0.0847966776 0.1306987292 -0.0899965464 0.1146270859 0.1984991673 0.1453429604 -0.1809963957 0.1060241378 0.2243043207 0.1181310527 0.1436690179 -0.1872159556 -0.1786412546
0.1799248681 0.0979589297 0.1433299247 -0.1032796398 0.1282405590 0.2099217607 0.1583098431 -0.1936037139 0.1192299855 0.2342056756 0.1318066911 0.1561575861 -0.1992324571 -0.1906794366
0.1929868886 0.1112645658 0.1560928343 -0.1166991990 0.1419652115 0.2214719463 0.1713891004 -0.2063127064 0.1325648797 0.2442658642 0.1455895550 0.1687743414 -0.2113650933 -0.2028383300
0.2061485756 0.1247144403 0.1689882412 -0.1302559905 0.1558014984 0.2331505898 0.1845812684 -0.2191238301 0.1460295136 0.2544862548 0.1594800415 0.1815200433 -0.2236145418 -0.2151186603
0.2194103224 0.1383094081 0.1820169286 -0.1439507802 0.1697498744 0.2449585570 0.1978868833 -0.2320375422 0.1596245805 0.2648682156 0.1734785478 0.1943954514 -0.2359814804 -0.2275211529
0.2327725224 0.1520503236 0.1951796796 -0.1577843345 0.1838107942 0.2568967137 0.2113064812 -0.2450542998 0.1733507736 0.2754131147 0.1875854711 0.2074013255 -0.2484665867 -0.2400465332
0.2462355688 0.1659380417 0.2084772773 -0.1717574197 0.1979847126 0.2689659255 0.2248405984 -0.2581745602 0.1872087862 0.2861223202 0.2018012085 0.2205384251 -0.2610705385 -0.2526955269
