-0.7565423069 -0.6617603554 -0.6380733744 0.7083293822 -0.7903791006 0.9083970532 -0.7371722201 0.5513556803 -0.5747536531 0.7006209932 -0.7186565148 -0.9127974683 0.5707696018 0.6975782172
-0.7482536797 -0.6526137955 -0.6330720899 0.7023527486 -0.7819578061 0.9061902285 -0.7335842379 0.5478159164 -0.5693508217 0.6976316669 -0.7129275503 -0.9067983561 0.5628201623 0.6917250035
-0.7397727011 -0.6433015095 -0.6279291401 0.6962082805 -0.7733315634 0.9037671889 -0.7298288136 0.5441678164 -0.5638247974 0.6944888774 -0.7070284660 -0.9005573771 0.5547386253 0.6857078567
-0.7310970323 -0.6338217476 -0.6226389050 0.6898914064 -0.7644982741 0.9011203149 -0.7258992360 0.5404042295 -0.5581701956 0.6911852841 -0.7009544839 -0.8940707296 0.5465219444 0.6795220687
-0.7222243343 -0.6241727598 -0.6171957652 0.6833975546 -0.7554558398 0.8982419871 -0.7217887940 0.5365180049 -0.5523816319 0.6877135466 -0.6947008263 -0.8873346121 0.5381670728 0.6731629313
-0.7131522684 -0.6143527960 -0.6115941007 0.6767221534 -0.7462021621 0.8951245861 -0.7174907766 0.5325019919 -0.5464537219 0.6840663246 -0.6882627154 -0.8803452229 0.5296709642 0.6666257364
-0.7038784958 -0.6043601064 -0.6058282919 0.6698606314 -0.7367351424 0.8917604924 -0.7129984727 0.5283490397 -0.5403810812 0.6802362775 -0.6816353733 -0.8730987604 0.5210305720 0.6599057756
-0.6944006777 -0.5941929409 -0.5998927192 0.6628084170 -0.7270526824 0.8881420867 -0.7083051711 0.5240519974 -0.5341583254 0.6762160650 -0.6748140222 -0.8655914230 0.5122428496 0.6529983409
-0.6847164752 -0.5838495497 -0.5937817627 0.6555609384 -0.7171526845 0.8842617494 -0.7034041609 0.5196037143 -0.5277800706 0.6719983465 -0.6677938843 -0.8578194092 0.5033047506 0.6458987241
-0.6748235494 -0.5733281826 -0.5874898028 0.6481136242 -0.7070330476 0.8801118614 -0.6982887308 0.5149970396 -0.5212409304 0.6675757818 -0.6605701816 -0.8497789172 0.4942132284 0.6386022169
-0.6647195617 -0.5626270898 -0.5810112197 0.6404619027 -0.6966916760 0.8756848029 -0.6929521698 0.5102248225 -0.5145355224 0.6629410303 -0.6531381365 -0.8414661455 0.4849652365 0.6311041112
-0.6544021730 -0.5517445212 -0.5743403938 0.6326012023 -0.6861264702 0.8709729547 -0.6873877669 0.5052799121 -0.5076584616 0.6580867517 -0.6454929711 -0.8328772925 0.4755577284 0.6233996989
-0.6438690447 -0.5406787270 -0.5674717053 0.6245269515 -0.6753353320 0.8659686973 -0.6815888109 0.5001551578 -0.5006043634 0.6530056054 -0.6376299075 -0.8240085565 0.4659876575 0.6154842716
-0.6331178379 -0.5294279572 -0.5603995345 0.6162345786 -0.6643161627 0.8606644114 -0.6755485907 0.4948434086 -0.4933678434 0.6476902511 -0.6295441680 -0.8148561360 0.4562519773 0.6073531212
-0.6221462138 -0.5179904617 -0.5531182617 0.6077195119 -0.6530668641 0.8550524774 -0.6692603953 0.4893375139 -0.4859435172 0.6421333483 -0.6212309746 -0.8054162294 0.4463476413 0.5990015396
-0.6109518335 -0.5063644906 -0.5456222672 0.5989771801 -0.6415853377 0.8491252760 -0.6627175135 0.4836303228 -0.4783260004 0.6363275566 -0.6126855496 -0.7956850350 0.4362716030 0.5904248186
-0.5995323583 -0.4945482939 -0.5379059313 0.5900030113 -0.6298694849 0.8428751878 -0.6559132343 0.4777146845 -0.4705099085 0.6302655356 -0.6039031152 -0.7856587512 0.4260208158 0.5816182499
-0.5878854492 -0.4825401217 -0.5299636342 0.5807924341 -0.6179172075 0.8362945933 -0.6488408465 0.4715834483 -0.4624898571 0.6239399448 -0.5948788934 -0.7753335765 0.4155922332 0.5725771254
-0.5760087675 -0.4703382240 -0.5217897563 0.5713408768 -0.6057264069 0.8293758730 -0.6414936392 0.4652294633 -0.4542604618 0.6173434438 -0.5856081065 -0.7647057091 0.4049828087 0.5632967369
-0.5638999744 -0.4579408508 -0.5133786777 0.5616437678 -0.5932949847 0.8221114077 -0.6338649011 0.4586455788 -0.4458163381 0.6104686922 -0.5760859767 -0.7537713476 0.3941894957 0.5537723762
-0.5515567309 -0.4453462522 -0.5047247789 0.5516965355 -0.5806208425 0.8144935779 -0.6259479213 0.4518246439 -0.4371521016 0.6033083496 -0.5663077261 -0.7425266903 0.3832092478 0.5439993351
-0.5389766984 -0.4325526781 -0.4958224401 0.5414946084 -0.5677018818 0.8065147641 -0.6177359885 0.4447595079 -0.4282623678 0.5958550754 -0.5562685770 -0.7309679355 0.3720390184 0.5339729055
-0.5261575380 -0.4195583787 -0.4866660416 0.5310334147 -0.5545360043 0.7981673469 -0.6092223918 0.4374430199 -0.4191417524 0.5881015294 -0.5459637513 -0.7190912817 0.3606757610 0.5236883791
-0.5130969108 -0.4063616039 -0.4772499636 0.5203083830 -0.5411211114 0.7894437069 -0.6004004200 0.4298680292 -0.4097848708 0.5800403710 -0.5353884715 -0.7068929273 0.3491164290 0.5131410477
-0.4997924780 -0.3929606038 -0.4675685865 0.5093149417 -0.5274551047 0.7803362248 -0.5912633621 0.4220273851 -0.4001863387 0.5716642598 -0.5245379595 -0.6943690707 0.3373579759 0.5023262033
-0.4862419009 -0.3793536284 -0.4576162905 0.4980485190 -0.5135358859 0.7708372809 -0.5818045069 0.4139139366 -0.3903407716 0.5629658554 -0.5134074376 -0.6815159102 0.3253973553 0.4912391375
-0.4724428405 -0.3655389278 -0.4473874560 0.4865045435 -0.4993613564 0.7609392561 -0.5720171433 0.4055205330 -0.3802427851 0.5539378174 -0.5019921280 -0.6683296442 0.3132315205 0.4798751423
-0.4583929580 -0.3515147519 -0.4368764632 0.4746784435 -0.4849294178 0.7506345307 -0.5618945604 0.3968400235 -0.3698869947 0.5445728053 -0.4902872528 -0.6548064712 0.3008574251 0.4682295093
-0.4440899147 -0.3372793508 -0.4260776923 0.4625656474 -0.4702379716 0.7399154855 -0.5514300469 0.3878652574 -0.3592680161 0.5348634787 -0.4782880342 -0.6409425895 0.2882720225 0.4562975305
-0.4295313717 -0.3228309746 -0.4149855238 0.4501615837 -0.4552849196 0.7287745009 -0.5406168918 0.3785890837 -0.3483804647 0.5248024972 -0.4659896944 -0.6267341975 0.2754722662 0.4440744976
