-0.9717934587 -0.6943370533 -0.8576638408 1.0000000000 -0.8200149845 -0.4761029655 -0.7520125591 0.7980512638 -0.8515654323 0.9912440411 -0.9609705371 -0.5835747721 0.7265398000 0.9052362250
-0.9675341989 -0.6929144060 -0.8528150207 0.9999938338 -0.8139972344 -0.4682144599 -0.7477302313 0.7940457872 -0.8463094025 0.9950701777 -0.9567149742 -0.5768463180 0.7240967592 0.9027765650
-0.9629748366 -0.6915228339 -0.8478242229 0.9997631112 -0.8078374238 -0.4603628752 -0.7433841992 0.7899531856 -0.8409069353 0.9977920870 -0.9522247374 -0.5701105971 0.7216436350 0.9001936462
-0.9581152151 -0.6901520905 -0.8426875411 0.9993026396 -0.8015325835 -0.4525430159 -0.7389684755 0.7857677374 -0.8353545430 0.9994289632 -0.9474977502 -0.5633624051 0.7191718535 0.8974812621
-0.9529551780 -0.6887919293 -0.8374010693 0.9986072262 -0.7950797442 -0.4447496865 -0.7344770728 0.7814837209 -0.8296487382 1.0000000000 -0.9425319360 -0.5565965377 0.7166728405 0.8946332059
-0.9474945686 -0.6874321039 -0.8319609014 0.9976716783 -0.7884759368 -0.4369776918 -0.7299040038 0.7770954144 -0.8237860333 0.9995243914 -0.9373252184 -0.5498077905 0.7141380220 0.8916432708
-0.9417332305 -0.6860623676 -0.8263631315 0.9964908032 -0.7817181920 -0.4292218362 -0.7252432811 0.7725970962 -0.8177629408 0.9980213312 -0.9318755208 -0.5429909592 0.7115588239 0.8885052501
-0.9356710070 -0.6846724740 -0.8206038534 0.9950594081 -0.7748035407 -0.4214769245 -0.7204889174 0.7679830447 -0.8115759731 0.9955100133 -0.9261807666 -0.5361408394 0.7089266720 0.8852129370
-0.9293077416 -0.6832521766 -0.8146791611 0.9933723004 -0.7677290137 -0.4137377611 -0.7156349254 0.7632475382 -0.8052216428 0.9920096317 -0.9202388793 -0.5292522268 0.7062329923 0.8817601247
-0.9226432777 -0.6817912289 -0.8085851485 0.9914242873 -0.7604916417 -0.4059991507 -0.7106753177 0.7583848550 -0.7986964623 0.9875393803 -0.9140477823 -0.5223199171 0.7034692107 0.8781406067
-0.9156774589 -0.6802793844 -0.8023179096 0.9892101760 -0.7530884556 -0.3982558978 -0.7056041070 0.7533892734 -0.7919969441 0.9821184529 -0.9076053991 -0.5153387058 0.7006267531 0.8743481759
-0.9084101285 -0.6787063967 -0.7958735382 0.9867247738 -0.7455164862 -0.3905028072 -0.7004153059 0.7482550718 -0.7851196005 0.9757660435 -0.9009096532 -0.5083033887 0.6976970454 0.8703766259
-0.9008411299 -0.6770620191 -0.7892481284 0.9839628881 -0.7377727643 -0.3827346833 -0.6951029271 0.7429765284 -0.7780609442 0.9685013459 -0.8939584681 -0.5012087614 0.6946715136 0.8662197497
-0.8929703066 -0.6753360052 -0.7824377741 0.9809193261 -0.7298543207 -0.3749463308 -0.6896609832 0.7375479217 -0.7708174876 0.9603435540 -0.8867497671 -0.4940496196 0.6915415834 0.8618713406
-0.8847975022 -0.6735181084 -0.7754385692 0.9775888950 -0.7217581862 -0.3671325542 -0.6840834870 0.7319635300 -0.7633857430 0.9513118618 -0.8792814737 -0.4868207590 0.6882986810 0.8573251920
-0.8763225599 -0.6715980824 -0.7682466077 0.9739664022 -0.7134813916 -0.3592881582 -0.6783644510 0.7262176315 -0.7557622231 0.9414254632 -0.8715515114 -0.4795169751 0.6849342320 0.8525750970
-0.8675453232 -0.6695656806 -0.7608579835 0.9700466549 -0.7050209677 -0.3514079474 -0.6724978878 0.7203045045 -0.7479434403 0.9307035519 -0.8635578037 -0.4721330636 0.6814396626 0.8476148489
-0.8584656356 -0.6674106564 -0.7532687905 0.9658244604 -0.6963739453 -0.3434867263 -0.6664778103 0.7142184275 -0.7399259070 0.9191653220 -0.8552982740 -0.4646638203 0.6778063985 0.8424382410
-0.8490833406 -0.6651227635 -0.7454751228 0.9612946260 -0.6875373552 -0.3355192996 -0.6602982310 0.7079536788 -0.7317061357 0.9068299674 -0.8467708458 -0.4571040407 0.6740258657 0.8370390664
-0.8393982815 -0.6626917552 -0.7374730741 0.9564519588 -0.6785082282 -0.3275004718 -0.6539531625 0.7015045366 -0.7232806389 0.8937166819 -0.8379734425 -0.4494485205 0.6700894900 0.8314111186
-0.8294103018 -0.6601073851 -0.7292587385 0.9512912663 -0.6692835952 -0.3194250475 -0.6474366176 0.6948652793 -0.7146459291 0.8798446594 -0.8289039876 -0.4416920554 0.6659886975 0.8255481906
-0.8191192450 -0.6573594067 -0.7208282099 0.9458073557 -0.6598604869 -0.3112878314 -0.6407426088 0.6880301852 -0.7057985187 0.8652330939 -0.8195604046 -0.4338294410 0.6617149140 0.8194440758
-0.8085249545 -0.6544375734 -0.7121775823 0.9399950342 -0.6502359341 -0.3030836281 -0.6338651490 0.6809935327 -0.6967349201 0.8499011792 -0.8099406168 -0.4258554730 0.6572595654 0.8130925674
-0.7976272737 -0.6513316388 -0.7033029495 0.9338491092 -0.6404069677 -0.2948072420 -0.6267982506 0.6737496001 -0.6874516459 0.8338681092 -0.8000425478 -0.4177649471 0.6526140777 0.8064874587
-0.7864260461 -0.6480313564 -0.6942004056 0.9273643879 -0.6303706184 -0.2864534779 -0.6195359263 0.6662926656 -0.6779452085 0.8171530779 -0.7898641211 -0.4095526588 0.6477698767 0.7996225429
-0.7749211151 -0.6445264797 -0.6848660445 0.9205356775 -0.6201239170 -0.2780171403 -0.6120721889 0.6586170077 -0.6682121205 0.7997752791 -0.7794032600 -0.4012134039 0.6427183883 0.7924916133
-0.7631123242 -0.6408067622 -0.6752959600 0.9133577854 -0.6096638944 -0.2694930339 -0.6044010510 0.6507169046 -0.6582488941 0.7817539067 -0.7686578880 -0.3927419780 0.6374510385 0.7850884631
-0.7509995167 -0.6368619573 -0.6654862462 0.9058255189 -0.5989875814 -0.2608759631 -0.5965165252 0.6425866347 -0.6480520421 0.7631081546 -0.7576259287 -0.3841331768 0.6319592532 0.7774068856
-0.7385825363 -0.6326818186 -0.6554329970 0.8979336851 -0.5880920087 -0.2521607327 -0.5884126241 0.6342204762 -0.6376180767 0.7438572168 -0.7463053054 -0.3753817959 0.6262344582 0.7694406740
-0.7258612262 -0.6282560996 -0.6451323063 0.8896770914 -0.5769742072 -0.2433421472 -0.5800833606 0.6256127076 -0.6269435104 0.7240202871 -0.7346939416 -0.3664826309 0.6202680795 0.7611836216
