-0.9826575820 -0.9686307571 -0.9527600949 0.9385899801 -0.8405638641 -0.8218052505 -0.9461992390 0.9515071343 -0.9519665269 0.0774982466 -0.8346321261 -0.9658013714 0.8416996867 0.8664773551
-0.9812432944 -0.9714997783 -0.9503592607 0.9351053814 -0.8321064843 -0.8125939368 -0.9433683740 0.9527343474 -0.9549572511 0.0308063432 -0.8259380753 -0.9639614481 0.8336000080 0.8597722030
-0.9797845632 -0.9742323551 -0.9480095779 0.9316518414 -0.8238091102 -0.8035882854 -0.9405869738 0.9539919541 -0.9578614180 -0.0146674512 -0.8174186515 -0.9621448372 0.8256906911 0.8532394214
-0.9782804596 -0.9768283170 -0.9457087549 0.9282276046 -0.8156688530 -0.7947848113 -0.9378528573 0.9552773580 -0.9606780337 -0.0589351080 -0.8090707739 -0.9603495910 0.8179682845 0.8468755815
-0.9767300543 -0.9792874934 -0.9434545002 0.9248309155 -0.8076828237 -0.7861800297 -0.9351638435 0.9565879622 -0.9634061040 -0.1020085982 -0.8008913620 -0.9585737618 0.8104293370 0.8406772545
-0.9751324183 -0.9816097137 -0.9412445221 0.9214600188 -0.7998481336 -0.7777704556 -0.9325177514 0.9579211704 -0.9660446349 -0.1438998931 -0.7928773351 -0.9568154017 0.8030703973 0.8346410118
-0.9734866225 -0.9837948073 -0.9390765289 0.9181131589 -0.7921618939 -0.7695526041 -0.9299124000 0.9592743858 -0.9685926324 -0.1846209639 -0.7850256125 -0.9550725631 0.7958880140 0.8287634245
-0.9717917379 -0.9858426036 -0.9369482291 0.9147885803 -0.7846212156 -0.7615229904 -0.9273456083 0.9606450119 -0.9710491024 -0.2241837817 -0.7773331136 -0.9533432982 0.7888787359 0.8230410641
-0.9700468354 -0.9877529320 -0.9348573310 0.9114845277 -0.7772232100 -0.7536781295 -0.9248151952 0.9620304521 -0.9734130509 -0.2626003177 -0.7697967578 -0.9516256592 0.7820391116 0.8174705017
-0.9682509858 -0.9895256218 -0.9328015431 0.9081992454 -0.7699649883 -0.7460145366 -0.9223189797 0.9634281098 -0.9756834837 -0.2998825432 -0.7624134644 -0.9499176984 0.7753656899 0.8120483087
-0.9664032602 -0.9911605026 -0.9307785737 0.9049309782 -0.7628436615 -0.7385287269 -0.9198547808 0.9648353883 -0.9778594069 -0.3360424294 -0.7551801527 -0.9482174680 0.7688550194 0.8067710563
-0.9645027293 -0.9926574037 -0.9287861311 0.9016779705 -0.7558563409 -0.7312172153 -0.9174204175 0.9662496911 -0.9799398264 -0.3710919473 -0.7480937423 -0.9465230203 0.7625036488 0.8016353158
-0.9625484643 -0.9940161545 -0.9268219238 0.8984384668 -0.7490001377 -0.7240765170 -0.9150137088 0.9676684215 -0.9819237481 -0.4050430682 -0.7411511523 -0.9448324076 0.7563081269 0.7966376584
-0.9605395359 -0.9952365844 -0.9248836602 0.8952107117 -0.7422721629 -0.7171031471 -0.9126324736 0.9690889831 -0.9838101780 -0.4379077633 -0.7343493022 -0.9431436820 0.7502650023 0.7917746555
-0.9584750152 -0.9963185228 -0.9229690487 0.8919929497 -0.7356695278 -0.7102936208 -0.9102745308 0.9705087791 -0.9855981220 -0.4696980038 -0.7276851113 -0.9414548959 0.7443708237 0.7870428784
-0.9563539730 -0.9972617992 -0.9210757975 0.8887834254 -0.7291893435 -0.7036444531 -0.9079376996 0.9719252129 -0.9872865861 -0.5004257608 -0.7211554990 -0.9397641015 0.7386221398 0.7824388982
-0.9541754802 -0.9980662428 -0.9192016151 0.8855803833 -0.7228287213 -0.6971521591 -0.9056197989 0.9733356881 -0.9888745763 -0.5301030056 -0.7147573846 -0.9380693509 0.7330154993 0.7779592864
-0.9519386078 -0.9987316832 -0.9173442100 0.8823820679 -0.7165847722 -0.6908132540 -0.9033186476 0.9747376079 -0.9903610983 -0.5587417094 -0.7084876875 -0.9363686966 0.7275474509 0.7736006141
-0.9496424267 -0.9992579497 -0.9155012903 0.8791867237 -0.7104546074 -0.6846242529 -0.9010320647 0.9761283758 -0.9917451583 -0.5863538433 -0.7023433271 -0.9346601907 0.7222145433 0.7693594526
-0.9472860078 -0.9996448717 -0.9136705647 0.8759925954 -0.7044353381 -0.6785816708 -0.8987578693 0.9775053952 -0.9930257622 -0.6129513785 -0.6963212227 -0.9329418855 0.7170133251 0.7652323733
-0.9448684221 -0.9998922787 -0.9118497413 0.8727979273 -0.6985240755 -0.6726820229 -0.8964938802 0.9788660695 -0.9942019159 -0.6385462862 -0.6904182937 -0.9312118333 0.7119403452 0.7612159473
-0.9423887404 -1.0000000000 -0.9100365287 0.8696009642 -0.6927179307 -0.6669218243 -0.8942379165 0.9802078020 -0.9952726253 -0.6631505376 -0.6846314594 -0.9294680862 0.7069921521 0.7573067461
-0.9398460337 -0.9999678650 -0.9082286352 0.8663999504 -0.6870140149 -0.6612975901 -0.8919877972 0.9815279962 -0.9962368964 -0.6867761039 -0.6789576392 -0.9277086965 0.7021652946 0.7535013407
-0.9372393729 -0.9997957032 -0.9064237691 0.8631931306 -0.6814094392 -0.6558058355 -0.8897413411 0.9828240555 -0.9970937352 -0.7094349563 -0.6733937525 -0.9259317165 0.6974563213 0.7497963026
-0.9345678290 -0.9994833439 -0.9046196389 0.8599787493 -0.6759013149 -0.6504430754 -0.8874963674 0.9840933832 -0.9978421475 -0.7311390660 -0.6679367186 -0.9241351985 0.6928617810 0.7461882031
-0.9318304728 -0.9990306166 -0.9028139530 0.8567550510 -0.6704867531 -0.6452058250 -0.8852506950 0.9853333828 -0.9984811394 -0.7519004041 -0.6625834568 -0.9223171947 0.6883782223 0.7426736132
-0.9290263753 -0.9984373506 -0.9010044196 0.8535202802 -0.6651628649 -0.6400905995 -0.8830021428 0.9865414577 -0.9990097168 -0.7717309419 -0.6573308866 -0.9204757572 0.6840021940 0.7392491045
-0.9261546074 -0.9977033754 -0.8991887473 0.8502726815 -0.6599267615 -0.6350939140 -0.8807485299 0.9877150113 -0.9994268856 -0.7906426505 -0.6521759273 -0.9186089385 0.6797302447 0.7359112481
-0.9232142400 -0.9968285203 -0.8973646444 0.8470104994 -0.6547755542 -0.6302122835 -0.8784876751 0.9888514470 -0.9997316517 -0.8086475011 -0.6471154982 -0.9167147907 0.6755589231 0.7326566153
-0.9202043441 -0.9958126148 -0.8955298192 0.8437319785 -0.6497063540 -0.6254422232 -0.8762173976 0.9899481681 -0.9999230212 -0.8257574650 -0.6421465187 -0.9147913661 0.6714847780 0.7294817773
