-0.6908198976 -0.6545585454 -0.8799600566 0.9779737475 -0.5023044646 -0.8256102197 -0.7839219337 0.7091007466 -0.4420605744 -0.8638433611 -0.7425436869 -0.9561908010 0.6796573166 0.7871768037
-0.6879415411 -0.6539755713 -0.8781324206 0.9781109211 -0.5036651545 -0.8252145469 -0.7817982277 0.7081619984 -0.4443980351 -0.8633175577 -0.7411929330 -0.9555129813 0.6783355825 0.7851536116
-0.6850860198 -0.6534777216 -0.8762625454 0.9782004699 -0.5052190044 -0.8248299265 -0.7796700620 0.7072764662 -0.4469755472 -0.8627828189 -0.7398719627 -0.9547811859 0.6770728170 0.7831264845
-0.6822500309 -0.6530597209 -0.8743477952 0.9782390543 -0.5069581410 -0.8244522500 -0.7775342867 0.7064395537 -0.4497840557 -0.8622354239 -0.7385767392 -0.9539925111 0.6758644821 0.7810922230
-0.6794302718 -0.6527162936 -0.8723855342 0.9782233345 -0.5088746906 -0.8240774087 -0.7753877520 0.7056466645 -0.4528145058 -0.8616716521 -0.7373032258 -0.9531440532 0.6747060396 0.7790476280
-0.6766234398 -0.6524421644 -0.8703731267 0.9781499711 -0.5109607796 -0.8237012939 -0.7732273080 0.7048932022 -0.4560578422 -0.8610877827 -0.7360473857 -0.9522329085 0.6735929514 0.7769895002
-0.6738262321 -0.6522320577 -0.8683079369 0.9780156242 -0.5132085346 -0.8233197972 -0.7710498048 0.7041745705 -0.4595050100 -0.8604800951 -0.7348051821 -0.9512561733 0.6725206795 0.7749146401
-0.6710353462 -0.6520806979 -0.8661873291 0.9778169542 -0.5156100820 -0.8229288099 -0.7688520926 0.7034861727 -0.4631469542 -0.8598448685 -0.7335725783 -0.9502109440 0.6714846858 0.7728198486
-0.6682474793 -0.6519828097 -0.8640086675 0.9775506215 -0.5181575483 -0.8225242233 -0.7666310215 0.7028234127 -0.4669746197 -0.8591783823 -0.7323455376 -0.9490943170 0.6704804322 0.7707019264
-0.6654593286 -0.6519331175 -0.8617693162 0.9772132864 -0.5208430598 -0.8221019289 -0.7643834416 0.7021816940 -0.4709789516 -0.8584769158 -0.7311200230 -0.9479033885 0.6695033806 0.7685576741
-0.6626675916 -0.6519263457 -0.8594666396 0.9768016093 -0.5236587430 -0.8216578181 -0.7621062032 0.7015564202 -0.4751508949 -0.8577367482 -0.7298919980 -0.9466352549 0.6685489929 0.7663838925
-0.6598689655 -0.6519572190 -0.8570980019 0.9763122505 -0.5265967245 -0.8211877822 -0.7597961563 0.7009429948 -0.4794813944 -0.8569541589 -0.7286574257 -0.9452870124 0.6676127310 0.7641773823
-0.6570601477 -0.6520204618 -0.8546607673 0.9757418704 -0.5296491306 -0.8206877127 -0.7574501511 0.7003368215 -0.4839613952 -0.8561254272 -0.7274122694 -0.9438557575 0.6666900569 0.7619349441
-0.6542378354 -0.6521107986 -0.8521523001 0.9750871292 -0.5328080878 -0.8201535009 -0.7550650377 0.6997333039 -0.4885818423 -0.8552468323 -0.7261524922 -0.9423385865 0.6657764324 0.7596533787
-0.6513987259 -0.6522229539 -0.8495699644 0.9743446873 -0.5360657225 -0.8195810382 -0.7526376663 0.6991278456 -0.4933336806 -0.8543146536 -0.7248740576 -0.9407325957 0.6648673195 0.7573294869
-0.6485395165 -0.6523516522 -0.8469111246 0.9735112052 -0.5394141613 -0.8189662161 -0.7501648870 0.6985158502 -0.4982078552 -0.8533251704 -0.7235729286 -0.9390348813 0.6639581800 0.7549600692
-0.6456569047 -0.6524916180 -0.8441731448 0.9725833430 -0.5428455305 -0.8183049258 -0.7476435500 0.6978927213 -0.5031953109 -0.8522746620 -0.7222450685 -0.9372425399 0.6630444760 0.7525419265
-0.6427475876 -0.6526375758 -0.8413533893 0.9715577612 -0.5463519566 -0.8175930589 -0.7450705053 0.6972538624 -0.5082869929 -0.8511594077 -0.7208864406 -0.9353526676 0.6621216692 0.7500718594
-0.6398082625 -0.6527842502 -0.8384492223 0.9704311201 -0.5499255661 -0.8168265067 -0.7424426032 0.6965946773 -0.5134738460 -0.8499756867 -0.7194930081 -0.9333623608 0.6611852217 0.7475466686
-0.6368356269 -0.6529263656 -0.8354580081 0.9692000801 -0.5535584854 -0.8160011605 -0.7397566937 0.6959105694 -0.5187468153 -0.8487197784 -0.7180607342 -0.9312687159 0.6602305952 0.7449631548
-0.6338263779 -0.6530586465 -0.8323771108 0.9678613014 -0.5572428409 -0.8151129118 -0.7370096271 0.6951969424 -0.5240968457 -0.8473879622 -0.7165855823 -0.9290688292 0.6592532518 0.7423181188
-0.6307772129 -0.6531758175 -0.8292038948 0.9664114445 -0.5609707592 -0.8141576520 -0.7341982534 0.6944491998 -0.5295148823 -0.8459765172 -0.7150635154 -0.9267597969 0.6582486534 0.7396083613
-0.6276848292 -0.6532726029 -0.8259357242 0.9648471696 -0.5647343667 -0.8131312724 -0.7313194228 0.6936627454 -0.5349918699 -0.8444817228 -0.7134904969 -0.9243387155 0.6572122618 0.7368306829
-0.6245459241 -0.6533437274 -0.8225699634 0.9631651372 -0.5685257897 -0.8120296645 -0.7283699855 0.6928329826 -0.5405187537 -0.8428998583 -0.7118624900 -0.9218026812 0.6561395390 0.7339818844
-0.6213571949 -0.6533839155 -0.8191039764 0.9613620075 -0.5723371549 -0.8108487196 -0.7253467915 0.6919553151 -0.5460864784 -0.8412272031 -0.7101754579 -0.9191487905 0.6550259469 0.7310587664
-0.6181153389 -0.6533878916 -0.8155351276 0.9594344409 -0.5761605885 -0.8095843292 -0.7222466911 0.6910251464 -0.5516859893 -0.8394600363 -0.7084253639 -0.9163741395 0.6538669473 0.7280581298
-0.6148170535 -0.6533503802 -0.8118607812 0.9573790978 -0.5799882172 -0.8082323846 -0.7190665343 0.6900378803 -0.5573082311 -0.8375946373 -0.7066081712 -0.9134758247 0.6526580023 0.7249767751
-0.6114590359 -0.6532661059 -0.8080783013 0.9551926384 -0.5838121672 -0.8067887771 -0.7158031714 0.6889889202 -0.5629441490 -0.8356272855 -0.7047198430 -0.9104509424 0.6513945737 0.7218115031
-0.6080379834 -0.6531297931 -0.8041850524 0.9528717232 -0.5876245652 -0.8052493983 -0.7124534523 0.6878736698 -0.5685846879 -0.8335542600 -0.7027563427 -0.9072965889 0.6500721234 0.7185591146
-0.6045505933 -0.6529361663 -0.8001783985 0.9504130125 -0.5914175375 -0.8036101395 -0.7090142274 0.6866875326 -0.5742207927 -0.8313718403 -0.7007136333 -0.9040098605 0.6486861133 0.7152164101
