-0.8275030901 -0.6506810713 -0.6464815565 0.6126276774 -0.6241963533 -0.5254794920 -0.5778116371 0.6485796786 -0.6023242488 0.5886894394 -0.7273389792 -0.5653565798 0.5597073987 0.5855209569
-0.8209292696 -0.6417304908 -0.6407766047 0.6064070727 -0.6181453313 -0.5172965427 -0.5717659618 0.6435170534 -0.5968942459 0.6069328015 -0.7194010177 -0.5585880557 0.5532224308 0.5802092944
-0.8141966786 -0.6326552027 -0.6349385512 0.6000609428 -0.6119662226 -0.5090101977 -0.5655996362 0.6383183326 -0.5913371047 0.6249185100 -0.7113237269 -0.5517038737 0.5466215406 0.5747727060
-0.8073035281 -0.6234547905 -0.6289653624 0.5935875205 -0.6056571717 -0.5006196683 -0.5593108433 0.6329811853 -0.5856507036 0.6426346095 -0.7031061012 -0.5447025600 0.5399031289 0.5692090306
-0.8002480291 -0.6141288374 -0.6228550042 0.5869850387 -0.5992163235 -0.4921241657 -0.5528977660 0.6275032805 -0.5798329214 0.6600691448 -0.6947471350 -0.5375826408 0.5330655965 0.5635161072
-0.7930283927 -0.6046769269 -0.6166054428 0.5802517303 -0.5926418228 -0.4835229011 -0.5463585875 0.6218822874 -0.5738816364 0.6772101606 -0.6862458229 -0.5303426421 0.5261073443 0.5576917748
-0.7856428299 -0.5950986424 -0.6102146444 0.5733858280 -0.5859318143 -0.4748150857 -0.5396914909 0.6161158751 -0.5677947274 0.6940457017 -0.6776011592 -0.5229810903 0.5190267730 0.5517338722
-0.7780895518 -0.5853935671 -0.6036805752 0.5663855649 -0.5790844428 -0.4659999307 -0.5328946590 0.6102017128 -0.5615700728 0.7105638128 -0.6688121384 -0.5154965115 0.5118222836 0.5456402385
-0.7703667694 -0.5755612844 -0.5970012013 0.5592491736 -0.5720978530 -0.4570766473 -0.5259662751 0.6041374695 -0.5552055513 0.7267525386 -0.6598777550 -0.5078874318 0.5044922768 0.5394087126
-0.7624726938 -0.5656013778 -0.5901744887 0.5519748871 -0.5649701897 -0.4480444468 -0.5189045221 0.5979208143 -0.5486990415 0.7425999238 -0.6507970035 -0.5001523774 0.4970351535 0.5330371334
-0.7544055360 -0.5555134305 -0.5831984038 0.5445609383 -0.5576995976 -0.4389025403 -0.5117075830 0.5915494165 -0.5420484218 0.7580940132 -0.6415688782 -0.4922898745 0.4894493144 0.5265233399
-0.7461635071 -0.5452970260 -0.5760709125 0.5370055599 -0.5502842216 -0.4296501391 -0.5043736410 0.5850209450 -0.5352515710 0.7732228516 -0.6321923736 -0.4842984493 0.4817331605 0.5198651710
-0.7377448181 -0.5349517476 -0.5687899812 0.5293069849 -0.5427222063 -0.4202864544 -0.4969008791 0.5783330691 -0.5283063675 0.7879744836 -0.6226664843 -0.4761766279 0.4738850924 0.5130604657
-0.7291476800 -0.5244771787 -0.5613535758 0.5214634460 -0.5350116965 -0.4108106973 -0.4892874802 0.5714834578 -0.5212106900 0.8023369539 -0.6129902046 -0.4679229365 0.4659035112 0.5061070630
-0.7203703040 -0.5138729025 -0.5537596627 0.5134731762 -0.5271508371 -0.4012220791 -0.4815316275 0.5644697802 -0.5139624170 0.8162983074 -0.6031625290 -0.4595359013 0.4577868175 0.4990028017
-0.7114109011 -0.5031385026 -0.5460062078 0.5053344083 -0.5191377727 -0.3915198109 -0.4736315040 0.5572897056 -0.5065594271 0.8298465887 -0.5931824519 -0.4510140485 0.4495334122 0.4917455209
-0.7022676822 -0.4922735622 -0.5380911774 0.4970453751 -0.5109706481 -0.3817031041 -0.4655852927 0.5499409029 -0.4989995988 0.8429698426 -0.5830489678 -0.4423559042 0.4411416962 0.4843330594
-0.6929388585 -0.4812776648 -0.5300125376 0.4886043095 -0.5026476081 -0.3717711698 -0.4573911766 0.5424210413 -0.4912808108 0.8556561139 -0.5727610712 -0.4335599946 0.4326100702 0.4767632563
-0.6834226411 -0.4701503936 -0.5217682546 0.4800094444 -0.4941667974 -0.3617232192 -0.4490473389 0.5347277899 -0.4834009416 0.8678934471 -0.5623177565 -0.4246248459 0.4239369351 0.4690339505
-0.6737172409 -0.4588913320 -0.5133562945 0.4712590127 -0.4855263609 -0.3515584635 -0.4405519626 0.5268588179 -0.4753578698 0.8796698872 -0.5517180182 -0.4155489843 0.4151206917 0.4611429809
-0.6638208690 -0.4475000635 -0.5047746234 0.4623512470 -0.4767244431 -0.3412761140 -0.4319032306 0.5188117944 -0.4671494740 0.8909734787 -0.5409608507 -0.4063309359 0.4061597408 0.4530881865
-0.6537317364 -0.4359761714 -0.4960212075 0.4532843804 -0.4677591890 -0.3308753818 -0.4230993261 0.5105843885 -0.4587736328 0.9017922665 -0.5300452484 -0.3969692269 0.3970524832 0.4448674062
-0.6434480543 -0.4243192389 -0.4870940130 0.4440566457 -0.4586287433 -0.3203554781 -0.4141384321 0.5021742692 -0.4502282246 0.9121142953 -0.5189702059 -0.3874623835 0.3877973199 0.4364784790
-0.6329680337 -0.4125288496 -0.4779910060 0.4346662757 -0.4493312507 -0.3097156143 -0.4050187316 0.4935791058 -0.4415111282 0.9219276098 -0.5077347175 -0.3778089318 0.3783926515 0.4279192438
-0.6222898855 -0.4006045867 -0.4687101526 0.4251115033 -0.4398648560 -0.2989550014 -0.3957384077 0.4847965673 -0.4326202220 0.9312202547 -0.4963377778 -0.3680073980 0.3688368790 0.4191875396
-0.6114118209 -0.3885460337 -0.4592494191 0.4153905614 -0.4302277040 -0.2880728506 -0.3862956434 0.4758243228 -0.4235533847 0.9399802748 -0.4847783812 -0.3580563084 0.3591284031 0.4102812054
-0.6003320509 -0.3763527739 -0.4496067714 0.4055016827 -0.4204179394 -0.2770683733 -0.3766886217 0.4666600416 -0.4143084949 0.9481957149 -0.4730555221 -0.3479541890 0.3492656247 0.4011980800
-0.5890487866 -0.3640243906 -0.4397801759 0.3954431002 -0.4104337070 -0.2659407805 -0.3669155258 0.4573013926 -0.4048834310 0.9558546195 -0.4611681950 -0.3376995661 0.3392469446 0.3919360025
-0.5775602389 -0.3515604672 -0.4297675986 0.3852130467 -0.4002731515 -0.2546892836 -0.3569745386 0.4477460450 -0.3952760717 0.9629450335 -0.4491153944 -0.3272909657 0.3290707636 0.3824928117
-0.5658646190 -0.3389605871 -0.4195670057 0.3748097551 -0.3899344177 -0.2433130937 -0.3468638432 0.4379916680 -0.3854842956 0.9694550017 -0.4368961146 -0.3167269142 0.3187354826 0.3728663467
