-0.8153952482 -0.9852641164 -0.9849428720 0.9972685925 -0.9582177394 0.9185818200 -0.8961865112 0.9343754048 -0.9213972590 0.9502307248 -0.9857103034 -0.9638939581 0.8429852780 0.8927634030
-0.8084454492 -0.9847878333 -0.9846757746 0.9970231023 -0.9565879196 0.9160130161 -0.8924195666 0.9319320943 -0.9184640108 0.9493288971 -0.9862307493 -0.9668526055 0.8366854959 0.8884624726
-0.8017377935 -0.9843244697 -0.9844414852 0.9967544158 -0.9549967240 0.9135865344 -0.8887948807 0.9295679384 -0.9156278382 0.9485671769 -0.9867743840 -0.9696903412 0.8305553583 0.8842729651
-0.7952673550 -0.9838715956 -0.9842371850 0.9964606724 -0.9534415386 0.9112981872 -0.8853085344 0.9272798073 -0.9128854128 0.9479410421 -0.9873383969 -0.9724064017 0.8245910407 0.8801916107
-0.7890292081 -0.9834267812 -0.9840600555 0.9961400119 -0.9519197488 0.9091437866 -0.8819566086 0.9250645715 -0.9102334062 0.9474459709 -0.9879199774 -0.9750000234 0.8187887189 0.8762151400
-0.7830184268 -0.9829875965 -0.9839072781 0.9957905737 -0.9504287404 0.9071191450 -0.8787351844 0.9229191015 -0.9076684902 0.9470774413 -0.9885163151 -0.9774704429 0.8131445684 0.8723402832
-0.7772300853 -0.9825516115 -0.9837760340 0.9954104973 -0.9489658991 0.9052200747 -0.8756403424 0.9208402675 -0.9051873364 0.9468309314 -0.9891245994 -0.9798168966 0.8076547649 0.8685637708
-0.7716592578 -0.9821163964 -0.9836635048 0.9949979224 -0.9475286105 0.9034423877 -0.8726681638 0.9188249402 -0.9027866164 0.9467019194 -0.9897420198 -0.9820386211 0.8023154840 0.8648823332
-0.7663010184 -0.9816795213 -0.9835668717 0.9945509885 -0.9461142604 0.9017818966 -0.8698147293 0.9168699898 -0.9004630019 0.9466858832 -0.9903657657 -0.9841348527 0.7971229014 0.8612927007
-0.7611504413 -0.9812385561 -0.9834833162 0.9940678351 -0.9447202343 0.9002344134 -0.8670761200 0.9149722868 -0.8982131647 0.9467783011 -0.9909930265 -0.9861048280 0.7920731926 0.8577916037
-0.7562026006 -0.9807910710 -0.9834100196 0.9935466018 -0.9433439179 0.8987957505 -0.8644484167 0.9131287015 -0.8960337763 0.9469746510 -0.9916209918 -0.9879477835 0.7871625333 0.8543757727
-0.7514525705 -0.9803346360 -0.9833441632 0.9929854281 -0.9419826971 0.8974617201 -0.8619277003 0.9113361045 -0.8939215085 0.9472704110 -0.9922468510 -0.9896629556 0.7823870991 0.8510419380
-0.7468954252 -0.9798668213 -0.9832829286 0.9923824536 -0.9406339573 0.8962281345 -0.8595100517 0.9095913662 -0.8918730329 0.9476610593 -0.9928677936 -0.9912495809 0.7777430657 0.8477868301
-0.7425262388 -0.9793851969 -0.9832234969 0.9917358179 -0.9392950843 0.8950908059 -0.8571915519 0.9078913568 -0.8898850212 0.9481420739 -0.9934810090 -0.9927068958 0.7732266086 0.8446071792
-0.7383400854 -0.9788873328 -0.9831630497 0.9910436605 -0.9379634637 0.8940455466 -0.8549682818 0.9062329470 -0.8879541451 0.9487089329 -0.9940836867 -0.9940341368 0.7688339036 0.8414997158
-0.7343320393 -0.9783707992 -0.9830987683 0.9903041209 -0.9366364813 0.8930881689 -0.8528363223 0.9046130070 -0.8860770762 0.9493571144 -0.9946730161 -0.9952305403 0.7645611262 0.8384611702
-0.7304971746 -0.9778331660 -0.9830278340 0.9895153386 -0.9353115227 0.8922144850 -0.8507917543 0.9030284073 -0.8842504861 0.9500820965 -0.9952461867 -0.9962953430 0.7604044520 0.8354882729
-0.7268305654 -0.9772720035 -0.9829474282 0.9886754534 -0.9339859736 0.8914203072 -0.8488306586 0.9014760183 -0.8824710467 0.9508793572 -0.9958003880 -0.9972277812 0.7563600567 0.8325777543
-0.7233272859 -0.9766848816 -0.9828547324 0.9877826046 -0.9326572196 0.8907014477 -0.8469491163 0.8999527104 -0.8807354295 0.9517443747 -0.9963328094 -0.9980270914 0.7524241160 0.8297263447
-0.7199824102 -0.9760693705 -0.9827469278 0.9868349319 -0.9313226465 0.8900537188 -0.8451432083 0.8984553541 -0.8790403062 0.9526726270 -0.9968406404 -0.9986925101 0.7485928054 0.8269307745
-0.7167910126 -0.9754230401 -0.9826211959 0.9858305748 -0.9299796399 0.8894729328 -0.8434090154 0.8969808198 -0.8773823485 0.9536595922 -0.9973210705 -0.9992232739 0.7448623005 0.8241877741
-0.7137481672 -0.9747434606 -0.9824747181 0.9847676729 -0.9286255854 0.8889549019 -0.8417426185 0.8955259778 -0.8757582280 0.9547007484 -0.9977712890 -0.9996186191 0.7412287771 0.8214940740
-0.7108489481 -0.9740282021 -0.9823046756 0.9836443657 -0.9272578688 0.8884954384 -0.8401400987 0.8940876986 -0.8741646164 0.9557915737 -0.9981884856 -0.9998777823 0.7376884107 0.8188464044
-0.7080884295 -0.9732748346 -0.9821082499 0.9824587927 -0.9258738757 0.8880903545 -0.8385975367 0.8926628526 -0.8725981855 0.9569275462 -0.9985698495 -1.0000000000 0.7342373770 0.8162414958
-0.7054616856 -0.9724809282 -0.9818826224 0.9812090935 -0.9244709918 0.8877354626 -0.8371110135 0.8912483102 -0.8710556068 0.9581041439 -0.9989125704 -0.9999845086 0.7308718515 0.8136760785
-0.7029637904 -0.9716440530 -0.9816249744 0.9798934077 -0.9230466028 0.8874265748 -0.8356766101 0.8898409418 -0.8695335520 0.9593168450 -0.9992138376 -0.9998305446 0.7275880100 0.8111468830
-0.7005898183 -0.9707617791 -0.9813324873 0.9785098748 -0.9215980944 0.8871595034 -0.8342904073 0.8884376179 -0.8680286928 0.9605611275 -0.9994708406 -0.9995373445 0.7243820280 0.8086506397
-0.6983348432 -0.9698316764 -0.9810023424 0.9770566344 -0.9201228521 0.8869300607 -0.8329484860 0.8870352089 -0.8665377009 0.9618324695 -0.9996807689 -0.9991041449 0.7212500812 0.8061840789
-0.6961939395 -0.9688513151 -0.9806317212 0.9755318260 -0.9186182618 0.8867340589 -0.8316469272 0.8856305852 -0.8650572479 0.9631263491 -0.9998408119 -0.9985301820 0.7181883452 0.8037439310
-0.6941621811 -0.9678182653 -0.9802178050 0.9739335892 -0.9170817090 0.8865673104 -0.8303818117 0.8842206171 -0.8635840056 0.9644382444 -0.9999481591 -0.9978146926 0.7151929956 0.8013269264
