-0.1406783660 -0.0429276573 -0.1760833048 0.1902986650 -0.1590239372 0.4674378299 -0.2969480422 0.1678496697 -0.1169829486 0.2928497299 -0.2065226542 -0.3287977007 0.0221282089 0.1871894360
-0.1211208894 -0.0243464833 -0.1587490062 0.1718700394 -0.1390031452 0.4473990168 -0.2787117416 0.1519253759 -0.1003403501 0.2752037460 -0.1880231237 -0.3077380484 0.0049491300 0.1689223303
-0.1012634755 -0.0055190847 -0.1410145354 0.1530632859 -0.1186808769 0.4267934954 -0.2599992888 0.1355638096 -0.0833268745 0.2570666390 -0.1691336932 -0.2862616553 -0.0125021866 0.1502747150
-0.0811037854 0.0135562885 -0.1228742725 0.1338738326 -0.0980550338 0.4056136462 -0.2408039725 0.1187578199 -0.0659371375 0.2384310684 -0.1498495849 -0.2643647197 -0.0302287874 0.1312418819
-0.0606394802 0.0328813862 -0.1043225980 0.1142971080 -0.0771235177 0.3838518499 -0.2211190817 0.1015002562 -0.0481657547 0.2192896939 -0.1301660210 -0.2420434400 -0.0482337190 0.1118191229
-0.0398682213 0.0524579584 -0.0853538920 0.0943285406 -0.0558842300 0.3615004871 -0.2009379053 0.0837839675 -0.0300073417 0.1996351750 -0.1100782237 -0.2192940146 -0.0665200278 0.0920017297
-0.0187876697 0.0722877551 -0.0659625348 0.0739635587 -0.0343350722 0.3385519382 -0.1802537322 0.0656018031 -0.0114565139 0.1794601713 -0.0895814151 -0.1961126419 -0.0850907604 0.0717849941
0.0026045135 0.0923725262 -0.0461429068 0.0531975907 -0.0124739460 0.3149985840 -0.1590598513 0.0469466121 0.0074921130 0.1587573423 -0.0686708174 -0.1724955203 -0.1039489634 0.0511642081
0.0243106669 0.1127140217 -0.0258893883 0.0320260651 0.0097012471 0.2908328049 -0.1373495516 0.0278112439 0.0268439235 0.1375193476 -0.0473416527 -0.1484388483 -0.1230976832 0.0301346633
0.0463331294 0.1333139916 -0.0051963594 0.0104444101 0.0321926055 0.2660469816 -0.1151161219 0.0081885476 0.0466043021 0.1157388467 -0.0255891433 -0.1239388240 -0.1425399664 0.0086916516
0.0686742400 0.1541741858 0.0159417994 -0.0115519457 0.0550022276 0.2406334946 -0.0923528512 -0.0119286276 0.0667786330 0.0934084994 -0.0034085113 -0.0989916461 -0.1622788594 -0.0131695351
0.0913363373 0.1752963543 0.0375307080 -0.0339675739 0.0781322120 0.2145847245 -0.0690530283 -0.0325474324 0.0873723009 0.0705209650 0.0192050211 -0.0735935128 -0.1823174090 -0.0354536052
0.1143217602 0.1966822471 0.0595759860 -0.0568070463 0.1015846570 0.1878930519 -0.0452099422 -0.0536750177 0.1083906900 0.0470689032 0.0422562317 -0.0477406226 -0.2026586614 -0.0581652667
0.1376328475 0.2183336142 0.0820832531 -0.0800749343 0.1253616611 0.1605508574 -0.0208168817 -0.0753185343 0.1298391849 0.0230449736 0.0657498984 -0.0214291738 -0.2233056634 -0.0813092278
0.1612719381 0.2402522055 0.1050581291 -0.1037758096 0.1494653226 0.1325505215 0.0041328641 -0.0974851330 0.1517231700 -0.0015581643 0.0896907990 0.0053446352 -0.2442614614 -0.1048901968
0.1852413708 0.2624397709 0.1285062336 -0.1279142438 0.1738977402 0.1038844249 0.0296460065 -0.1201819644 0.1740480297 -0.0267478510 0.1140837114 0.0325846059 -0.2655291019 -0.1289128817
0.2095434844 0.2848980605 0.1524331865 -0.1524948085 0.1986610121 0.0745449481 0.0557292565 -0.1434161796 0.1968191485 -0.0525314267 0.1389334133 0.0602945400 -0.2871116314 -0.1533819909
0.2341806178 0.3076288243 0.1768446073 -0.1775220752 0.2237572368 0.0445244717 0.0823893251 -0.1671949291 0.2200419108 -0.0789162320 0.1642446825 0.0884782391 -0.3090120966 -0.1783022325
0.2591551096 0.3306338121 0.2017461159 -0.2030006156 0.2491885128 0.0138153762 0.1096329235 -0.1915253639 0.2437217009 -0.1059096074 0.1900222970 0.1171395048 -0.3312335438 -0.2036783146
0.2844692989 0.3539147740 0.2271433318 -0.2289350013 0.2749569385 -0.0175899577 0.1374667628 -0.2164146347 0.2678639035 -0.1335188931 0.2162710345 0.1462821387 -0.3537790197 -0.2295149455
0.3101255244 0.3774734600 0.2530418750 -0.2553298038 0.3010646123 -0.0496991495 0.1658975540 -0.2418698923 0.2924739028 -0.1617514297 0.2429956729 0.1759099425 -0.3766515708 -0.2558168334
0.3361261249 0.4013116199 0.2794473649 -0.2821895948 0.3275136327 -0.0825198186 0.1949320083 -0.2678982875 0.3175570833 -0.1906145577 0.2702009900 0.2060267177 -0.3998542435 -0.2825886864
0.3624734393 0.4254310039 0.3063654215 -0.3095189460 0.3543060980 -0.1160595844 0.2245768367 -0.2945069711 0.3431188295 -0.2201156173 0.2978917636 0.2366362659 -0.4233900845 -0.3098352127
0.3891698063 0.4498333617 0.3338016643 -0.3373224287 0.3814441069 -0.1503260663 0.2548387504 -0.3217030939 0.3691645258 -0.2502619491 0.3260727716 0.2677423887 -0.4472621402 -0.3375611205
0.4162175649 0.4745204435 0.3617617131 -0.3656046148 0.4089297576 -0.1853268838 0.2857244603 -0.3494938067 0.3956995566 -0.2810608934 0.3547487917 0.2993488879 -0.4714734571 -0.3657711180
0.4436190538 0.4994939992 0.3902511877 -0.3943700757 0.4367651486 -0.2210696562 0.3172406777 -0.3778862602 0.4227293064 -0.3125197908 0.3839246019 0.3314595648 -0.4960270819 -0.3944699134
0.4713766118 0.5247557787 0.4192757076 -0.4236233831 0.4649523784 -0.2575620030 0.3493941135 -0.4068876053 0.4502591596 -0.3446459817 0.4136049799 0.3640782213 -0.5209260610 -0.4236622148
0.4994925778 0.5503075320 0.4488408927 -0.4533691086 0.4934935454 -0.2948115437 0.3821914790 -0.4365049928 0.4782945006 -0.3774468064 0.4437947035 0.3972086588 -0.5461734409 -0.4533527305
0.5279692906 0.5761510091 0.4789523627 -0.4836118238 0.5223907480 -0.3328258976 0.4156394851 -0.4667455734 0.5068407139 -0.4109296054 0.4744985507 0.4308546791 -0.5717722682 -0.4835461687
0.5568090891 0.6022879600 0.5096157372 -0.5143561002 0.5516460847 -0.3716126841 0.4497448430 -0.4976164980 0.5359031838 -0.4451017191 0.5057212991 0.4650200836 -0.5977255894 -0.5142472374
