-0.7614787276 -0.7993271783 -0.7243904923 0.8820247955 -0.7501225599 -0.8307163370 -0.9039144084 0.8455077495 -0.6746708148 -0.8161944885 -0.8389406776 -0.8213127302 0.6691122980 0.8293464460
-0.7613183037 -0.8004239589 -0.7241895382 0.8787994808 -0.7541807400 -0.8286847030 -0.9004479276 0.8440056028 -0.6800331511 -0.8142408855 -0.8348075701 -0.8166148771 0.6676589078 0.8263473645
-0.7610189470 -0.8013756764 -0.7238580924 0.8754012673 -0.7581112154 -0.8264944008 -0.8968030246 0.8423424702 -0.6852877877 -0.8121321113 -0.8305096112 -0.8117550702 0.6660851715 0.8231879532
-0.7605741162 -0.8021749657 -0.7233896096 0.8718258036 -0.7619045624 -0.8241402224 -0.8929755307 0.8405127956 -0.6904243488 -0.8098628921 -0.8260430308 -0.8067299091 0.6643853498 0.8198636618
-0.7599772701 -0.8028144617 -0.7227775445 0.8680687379 -0.7655513574 -0.8216169596 -0.8889612771 0.8385110229 -0.6954324583 -0.8074279546 -0.8214040588 -0.8015359932 0.6625537033 0.8163699397
-0.7592218674 -0.8032867991 -0.7220153520 0.8641257188 -0.7690421768 -0.8189194044 -0.8847560951 0.8363315962 -0.7003017403 -0.8048220251 -0.8165889253 -0.7961699221 0.6605844926 0.8127022366
-0.7583013675 -0.8035846130 -0.7210964869 0.8599923944 -0.7723676386 -0.8160423489 -0.8803558163 0.8339689589 -0.7050218551 -0.8020398302 -0.8115938603 -0.7906282954 0.6584719782 0.8088560019
-0.7572092272 -0.8037005380 -0.7200144039 0.8556644143 -0.7755181941 -0.8129805846 -0.8757562716 0.8314175563 -0.7095823179 -0.7990760959 -0.8064150934 -0.7849077123 0.6562104210 0.8048266854
-0.7559389074 -0.8036272091 -0.7187625578 0.8511374257 -0.7784845448 -0.8097289038 -0.8709532926 0.8286718310 -0.7139728617 -0.7959255491 -0.8010488550 -0.7790047727 0.6537940813 0.8006097365
-0.7544838659 -0.8033572611 -0.7173344035 0.8464070776 -0.7812572253 -0.8062820984 -0.8659427105 0.8257262275 -0.7181830741 -0.7925829160 -0.7954913748 -0.7729160760 0.6512172198 0.7962006047
-0.7528375617 -0.8028833290 -0.7157233956 0.8414690184 -0.7838268119 -0.8026349601 -0.8607203567 0.8225751896 -0.7222025793 -0.7890429230 -0.7897388829 -0.7666382218 0.6484740971 0.7915947397
-0.7509934535 -0.8021980476 -0.7139229891 0.8363188964 -0.7861838811 -0.7987822810 -0.8552820625 0.8192131614 -0.7260210013 -0.7853002967 -0.7837876092 -0.7601678095 0.6455589739 0.7867875910
-0.7489449999 -0.8012940516 -0.7119266387 0.8309523603 -0.7883190093 -0.7947188530 -0.8496236592 0.8156345868 -0.7296279641 -0.7813497634 -0.7776337836 -0.7535014387 0.6424661106 0.7817746082
-0.7466856599 -0.8001639761 -0.7097277991 0.8253650584 -0.7902227726 -0.7904394680 -0.8437409781 0.8118339098 -0.7330130918 -0.7771860495 -0.7712736362 -0.7466357089 0.6391897680 0.7765512408
-0.7442088922 -0.7988004558 -0.7073199252 0.8195526393 -0.7918857477 -0.7859389180 -0.8376298505 0.8078055742 -0.7361660085 -0.7728038815 -0.7647033969 -0.7395672197 0.6357242065 0.7711129383
-0.7415081554 -0.7971961256 -0.7046964717 0.8135107513 -0.7932985107 -0.7812119948 -0.8312861078 0.8035440241 -0.7390763382 -0.7681979859 -0.7579192956 -0.7322925706 0.6320636869 0.7654551504
-0.7385769084 -0.7953436204 -0.7018508935 0.8072350429 -0.7944516380 -0.7762534904 -0.8247055812 0.7990437035 -0.7417337049 -0.7633630889 -0.7509175623 -0.7248083610 0.6282024697 0.7595733267
-0.7354086099 -0.7932355750 -0.6987766453 0.8007211627 -0.7953357061 -0.7710581968 -0.8178841021 0.7942990561 -0.7441277327 -0.7582939172 -0.7436944269 -0.7171111906 0.6241348156 0.7534629166
-0.7319967188 -0.7908646243 -0.6954671820 0.7939647589 -0.7959412913 -0.7656209058 -0.8108175018 0.7893045261 -0.7462480456 -0.7529851970 -0.7362461196 -0.7091976589 0.6198549851 0.7471193697
-0.7283346936 -0.7882234032 -0.6919159582 0.7869614802 -0.7962589699 -0.7599364094 -0.8035016116 0.7840545574 -0.7480842677 -0.7474316549 -0.7285688701 -0.7010643654 0.6153572388 0.7405381356
-0.7244159933 -0.7853045465 -0.6881164289 0.7797069749 -0.7962793183 -0.7539994994 -0.7959322629 0.7785435939 -0.7496260231 -0.7416280172 -0.7206589084 -0.6927079096 0.6106358374 0.7337146638
-0.7202340765 -0.7821006891 -0.6840620487 0.7721968916 -0.7959929129 -0.7478049679 -0.7881052868 0.7727660796 -0.7508629357 -0.7355690104 -0.7125124646 -0.6841248910 0.6056850413 0.7266444040
-0.7157824021 -0.7786044658 -0.6797462725 0.7644268786 -0.7953903300 -0.7413476068 -0.7800165149 0.7667164584 -0.7517846297 -0.7292493610 -0.7041257685 -0.6753119093 0.6004991114 0.7193228056
-0.7110544287 -0.7748085115 -0.6751625550 0.7563925844 -0.7944621459 -0.7346222079 -0.7716617783 0.7603891743 -0.7523807291 -0.7226637952 -0.6954950502 -0.6662655638 0.5950723081 0.7117453182
-0.7060436152 -0.7707054610 -0.6703043512 0.7480896576 -0.7931989372 -0.7276235633 -0.7630369084 0.7537786712 -0.7526408579 -0.7158070397 -0.6866165396 -0.6569824542 0.5893988920 0.7039073915
-0.7007434203 -0.7662879493 -0.6651651156 0.7395137465 -0.7915912801 -0.7203464648 -0.7541377366 0.7468793931 -0.7525546402 -0.7086738207 -0.6774864667 -0.6474591800 0.5834731238 0.6958044749
-0.6951473027 -0.7615486112 -0.6597383032 0.7306604996 -0.7896297509 -0.7127857043 -0.7449600940 0.7396857840 -0.7521117001 -0.7012588648 -0.6681010613 -0.6376923406 0.5772892641 0.6874320180
-0.6892487212 -0.7564800815 -0.6540173687 0.7215255653 -0.7873049261 -0.7049360738 -0.7354998121 0.7321922878 -0.7513016615 -0.6935568984 -0.6584565536 -0.6276785357 0.5708415734 0.6787854703
-0.6830411346 -0.7510749951 -0.6479957669 0.7121045922 -0.7846073820 -0.6967923653 -0.7257527222 0.7243933484 -0.7501141486 -0.6855626478 -0.6485491734 -0.6174143648 0.5641243123 0.6698602815
-0.6765180017 -0.7453259869 -0.6416669526 0.7023932287 -0.7815276949 -0.6883493706 -0.7157146555 0.7162834099 -0.7485387854 -0.6772708395 -0.6383751507 -0.6068964274 0.5571317416 0.6606519011
