-0.8236025205 -0.7273525734 -0.6853681966 0.7639014207 -0.8817955791 -0.5265515570 -0.7872420579 0.7667086840 -0.7739295244 -0.2239266708 -0.8985307692 -0.6752005801 0.6426141440 0.6327659389
-0.8202439439 -0.7255843328 -0.6832205558 0.7618706175 -0.8788146859 -0.5243581357 -0.7843605924 0.7634683239 -0.7716350023 -0.2230032843 -0.8954680259 -0.6729367198 0.6399518403 0.6302685573
-0.8168376185 -0.7237846670 -0.6810437918 0.7598037233 -0.8757821881 -0.5221505374 -0.7814369894 0.7601861738 -0.7693022483 -0.2221002951 -0.8923500821 -0.6706441845 0.6372621814 0.6277455005
-0.8133831511 -0.7219527214 -0.6788371214 0.7576999719 -0.8726976308 -0.5199278964 -0.7784707129 0.7568617766 -0.7669305692 -0.2212163352 -0.8891765405 -0.6683222145 0.6345444895 0.6251960431
-0.8098801484 -0.7200876414 -0.6765997616 0.7555585971 -0.8695605592 -0.5176893468 -0.7754612266 0.7534946751 -0.7645192718 -0.2203500363 -0.8859470041 -0.6659700503 0.6317980869 0.6226194596
-0.8063282170 -0.7181885723 -0.6743309290 0.7533788326 -0.8663705187 -0.5154340229 -0.7724079943 0.7500844123 -0.7620676628 -0.2195000302 -0.8826610758 -0.6635869320 0.6290222960 0.6200150246
-0.8027269636 -0.7162546595 -0.6720298408 0.7511599121 -0.8631270543 -0.5131610590 -0.7693104800 0.7466305310 -0.7595750489 -0.2186649489 -0.8793183584 -0.6611721003 0.6262164391 0.6173820125
-0.7990759950 -0.7142850483 -0.6696957136 0.7489010696 -0.8598297115 -0.5108695892 -0.7661681475 0.7431325741 -0.7570407369 -0.2178434240 -0.8759184548 -0.6587247953 0.6233798383 0.6147196979
-0.7953749178 -0.7122788842 -0.6673277643 0.7466015388 -0.8564780353 -0.5085587478 -0.7629804605 0.7395900844 -0.7544640336 -0.2170340875 -0.8724609678 -0.6562442574 0.6205118161 0.6120273554
-0.7916233386 -0.7102353123 -0.6649252099 0.7442605534 -0.8530715711 -0.5062276691 -0.7597468830 0.7360026048 -0.7518442458 -0.2162355711 -0.8689455003 -0.6537297271 0.6176116947 0.6093042595
-0.7878208642 -0.7081534782 -0.6624872672 0.7418773472 -0.8496098640 -0.5038754872 -0.7564668787 0.7323696782 -0.7491806801 -0.2154465067 -0.8653716551 -0.6511804447 0.6146787965 0.6065496847
-0.7839671013 -0.7060325271 -0.6600131530 0.7394511541 -0.8460924592 -0.5015013365 -0.7531399115 0.7286908474 -0.7464726434 -0.2146655261 -0.8617390352 -0.6485956506 0.6117124436 0.6037629055
-0.7800616565 -0.7038716044 -0.6575020842 0.7369812077 -0.8425189021 -0.4991043511 -0.7497654453 0.7249656553 -0.7437194424 -0.2138912612 -0.8580472434 -0.6459745851 0.6087119585 0.6009431965
-0.7761041365 -0.7016698554 -0.6549532777 0.7344667420 -0.8388887378 -0.4966836653 -0.7463429439 0.7211936449 -0.7409203838 -0.2131223436 -0.8542958825 -0.6433164885 0.6056766633 0.5980898322
-0.7720941480 -0.6994264256 -0.6523659503 0.7319069905 -0.8352015116 -0.4942384133 -0.7428718711 0.7173743589 -0.7380747745 -0.2123574054 -0.8504845554 -0.6406206014 0.6026058804 0.5952020871
-0.7680312977 -0.6971404602 -0.6497393189 0.7293011872 -0.8314567687 -0.4917677293 -0.7393516908 0.7135073402 -0.7351819212 -0.2115950782 -0.8466128650 -0.6378861639 0.5994989321 0.5922792358
-0.7639151922 -0.6948111046 -0.6470726003 0.7266485658 -0.8276540543 -0.4892707477 -0.7357818668 0.7095921317 -0.7322411307 -0.2108339940 -0.8426804141 -0.6351124166 0.5963551408 0.5893205528
-0.7597454384 -0.6924375042 -0.6443650115 0.7239483601 -0.8237929137 -0.4867466026 -0.7321618630 0.7056282762 -0.7292517096 -0.2100727845 -0.8386868057 -0.6322985997 0.5931738285 0.5863253127
-0.7555216427 -0.6900188043 -0.6416157692 0.7211998038 -0.8198728920 -0.4841944282 -0.7284911431 0.7016153167 -0.7262129648 -0.2093100815 -0.8346316425 -0.6294439537 0.5899543178 0.5832927899
-0.7512434120 -0.6875541502 -0.6388240904 0.7184021308 -0.8158935346 -0.4816133588 -0.7247691710 0.6975527960 -0.7231242030 -0.2085445169 -0.8305145274 -0.6265477188 0.5866959308 0.5802222590
-0.7469103528 -0.6850426874 -0.6359891919 0.7155545749 -0.8118543866 -0.4790025287 -0.7209954106 0.6934402570 -0.7199847310 -0.2077747226 -0.8263350633 -0.6236091355 0.5833979899 0.5771129946
-0.7425220720 -0.6824835612 -0.6331102906 0.7126563697 -0.8077549933 -0.4763610721 -0.7171693257 0.6892772425 -0.7167938555 -0.2069993303 -0.8220928531 -0.6206274442 0.5800598173 0.5739642711
-0.7380781761 -0.6798759169 -0.6301866033 0.7097067491 -0.8035949000 -0.4736881231 -0.7132903801 0.6850632953 -0.7135508834 -0.2062169718 -0.8177874995 -0.6176018851 0.5766807354 0.5707753632
-0.7335782718 -0.6772188998 -0.6272173470 0.7067049469 -0.7993736517 -0.4709828161 -0.7093580377 0.6807979585 -0.7102551213 -0.2054262790 -0.8134186056 -0.6145316987 0.5732600664 0.5675455452
-0.7290219659 -0.6745116554 -0.6242017383 0.7036501968 -0.7950907938 -0.4682442853 -0.7053717624 0.6764807748 -0.7069058760 -0.2046258837 -0.8089857740 -0.6114161253 0.5697971327 0.5642740919
-0.7244088650 -0.6717533290 -0.6211389943 0.7005417326 -0.7907458716 -0.4654716648 -0.7013310178 0.6721112871 -0.7035024543 -0.2038144177 -0.8044886078 -0.6082544053 0.5662912565 0.5609602776
-0.7197385758 -0.6689430660 -0.6180283318 0.6973787882 -0.7863384301 -0.4626640890 -0.6972352680 0.6676890383 -0.7000441629 -0.2029905129 -0.7999267098 -0.6050457791 0.5627417602 0.5576033769
-0.7150107050 -0.6660800116 -0.6148689676 0.6941605972 -0.7818680148 -0.4598206922 -0.6930839767 0.6632135713 -0.6965303086 -0.2021528010 -0.7952996828 -0.6017894870 0.5591479659 0.5542026645
-0.7102248609 -0.6631633116 -0.6116601188 0.6908863928 -0.7773342143 -0.4569406106 -0.6888766080 0.6586844280 -0.6929602400 -0.2012999208 -0.7906071299 -0.5984847697 0.5555091958 0.5507574144
-0.7053806453 -0.6601921103 -0.6084010018 0.6875554108 -0.7727364431 -0.4540229719 -0.6846126251 0.6541011539 -0.6893331383 -0.2004304835 -0.7858486532 -0.5951308666 0.5518247730 0.5472669021
