-0.8925167590 -0.8427202772 -0.9336171572 0.9338919190 -0.9976945518 -0.8537141040 -0.8777452008 0.8898769564 -0.7903261550 -0.8506135358 -0.7616958940 -0.7673592889 0.8284016510 0.8836132692
-0.8915627175 -0.8414834242 -0.9325682449 0.9329790990 -0.9981036753 -0.8529283287 -0.8765996738 0.8881712896 -0.7880724468 -0.8500550953 -0.7587214172 -0.7650056243 0.8273291488 0.8824356021
-0.8906273383 -0.8402895414 -0.9315083439 0.9320590852 -0.9984764882 -0.8521915077 -0.8754768774 0.8864640594 -0.7858662767 -0.8495542766 -0.7557921521 -0.7627115992 0.8263137814 0.8812758890
-0.8897088027 -0.8391365143 -0.9304360881 0.9311304278 -0.9988117255 -0.8515013451 -0.8743749735 0.8847538992 -0.7837056755 -0.8491086098 -0.7529063139 -0.7604750886 0.8253531932 0.8801323683
-0.8888052922 -0.8380222282 -0.9293501114 0.9301916772 -0.9991081221 -0.8508555449 -0.8732921239 0.8830394422 -0.7815886741 -0.8487156249 -0.7500621177 -0.7582939674 0.8244450287 0.8790032784
-0.8879149881 -0.8369445686 -0.9282490479 0.9292413834 -0.9993644128 -0.8502518111 -0.8722264906 0.8813193219 -0.7795133034 -0.8483728521 -0.7472577786 -0.7561661108 0.8235869323 0.8778868574
-0.8870360716 -0.8359014210 -0.9271315316 0.9282780966 -0.9995793326 -0.8496878478 -0.8711762353 0.8795921716 -0.7774775941 -0.8480778213 -0.7444915117 -0.7540893937 0.8227765482 0.8767813438
-0.8861667241 -0.8348906708 -0.9259961963 0.9273003671 -0.9997516163 -0.8491613589 -0.8701395200 0.8778566247 -0.7754795771 -0.8478280628 -0.7417615321 -0.7520616911 0.8220115210 0.8756849758
-0.8853051270 -0.8339102035 -0.9248416761 0.9263067450 -0.9998799988 -0.8486700485 -0.8691145066 0.8761113145 -0.7735172832 -0.8476211065 -0.7390660549 -0.7500808782 0.8212894950 0.8745959918
-0.8844494616 -0.8329579045 -0.9236666050 0.9252957806 -0.9999632151 -0.8482116206 -0.8680993569 0.8743548742 -0.7715887433 -0.8474544825 -0.7364032953 -0.7481448298 0.8206081147 0.8735126300
-0.8835979091 -0.8320316593 -0.9224696170 0.9242660239 -1.0000000000 -0.8477837791 -0.8670922328 0.8725859374 -0.7696919882 -0.8473257210 -0.7337714683 -0.7462514210 0.8199650243 0.8724331287
-0.8827486510 -0.8311293534 -0.9212493459 0.9232160253 -0.9999890884 -0.8473842283 -0.8660912961 0.8708031373 -0.7678250487 -0.8472323519 -0.7311687890 -0.7443985268 0.8193578683 0.8713557263
-0.8818998685 -0.8302488721 -0.9200044259 0.9221443350 -0.9999292152 -0.8470106719 -0.8650947088 0.8690051074 -0.7659859556 -0.8471719054 -0.7285934726 -0.7425840222 0.8187842911 0.8702786611
-0.8810497430 -0.8293881010 -0.9187334908 0.9210495030 -0.9998191153 -0.8466608142 -0.8641006327 0.8671904808 -0.7641727399 -0.8471419115 -0.7260437342 -0.7408057823 0.8182419371 0.8692001713
-0.8801964558 -0.8285449254 -0.9174351747 0.9199300796 -0.9996575236 -0.8463323590 -0.8631072297 0.8653578910 -0.7623834322 -0.8471399004 -0.7235177889 -0.7390616820 0.8177284506 0.8681184953
-0.8793381883 -0.8277172309 -0.9161081116 0.9187846150 -0.9994431750 -0.8460230104 -0.8621126617 0.8635059714 -0.7606160635 -0.8471634020 -0.7210138518 -0.7373495964 0.8172414762 0.8670318714
-0.8784731218 -0.8269029029 -0.9147509353 0.9176116594 -0.9991748044 -0.8457304724 -0.8611150905 0.8616333552 -0.7588686645 -0.8472099465 -0.7185301379 -0.7356674005 0.8167786580 0.8659385379
-0.8775994375 -0.8260998268 -0.9133622800 0.9164097630 -0.9988511467 -0.8454524491 -0.8601126780 0.8597386758 -0.7571392662 -0.8472770639 -0.7160648625 -0.7340129693 0.8163376406 0.8648367331
-0.8767153169 -0.8253058882 -0.9119407795 0.9151774760 -0.9984709367 -0.8451866444 -0.8591035861 0.8578205667 -0.7554258993 -0.8473622844 -0.7136162406 -0.7323841779 0.8159160684 0.8637246952
-0.8758189413 -0.8245189723 -0.9104850678 0.9139133486 -0.9980329094 -0.8449307624 -0.8580859767 0.8558776610 -0.7537265946 -0.8474631379 -0.7111824873 -0.7307789012 0.8155115857 0.8626006627
-0.8749084919 -0.8237369648 -0.9089937790 0.9126159309 -0.9975357996 -0.8446825072 -0.8570580115 0.8539085922 -0.7520393831 -0.8475771546 -0.7087618178 -0.7291950142 0.8151218369 0.8614628738
-0.8739821502 -0.8229577510 -0.9074655470 0.9112837731 -0.9969783423 -0.8444395826 -0.8560178526 0.8519119937 -0.7503622955 -0.8477018646 -0.7063524471 -0.7276303920 0.8147444664 0.8603095669
-0.8730380974 -0.8221792164 -0.9058990058 0.9099154256 -0.9963592723 -0.8441996927 -0.8549636618 0.8498864987 -0.7486933627 -0.8478347978 -0.7039525904 -0.7260829096 0.8143771187 0.8591389801
-0.8720745150 -0.8213992465 -0.9042927894 0.9085094383 -0.9956773246 -0.8439605416 -0.8538936009 0.8478307406 -0.7470306155 -0.8479734845 -0.7015604628 -0.7245504420 0.8140174380 0.8579493519
-0.8710895841 -0.8206157266 -0.9026455317 0.9070643617 -0.9949312340 -0.8437198333 -0.8528058318 0.8457433528 -0.7453720847 -0.8481154546 -0.6991742793 -0.7230308642 0.8136630688 0.8567389205
-0.8700814862 -0.8198265424 -0.9009558667 0.9055787457 -0.9941197354 -0.8434752718 -0.8516985165 0.8436229685 -0.7437158011 -0.8482582383 -0.6967922552 -0.7215220512 0.8133116555 0.8555059243
-0.8690484025 -0.8190295791 -0.8992224284 0.9040511407 -0.9932415637 -0.8432245611 -0.8505698167 0.8414682213 -0.7420597957 -0.8483993656 -0.6944126054 -0.7200218781 0.8129608425 0.8542486015
-0.8679885144 -0.8182227223 -0.8974438508 0.9024800968 -0.9922954539 -0.8429654052 -0.8494178943 0.8392777443 -0.7404020992 -0.8485363666 -0.6920335452 -0.7185282198 0.8126082742 0.8529651905
-0.8669000033 -0.8174038574 -0.8956187678 0.9008641642 -0.9912801407 -0.8426955081 -0.8482409113 0.8370501710 -0.7387407424 -0.8486667714 -0.6896532896 -0.7170389515 0.8122515949 0.8516539296
-0.8657810504 -0.8165708698 -0.8937458135 0.8992018932 -0.9901943592 -0.8424125739 -0.8470370294 0.8347841347 -0.7370737562 -0.8487881100 -0.6872700537 -0.7155519480 0.8118884491 0.8503130570
