-0.6424815541 -0.7328444569 -0.6557505935 0.5496078653 -0.9289747441 -0.6416058674 -0.6429750226 0.6026375926 -0.9716081819 -0.6798486628 -0.7018542974 -0.6806493441 0.6634198116 0.7960520466
-0.6354811230 -0.7240613343 -0.6450232685 0.5419442947 -0.9258565143 -0.6318503167 -0.6339698521 0.5910138694 -0.9718710528 -0.6695442983 -0.6934892452 -0.6708612172 0.6515168140 0.7861787965
-0.6281358896 -0.7149282996 -0.6339972390 0.5339749107 -0.9222483803 -0.6217874959 -0.6246468238 0.5791207308 -0.9715845252 -0.6589277207 -0.6847786467 -0.6607536389 0.6393285276 0.7759499397
-0.6204391634 -0.7054395140 -0.6226684052 0.5256939229 -0.9181395680 -0.6114126787 -0.6150006712 0.5669549599 -0.9707352224 -0.6479944182 -0.6757165088 -0.6503217263 0.6268516540 0.7653601215
-0.6123842536 -0.6955891389 -0.6110326674 0.5170955408 -0.9135193033 -0.6007211392 -0.6050261280 0.5545133395 -0.9693097678 -0.6367398788 -0.6662968381 -0.6395605965 0.6140828946 0.7544039874
-0.6039644699 -0.6853713354 -0.5990859257 0.5081739740 -0.9083768119 -0.5897081513 -0.5947179280 0.5417926527 -0.9672947847 -0.6251595907 -0.6565136412 -0.6284653665 0.6010189506 0.7430761830
-0.5951731216 -0.6747802648 -0.5868240804 0.4989234322 -0.9027013197 -0.5783689890 -0.5840708048 0.5287896825 -0.9646768964 -0.6132490421 -0.6463609248 -0.6170311535 0.5876565237 0.7313713538
-0.5860035181 -0.6638100884 -0.5742430317 0.4893381249 -0.8964820525 -0.5666989262 -0.5730794921 0.5155012119 -0.9614427262 -0.6010037209 -0.6358326955 -0.6052530745 0.5739923152 0.7192841452
-0.5764489690 -0.6524549674 -0.5613386797 0.4794122617 -0.8897082362 -0.5546932369 -0.5617387235 0.5019240238 -0.9575788975 -0.5884191154 -0.6249229602 -0.5931262466 0.5600230266 0.7068092028
-0.5665027835 -0.6407090631 -0.5481069247 0.4691400521 -0.8823690965 -0.5423471949 -0.5500432328 0.4880549012 -0.9530720336 -0.5754907137 -0.6136257253 -0.5806457868 0.5457453592 0.6939411720
-0.5561582712 -0.6285665367 -0.5345436670 0.4585157058 -0.8744538594 -0.5296560743 -0.5379877537 0.4738906271 -0.9479087578 -0.5622140038 -0.6019349977 -0.5678068124 0.5311560144 0.6806746982
-0.5454087415 -0.6160215495 -0.5206448066 0.4475334323 -0.8659517506 -0.5166151490 -0.5255670197 0.4594279845 -0.9420756935 -0.5485844739 -0.5898447839 -0.5546044403 0.5162516938 0.6670044271
-0.5342475038 -0.6030682628 -0.5064062438 0.4361874412 -0.8568519960 -0.5032196929 -0.5127757646 0.4446637565 -0.9355594639 -0.5345976121 -0.5773490907 -0.5410337876 0.5010290987 0.6529250041
-0.5226678676 -0.5897008378 -0.4918238789 0.4244719421 -0.8471438213 -0.4894649800 -0.4996087221 0.4295947258 -0.9283466925 -0.5202489065 -0.5644419248 -0.5270899714 0.4854849305 0.6384310746
-0.5106631422 -0.5759134357 -0.4768936120 0.4123811446 -0.8368164526 -0.4753462842 -0.4860606258 0.4142176757 -0.9204240024 -0.5055338452 -0.5511172927 -0.5127681088 0.4696158907 0.6235172842
-0.4982266371 -0.5617002178 -0.4616113433 0.3999092582 -0.8258591155 -0.4608588794 -0.4721262094 0.3985293890 -0.9117780172 -0.4904479163 -0.5373692012 -0.4980633169 0.4534186807 0.6081782784
-0.4853516618 -0.5470553454 -0.4459729731 0.3870504925 -0.8142610359 -0.4459980397 -0.4578002067 0.3825266487 -0.9023953600 -0.4749866081 -0.5231916569 -0.4829707127 0.4368900019 0.5924087026
-0.4720315257 -0.5319729798 -0.4299744015 0.3737990571 -0.8020114396 -0.4307590389 -0.4430773512 0.3662062378 -0.8922626542 -0.4591454085 -0.5085786666 -0.4674854134 0.4200265557 0.5762032024
-0.4582595382 -0.5164472821 -0.4136115288 0.3601491616 -0.7890995525 -0.4151371511 -0.4279523767 0.3495649394 -0.8813665232 -0.4429198057 -0.4935242368 -0.4516025359 0.4028250436 0.5595564232
-0.4440290087 -0.5004724136 -0.3968802552 0.3460950156 -0.7755146004 -0.3991276500 -0.4124200168 0.3325995363 -0.8696935902 -0.4263052878 -0.4780223743 -0.4353171975 0.3852821670 0.5424630104
-0.4293332467 -0.4840425356 -0.3797764808 0.3316308286 -0.7612458092 -0.3827258098 -0.3964750053 0.3153068116 -0.8572304786 -0.4092973429 -0.4620670858 -0.4186245152 0.3673946273 0.5249176097
-0.4141655617 -0.4671518094 -0.3622961060 0.3167508102 -0.7462824046 -0.3659269043 -0.3801120757 0.2976835482 -0.8439638118 -0.3918914591 -0.4456523779 -0.4015196060 0.3491591259 0.5069148665
-0.3985192629 -0.4497943962 -0.3444350308 0.3014491700 -0.7306136125 -0.3487262074 -0.3633259618 0.2797265293 -0.8298802130 -0.3740831246 -0.4287722572 -0.3839975870 0.3305723642 0.4884494263
-0.3823876599 -0.4319644572 -0.3261891556 0.2857201177 -0.7142286587 -0.3311189932 -0.3461113973 0.2614325376 -0.8149663055 -0.3558678275 -0.4114207305 -0.3660535754 0.3116310437 0.4695159345
-0.3657640622 -0.4136561537 -0.3075543804 0.2695578626 -0.6971167690 -0.3131005355 -0.3284631158 0.2427983563 -0.7992087128 -0.3372410559 -0.3935918045 -0.3476826882 0.2923318658 0.4501090368
-0.3486417791 -0.3948636470 -0.2885266056 0.2529566146 -0.6792671694 -0.2946661084 -0.3103758510 0.2238207682 -0.7825940581 -0.3181982978 -0.3752794857 -0.3288800425 0.2726715319 0.4302233784
-0.3310141200 -0.3755810983 -0.2691017313 0.2359105830 -0.6606690856 -0.2758109857 -0.2918443367 0.2044965565 -0.7651089647 -0.2987350415 -0.3564777810 -0.3096407553 0.2526467434 0.4098536050
-0.3128743945 -0.3558026689 -0.2492756578 0.2184139776 -0.6413117434 -0.2565304414 -0.2728633064 0.1848225041 -0.7467400560 -0.2788467750 -0.3371806969 -0.2899599438 0.2322542018 0.3889943620
-0.2942159119 -0.3355225200 -0.2290442852 0.2004610078 -0.6211843687 -0.2368197495 -0.2534274938 0.1647953939 -0.7274739553 -0.2585289864 -0.3173822401 -0.2698327250 0.2114906085 0.3676402950
-0.2750319816 -0.3147348129 -0.2084035138 0.1820458833 -0.6002761874 -0.2166741838 -0.2335316327 0.1444120089 -0.7072972860 -0.2377771639 -0.2970764173 -0.2492542161 0.1903526648 0.3457860494
