-0.5157857579 -0.6289034348 -0.6921712102 0.8671586650 -0.6510723295 -0.7435229051 -0.6165827047 0.6410001191 -0.6720670143 -0.7590207715 -0.6370089494 -0.8060049203 0.6006297072 0.6244690757
-0.5101423570 -0.6262875751 -0.6851741912 0.8610347874 -0.6526385732 -0.7388370776 -0.6105362383 0.6372635920 -0.6755182952 -0.7536815907 -0.6323703597 -0.7992675721 0.5968606438 0.6184907012
-0.5043599593 -0.6234983404 -0.6780057805 0.8546996418 -0.6540121732 -0.7339609807 -0.6043309690 0.6333550574 -0.6787659316 -0.7481511602 -0.6275637523 -0.7923339682 0.5929281828 0.6123516264
-0.4984352621 -0.6205304554 -0.6706633422 0.8481498886 -0.6551852559 -0.7288905058 -0.5979637471 0.6292699188 -0.6818008686 -0.7424257594 -0.6225850904 -0.7852012050 0.5888277859 0.6060486520
-0.4923649627 -0.6173786445 -0.6631442406 0.8413821881 -0.6561499479 -0.7236215443 -0.5914314227 0.6250035799 -0.6846140511 -0.7365016676 -0.6174303373 -0.7778663789 0.5845549152 0.5995785787
-0.4861457584 -0.6140376321 -0.6554458400 0.8343932006 -0.6568983754 -0.7181499875 -0.5847308458 0.6205514442 -0.6871964242 -0.7303751641 -0.6120954561 -0.7703265862 0.5801050325 0.5929382072
-0.4797743465 -0.6105021429 -0.6475655045 0.8271795865 -0.6574226651 -0.7124717270 -0.5778588668 0.6159089154 -0.6895389327 -0.7240425281 -0.6065764102 -0.7625789232 0.5754735998 0.5861243382
-0.4732474243 -0.6067669013 -0.6395005984 0.8197380061 -0.6577149433 -0.7065826539 -0.5708123356 0.6110713970 -0.6916325217 -0.7175000390 -0.6008691627 -0.7546204863 0.5706560789 0.5791337724
-0.4665616892 -0.6028266318 -0.6312484860 0.8120651198 -0.6577673365 -0.7004786599 -0.5635881025 0.6060342926 -0.6934681361 -0.7107439761 -0.5949696770 -0.7464483717 0.5656479318 0.5719633106
-0.4597138384 -0.5986760589 -0.6228065314 0.8041575880 -0.6575719711 -0.6941556362 -0.5561830176 0.6007930059 -0.6950367210 -0.7037706187 -0.5888739162 -0.7380596758 0.5604446204 0.5646097534
-0.4527005693 -0.5943099072 -0.6141720990 0.7960120709 -0.6571209736 -0.6876094742 -0.5485939310 0.5953429405 -0.6963292213 -0.6965762461 -0.5825778435 -0.7294514949 0.5550416066 0.5570699016
-0.4455185791 -0.5897229010 -0.6053425528 0.7876252288 -0.6564064705 -0.6808360653 -0.5408176928 0.5896794999 -0.6973365819 -0.6891571376 -0.5760774223 -0.7206209254 0.5494343523 0.5493405558
-0.4381645651 -0.5849097650 -0.5963152573 0.7789937223 -0.6554205882 -0.6738313010 -0.5328511533 0.5837980877 -0.6980497480 -0.6815095725 -0.5693686158 -0.7115650636 0.5436183194 0.5414185168
-0.4306352247 -0.5798652236 -0.5870875765 0.7701142115 -0.6541554531 -0.6665910726 -0.5246911625 0.5776941076 -0.6984596644 -0.6736298300 -0.5624473871 -0.7022810059 0.5375889698 0.5333005853
-0.4229272552 -0.5745840013 -0.5776568748 0.7609833569 -0.6526031918 -0.6591112714 -0.5163345707 0.5713629631 -0.6985572761 -0.6655141896 -0.5553096996 -0.6927658484 0.5313417655 0.5249835619
-0.4150373539 -0.5690608227 -0.5680205163 0.7515978187 -0.6507559306 -0.6513877890 -0.5077782278 0.5648000578 -0.6983335282 -0.6571589305 -0.5479515165 -0.6830166877 0.5248721683 0.5164642474
-0.4069622181 -0.5632904121 -0.5581758654 0.7419542573 -0.6486057960 -0.6434165166 -0.4990189841 0.5580007954 -0.6977793655 -0.6485603320 -0.5403688010 -0.6730306199 0.5181756402 0.5077394426
-0.3986985450 -0.5572674943 -0.5481202862 0.7320493331 -0.6461449145 -0.6351933457 -0.4900536898 0.5509605794 -0.6968857332 -0.6397146734 -0.5325575163 -0.6628047415 0.5112476431 0.4988059480
-0.3902430320 -0.5509867935 -0.5378511429 0.7218797064 -0.6433654124 -0.6267141677 -0.4808791949 0.5436748135 -0.6956435761 -0.6306182340 -0.5245136258 -0.6523361488 0.5040836389 0.4896605645
-0.3815923765 -0.5444430344 -0.5273657999 0.7114420376 -0.6402594164 -0.6179748740 -0.4714923496 0.5361389012 -0.6940438392 -0.6212672931 -0.5162330925 -0.6416219381 0.4966790895 0.4803000926
-0.3727432756 -0.5376309414 -0.5166616213 0.7007329869 -0.6368190528 -0.6089713558 -0.4618900040 0.5283482461 -0.6920774676 -0.6116581300 -0.5077118798 -0.6306592057 0.4890294568 0.4707213332
-0.3636924268 -0.5305452391 -0.5057359714 0.6897492147 -0.6330364480 -0.5996995048 -0.4520690083 0.5202982519 -0.6897354062 -0.6017870241 -0.4989459510 -0.6194450479 0.4811302027 0.4609210870
-0.3544365273 -0.5231806519 -0.4945862144 0.6784873815 -0.6289037286 -0.5901552121 -0.4420262127 0.5119843221 -0.6870086000 -0.5916502546 -0.4899312692 -0.6079765612 0.4729767891 0.4508961546
-0.3449722744 -0.5155319043 -0.4832097145 0.6669441474 -0.6244130209 -0.5803343693 -0.4317584672 0.5034018603 -0.6838879939 -0.5812441008 -0.4806637976 -0.5962508418 0.4645646780 0.4406433367
-0.3352963655 -0.5075937210 -0.4716038360 0.6551161729 -0.6195564515 -0.5702328677 -0.4212626220 0.4945462702 -0.6803645330 -0.5705648420 -0.4711394996 -0.5842649860 0.4558893313 0.4301594341
-0.3254054978 -0.4993608262 -0.4597659431 0.6430001184 -0.6143261467 -0.5598465986 -0.4105355273 0.4854129553 -0.6764291622 -0.5596087575 -0.4613543384 -0.5720160902 0.4469462108 0.4194412474
-0.3152963686 -0.4908279446 -0.4476934001 0.6305926440 -0.6087142331 -0.5491714536 -0.3995740331 0.4759973192 -0.6720728265 -0.5483721267 -0.4513042771 -0.5595012507 0.4377307786 0.4084855775
-0.3049656753 -0.4819898007 -0.4353835711 0.6178904103 -0.6027128371 -0.5382033240 -0.3883749897 0.4662947655 -0.6672864710 -0.5368512288 -0.4409852791 -0.5467175638 0.4282384964 0.3972892249
-0.2944101152 -0.4728411189 -0.4228338205 0.6048900774 -0.5963140851 -0.5269381011 -0.3769352471 0.4563006979 -0.6620610405 -0.5250423432 -0.4303933076 -0.5336621259 0.4184648262 0.3858489904
-0.2836263855 -0.4633766238 -0.4100415124 0.5915883059 -0.5895101035 -0.5153716765 -0.3652516556 0.4460105199 -0.6563874801 -0.5129417491 -0.4195243258 -0.5203320333 0.4084052300 0.3741616747
