-0.3589220671 -0.4767535389 -0.3531515640 0.3581656339 -0.3236198083 0.4854507978 -0.2706532079 0.2934285991 -0.2829581638 0.5001591343 -0.3633157480 -0.2676958511 0.4599456093 0.3398079148
-0.3391116243 -0.4567511776 -0.3354976617 0.3379726243 -0.3043628117 0.4682170497 -0.2527619829 0.2756665461 -0.2641837396 0.4811112760 -0.3440157921 -0.2542749383 0.4389386070 0.3223499918
-0.3188239601 -0.4361771082 -0.3173092284 0.3173140711 -0.2846425958 0.4503243469 -0.2344131027 0.2574237785 -0.2449666919 0.4614443078 -0.3242201595 -0.2402699294 0.4174029730 0.3043632117
-0.2980529047 -0.4150231953 -0.2985772412 0.2961843442 -0.2644528982 0.4317605864 -0.2155994310 0.2386925519 -0.2253008647 0.4411483402 -0.3039218962 -0.2256676035 0.3953322823 0.2858385346
-0.2767922882 -0.3932813034 -0.2792926773 0.2745778135 -0.2437874569 0.4125136650 -0.1963138317 0.2194651216 -0.2051801025 0.4202134838 -0.2831140480 -0.2104547398 0.3727201101 0.2667669208
-0.2550359408 -0.3709432971 -0.2594465135 0.2524888489 -0.2226400095 0.3925714799 -0.1765491686 0.1997337433 -0.1845982492 0.3986298494 -0.2617896605 -0.1946181176 0.3495600313 0.2471393306
-0.2327776925 -0.3480010409 -0.2390297270 0.2299118206 -0.2010042940 0.3719219279 -0.1562983054 0.1794906723 -0.1635491491 0.3763875474 -0.2399417797 -0.1781445161 0.3258456211 0.2269467244
-0.2100113737 -0.3244463993 -0.2180332947 0.2068410984 -0.1788740480 0.3505529061 -0.1355541059 0.1587281643 -0.1420266463 0.3534766885 -0.2175634513 -0.1610207145 0.3015704545 0.2061800623
-0.1867308143 -0.3002712370 -0.1964481938 0.1832710522 -0.1562430095 0.3284523113 -0.1143094340 0.1374384745 -0.1200245852 0.3298873833 -0.1946477212 -0.1432334920 0.2767281066 0.1848303047
-0.1629298447 -0.2754674184 -0.1742654013 0.1591960521 -0.1331049161 0.3056080407 -0.0925571535 0.1156138586 -0.0975368098 0.3056097424 -0.1711876351 -0.1247696278 0.2513121525 0.1628884118
-0.1386022948 -0.2500268081 -0.1514758941 0.1346104681 -0.1094535057 0.2820079910 -0.0702901281 0.0932465720 -0.0745571644 0.2806338765 -0.1471762389 -0.1056159011 0.2253161671 0.1403453440
-0.1137419949 -0.2239412707 -0.1280706494 0.1095086700 -0.0852825162 0.2576400594 -0.0475012216 0.0703288702 -0.0510794931 0.2549498961 -0.1226065784 -0.0857590911 0.1987337257 0.1171920614
-0.0883427752 -0.1972026707 -0.1040406442 0.0838850279 -0.0605856851 0.2324921427 -0.0241832980 0.0468530087 -0.0270976402 0.2285479118 -0.0974716993 -0.0651859771 0.1715584033 0.0934195245
-0.0623984657 -0.1698028726 -0.0793768556 0.0577339116 -0.0353567505 0.2065521379 -0.0003292208 0.0228112430 -0.0026054498 0.2014180344 -0.0717646476 -0.0438833382 0.1437837749 0.0690186935
-0.0359028966 -0.1417337411 -0.0540702605 0.0310496913 -0.0095894501 0.1798079420 0.0240681460 -0.0018041715 0.0224032339 0.1735503743 -0.0454784689 -0.0218379537 0.1154034156 0.0439805286
-0.0088498981 -0.1129871406 -0.0281118360 0.0038267368 0.0167224784 0.1522474520 0.0490159386 -0.0270009792 0.0479345667 0.1449350422 -0.0186062092 0.0009633973 0.0864109005 0.0182959902
0.0187666997 -0.0835549357 -0.0014925591 -0.0239405819 0.0435852971 0.1238585649 0.0745212933 -0.0527869248 0.0739947044 0.1155621487 0.0088590858 0.0245339354 0.0567998046 -0.0080439615
0.0469530667 -0.0534289909 0.0257965931 -0.0522578948 0.0710052683 0.0946291775 0.1005913462 -0.0791697526 0.1005898028 0.0854218045 0.0369243702 0.0488868816 0.0265637031 -0.0350483662
0.0757153726 -0.0226011709 0.0537646435 -0.0811308320 0.0989886541 0.0645471869 0.1272332336 -0.1061572073 0.1277260177 0.0545041201 0.0655965984 0.0740354566 -0.0043038291 -0.0627262636
0.1050597873 0.0089366600 0.0824206151 -0.1105650234 0.1275417167 0.0336004901 0.1544540916 -0.1337570333 0.1554095049 0.0227992061 0.0948827243 0.0999928812 -0.0358092168 -0.0910866934
0.1349924807 0.0411926370 0.1117735310 -0.1405660992 0.1566707184 0.0017769839 0.1822610565 -0.1619769751 0.1836464202 -0.0097028268 0.1247897024 0.1267723761 -0.0679588849 -0.1201386954
0.1655196227 0.0741748957 0.1418324140 -0.1711396894 0.1863819213 -0.0309354346 0.2106612644 -0.1908247773 0.2124429195 -0.0430118680 0.1553244866 0.1543871622 -0.1007592585 -0.1498913092
0.1966473830 0.1078915715 0.1726062871 -0.2022914240 0.2166815877 -0.0645488684 0.2396618516 -0.2203081844 0.2418051586 -0.0771378069 0.1864940313 0.1828504603 -0.1342167623 -0.1803535746
0.2283819316 0.1423507998 0.2041041733 -0.2340269330 0.2475759797 -0.0990754207 0.2692699542 -0.2504349409 0.2717392932 -0.1120905330 0.2183052906 0.2121754911 -0.1683378215 -0.2115345313
0.2607294382 0.1775607162 0.2363350955 -0.2663518465 0.2790713596 -0.1345271944 0.2994927085 -0.2812127913 0.3022514792 -0.1478799355 0.2507652187 0.2423754755 -0.2031288608 -0.2434432190
0.2936960728 0.2135294560 0.2693080767 -0.2992717945 0.3111739895 -0.1709162925 0.3303372506 -0.3126494801 0.3333478724 -0.1845159039 0.2838807698 0.2734636341 -0.2385963052 -0.2760886774
0.3272880051 0.2502651548 0.3030321399 -0.3327924070 0.3438901317 -0.2082548182 0.3618107168 -0.3447527519 0.3650346286 -0.2220083275 0.3176588981 0.3054531879 -0.2747465797 -0.3094799462
0.3615114051 0.2877759479 0.3375163079 -0.3669193142 0.3772260484 -0.2465548743 0.3939202433 -0.3775303512 0.3973179035 -0.2603670958 0.3521065577 0.3383573576 -0.3115861092 -0.3436260652
0.3963724426 0.3260699708 0.3727696039 -0.4016581459 0.4111880017 -0.2858285641 0.4266729662 -0.4109900224 0.4302038531 -0.2996020981 0.3872307030 0.3721893640 -0.3491213185 -0.3785360741
0.4318772874 0.3651553590 0.4088010506 -0.4370145323 0.4457822539 -0.3260879904 0.4600760217 -0.4451395101 0.4636986331 -0.3397232239 0.4230382880 0.4069624279 -0.3873586327 -0.4142190126
