-0.6438853737 -0.5751966113 -0.6035433726 0.7684808532 -0.6271140477 -0.6361010358 -0.5948928926 0.6423173903 -0.9032631358 -0.6517597520 -0.6421082582 -0.6722494808 0.6458586130 0.6493562831
-0.6359949768 -0.5684245130 -0.5957666134 0.7603033858 -0.6237074768 -0.6278822331 -0.5861940038 0.6319787956 -0.8963777419 -0.6434482357 -0.6324081472 -0.6630737766 0.6366204173 0.6409660056
-0.6278832105 -0.5614339142 -0.5877763805 0.7518794331 -0.6200320899 -0.6194475904 -0.5772941566 0.6214471679 -0.8892003685 -0.6349183704 -0.6225077646 -0.6536849345 0.6271758135 0.6323588274
-0.6195471197 -0.5542214925 -0.5795697728 0.7432058406 -0.6160827489 -0.6107943370 -0.5681909325 0.6107207739 -0.8817268490 -0.6261673887 -0.6124050598 -0.6440805607 0.6175225111 0.6235320271
-0.6109837492 -0.5467839252 -0.5711438895 0.7342794540 -0.6118543154 -0.6019197026 -0.5588819125 0.5997978805 -0.8739530167 -0.6171925233 -0.6020979823 -0.6342582611 0.6076582197 0.6144828829
-0.6021901440 -0.5391178899 -0.5624958297 0.7250971190 -0.6073416514 -0.5928209166 -0.5493646781 0.5886767544 -0.8658747050 -0.6079910068 -0.5915844815 -0.6242156419 0.5975806488 0.6052086732
-0.5931633489 -0.5312200639 -0.5536226925 0.7156556811 -0.6025396187 -0.5834952086 -0.5396368106 0.5773556627 -0.8574877474 -0.5985600718 -0.5808625068 -0.6139503089 0.5872875078 0.5957066765
-0.5839004088 -0.5230871247 -0.5445215770 0.7059519861 -0.5974430790 -0.5739398080 -0.5296958911 0.5658328720 -0.8487879771 -0.5888969510 -0.5699300077 -0.6034598683 0.5767765063 0.5859741711
-0.5743983686 -0.5147157498 -0.5351895824 0.6959828794 -0.5920468942 -0.5641519444 -0.5195395011 0.5541066491 -0.8397712274 -0.5789988769 -0.5587849337 -0.5927419260 0.5660453538 0.5760084353
-0.5646542732 -0.5061026167 -0.5256238078 0.6857452069 -0.5863459262 -0.5541288474 -0.5091652217 0.5421752611 -0.8304333319 -0.5688630822 -0.5474252341 -0.5817940880 0.5550917598 0.5658067476
-0.5546651674 -0.4972444027 -0.5158213522 0.6752358140 -0.5803350367 -0.5438677463 -0.4985706343 0.5300369745 -0.8207701239 -0.5584867996 -0.5358488585 -0.5706139604 0.5439134339 0.5553663863
-0.5444280962 -0.4881377854 -0.5057793148 0.6644515465 -0.5740090876 -0.5333658708 -0.4877533201 0.5176900563 -0.8107774366 -0.5478672617 -0.5240537562 -0.5591991492 0.5325080855 0.5446846298
-0.5339401045 -0.4787794422 -0.4954947947 0.6533892499 -0.5673629407 -0.5226204504 -0.4767108605 0.5051327733 -0.8004511036 -0.5370017010 -0.5120378768 -0.5475472603 0.5208734242 0.5337587566
-0.5231982370 -0.4691660506 -0.4849648910 0.6420457700 -0.5603914577 -0.5116287144 -0.4654408366 0.4923633924 -0.7897869581 -0.5258873503 -0.4997991697 -0.5356558999 0.5090071594 0.5225860449
-0.5121995388 -0.4592942879 -0.4741867029 0.6304179523 -0.5530895006 -0.5003878926 -0.4539408299 0.4793801803 -0.7787808335 -0.5145214421 -0.4873355842 -0.5235226739 0.4969070008 0.5111637732
-0.5009410546 -0.4491608317 -0.4631573294 0.6185026424 -0.5454519311 -0.4888952143 -0.4422084216 0.4661814039 -0.7674285632 -0.5029012091 -0.4746450700 -0.5111451884 0.4845706577 0.4994892198
-0.4894198294 -0.4387623595 -0.4518738696 0.6062966861 -0.5374736111 -0.4771479092 -0.4302411929 0.4527653300 -0.7557259806 -0.4910238839 -0.4617255763 -0.4985210493 0.4719958398 0.4875596631
-0.4776329081 -0.4280955486 -0.4403334227 0.5937969289 -0.5291494024 -0.4651432066 -0.4180367252 0.4391302254 -0.7436689190 -0.4788866991 -0.4485750527 -0.4856478627 0.4591802566 0.4753723816
-0.4655773355 -0.4171570766 -0.4285330878 0.5810002165 -0.5204741667 -0.4528783362 -0.4055925998 0.4252743570 -0.7312532118 -0.4664868874 -0.4351914486 -0.4725232346 0.4461216174 0.4629246535
-0.4532501566 -0.4059436208 -0.4164699640 0.5679033946 -0.5114427660 -0.4403505274 -0.3929063978 0.4111959916 -0.7184746924 -0.4538216814 -0.4215727134 -0.4591447710 0.4328176320 0.4502137573
-0.4406484161 -0.3944518588 -0.4041411504 0.5545033086 -0.5020500620 -0.4275570098 -0.3799757007 0.3968933959 -0.7053291941 -0.4408883137 -0.4077167967 -0.4455100779 0.4192660098 0.4372369713
-0.4277691591 -0.3826784680 -0.3915437461 0.5407968044 -0.4922909166 -0.4144950128 -0.3667980896 0.3823648370 -0.6918125503 -0.4276840170 -0.3936216477 -0.4316167614 0.4054644602 0.4239915740
-0.4146094303 -0.3706201259 -0.3786748502 0.5267807274 -0.4821601916 -0.4011617660 -0.3533711459 0.3676085815 -0.6779205944 -0.4142060239 -0.3792852161 -0.4174624274 0.3914106929 0.4104748437
-0.4011662747 -0.3582735098 -0.3655315619 0.5124519235 -0.4716527487 -0.3875544989 -0.3396924509 0.3526228963 -0.6636491597 -0.4004515669 -0.3647054512 -0.4030446820 0.3771024173 0.3966840587
-0.3874367372 -0.3456352974 -0.3521109802 0.4978072381 -0.4607634499 -0.3736704410 -0.3257595859 0.3374060482 -0.6489940796 -0.3864178788 -0.3498803024 -0.3883611312 0.3625373430 0.3826164975
-0.3734178626 -0.3327021659 -0.3384102044 0.4828435169 -0.4494871569 -0.3595068219 -0.3115701320 0.3219563041 -0.6339511874 -0.3721021922 -0.3348077193 -0.3734093810 0.3477131795 0.3682694385
-0.3591066958 -0.3194707929 -0.3244263334 0.4675576056 -0.4378187316 -0.3450608709 -0.2971216707 0.3062719308 -0.6185163166 -0.3575017396 -0.3194856513 -0.3581870374 0.3326276362 0.3536401600
-0.3445002817 -0.3059378559 -0.3101564664 0.4519463498 -0.4257530357 -0.3303298177 -0.2824117832 0.2903511950 -0.6026853006 -0.3426137538 -0.3039120478 -0.3426917064 0.3172784227 0.3387259404
-0.3295956652 -0.2921000322 -0.2955977025 0.4360065951 -0.4132849311 -0.3153108918 -0.2674380507 0.2741923637 -0.5864539725 -0.3274354673 -0.2880848582 -0.3269209941 0.3016632485 0.3235240581
-0.3143898912 -0.2779539994 -0.2807471408 0.4197351871 -0.4004092797 -0.3000013227 -0.2521980546 0.2577937037 -0.5698181660 -0.3119641128 -0.2720020321 -0.3108725065 0.2857798232 0.3080317914
