-0.8883421581 -0.7799190926 -0.6200493066 0.7623331204 -0.8953782705 -0.8715236665 -0.7497472577 0.8524715901 -0.8085424439 -0.8042006049 -0.8513099216 -0.9256950465 0.8279141479 0.6286588181
-0.8842067349 -0.7766321389 -0.6163330406 0.7592050404 -0.8901847697 -0.8671114787 -0.7446456238 0.8467467158 -0.8003111157 -0.7991837808 -0.8445081373 -0.9201910683 0.8193707201 0.6242128418
-0.8799267505 -0.7732318471 -0.6125399875 0.7559688066 -0.8848355070 -0.8625572673 -0.7394277620 0.8408769778 -0.7919123056 -0.7940379324 -0.8375431052 -0.9144842440 0.8106357606 0.6196838596
-0.8754994103 -0.7697146231 -0.6086665130 0.7526206808 -0.8793285178 -0.8578583904 -0.7340912451 0.8348605861 -0.7833463682 -0.7887606877 -0.8304141152 -0.9085739456 0.8017103683 0.6150687493
-0.8709219196 -0.7660768726 -0.6047089824 0.7491569247 -0.8736618373 -0.8530122059 -0.7286336458 0.8286957505 -0.7746136582 -0.7833496749 -0.8231204575 -0.9024595454 0.7925956419 0.6103643887
-0.8661914838 -0.7623150017 -0.6006637613 0.7455738001 -0.8678335006 -0.8480160720 -0.7230525370 0.8223806811 -0.7657145305 -0.7778025222 -0.8156614221 -0.8961404154 0.7832926803 0.6055676554
-0.8613053082 -0.7584254160 -0.5965272151 0.7418675689 -0.8618415431 -0.8428673466 -0.7173454915 0.8159135877 -0.7566493398 -0.7721168578 -0.8080362992 -0.8896159278 0.7738025823 0.6006754271
-0.8562605982 -0.7544045215 -0.5922957094 0.7380344927 -0.8556839999 -0.8375633877 -0.7115100820 0.8092926804 -0.7474184408 -0.7662903097 -0.8002443787 -0.8828854547 0.7641264466 0.5956845816
-0.8510545591 -0.7502487240 -0.5879656096 0.7340708335 -0.8493589062 -0.8321015533 -0.7055438813 0.8025161691 -0.7380221882 -0.7603205063 -0.7922849507 -0.8759483684 0.7542653720 0.5905919965
-0.8456843962 -0.7459544294 -0.5835332812 0.7299728529 -0.8428642974 -0.8264792014 -0.6994444624 0.7955822637 -0.7284609368 -0.7542050755 -0.7841573054 -0.8688040408 0.7442204575 0.5853945496
-0.8401473148 -0.7415180435 -0.5789950897 0.7257368127 -0.8361982085 -0.8206936900 -0.6932093979 0.7884891742 -0.7187350413 -0.7479416457 -0.7758607328 -0.8614518443 0.7339928016 0.5800891185
-0.8344405204 -0.7369359723 -0.5743474005 0.7213589748 -0.8293586749 -0.8147423771 -0.6868362606 0.7812351105 -0.7088448565 -0.7415278450 -0.7673945229 -0.8538911508 0.7235835033 0.5746725811
-0.8285612182 -0.7322046214 -0.5695865792 0.7168356009 -0.8223437318 -0.8086226207 -0.6803226234 0.7738182826 -0.6987907371 -0.7349613014 -0.7587579659 -0.8461213326 0.7129936613 0.5691418149
-0.8225066137 -0.7273203969 -0.5647089913 0.7121629527 -0.8151514144 -0.8023317789 -0.6736660591 0.7662369004 -0.6885730377 -0.7282396433 -0.7499503518 -0.8381417617 0.7022243745 0.5634936977
-0.8162739120 -0.7222797046 -0.5597110022 0.7073372922 -0.8077797573 -0.7958672096 -0.6668641405 0.7584891739 -0.6781921127 -0.7213604987 -0.7409709706 -0.8299518104 0.6912767415 0.5577251072
-0.8098603187 -0.7170789502 -0.5545889774 0.7023548810 -0.8002267975 -0.7892262709 -0.6599144403 0.7505733131 -0.6676483184 -0.7143214958 -0.7318191124 -0.8215508508 0.6801518613 0.5518329211
-0.8032630389 -0.7117145397 -0.5493392824 0.6972119809 -0.7924905686 -0.7824063207 -0.6528145315 0.7424875278 -0.6569420079 -0.7071202628 -0.7224940674 -0.8129382550 0.6688508327 0.5458140172
-0.7964792781 -0.7061828790 -0.5439582827 0.6919048538 -0.7845691062 -0.7754047170 -0.6455619867 0.7342300280 -0.6460735364 -0.6997544279 -0.7129951255 -0.8041133951 0.6573747543 0.5396652730
-0.7895062416 -0.7004803738 -0.5384423438 0.6864297613 -0.7764604456 -0.7682188179 -0.6381543787 0.7257990238 -0.6350432588 -0.6922216191 -0.7033215769 -0.7950756434 0.6457247250 0.5333835664
-0.7823411347 -0.6946034301 -0.5327878312 0.6807829653 -0.7681626221 -0.7608459813 -0.6305892805 0.7171927249 -0.6238515296 -0.6845194648 -0.6934727116 -0.7858243719 0.6339018437 0.5269657751
-0.7749811629 -0.6885484537 -0.5269911103 0.6749607276 -0.7596736709 -0.7532835653 -0.6228642647 0.7084093414 -0.6124987038 -0.6766455929 -0.6834478197 -0.7763589527 0.6219072090 0.5204087766
-0.7674235313 -0.6823118504 -0.5210485467 0.6689593100 -0.7509916272 -0.7455289278 -0.6149769042 0.6994470833 -0.6009851360 -0.6685976318 -0.6732461913 -0.7666787581 0.6097419199 0.5137094489
-0.7596654454 -0.6758900261 -0.5149565058 0.6627749741 -0.7421145263 -0.7375794269 -0.6069247718 0.6903041604 -0.5893111809 -0.6603732095 -0.6628671164 -0.7567831601 0.5974070750 0.5068646695
-0.7517041104 -0.6692793867 -0.5087113530 0.6564039819 -0.7330404033 -0.7294324206 -0.5987054403 0.6809787828 -0.5774771933 -0.6519699543 -0.6523098850 -0.7466715310 0.5849037732 0.4998713161
-0.7435367318 -0.6624763380 -0.5023094540 0.6498425951 -0.7237672935 -0.7210852668 -0.5903164825 0.6714691603 -0.5654835280 -0.6433854942 -0.6415737874 -0.7363432427 0.5722331133 0.4927262666
-0.7351605149 -0.6554772859 -0.4957471742 0.6430870754 -0.7142932321 -0.7125353237 -0.5817554711 0.6617735029 -0.5533305396 -0.6346174575 -0.6306581135 -0.7257976676 0.5593961941 0.4854263985
-0.7265726650 -0.6482786363 -0.4890208790 0.6361336847 -0.7046162543 -0.7037799491 -0.5730199791 0.6518900207 -0.5410185829 -0.6256634723 -0.6195621533 -0.7150341777 0.5463941144 0.4779685896
-0.7177703875 -0.6408767949 -0.4821269340 0.6289786847 -0.6947343954 -0.6948165011 -0.5641075791 0.6418169234 -0.5285480126 -0.6165211668 -0.6082851971 -0.7040521451 0.5332279730 0.4703497177
-0.7087508877 -0.6332681676 -0.4750617046 0.6216183373 -0.6846456906 -0.6856423376 -0.5550158441 0.6315524211 -0.5159191835 -0.6071881692 -0.5968265348 -0.6928509421 0.5198988686 0.4625666603
-0.6995113709 -0.6254491604 -0.4678215564 0.6140489041 -0.6743481752 -0.6762548168 -0.5457423467 0.6210947238 -0.5031324503 -0.5976621075 -0.5851854565 -0.6814299407 0.5064079000 0.4546162953
