-0.1592807376 -0.3402853576 -0.1114470565 0.2175687936 -0.2688091292 0.1512134902 -0.0396586703 0.1635437099 -0.1161092954 0.1687000766 -0.3185423508 -0.0945501004 0.0732451949 0.0967644810
-0.1451627674 -0.3244491984 -0.0985222267 0.2009578176 -0.2533802964 0.1540934867 -0.0258771589 0.1488191442 -0.1025961360 0.1592863241 -0.3032905264 -0.0815621334 0.0609641696 0.0841496415
-0.1308088415 -0.3083215112 -0.0853575939 0.1841395583 -0.2376886800 0.1573220067 -0.0119164555 0.1338715101 -0.0888553855 0.1495135184 -0.2877443725 -0.0683451563 0.0484480193 0.0712952284
-0.1162165708 -0.2918995564 -0.0719503219 0.1671130502 -0.2217318769 0.1609068927 0.0022250138 0.1186988240 -0.0748845959 0.1393757511 -0.2719009153 -0.0548965291 0.0356937765 0.0581983095
-0.1013835663 -0.2751805941 -0.0582975746 0.1498773275 -0.2055074838 0.1648559874 0.0165488225 0.1032991020 -0.0606813195 0.1288671139 -0.2557571811 -0.0412136116 0.0226984738 0.0448559524
-0.0863074389 -0.2581618848 -0.0443965158 0.1324314245 -0.1890130976 0.1691771336 0.0310565443 0.0876703603 -0.0462431085 0.1179816982 -0.2393101965 -0.0272937635 0.0094591436 0.0312652248
-0.0709857996 -0.2408406886 -0.0302443093 0.1147743753 -0.1722463151 0.1738781739 0.0457497529 0.0718106151 -0.0315675149 0.1067135957 -0.2225569877 -0.0131343449 -0.0040271816 0.0174231944
-0.0554162594 -0.2232142658 -0.0158381191 0.0969052144 -0.1552047331 0.1789669510 0.0606300219 0.0557178825 -0.0166520911 0.0950568979 -0.2054945811 0.0012672846 -0.0177634693 0.0033269288
-0.0395964292 -0.2052798767 -0.0011751088 0.0788229760 -0.1378859483 0.1844513075 0.0756989250 0.0393901788 -0.0014943892 0.0830056965 -0.1881200031 0.0159137650 -0.0317526869 -0.0110265043
-0.0235239200 -0.1870347816 0.0137475576 0.0605266943 -0.1202875576 0.1903390862 0.0909580359 0.0228255201 0.0139080386 0.0705540830 -0.1704302799 0.0308077366 -0.0459978021 -0.0256400372
-0.0071963427 -0.1684762407 0.0289327163 0.0420154036 -0.1024071577 0.1966381297 0.1064089282 0.0060219227 0.0295576402 0.0576961490 -0.1524224381 0.0459518394 -0.0605017823 -0.0405166023
0.0093886917 -0.1496015142 0.0443832035 0.0232881383 -0.0842423456 0.2033562806 0.1220531756 -0.0110225973 0.0454568633 0.0444259861 -0.1340935038 0.0613487137 -0.0752675950 -0.0556591318
0.0262335721 -0.1304078625 0.0601018553 0.0043439325 -0.0657907179 0.2105013817 0.1378923518 -0.0283100237 0.0616081559 0.0307376859 -0.1154405036 0.0770009996 -0.0902982077 -0.0710705581
0.0433406878 -0.1108925459 0.0760915078 -0.0148181795 -0.0470498715 0.2180812756 0.1539280303 -0.0458423403 0.0780139656 0.0166253399 -0.0964604637 0.0929113373 -0.1055965879 -0.0867538136
0.0607124276 -0.0910528246 0.0923549974 -0.0341991633 -0.0280174032 0.2261038050 0.1701617850 -0.0636215309 0.0946767403 0.0020830398 -0.0771504106 0.1090823670 -0.1211657031 -0.1027118305
0.0783511807 -0.0708859588 0.1088951600 -0.0537999847 -0.0086909098 0.2345768126 0.1865951893 -0.0816495793 0.1115989279 -0.0128951229 -0.0575073705 0.1255167287 -0.1370085209 -0.1189475411
0.0962593360 -0.0503892088 0.1257148319 -0.0736216095 0.0109320119 0.2435081410 0.2032298171 -0.0999284694 0.1287829761 -0.0283150567 -0.0375283698 0.1422170627 -0.1531280087 -0.1354638779
0.1144392827 -0.0295598350 0.1428168492 -0.0936650033 0.0308537651 0.2529056330 0.2200672419 -0.1184601849 0.1462313328 -0.0441826698 -0.0172104349 0.1591860091 -0.1695271341 -0.1522637731
0.1328934096 -0.0083950975 0.1602040481 -0.1139311319 0.0510767530 0.2627771312 0.2371090375 -0.1372467097 0.1639464458 -0.0605038707 0.0034494078 0.1764262081 -0.1862088645 -0.1693501591
0.1516241060 0.0131077433 0.1778792648 -0.1344209610 0.0716033789 0.2731304782 0.2543567774 -0.1562900275 0.1819307629 -0.0772845679 0.0244541320 0.1939402999 -0.2031761675 -0.1867259681
0.1706337608 0.0349514273 0.1958453354 -0.1551354564 0.0924360458 0.2839735168 0.2718120354 -0.1755921223 0.2001867320 -0.0945306697 0.0458067113 0.2117309245 -0.2204320105 -0.2043941325
0.1899247630 0.0571386940 0.2141050960 -0.1760755837 0.1135771570 0.2953140896 0.2894763851 -0.1951549777 0.2187168007 -0.1122480847 0.0675101194 0.2298007223 -0.2379793611 -0.2223575847
0.2094995017 0.0796722833 0.2326613829 -0.1972423087 0.1350291157 0.3071600394 0.3073514002 -0.2149805776 0.2375234171 -0.1304427211 0.0895673299 0.2481523332 -0.2558211868 -0.2406192569
0.2293603659 0.1025549349 0.2515170321 -0.2186365971 0.1567943250 0.3195192087 0.3254386544 -0.2350709058 0.2566090288 -0.1491204874 0.1119813165 0.2667883976 -0.2739604551 -0.2591820815
0.2495097447 0.1257893885 0.2706748800 -0.2402594147 0.1788751883 0.3323994402 0.3437397212 -0.2554279462 0.2759760837 -0.1682872921 0.1347550527 0.2857115555 -0.2924001334 -0.2780489909
0.2699500271 0.1493783838 0.2901377625 -0.2621117272 0.2012741086 0.3458085767 0.3622561744 -0.2760536825 0.2956270297 -0.1879490435 0.1578915123 0.3049244471 -0.3111431893 -0.2972229172
0.2906836022 0.1733246607 0.3099085159 -0.2841945003 0.2239934893 0.3597544608 0.3809895876 -0.2969500985 0.3155643145 -0.2081116500 0.1813936688 0.3244297127 -0.3301925904 -0.3167067930
0.3117128588 0.1976309587 0.3299899764 -0.3065086996 0.2470357334 0.3742449351 0.3999415345 -0.3181191781 0.3357903859 -0.2287810202 0.2052644960 0.3442299922 -0.3495513040 -0.3365035504
0.3330401862 0.2223000177 0.3503849800 -0.3290552911 0.2704032441 0.3892878424 0.4191135888 -0.3395629051 0.3563076919 -0.2499630623 0.2295069674 0.3643279260 -0.3692222977 -0.3566161218
0.3546679734 0.2473345773 0.3710963630 -0.3518352403 0.2940984248 0.4048910253 0.4385073241 -0.3612832632 0.3771186801 -0.2716636848 0.2541240567 0.3847261541 -0.3892085390 -0.3770474396
