-0.6538955124 -0.5733426255 -0.6831831114 0.7916686192 -0.5869357303 -0.8612259844 -0.8347341918 0.7042782949 -0.8500676074 -0.8417324984 -0.9240999207 -0.7064914419 0.7630142112 0.6366168188
-0.6531312149 -0.5735392599 -0.6799994521 0.7872798730 -0.5877260994 -0.8606218892 -0.8330247853 0.7019102625 -0.8490240774 -0.8410353911 -0.9227493938 -0.7058096113 0.7622849041 0.6315739163
-0.6523756872 -0.5737825573 -0.6767843857 0.7828098225 -0.5885663773 -0.8599626195 -0.8312545391 0.6995145110 -0.8479233199 -0.8402881273 -0.9213141617 -0.7051208624 0.7615300836 0.6264907153
-0.6516239319 -0.5740664790 -0.6735347332 0.7782566292 -0.5894501754 -0.8592440259 -0.8294199502 0.6970873920 -0.8467614397 -0.8394865321 -0.9197908853 -0.7044203839 0.7607452331 0.6213651148
-0.6508709517 -0.5743849863 -0.6702473158 0.7736184546 -0.5903711049 -0.8584619591 -0.8275175156 0.6946252567 -0.8455345413 -0.8386264307 -0.9181762253 -0.7037033645 0.7599258357 0.6161950138
-0.6501117492 -0.5747320405 -0.6669189547 0.7688934603 -0.5913227768 -0.8576122698 -0.8255437323 0.6921244566 -0.8442387296 -0.8377036482 -0.9164668428 -0.7029649928 0.7590673747 0.6109783115
-0.6493413268 -0.5751016030 -0.6635464711 0.7640798079 -0.5922988024 -0.8566908086 -0.8234950972 0.6895813431 -0.8428701092 -0.8367140098 -0.9146593986 -0.7022004574 0.7581653333 0.6057129068
-0.6485546873 -0.5754876351 -0.6601266862 0.7591756589 -0.5932927930 -0.8556934262 -0.8213681074 0.6869922675 -0.8414247849 -0.8356533407 -0.9127505536 -0.7014049469 0.7572151948 0.6003966988
-0.6477468331 -0.5758840981 -0.6566564210 0.7541791748 -0.5942983597 -0.8546159732 -0.8191592597 0.6843535814 -0.8398988613 -0.8345174658 -0.9107369687 -0.7005736500 0.7562124424 0.5950275866
-0.6469127670 -0.5762849533 -0.6531324968 0.7490885173 -0.5953091137 -0.8534543003 -0.8168650511 0.6816616361 -0.8382884433 -0.8333022105 -0.9086153048 -0.6997017554 0.7551525594 0.5896034692
-0.6460474914 -0.5766841620 -0.6495517347 0.7439018478 -0.5963186662 -0.8522042581 -0.8144819787 0.6789127829 -0.8365896354 -0.8320033999 -0.9063822228 -0.6987844516 0.7540310291 0.5841222456
-0.6451460091 -0.5770756857 -0.6459109559 0.7386173279 -0.5973206285 -0.8508616974 -0.8120065393 0.6761033734 -0.8347985424 -0.8306168590 -0.9040343836 -0.6978169273 0.7528433345 0.5785818150
-0.6442033224 -0.5774534855 -0.6422069816 0.7332331192 -0.5983086116 -0.8494224687 -0.8094352299 0.6732297588 -0.8329112691 -0.8291384132 -0.9015684480 -0.6967943711 0.7515849591 0.5729800762
-0.6432144342 -0.5778115228 -0.6384366329 0.7277473833 -0.5992762269 -0.8478824228 -0.8067645476 0.6702882907 -0.8309239201 -0.8275638874 -0.8989810770 -0.6957119716 0.7502513860 0.5673149285
-0.6421743469 -0.5781437590 -0.6345967310 0.7221582816 -0.6002170854 -0.8462374102 -0.8039909893 0.6672753203 -0.8288326001 -0.8258891069 -0.8962689314 -0.6945649175 0.7488380986 0.5615842707
-0.6410780631 -0.5784441554 -0.6306840971 0.7164639757 -0.6011247985 -0.8444832817 -0.8011110519 0.6641871991 -0.8266334139 -0.8241098967 -0.8934286722 -0.6933483975 0.7473405799 0.5557860021
-0.6399205855 -0.5787066732 -0.6266955523 0.7106626272 -0.6019929772 -0.8426158879 -0.7981212324 0.6610202786 -0.8243224661 -0.8222220822 -0.8904569602 -0.6920576001 0.7457543133 0.5499180216
-0.6386969165 -0.5789252738 -0.6226279178 0.7047523977 -0.6028152329 -0.8406310794 -0.7950180279 0.6577709100 -0.8218958616 -0.8202214883 -0.8873504563 -0.6906877140 0.7440747821 0.5439782283
-0.6374020589 -0.5790939186 -0.6184780148 0.6987314486 -0.6035851766 -0.8385247070 -0.7917979351 0.6544354449 -0.8193497049 -0.8181039403 -0.8841058215 -0.6892339278 0.7422974694 0.5379645212
-0.6360310152 -0.5792065689 -0.6142426644 0.6925979415 -0.6042964197 -0.8362926212 -0.7884574512 0.6510102345 -0.8166801008 -0.8158652632 -0.8807197166 -0.6876914301 0.7404178586 0.5318747993
-0.6345787880 -0.5792571859 -0.6099186877 0.6863500381 -0.6049425732 -0.8339306728 -0.7849930731 0.6474916303 -0.8138831541 -0.8135012823 -0.8771888024 -0.6860554097 0.7384314328 0.5257069618
-0.6330403799 -0.5792397310 -0.6055029061 0.6799858997 -0.6055172484 -0.8314347124 -0.7814012977 0.6438759838 -0.8109549693 -0.8110078227 -0.8735097400 -0.6843210550 0.7363336753 0.5194589076
-0.6314107934 -0.5791481655 -0.6009921405 0.6735036881 -0.6060140565 -0.8288005906 -0.7776786221 0.6401596463 -0.8078916513 -0.8083807095 -0.8696791902 -0.6824835548 0.7341200693 0.5131285359
-0.6296850313 -0.5789764508 -0.5963832123 0.6669015647 -0.6064266087 -0.8260241581 -0.7738215432 0.6363389691 -0.8046893048 -0.8056157679 -0.8656938138 -0.6805380977 0.7317860982 0.5067137456
-0.6278580959 -0.5787185482 -0.5916729425 0.6601776911 -0.6067485162 -0.8231012657 -0.7698265579 0.6324103038 -0.8013440344 -0.8027088231 -0.8615502718 -0.6784798724 0.7293272451 0.5002124358
-0.6259249901 -0.5783684189 -0.5868581524 0.6533302288 -0.6069733902 -0.8200277638 -0.7656901633 0.6283700017 -0.7978519449 -0.7996557001 -0.8572452251 -0.6763040673 0.7267389932 0.4936225056
-0.6238807162 -0.5779200244 -0.5819356630 0.6463573394 -0.6070948418 -0.8167995032 -0.7614088563 0.6242144142 -0.7942091410 -0.7964522241 -0.8527753345 -0.6740058713 0.7240168259 0.4869418540
-0.6217202770 -0.5773673259 -0.5769022956 0.6392571845 -0.6071064824 -0.8134123346 -0.7569791338 0.6199398927 -0.7904117274 -0.7930942203 -0.8481372609 -0.6715804729 0.7211562263 0.4801683800
-0.6194386750 -0.5767042847 -0.5717548713 0.6320279256 -0.6070019230 -0.8098621085 -0.7523974929 0.6155427886 -0.7864558088 -0.7895775139 -0.8433276653 -0.6690230607 0.7181526778 0.4732999827
-0.6170309112 -0.5759248620 -0.5664902111 0.6246677253 -0.6067746959 -0.8061446755 -0.7476604302 0.6110194543 -0.7823374026 -0.7858979295 -0.8383432082 -0.6663288231 0.7150016638 0.4663345615
