-0.4243650458 -0.6303566932 -0.3490556791 0.5446322622 -0.5566713791 0.1631278774 -0.3107958298 0.4452046443 -0.3697267729 0.2997070707 -0.5949387125 -0.3361389564 0.2976395511 0.3275278452
-0.4150146840 -0.6204695106 -0.3408635382 0.5325222583 -0.5466232854 0.1601564139 -0.3007014063 0.4350631169 -0.3607726131 0.2969208179 -0.5856357444 -0.3276895346 0.2899473683 0.3196138748
-0.4054833143 -0.6103538138 -0.3324968261 0.5202271829 -0.5363676817 0.1573530922 -0.2904639850 0.4247441489 -0.3516471620 0.2939114055 -0.5761068404 -0.3190718265 0.2820883132 0.3115277745
-0.3957685476 -0.6000068632 -0.3239527065 0.5077460703 -0.5259021648 0.1547257552 -0.2800819921 0.4142457565 -0.3423479717 0.2906729251 -0.5663490269 -0.3102831919 0.2740594183 0.3032666118
-0.3858679949 -0.5894259190 -0.3152283432 0.4950779549 -0.5152243314 0.1522822453 -0.2695538541 0.4035659559 -0.3328725944 0.2871994683 -0.5563593302 -0.3013209908 0.2658577160 0.2948274544
-0.3757792672 -0.5786082415 -0.3063209002 0.4822218708 -0.5043317785 0.1500304054 -0.2588779971 0.3927027632 -0.3232185823 0.2834851267 -0.5461347767 -0.2921825829 0.2574802389 0.2862073700
-0.3654999755 -0.5675510909 -0.2972275412 0.4691768523 -0.4932221028 0.1479780781 -0.2480528476 0.3816541947 -0.3133834875 0.2795239918 -0.5356723927 -0.2828653280 0.2489240194 0.2774034263
-0.3550277306 -0.5562517276 -0.2879454301 0.4559419338 -0.4818929011 0.1461331060 -0.2370768320 0.3704182665 -0.3033648622 0.2753101553 -0.5249692047 -0.2733665861 0.2401860900 0.2684126909
-0.3443601437 -0.5447074118 -0.2784717307 0.4425161495 -0.4703417702 0.1445033318 -0.2259483765 0.3589929948 -0.2931602587 0.2708377087 -0.5140222390 -0.2636837170 0.2312634833 0.2592322316
-0.3334948255 -0.5329154038 -0.2688036068 0.4288985336 -0.4585663069 0.1430965983 -0.2146659074 0.3473763958 -0.2827672291 0.2661007435 -0.5028285219 -0.2538140804 0.2221532317 0.2498591159
-0.3224293871 -0.5208729638 -0.2589382223 0.4150881205 -0.4465641080 0.1419207480 -0.2032278512 0.3355664857 -0.2721833255 0.2610933515 -0.4913850798 -0.2437550363 0.2128523678 0.2402904116
-0.3111614395 -0.5085773521 -0.2488727411 0.4010839444 -0.4343327703 0.1409836237 -0.1916326341 0.3235612807 -0.2614061002 0.2558096242 -0.4796889390 -0.2335039444 0.2033579239 0.2305231863
-0.2996885936 -0.4960258290 -0.2386043270 0.3868850396 -0.4218698907 0.1402930680 -0.1798786826 0.3113587970 -0.2504331054 0.2502436531 -0.4677371260 -0.2230581647 0.1936669327 0.2205545078
-0.2880084604 -0.4832156547 -0.2281301438 0.3724904403 -0.4091730658 0.1398569237 -0.1679644228 0.2989570507 -0.2392618932 0.2443895298 -0.4555266670 -0.2124150569 0.1837764266 0.2103814436
-0.2761186508 -0.4701440895 -0.2174473553 0.3578991809 -0.3962398926 0.1396830333 -0.1558882813 0.2863540581 -0.2278900158 0.2382413460 -0.4430545885 -0.2015719809 0.1736834380 0.2000010614
-0.2640167758 -0.4568083938 -0.2065531254 0.3431102955 -0.3830679678 0.1397792395 -0.1436486842 0.2735478353 -0.2163150254 0.2317931931 -0.4303179168 -0.1905262965 0.1633849996 0.1894104290
-0.2517004464 -0.4432058276 -0.1954446180 0.3281228186 -0.3696548883 0.1401533851 -0.1312440580 0.2605363986 -0.2045344741 0.2250391629 -0.4173136782 -0.1792753636 0.1528781438 0.1786066140
-0.2391672736 -0.4293336514 -0.1841189968 0.3129357843 -0.3559982507 0.1408133127 -0.1186728289 0.2473177640 -0.1925459142 0.2179733468 -0.4040388992 -0.1678165420 0.1421599030 0.1675866841
-0.2264148682 -0.4151891254 -0.1725734257 0.2975482270 -0.3420956520 0.1417668650 -0.1059334234 0.2338899479 -0.1803468978 0.2105898365 -0.3904906060 -0.1561471915 0.1312273098 0.1563477070
-0.2134408413 -0.4007695099 -0.1608050686 0.2819591808 -0.3279446890 0.1430218846 -0.0930242677 0.2202509663 -0.1679349772 0.2028827235 -0.3766658250 -0.1442646720 0.1200773967 0.1448867502
-0.2002428038 -0.3860720650 -0.1488110893 0.2661676801 -0.3135429584 0.1445862143 -0.0799437882 0.2063988356 -0.1553077044 0.1948460995 -0.3625615827 -0.1321663433 0.1087071962 0.1332008816
-0.1868183667 -0.3710940512 -0.1365886516 0.2501727592 -0.2988880570 0.1464676967 -0.0666904113 0.1923315718 -0.1424626318 0.1864740559 -0.3481749053 -0.1198495652 0.0971137407 0.1212871687
-0.1731651410 -0.3558327286 -0.1241349194 0.2339734522 -0.2839775817 0.1486741744 -0.0532625632 0.1780471912 -0.1293973113 0.1777606844 -0.3335028192 -0.1073116977 0.0852940628 0.1091426793
-0.1592807376 -0.3402853576 -0.1114470565 0.2175687936 -0.2688091292 0.1512134902 -0.0396586703 0.1635437099 -0.1161092954 0.1687000766 -0.3185423508 -0.0945501004 0.0732451949 0.0967644810
-0.1451627674 -0.3244491984 -0.0985222267 0.2009578176 -0.2533802964 0.1540934867 -0.0258771589 0.1488191442 -0.1025961360 0.1592863241 -0.3032905264 -0.0815621334 0.0609641696 0.0841496415
-0.1308088415 -0.3083215112 -0.0853575939 0.1841395583 -0.2376886800 0.1573220067 -0.0119164555 0.1338715101 -0.0888553855 0.1495135184 -0.2877443725 -0.0683451563 0.0484480193 0.0712952284
-0.1162165708 -0.2918995564 -0.0719503219 0.1671130502 -0.2217318769 0.1609068927 0.0022250138 0.1186988240 -0.0748845959 0.1393757511 -0.2719009153 -0.0548965291 0.0356937765 0.0581983095
-0.1013835663 -0.2751805941 -0.0582975746 0.1498773275 -0.2055074838 0.1648559874 0.0165488225 0.1032991020 -0.0606813195 0.1288671139 -0.2557571811 -0.0412136116 0.0226984738 0.0448559524
-0.0863074389 -0.2581618848 -0.0443965158 0.1324314245 -0.1890130976 0.1691771336 0.0310565443 0.0876703603 -0.0462431085 0.1179816982 -0.2393101965 -0.0272937635 0.0094591436 0.0312652248
-0.0709857996 -0.2408406886 -0.0302443093 0.1147743753 -0.1722463151 0.1738781739 0.0457497529 0.0718106151 -0.0315675149 0.1067135957 -0.2225569877 -0.0131343449 -0.0040271816 0.0174231944
