-0.4975112664 -0.4161702100 -0.5252356069 0.4010429683 -0.5054626018 0.3741985091 -0.4208191806 0.4665515968 -0.3829288135 0.8970242324 -0.3957770448 -0.2373780327 0.3258283285 0.4299930885
-0.4839257237 -0.4019559370 -0.5133307209 0.3909954787 -0.4935003201 0.3969997580 -0.4087410001 0.4539827110 -0.3729831375 0.8884966629 -0.3852062230 -0.2253318833 0.3164777671 0.4215058910
-0.4701347067 -0.3875687955 -0.5011943710 0.3807307348 -0.4813135483 0.4195839214 -0.3964664509 0.4412096453 -0.3628245359 0.8795721161 -0.3744267827 -0.2131465316 0.3069242674 0.4127715316
-0.4561372967 -0.3730087180 -0.4888241293 0.3702455754 -0.4688999854 0.4419379313 -0.3839936857 0.4282306893 -0.3524498572 0.8702443556 -0.3634359472 -0.2008209186 0.2971645191 0.4037856444
-0.4419325745 -0.3582756370 -0.4762175676 0.3595368390 -0.4562573303 0.4640487197 -0.3713208574 0.4150441324 -0.3418559498 0.8605071447 -0.3522309395 -0.1883539851 0.2871952123 0.3945438634
-0.4275196213 -0.3433694852 -0.4633722581 0.3486013645 -0.4433832819 0.4859032185 -0.3584461187 0.4016482640 -0.3310396622 0.8503542466 -0.3408089828 -0.1757446721 0.2770130369 0.3850418227
-0.4128975181 -0.3282901949 -0.4502857727 0.3374359904 -0.4302755393 0.5074883597 -0.3453676225 0.3880413736 -0.3199978428 0.8397794248 -0.3291673002 -0.1629919206 0.2666146828 0.3752751562
-0.3980653459 -0.3130376988 -0.4369556835 0.3260375555 -0.4169318014 0.5287910753 -0.3320835214 0.3742217507 -0.3087273401 0.8287764426 -0.3173031148 -0.1500946713 0.2559968400 0.3652394980
-0.3830221859 -0.2976119293 -0.4233795624 0.3144028986 -0.4033497671 0.5497982974 -0.3185919684 0.3601876847 -0.2972250024 0.8173390633 -0.3052136497 -0.1370518653 0.2451561984 0.3549304822
-0.3677671190 -0.2820128190 -0.4095549815 0.3025288582 -0.3895271353 0.5704969578 -0.3048911162 0.3459374651 -0.2854876783 0.8054610503 -0.2928961282 -0.1238624435 0.2340894480 0.3443437426
-0.3522992264 -0.2662403003 -0.3954795127 0.2904122732 -0.3754616052 0.5908739886 -0.2909791176 0.3314693813 -0.2735122162 0.7931361669 -0.2803477732 -0.1105253468 0.2227932786 0.3334749135
-0.3366175890 -0.2502943059 -0.3811507282 0.2780499821 -0.3611508755 0.6109163217 -0.2768541255 0.3167817227 -0.2612954645 0.7803581764 -0.2675658079 -0.0970395160 0.2112643803 0.3223196288
-0.3207212880 -0.2341747682 -0.3665661998 0.2654388238 -0.3465926452 0.6306108892 -0.2625142925 0.3018727789 -0.2488342716 0.7671208423 -0.2545474555 -0.0834038922 0.1994994429 0.3108735225
-0.3046094043 -0.2178816198 -0.3517234996 0.2525756368 -0.3317846133 0.6499446231 -0.2479577715 0.2867408392 -0.2361254860 0.7534179278 -0.2412899391 -0.0696174162 0.1874951565 0.2991322286
-0.2882810191 -0.2014147932 -0.3366201996 0.2394572600 -0.3167244788 0.6689044552 -0.2331827153 0.2713841932 -0.2231659562 0.7392431963 -0.2277904818 -0.0556790290 0.1752482109 0.2870913812
-0.2717352134 -0.1847742208 -0.3212538718 0.2260805319 -0.3014099406 0.6874773177 -0.2181872767 0.2558011302 -0.2099525306 0.7245904111 -0.2140463068 -0.0415876714 0.1627552960 0.2747466143
-0.2549710683 -0.1679598353 -0.3056220882 0.2124422914 -0.2858386977 0.7056501424 -0.2029696085 0.2399899398 -0.1964820576 0.7094533356 -0.2000546371 -0.0273422845 0.1500131019 0.2620935619
-0.2379876648 -0.1509715692 -0.2897224209 0.1985393770 -0.2700084489 0.7234098614 -0.1875278634 0.2239489113 -0.1827513857 0.6938257331 -0.1858126958 -0.0129418091 0.1370183185 0.2491278581
-0.2207840839 -0.1338093549 -0.2735524418 0.1843686276 -0.2539168933 0.7407434067 -0.1718601944 0.2076763343 -0.1687573633 0.6777013670 -0.1713177062 0.0016148139 0.1237676356 0.2358451369
-0.2033594068 -0.1164731250 -0.2571097229 0.1699268817 -0.2375617298 0.7576377102 -0.1559647540 0.1911704982 -0.1544968389 0.6610740006 -0.1565668914 0.0163286436 0.1102577433 0.2222410322
-0.1857127144 -0.0989628121 -0.2403918363 0.1552109782 -0.2209406574 0.7740797039 -0.1398396953 0.1744296925 -0.1399666608 0.6439373972 -0.1415574744 0.0312007389 0.0964853315 0.2083111782
-0.1678430879 -0.0812783486 -0.2233963539 0.1402177556 -0.2040513750 0.7900563199 -0.1234831708 0.1574522065 -0.1251636777 0.6262853202 -0.1262866784 0.0462321591 0.0824470901 0.1940512089
-0.1497496082 -0.0634196671 -0.2061208478 0.1249440528 -0.1868915816 0.8055544901 -0.1068933336 0.1402363298 -0.1100847378 0.6081115330 -0.1107517265 0.0614239632 0.0681397090 0.1794567582
-0.1314313565 -0.0453867000 -0.1885628900 0.1093867083 -0.1694589760 0.8205611465 -0.0900683362 0.1227803517 -0.0947266896 0.5894097988 -0.0949498419 0.0767772102 0.0535598782 0.1645234603
-0.1128874138 -0.0271793800 -0.1707200524 0.0935425610 -0.1517512574 0.8350632210 -0.0730063316 0.1050825619 -0.0790863816 0.5701738810 -0.0788782476 0.0922929593 0.0387042877 0.1492469490
-0.0941168612 -0.0087976395 -0.1525899072 0.0774084494 -0.1337661246 0.8490476457 -0.0557054726 0.0871412496 -0.0631606622 0.5503975430 -0.0625341668 0.1079722695 0.0235696273 0.1336228586
-0.0751187796 0.0097585890 -0.1341700262 0.0609812124 -0.1155012766 0.8625013526 -0.0381639118 0.0689547044 -0.0469463799 0.5300745482 -0.0459148227 0.1238161999 0.0081525871 0.1176468229
-0.0558922502 0.0284893728 -0.1154579816 0.0442576885 -0.0969544123 0.8754112736 -0.0203798022 0.0505212157 -0.0304403830 0.5091986597 -0.0290174383 0.1398258097 -0.0075501431 0.1013144760
-0.0364363540 0.0473947795 -0.0964513452 0.0272347165 -0.0781232307 0.8877643407 -0.0023512965 0.0318390730 -0.0136395201 0.4877636411 -0.0118392368 0.1560021577 -0.0235418733 0.0846214520
-0.0167501721 0.0664748767 -0.0771476892 0.0099091352 -0.0590054307 0.8995474859 0.0159234525 0.0129065657 0.0034593604 0.4657632556 0.0056225587 0.1723463033 -0.0398259136 0.0675633848
