0.0141808095 0.0331660578 0.0397673989 0.0665411633 -0.0930995109 0.0284292673 0.0704102918 -0.0803687090 -0.1964578531 0.0197897029 0.0635403275 0.0282289937 -0.0486039348 -0.0235873745
0.0356700485 0.0537993480 0.0607132867 0.0433690144 -0.0715042144 0.0497874500 0.0911688529 -0.1016534180 -0.1713452938 0.0413551503 0.0848698541 0.0500100695 -0.0700193244 -0.0451140511
0.0575195472 0.0748072983 0.0820089900 0.0198021249 -0.0493986074 0.0714916857 0.1122420519 -0.1232126192 -0.1457449232 0.0632690132 0.1064960285 0.0721168003 -0.0917487748 -0.0669855444
0.0797322609 0.0961932312 0.1036574097 -0.0041626596 -0.0267775517 0.0935447449 0.1336323075 -0.1450480458 -0.1196525748 0.0855340589 0.1284209010 0.0945515801 -0.1137945766 -0.0892045760
0.1023111446 0.1179604693 0.1256614466 -0.0285284933 -0.0036359092 0.1159493979 0.1553420386 -0.1671614309 -0.0930640820 0.1081530548 0.1506465224 0.1173168029 -0.1361590202 -0.1117738676
0.1252591536 0.1401123350 0.1480240018 -0.0532985306 0.0200314584 0.1387084154 0.1773736637 -0.1895545077 -0.0659752780 0.1311287683 0.1731749430 0.1404148626 -0.1588443961 -0.1346961408
0.1485792428 0.1626521509 0.1707479760 -0.0784759260 0.0442296892 0.1618245678 0.1997296017 -0.2122290094 -0.0383819963 0.1544639666 0.1960082136 0.1638481533 -0.1818529948 -0.1579741171
0.1722743674 0.1855832396 0.1938362701 -0.1040638337 0.0689639213 0.1853006255 0.2224122712 -0.2351866692 -0.0102800702 0.1781614173 0.2191483846 0.1876190689 -0.2051871068 -0.1816105183
0.1963474825 0.2089089237 0.2172917850 -0.1300654082 0.0942392931 0.2091393591 0.2454240909 -0.2584292202 0.0183346668 0.2022238877 0.2425975065 0.2117300034 -0.2288490225 -0.2056080659
0.2208015433 0.2326325256 0.2411174217 -0.1564838038 0.1200609426 0.2333435391 0.2687674795 -0.2819583957 0.0474663815 0.2266541451 0.2663576301 0.2361833509 -0.2528410325 -0.2299694816
0.2456395048 0.2567573679 0.2653160810 -0.1833221749 0.1464340080 0.2579159359 0.2924448559 -0.3057759287 0.0771192405 0.2514549570 0.2904308057 0.2609815051 -0.2771654273 -0.2546974869
0.2708643223 0.2812867731 0.2898906637 -0.2105836758 0.1733636275 0.2828593200 0.3164586386 -0.3298835525 0.1072974104 0.2766290906 0.3148190840 0.2861268603 -0.3018244972 -0.2797948035
0.2964789506 0.3062240639 0.3148440708 -0.2382714609 0.2008549394 0.3081764619 0.3408112464 -0.3542830002 0.1380050577 0.3021793134 0.3395245155 0.3116218103 -0.3268205328 -0.3052641531
0.3224863451 0.3315725627 0.3401792032 -0.2663886846 0.2289130817 0.3338701321 0.3655050980 -0.3789760050 0.1692463493 0.3281083927 0.3645491508 0.3374687491 -0.3521558247 -0.3311082571
0.3488894608 0.3573355920 0.3658989617 -0.2949385012 0.2575431927 0.3599431011 0.3905426122 -0.4039643001 0.2010254516 0.3544190959 0.3898950403 0.3636700707 -0.3778326632 -0.3573298373
0.3756912528 0.3835164745 0.3920062473 -0.3239240652 0.2867504105 0.3863981394 0.4159262076 -0.4292496186 0.2333465314 0.3811141904 0.4155642348 0.3902281692 -0.4038533388 -0.3839316153
0.4028946763 0.4101185327 0.4185039607 -0.3533485308 0.3165398733 0.4132380174 0.4416583030 -0.4548336938 0.2662137552 0.4081964435 0.4415587847 0.4171454384 -0.4302201421 -0.4109163127
0.4305026864 0.4371450891 0.4453950030 -0.3832150524 0.3469167193 0.4404655057 0.4677413171 -0.4807182587 0.2996312898 0.4356686227 0.4678807405 0.4444242723 -0.4569353635 -0.4382866511
0.4585182381 0.4645994662 0.4726822749 -0.4135267844 0.3778860867 0.4680833747 0.4941776685 -0.5069050466 0.3336033016 0.4635334952 0.4945321529 0.4720670651 -0.4840012935 -0.4660453520
0.4869442866 0.4924849867 0.5003686775 -0.4442868812 0.4094531137 0.4960943949 0.5209697761 -0.5333957907 0.3681339574 0.4917938286 0.5215150724 0.5000762105 -0.5114202226 -0.4941951373
0.5157837870 0.5208049730 0.5284571115 -0.4754984971 0.4416229384 0.5245013368 0.5481200585 -0.5601922241 0.4032274238 0.5204523900 0.5488315495 0.5284541027 -0.5391944413 -0.5227387284
0.5450396944 0.5495627477 0.5569504778 -0.5071647865 0.4744006990 0.5533069709 0.5756309344 -0.5872960799 0.4388878674 0.5495119469 0.5764836348 0.5572031355 -0.5673262401 -0.5516788470
0.5747149639 0.5787616333 0.5858516774 -0.5392889038 0.5077915337 0.5825140677 0.6035048226 -0.6147090915 0.4751194548 0.5789752668 0.6044733789 0.5863257031 -0.5958179093 -0.5810182147
0.6048125507 0.6084049524 0.6151636111 -0.5718740033 0.5418005807 0.6121253976 0.6317441418 -0.6424329918 0.5119263528 0.6088451168 0.6328028323 0.6158241993 -0.6246717397 -0.6107595531
0.6353354099 0.6384960276 0.6448891798 -0.6049232394 0.5764329781 0.6421437312 0.6603513106 -0.6704695142 0.5493127278 0.6391242645 0.6614740455 0.6457010182 -0.6538900215 -0.6409055839
0.6662864966 0.6690381813 0.6750312845 -0.6384397665 0.6116938642 0.6725718389 0.6893287479 -0.6988203917 0.5872827466 0.6698154772 0.6904890691 0.6759585537 -0.6834750453 -0.6714590286
0.6976687658 0.7000347362 0.7055928259 -0.6724267388 0.6475883771 0.7034124912 0.7186788722 -0.7274873576 0.6258405758 0.7009215222 0.7198499537 0.7065991998 -0.7134291016 -0.7024226089
0.7294851728 0.7314890147 0.7365767049 -0.7068873109 0.6841216550 0.7346684586 0.7484041024 -0.7564721450 0.6649903820 0.7324451670 0.7495587499 0.7376253505 -0.7437544809 -0.7337990464
0.7617386726 0.7634043394 0.7679858226 -0.7418246370 0.7212988361 0.7663425116 0.7785068572 -0.7857764871 0.7047363319 0.7643891788 0.7796175081 0.7690393998 -0.7744534736 -0.7655910627
0.7944322203 0.7957840329 0.7998230796 -0.7772418715 0.7591250586 0.7984374207 0.8089895552 -0.8154021171 0.7450825920 0.7967563252 0.8100282789 0.8008437417 -0.8055283703 -0.7978013795
