-0.9934246918 -0.9302648269 -0.9615437642 0.9754912688 -0.9604200730 -0.9648422924 -0.9620437646 0.9578390119 -0.9334377059 -0.9595611143 -0.9784755671 -0.9632482949 0.9751028474 0.9754936544
-0.9929814531 -0.9245625639 -0.9585339405 0.9735357421 -0.9573736666 -0.9622304832 -0.9590285221 0.9545558585 -0.9281343573 -0.9564806163 -0.9768355222 -0.9603345234 0.9731710748 0.9735452282
-0.9925594573 -0.9189602176 -0.9555989551 0.9716207898 -0.9544124890 -0.9597088684 -0.9560800710 0.9513577041 -0.9229482307 -0.9534923231 -0.9752429051 -0.9574862283 0.9712892117 0.9716384623
-0.9921576634 -0.9134563343 -0.9527373784 0.9697452929 -0.9515349868 -0.9572757872 -0.9531970814 0.9482430227 -0.9178776171 -0.9505945988 -0.9736964790 -0.9547020852 0.9694560215 0.9697722238
-0.9917750308 -0.9080494600 -0.9499477810 0.9679081324 -0.9487396061 -0.9549295788 -0.9503782235 0.9452102886 -0.9129208073 -0.9477858073 -0.9721950071 -0.9519807698 0.9676702679 0.9679453794
-0.9914105188 -0.9027381411 -0.9472287331 0.9661081893 -0.9460247935 -0.9526685825 -0.9476221673 0.9422579759 -0.9080760924 -0.9450643128 -0.9707372526 -0.9493209576 0.9659307142 0.9661567961
-0.9910630865 -0.8975209238 -0.9445788054 0.9643443447 -0.9433889951 -0.9504911375 -0.9449275831 0.9393845590 -0.9033417630 -0.9424284792 -0.9693219789 -0.9467213243 0.9642361241 0.9644053408
-0.9907316932 -0.8923963543 -0.9419965682 0.9626154795 -0.9408306574 -0.9483955831 -0.9422931410 0.9365885119 -0.8987161103 -0.9398766705 -0.9679479492 -0.9441805455 0.9625852611 0.9626898804
-0.9904152981 -0.8873629788 -0.9394805921 0.9609204748 -0.9383482267 -0.9463802584 -0.9397175110 0.9338683090 -0.8941974250 -0.9374072509 -0.9666139267 -0.9416972967 0.9609768887 0.9610092818
-0.9901128605 -0.8824193435 -0.9370294474 0.9592582117 -0.9359401494 -0.9444435028 -0.9371993634 0.9312224243 -0.8897839981 -0.9350185842 -0.9653186747 -0.9392702536 0.9594097705 0.9593624117
-0.9898233396 -0.8775639948 -0.9346417046 0.9576275710 -0.9336048717 -0.9425836554 -0.9347373684 0.9286493322 -0.8854741205 -0.9327090346 -0.9640609564 -0.9368980918 0.9578826699 0.9577481373
-0.9895456946 -0.8727954787 -0.9323159342 0.9560274339 -0.9313408400 -0.9407990555 -0.9323301959 0.9261475068 -0.8812660830 -0.9304769661 -0.9628395351 -0.9345794870 0.9563943505 0.9561653252
-0.9892788848 -0.8681123416 -0.9300507067 0.9544566814 -0.9291465007 -0.9390880423 -0.9299765163 0.9237154223 -0.8771581766 -0.9283207426 -0.9616531740 -0.9323131147 0.9549435758 0.9546128425
-0.9890218694 -0.8635131297 -0.9278445924 0.9529141944 -0.9270203001 -0.9374489551 -0.9276749996 0.9213515530 -0.8731486921 -0.9262387282 -0.9605006365 -0.9300976505 0.9535291093 0.9530895560
-0.9887736077 -0.8589963891 -0.9256961619 0.9513988541 -0.9249606846 -0.9358801331 -0.9254243159 0.9190543730 -0.8692359206 -0.9242292870 -0.9593806856 -0.9279317700 0.9521497146 0.9515943327
-0.9885330589 -0.8545606661 -0.9236039857 0.9499095413 -0.9229661005 -0.9343799155 -0.9232231355 0.9168223565 -0.8654181527 -0.9222907830 -0.9582920848 -0.9258141489 0.9508041552 0.9501260393
-0.9882991822 -0.8502045069 -0.9215666340 0.9484451372 -0.9210349941 -0.9329466416 -0.9210701284 0.9146539778 -0.8616936796 -0.9204215801 -0.9572335972 -0.9237434628 0.9494911947 0.9486835428
-0.9880709368 -0.8459264579 -0.9195826776 0.9470045228 -0.9191658118 -0.9315786506 -0.9189639649 0.9125477111 -0.8580607920 -0.9186200425 -0.9562039861 -0.9217183873 0.9482095964 0.9472657100
-0.9878472821 -0.8417250650 -0.9176506867 0.9455865790 -0.9173569999 -0.9302742818 -0.9169033150 0.9105020306 -0.8545177809 -0.9168845340 -0.9552020148 -0.9197375980 0.9469581241 0.9458714080
-0.9876271772 -0.8375988747 -0.9157692318 0.9441901869 -0.9156070048 -0.9290318743 -0.9148868489 0.9085154104 -0.8510629372 -0.9152134189 -0.9542264465 -0.9177997705 0.9457355412 0.9444995035
-0.9874095814 -0.8335464332 -0.9139368834 0.9428142275 -0.9139142728 -0.9278497675 -0.9129132367 0.9065863248 -0.8476945517 -0.9136050610 -0.9532760444 -0.9159035804 0.9445406112 0.9431488634
-0.9871934540 -0.8295662865 -0.9121522120 0.9414575818 -0.9122772502 -0.9267263005 -0.9109811486 0.9047132480 -0.8444109154 -0.9120578245 -0.9523495718 -0.9140477033 0.9433720977 0.9418183547
-0.9869777540 -0.8256569811 -0.9104137880 0.9401191309 -0.9106943834 -0.9256598126 -0.9090892547 0.9028946542 -0.8412103191 -0.9105700733 -0.9514457919 -0.9122308148 0.9422287641 0.9405068443
-0.9867614409 -0.8218170631 -0.9087201818 0.9387977557 -0.9091641188 -0.9246486430 -0.9072362252 0.9011290176 -0.8380910539 -0.9091401715 -0.9505634681 -0.9104515906 0.9411093741 0.9392131989
-0.9865434738 -0.8180450787 -0.9070699640 0.9374923373 -0.9076849027 -0.9236911310 -0.9054207301 0.8994148124 -0.8350514105 -0.9077664830 -0.9497013635 -0.9087087063 0.9400126911 0.9379362856
-0.9863228120 -0.8143395741 -0.9054617050 0.9362017567 -0.9062551814 -0.9227856157 -0.9036414398 0.8977505129 -0.8320896798 -0.9064473720 -0.9488582415 -0.9070008375 0.9389374787 0.9366749712
-0.9860984147 -0.8106990957 -0.9038939751 0.9349248949 -0.9048734013 -0.9219304366 -0.9018970242 0.8961345931 -0.8292041528 -0.9051812024 -0.9480328652 -0.9053266597 0.9378825003 0.9354281226
-0.9858692412 -0.8071221895 -0.9023653450 0.9336606330 -0.9035380086 -0.9211239326 -0.9001861536 0.8945655274 -0.8263931204 -0.9039663383 -0.9472239979 -0.9036848486 0.9368465196 0.9341946066
-0.9856342506 -0.8036074019 -0.9008743850 0.9324078519 -0.9022474499 -0.9203644432 -0.8985074980 0.8930417899 -0.8236548735 -0.9028011437 -0.9464304029 -0.9020740799 0.9358283001 0.9329732903
-0.9853924023 -0.8001532790 -0.8994196657 0.9311654327 -0.9010001713 -0.9196503076 -0.8968597277 0.8915618549 -0.8209877029 -0.9016839826 -0.9456508433 -0.9004930290 0.9348266052 0.9317630404
