-0.2112529375 -0.2865710083 -0.3091710124 0.3233289935 -0.2620067695 0.6975471380 -0.1820811862 0.1556994367 -0.1801599601 0.4308627338 -0.2258646416 -0.2200367332 0.1642925298 0.2101622313
-0.1989694305 -0.2739303510 -0.2962305840 0.3100686901 -0.2488255146 0.6861586107 -0.1698508062 0.1441584967 -0.1678254100 0.4185143492 -0.2126349822 -0.2068841260 0.1528073388 0.1983448222
-0.1865246307 -0.2611083351 -0.2831067060 0.2966263225 -0.2354828529 0.6744139205 -0.1574686438 0.1324612873 -0.1553419006 0.4059262395 -0.1992579334 -0.1935847656 0.1411616201 0.1863570057
-0.1739173455 -0.2481035778 -0.2697980323 0.2830006313 -0.2219777830 0.6623090913 -0.1449336213 0.1206065236 -0.1427084145 0.3930961831 -0.1857326962 -0.1801378395 0.1293540201 0.1741973682
-0.1611463825 -0.2349146965 -0.2563032167 0.2691903575 -0.2083093034 0.6498401475 -0.1322446615 0.1085929207 -0.1299239342 0.3800219586 -0.1720584717 -0.1665425352 0.1173831855 0.1618644959
-0.1482105492 -0.2215403084 -0.2426209128 0.2551942418 -0.1944764127 0.6370031131 -0.1194006870 0.0964191935 -0.1169874420 0.3667013443 -0.1582344610 -0.1527980404 0.1052477625 0.1493569753
-0.1351086531 -0.2079790308 -0.2287497745 0.2410110250 -0.1804781094 0.6237940123 -0.1064006202 0.0840840571 -0.1038979205 0.3531321186 -0.1442598653 -0.1389035424 0.0929463977 0.1366733926
-0.1218395018 -0.1942294810 -0.2146884555 0.2266394479 -0.1663133921 0.6102088693 -0.0932433838 0.0715862266 -0.0906543521 0.3393120601 -0.1301338857 -0.1248582288 0.0804777375 0.1238123342
-0.1084019026 -0.1802902762 -0.2004356097 0.2120782513 -0.1519812594 0.5962437082 -0.0799279004 0.0589244170 -0.0772557194 0.3252389470 -0.1158557234 -0.1106612871 0.0678404283 0.1107723864
-0.0947946632 -0.1661600337 -0.1859898907 0.1973261760 -0.1374807097 0.5818945532 -0.0664530925 0.0460973433 -0.0637010047 0.3109105579 -0.1014245794 -0.0963119049 0.0550331168 0.0975521355
-0.0810165911 -0.1518373709 -0.1713499523 0.1823819628 -0.1228107416 0.5671574284 -0.0528178828 0.0331037207 -0.0499891905 0.2963246712 -0.0868396548 -0.0818092697 0.0420544492 0.0841501680
-0.0670664937 -0.1373209049 -0.1565144484 0.1672443525 -0.1079703537 0.5520283580 -0.0390211938 0.0199422640 -0.0361192594 0.2814790653 -0.0721001509 -0.0671525690 0.0289030720 0.0705650700
-0.0529431785 -0.1226092531 -0.1414820326 0.1519120859 -0.0929585445 0.5365033661 -0.0250619481 0.0066116885 -0.0220901938 0.2663715186 -0.0572052686 -0.0523409903 0.0155776318 0.0567954280
-0.0386454532 -0.1077010327 -0.1262513588 0.1363839038 -0.0777743125 0.5205784770 -0.0109390682 -0.0068892910 -0.0079009761 0.2509998096 -0.0421542092 -0.0373737211 0.0020767749 0.0428398283
-0.0241721251 -0.0925948610 -0.1108210807 0.1206585470 -0.0624166564 0.5042497146 0.0033485231 -0.0205619593 0.0064494112 0.2353617166 -0.0269461738 -0.0222499489 -0.0116008521 0.0286968572
-0.0095220018 -0.0772893553 -0.0951898521 0.1047347562 -0.0468845746 0.4875131033 0.0178019034 -0.0344076014 0.0209619855 0.2194550182 -0.0115803634 -0.0069688614 -0.0254566028 0.0143651010
0.0053061092 -0.0617831328 -0.0793563268 0.0886112724 -0.0311770658 0.4703646671 0.0324221501 -0.0484275022 0.0356377645 0.2032774928 0.0039440208 0.0084703541 -0.0394918308 -0.0001568538
0.0203134004 -0.0460748109 -0.0633191584 0.0722868363 -0.0152931284 0.4528004303 0.0472103406 -0.0626229467 0.0504777656 0.1868269187 0.0196277776 0.0240685099 -0.0537078896 -0.0148704211
0.0355010642 -0.0301630069 -0.0470770009 0.0557601886 0.0007682390 0.4348164169 0.0621675522 -0.0769952199 0.0654830064 0.1701010744 0.0354717060 0.0398264186 -0.0681061328 -0.0297770144
0.0508702932 -0.0140463379 -0.0306285079 0.0390300702 0.0170080378 0.4164086511 0.0772948625 -0.0915456068 0.0806545044 0.1530977383 0.0514766048 0.0557448927 -0.0826879138 -0.0448780474
0.0664222799 0.0022765787 -0.0139723333 0.0220952219 0.0334272695 0.3975731571 0.0925933488 -0.1062753922 0.0959932772 0.1358146889 0.0676432729 0.0718247446 -0.0974545862 -0.0601749338
0.0821582167 0.0188071257 0.0028928693 0.0049543845 0.0500269356 0.3783059591 0.1080640885 -0.1211858611 0.1115003422 0.1182497046 0.0839725092 0.0880667867 -0.1124075036 -0.0756690873
0.0980792961 0.0355466857 0.0199684459 -0.0123937012 0.0668080375 0.3586030811 0.1237081591 -0.1362782986 0.1271767171 0.1004005638 0.1004651126 0.1044718317 -0.1275480195 -0.0913619215
0.1141867107 0.0524966416 0.0372557430 -0.0299502945 0.0837715766 0.3384605473 0.1395266380 -0.1515539895 0.1430234192 0.0822650450 0.1171218819 0.1210406919 -0.1428774875 -0.1072548501
0.1304816529 0.0696583759 0.0547561066 -0.0477166545 0.1009185545 0.3178743820 0.1555206026 -0.1670142188 0.1590414663 0.0638409265 0.1339436160 0.1377741799 -0.1583972610 -0.1233492867
0.1469653152 0.0870332715 0.0724708831 -0.0656940404 0.1182499724 0.2968406092 0.1716911302 -0.1826602714 0.1752318757 0.0451259868 0.1509311138 0.1546731080 -0.1741086937 -0.1396466450
0.1636388901 0.1046227110 0.0904014186 -0.0838837115 0.1357668320 0.2753552531 0.1880392985 -0.1984934324 0.1915956650 0.0261180044 0.1680851741 0.1717382889 -0.1900131390 -0.1561483387
0.1805035701 0.1224280773 0.1085490594 -0.1022869268 0.1534701347 0.2534143378 0.2045661846 -0.2145149867 0.2081338518 0.0068147576 0.1854065959 0.1889705350 -0.2061119506 -0.1728557815
0.1975605476 0.1404507529 0.1269151518 -0.1209049458 0.1713608819 0.2310138876 0.2212728661 -0.2307262192 0.2248474535 -0.0127859750 0.2028961780 0.2063706587 -0.2224064819 -0.1897703870
0.2148110152 0.1586921207 0.1455010418 -0.1397390274 0.1894400750 0.2081499265 0.2381604204 -0.2471284148 0.2417374877 -0.0326864152 0.2205547193 0.2239394725 -0.2388980865 -0.2068935689
