-0.4598867410 -0.6086263293 -0.3744429662 0.3750186048 -0.4028401716 -0.4966648769 -0.3453627076 0.3926945865 -0.2870787414 -0.5767544463 -0.4875417444 -0.4058338587 0.5204466466 0.3341818551
-0.4473855895 -0.5982776210 -0.3646170505 0.3632988524 -0.3927223602 -0.4871173054 -0.3347637547 0.3820641479 -0.2782754071 -0.5662193277 -0.4772660027 -0.3933940382 0.5083268422 0.3218785834
-0.4347160534 -0.5876935531 -0.3546123857 0.3514259607 -0.3824220439 -0.4773539401 -0.3240044833 0.3712609396 -0.2693031837 -0.5554600582 -0.4667868567 -0.3808010101 0.4960180453 0.3094407373
-0.4218773179 -0.5768714695 -0.3444268767 0.3393988772 -0.3719371857 -0.4673720893 -0.3130833301 0.3602832442 -0.2601597288 -0.5444742004 -0.4561020495 -0.3680540682 0.4835189672 0.2968677542
-0.4088685679 -0.5658087142 -0.3340584286 0.3272165493 -0.3612657486 -0.4571690609 -0.3019987318 0.3491293442 -0.2508427003 -0.5332593164 -0.4452093238 -0.3551525060 0.4708283194 0.2841590714
-0.3956889883 -0.5545026311 -0.3235049460 0.3148779244 -0.3504056954 -0.4467421632 -0.2907491253 0.3377975219 -0.2413497558 -0.5218129687 -0.4341064224 -0.3420956172 0.4579448135 0.2713141263
-0.3823377642 -0.5429505642 -0.3127643341 0.3023819500 -0.3393549890 -0.4360887042 -0.2793329473 0.3262860600 -0.2316785531 -0.5101327196 -0.4227910882 -0.3288826955 0.4448671609 0.2583323562
-0.3688140805 -0.5311498574 -0.3018344977 0.2897275734 -0.3281115925 -0.4252059921 -0.2677486346 0.3145932408 -0.2218267499 -0.4982161315 -0.4112610641 -0.3155130346 0.4315940732 0.2452131985
-0.3551171223 -0.5190978546 -0.2907133417 0.2769137421 -0.3166734687 -0.4140913349 -0.2559946239 0.3027173468 -0.2117920039 -0.4860607667 -0.3995140929 -0.3019859280 0.4181242617 0.2319560906
-0.3412460746 -0.5067918998 -0.2793987710 0.2639394035 -0.3050385805 -0.4027420408 -0.2440693521 0.2906566605 -0.2015719730 -0.4736641876 -0.3875479174 -0.2883006694 0.4044564381 0.2185604697
-0.3272001223 -0.4942293369 -0.2678886906 0.2508035050 -0.2932048909 -0.3911554179 -0.2319712558 0.2784094644 -0.1911643148 -0.4610239566 -0.3753602804 -0.2744565525 0.3905893137 0.2050257733
-0.3129784504 -0.4814075099 -0.2561810053 0.2375049940 -0.2811703628 -0.3793287744 -0.2196987719 0.2659740410 -0.1805666871 -0.4481376359 -0.3629489249 -0.2604528708 0.3765216001 0.1913514387
-0.2985802439 -0.4683237628 -0.2442736201 0.2240428179 -0.2689329592 -0.3672594183 -0.2072503370 0.2533486727 -0.1697767476 -0.4350027879 -0.3503115937 -0.2462889182 0.3622520087 0.1775369032
-0.2840046879 -0.4549754393 -0.2321644400 0.2104159241 -0.2564906429 -0.3549446577 -0.1946243881 0.2405316419 -0.1587921541 -0.4216169751 -0.3374460295 -0.2319639881 0.3477792511 0.1635816043
-0.2692509672 -0.4413598836 -0.2198513697 0.1966232601 -0.2438413769 -0.3423818008 -0.1818193618 0.2275212313 -0.1476105642 -0.4079777597 -0.3243499753 -0.2174773743 0.3331020388 0.1494849792
-0.2543182670 -0.4274744395 -0.2073323142 0.1826637733 -0.2309831241 -0.3295681557 -0.1688336950 0.2143157231 -0.1362296358 -0.3940827041 -0.3110211739 -0.2028283704 0.3182190831 0.1352464654
-0.2392057721 -0.4133164510 -0.1946051785 0.1685364110 -0.2179138474 -0.3165010305 -0.1556658243 0.2009134000 -0.1246470266 -0.3799293706 -0.2974573681 -0.1880162700 0.3031290957 0.1208655002
-0.2239126677 -0.3988832620 -0.1816678674 0.1542401208 -0.2046315098 -0.3031777334 -0.1423141866 0.1873125444 -0.1128603942 -0.3655153217 -0.2836563008 -0.1730403669 0.2878307879 0.1063415209
-0.2084381386 -0.3841722165 -0.1685182860 0.1397738499 -0.1911340742 -0.2895955723 -0.1287772187 0.1735114387 -0.1008673965 -0.3508381196 -0.2696157148 -0.1578999545 0.2723228714 0.0916739649
-0.1927813698 -0.3691806584 -0.1551543389 0.1251365459 -0.1774195035 -0.2757518555 -0.1150533572 0.1595083654 -0.0886656912 -0.3358953267 -0.2553333530 -0.1425943267 0.2566040575 0.0768622696
-0.1769415465 -0.3539059317 -0.1415739313 0.1103271561 -0.1634857607 -0.2616438911 -0.1011410390 0.1453016071 -0.0762529360 -0.3206845054 -0.2408069581 -0.1271227770 0.2406730577 0.0619058723
-0.1609178535 -0.3383453802 -0.1277749680 0.0953446280 -0.1493308086 -0.2472689872 -0.0870387008 0.1308894461 -0.0636267887 -0.3052032180 -0.2260342731 -0.1114845991 0.2245285837 0.0468042103
-0.1447094758 -0.3224963480 -0.1137553540 0.0801879089 -0.1349526102 -0.2326244519 -0.0727447794 0.1162701650 -0.0507849069 -0.2894490268 -0.2110130408 -0.0956790866 0.2081693467 0.0315567211
-0.1283155985 -0.3063561790 -0.0995129940 0.0648559464 -0.1203491284 -0.2177075933 -0.0582577116 0.1014420462 -0.0377249485 -0.2734194943 -0.1957410041 -0.0797055331 0.1915940584 0.0161628419
-0.1117354065 -0.2899222171 -0.0850457932 0.0493476877 -0.1055183262 -0.2025157196 -0.0435759341 0.0864033721 -0.0244445711 -0.2571121828 -0.1802159057 -0.0635632325 0.1748014301 0.0006220102
-0.0949680848 -0.2731918062 -0.0703516563 0.0336620804 -0.0904581664 -0.1870461388 -0.0286978838 0.0711524254 -0.0109414326 -0.2405246546 -0.1644354885 -0.0472514781 0.1577901735 -0.0150663367
-0.0780128185 -0.2561622904 -0.0554284883 0.0177980717 -0.0751666121 -0.1712961591 -0.0136219973 0.0556874884 0.0027868094 -0.2236544721 -0.1483974953 -0.0307695638 0.1405589999 -0.0309027614
-0.0608687925 -0.2388310135 -0.0402741941 0.0017546093 -0.0596416260 -0.1552630885 0.0016532886 0.0400068436 0.0167424971 -0.2064991976 -0.1320996691 -0.0141167832 0.1231066210 -0.0468878267
-0.0435351917 -0.2211953195 -0.0248866786 -0.0144693597 -0.0438811713 -0.1389442353 0.0171295370 0.0241087734 0.0309279728 -0.1890563935 -0.1155397526 0.0027075701 0.1054317480 -0.0630220951
-0.0260112013 -0.2032525524 -0.0092638468 -0.0308748876 -0.0278832106 -0.1223369075 0.0328083113 0.0079915605 0.0453455787 -0.1713236222 -0.0987154887 0.0197042024 0.0875330927 -0.0793061293
