-0.0784219892 -0.0927862241 -0.1572716958 0.2125174946 -0.1802734825 -0.2495942452 -0.1643686942 0.2008783363 -0.0738922024 -0.3188646659 -0.1818604619 -0.2206945842 0.1855428858 0.1569664578
-0.0674665289 -0.0808183082 -0.1455745921 0.2004778558 -0.1685193247 -0.2372345491 -0.1526632326 0.1887527838 -0.0627142876 -0.3064208035 -0.1700270080 -0.2087124420 0.1741645354 0.1459797893
-0.0563842904 -0.0687397391 -0.1337387888 0.1882874714 -0.1566196676 -0.2247179037 -0.1408167805 0.1764823202 -0.0514158071 -0.2937976864 -0.1580491572 -0.1965755149 0.1626310181 0.1348397114
-0.0451743828 -0.0565499801 -0.1217633697 0.1759453354 -0.1445735225 -0.2120432794 -0.1288283958 0.1640660231 -0.0399959800 -0.2809940305 -0.1459259468 -0.1842827392 0.1509411696 0.1235450187
-0.0338359150 -0.0442484944 -0.1096474189 0.1634504416 -0.1323799010 -0.1992096463 -0.1166971362 0.1515029699 -0.0284540250 -0.2680085522 -0.1336564140 -0.1718330512 0.1390938257 0.1120945059
-0.0223679963 -0.0318347452 -0.0973900202 0.1508017838 -0.1200378144 -0.1862159748 -0.1044220595 0.1387922381 -0.0167891612 -0.2548399677 -0.1212395961 -0.1592253872 0.1270878223 0.1004869677
-0.0107697356 -0.0193081959 -0.0849902575 0.1379983559 -0.1075462742 -0.1730612352 -0.0920022235 0.1259329051 -0.0050006073 -0.2414869931 -0.1086745302 -0.1464586834 0.1149219952 0.0887211987
0.0009597580 -0.0066683096 -0.0724472147 0.1250391517 -0.0949042919 -0.1597443978 -0.0794366858 0.1129240485 0.0069124177 -0.2279483446 -0.0959602537 -0.1335318762 0.1025951801 0.0767959936
0.0128213753 0.0060854505 -0.0597599757 0.1119231652 -0.0821108787 -0.1462644329 -0.0667245043 0.0997647456 0.0189506949 -0.2142227385 -0.0830958038 -0.1204439019 0.0901062129 0.0647101471
0.0248160074 0.0189536210 -0.0469276245 0.0986493901 -0.0691650462 -0.1326203109 -0.0538647367 0.0864540741 0.0311150053 -0.2003088908 -0.0700802177 -0.1071936966 0.0774539294 0.0524624538
0.0369445452 0.0319367387 -0.0339492450 0.0852168204 -0.0560658058 -0.1188110019 -0.0408564408 0.0729911112 0.0434061302 -0.1862055178 -0.0569125327 -0.0937801968 0.0646371654 0.0400517084
0.0492078796 0.0450353404 -0.0208239210 0.0716244498 -0.0428121690 -0.1048354763 -0.0276986743 0.0593749346 0.0558248506 -0.1719113357 -0.0435917860 -0.0802023387 0.0516547566 0.0274767057
0.0616069015 0.0582499628 -0.0075507364 0.0578712724 -0.0294031470 -0.0906927044 -0.0143904951 0.0456046216 0.0683719476 -0.1574250606 -0.0301170149 -0.0664590587 0.0385055390 0.0147362401
0.0741425019 0.0715811427 0.0058712248 0.0439562818 -0.0158377515 -0.0763816565 -0.0009309608 0.0316792498 0.0810482022 -0.1427454088 -0.0164872565 -0.0525492929 0.0251883483 0.0018291065
0.0868155716 0.0850294169 0.0194428787 0.0298784720 -0.0021149937 -0.0619013029 0.0126808707 0.0175978966 0.0938543957 -0.1278710964 -0.0027015483 -0.0384719776 0.0117020203 -0.0112459005
0.0996270017 0.0985953220 0.0331651414 0.0156368369 0.0117661148 -0.0472506139 0.0264459417 0.0033596395 0.1067913090 -0.1128008396 0.0112410727 -0.0242260493 -0.0019546091 -0.0244899862
0.1125776831 0.1122793949 0.0470389291 0.0012303702 0.0258065626 -0.0324285598 0.0403651944 -0.0110364440 0.1198597234 -0.0975333546 0.0253415692 -0.0098104441 -0.0157827043 -0.0379043559
0.1256685066 0.1260821723 0.0610651578 -0.0133419340 0.0400073384 -0.0174341110 0.0544395711 -0.0255912765 0.1330604198 -0.0820673576 0.0396009039 0.0047759017 -0.0297834293 -0.0514902151
0.1389003632 0.1400041909 0.0752447435 -0.0280810821 0.0543694307 -0.0022662376 0.0686700140 -0.0403057804 0.1463941794 -0.0664015648 0.0540200396 0.0195340517 -0.0439579483 -0.0652487690
0.1522741439 0.1540459876 0.0895786025 -0.0429880801 0.0688938280 0.0130760899 0.0830574654 -0.0551808784 0.1598617833 -0.0505346924 0.0685999390 0.0344650696 -0.0583074256 -0.0791812229
0.1657907396 0.1682080990 0.1040676507 -0.0580639342 0.0835815189 0.0285939014 0.0976028674 -0.0702174929 0.1734640126 -0.0344654565 0.0833415649 0.0495700193 -0.0728330254 -0.0932887822
0.1794510412 0.1824910619 0.1187128044 -0.0733096504 0.0984334920 0.0442882264 0.1123071624 -0.0854165465 0.1872016484 -0.0181925734 0.0982458800 0.0648499644 -0.0875359118 -0.1075726522
0.1932559397 0.1968954132 0.1335149795 -0.0887262350 0.1134507359 0.0601600947 0.1271712925 -0.1007789617 0.2010754718 -0.0017147592 0.1133138472 0.0803059686 -0.1024172490 -0.1220340383
0.2072063259 0.2114216894 0.1484750922 -0.1043146941 0.1286342392 0.0762105360 0.1421961999 -0.1163056611 0.2150862638 0.0149692699 0.1285464291 0.0959390955 -0.1174782012 -0.1366741457
0.2213030908 0.2260704274 0.1635940585 -0.1200760338 0.1439849904 0.0924405799 0.1573828270 -0.1319975670 0.2292348056 0.0318607977 0.1439445886 0.1117504091 -0.1327199327 -0.1514941798
0.2355471253 0.2408421640 0.1788727946 -0.1360112603 0.1595039780 0.1088512563 0.1727321160 -0.1478556022 0.2435218783 0.0489611079 0.1595092883 0.1277409728 -0.1481436076 -0.1664953459
0.2499393205 0.2557374359 0.1943122165 -0.1521213796 0.1751921907 0.1254435947 0.1882450091 -0.1638806891 0.2579482630 0.0662714845 0.1752414911 0.1439118505 -0.1637503900 -0.1816788493
0.2644805671 0.2707567798 0.2099132404 -0.1684073980 0.1910506171 0.1422186250 0.2039224485 -0.1800737502 0.2725147407 0.0837932113 0.1911421596 0.1602641059 -0.1795414443 -0.1970458955
0.2791717561 0.2859007325 0.2256767823 -0.1848703216 0.2070802456 0.1591773767 0.2197653764 -0.1964357081 0.2872220926 0.1015275719 0.2072122567 0.1767988027 -0.1955179346 -0.2125976896
0.2940137786 0.3011698307 0.2416037584 -0.2015111565 0.2232820650 0.1763208795 0.2357747352 -0.2129674853 0.3020710998 0.1194758504 0.2234527452 0.1935170045 -0.2116810250 -0.2283354371
