-0.8680428785 -0.7102090027 -0.9184400014 0.7351196535 -0.7283258029 -0.9953000261 -0.9695933575 0.9964554917 -0.8252418885 -0.2983472324 -0.5898691350 -0.9243731630 0.8320110892 0.7727834356
-0.8634609040 -0.7059851410 -0.9156909804 0.7313029191 -0.7242129165 -0.9961133943 -0.9670991244 0.9955282292 -0.8224125722 -0.3099097837 -0.5857680400 -0.9230889862 0.8291281976 0.7705390826
-0.8587904035 -0.7018256456 -0.9128659464 0.7275410234 -0.7201516368 -0.9968627961 -0.9644873992 0.9944842916 -0.8195883340 -0.3207342020 -0.5818431506 -0.9217696098 0.8262426232 0.7683652990
-0.8540297306 -0.6977255580 -0.9099621202 0.7238290090 -0.7161372144 -0.9975436046 -0.9617561450 0.9933209563 -0.8167647672 -0.3308357816 -0.5780871518 -0.9204107163 0.8233501443 0.7662560531
-0.8491772391 -0.6936799197 -0.9069767227 0.7201619186 -0.7121648998 -0.9981511932 -0.9589033249 0.9920355007 -0.8139374649 -0.3402298173 -0.5744927288 -0.9190079881 0.8204465390 0.7642053131
-0.8442312826 -0.6896837721 -0.9039069748 0.7165347950 -0.7082299436 -0.9986809348 -0.9559269019 0.9906252022 -0.8111020204 -0.3489316036 -0.5710525666 -0.9175571078 0.8175275858 0.7622070473
-0.8391902148 -0.6857321567 -0.9007500973 0.7129426808 -0.7043275966 -0.9991282027 -0.9528248392 0.9890873382 -0.8082540269 -0.3569564349 -0.5677593503 -0.9160537578 0.8145890628 0.7602552238
-0.8340523894 -0.6818201149 -0.8975033110 0.7093806187 -0.7004531091 -0.9994883700 -0.9495950997 0.9874191860 -0.8053890778 -0.3643196059 -0.5646057650 -0.9144936206 0.8116267484 0.7583438111
-0.8288161601 -0.6779426883 -0.8941638369 0.7058436515 -0.6966017318 -0.9997568099 -0.9462356467 0.9856180232 -0.8025027661 -0.3710364111 -0.5615844960 -0.9128723787 0.8086364207 0.7564667773
-0.8234798806 -0.6740949183 -0.8907288958 0.7023268217 -0.6927687153 -0.9999288955 -0.9427444432 0.9836811270 -0.7995906851 -0.3771221451 -0.5586882282 -0.9111857146 0.8056138582 0.7546180906
-0.8180419045 -0.6702718463 -0.8871957085 0.6988251721 -0.6889493102 -1.0000000000 -0.9391194522 0.9816057749 -0.7966484282 -0.3825921023 -0.5559096469 -0.9094293107 0.8025548391 0.7527917194
-0.8125005856 -0.6664685139 -0.8835614960 0.6953337454 -0.6851387671 -0.9999654966 -0.9353586368 0.9793892443 -0.7936715884 -0.3874615774 -0.5532414370 -0.9075988496 0.7994551416 0.7509816319
-0.8068542776 -0.6626799625 -0.8798234791 0.6918475843 -0.6813323365 -0.9998207584 -0.9314599602 0.9770288126 -0.7906557591 -0.3917458649 -0.5506762838 -0.9056900138 0.7963105441 0.7491817963
-0.8011013341 -0.6589012335 -0.8759788785 0.6883617314 -0.6775252691 -0.9995611585 -0.9274213853 0.9745217572 -0.7875965334 -0.3954602593 -0.5482068722 -0.9036984856 0.7931168247 0.7473861808
-0.7952401089 -0.6551273685 -0.8720249153 0.6848712295 -0.6737128154 -0.9991820702 -0.9232408753 0.9718653555 -0.7844895046 -0.3986200552 -0.5458258876 -0.9016199477 0.7898697619 0.7455887538
-0.7892689556 -0.6513534088 -0.8679588103 0.6813711213 -0.6698902261 -0.9986788666 -0.9189163933 0.9690568848 -0.7813302660 -0.4012405472 -0.5435260149 -0.8994500824 0.7865651338 0.7437834835
-0.7831862279 -0.6475743961 -0.8637777842 0.6778564493 -0.6660527516 -0.9980469209 -0.9144459023 0.9660936227 -0.7781144108 -0.4033370297 -0.5412999392 -0.8971845723 0.7831987188 0.7419643381
-0.7769902796 -0.6437853716 -0.8594790581 0.6743222564 -0.6621956426 -0.9972816061 -0.9098273654 0.9629728464 -0.7748375322 -0.4049247974 -0.5391403457 -0.8948190999 0.7797662951 0.7401252858
-0.7706794642 -0.6399813770 -0.8550598527 0.6707635852 -0.6583141498 -0.9963782955 -0.9050587457 0.9596918333 -0.7714952234 -0.4060191448 -0.5370399196 -0.8923493476 0.7762636409 0.7382602950
-0.7642521355 -0.6361574536 -0.8505173889 0.6671754785 -0.6544035236 -0.9953323623 -0.9001380062 0.9562478610 -0.7680830776 -0.4066353664 -0.5349913458 -0.8897709980 0.7726865347 0.7363633339
-0.7577066472 -0.6323086429 -0.8458488876 0.6635529788 -0.6504590146 -0.9941391795 -0.8950631101 0.9526382067 -0.7645966882 -0.4067887568 -0.5329873095 -0.8870797335 0.7690307546 0.7344283707
-0.7510413530 -0.6284299865 -0.8410515695 0.6598911289 -0.6464758735 -0.9927941204 -0.8898320205 0.9488601480 -0.7610316484 -0.4064946106 -0.5310204959 -0.8842712365 0.7652920789 0.7324493737
-0.7442546066 -0.6245165257 -0.8361226557 0.6561849715 -0.6424493508 -0.9912925581 -0.8844427003 0.9449109621 -0.7573835513 -0.4057682222 -0.5290835900 -0.8813411897 0.7614662859 0.7304203112
-0.7373447616 -0.6205633021 -0.8310593670 0.6524295493 -0.6383746971 -0.9896298657 -0.8788931127 0.9407879264 -0.7536479902 -0.4046248862 -0.5271692769 -0.8782852754 0.7575491539 0.7283351513
-0.7303101717 -0.6165653570 -0.8258589241 0.6486199049 -0.6342471631 -0.9878014165 -0.8731812208 0.9364883185 -0.7498205584 -0.4030798973 -0.5252702418 -0.8750991761 0.7535364612 0.7261878623
-0.7231491907 -0.6125177320 -0.8205185480 0.6447510811 -0.6300619992 -0.9858025836 -0.8673049876 0.9320094156 -0.7458968490 -0.4011485499 -0.5233791698 -0.8717785745 0.7494239860 0.7239724125
-0.7158601723 -0.6084154685 -0.8150354595 0.6408181206 -0.6258144562 -0.9836287401 -0.8612623762 0.9273484951 -0.7418724554 -0.3988461385 -0.5214887459 -0.8683191528 0.7452075066 0.7216827702
-0.7084414700 -0.6042536081 -0.8094068796 0.6368160659 -0.6214997844 -0.9812752592 -0.8550513498 0.9225028346 -0.7377429707 -0.3961879578 -0.5195916554 -0.8647165936 0.7408828013 0.7193129035
-0.7008914377 -0.6000271921 -0.8036300289 0.6327399599 -0.6171132347 -0.9787375140 -0.8486698713 0.9174697113 -0.7335039881 -0.3931893023 -0.5176805832 -0.8609665794 0.7364456484 0.7168567808
-0.6932084290 -0.5957312620 -0.7977021285 0.6285848453 -0.6126500575 -0.9760108778 -0.8421159039 0.9122464027 -0.7291511010 -0.3898654665 -0.5157482146 -0.8570647927 0.7318918261 0.7143083702
