-0.9259500877 -0.8778133426 -0.9101612521 0.6967145353 -0.6736670565 0.2870027781 -0.6739313380 0.7948730655 -0.7706458809 0.6742039038 -0.4719217171 -0.6157370415 0.7554011942 0.7814702217
-0.9208417638 -0.8761799245 -0.9057701381 0.6900308324 -0.6678907398 0.2818225738 -0.6692499307 0.7901435441 -0.7670973226 0.6656793513 -0.4678925508 -0.6116208954 0.7505361957 0.7753283667
-0.9155378564 -0.8744141823 -0.9012100358 0.6832291392 -0.6620127019 0.2766772883 -0.6644769155 0.7852809655 -0.7634349252 0.6570272858 -0.4638463389 -0.6074381377 0.7455502591 0.7690448373
-0.9100360505 -0.8725101195 -0.8964774985 0.6763070842 -0.6560296782 0.2715614558 -0.6596080725 0.7802816773 -0.7596538996 0.6482468461 -0.4597774139 -0.6031838016 0.7404396788 0.7626171567
-0.9043340313 -0.8704617396 -0.8915690792 0.6692622956 -0.6499384041 0.2664696104 -0.6546391819 0.7751420273 -0.7557494565 0.6393371709 -0.4556801079 -0.5988529206 0.7352007495 0.7560428483
-0.8984294842 -0.8682630460 -0.8864813314 0.6620924018 -0.6437356153 0.2613962862 -0.6495660237 0.7698583634 -0.7517168067 0.6302973991 -0.4515487532 -0.5944405280 0.7298297658 0.7493194356
-0.8923200942 -0.8659080422 -0.8812108081 0.6547950313 -0.6374180472 0.2563360173 -0.6443843781 0.7644270333 -0.7475511610 0.6211266692 -0.4473776822 -0.5899416571 0.7243230222 0.7424444419
-0.8860035467 -0.8633907317 -0.8757540628 0.6473678123 -0.6309824352 0.2512833380 -0.6390900252 0.7588443849 -0.7432477302 0.6118241200 -0.4431612272 -0.5853513413 0.7186768133 0.7354153906
-0.8794775267 -0.8607051179 -0.8701076485 0.6398083733 -0.6244255150 0.2462327823 -0.6336787451 0.7531067659 -0.7388017251 0.6023888902 -0.4388937204 -0.5806646139 0.7128874338 0.7282298051
-0.8727397196 -0.8578452044 -0.8642681186 0.6321143426 -0.6177440218 0.2411788844 -0.6281463178 0.7472105242 -0.7342083564 0.5928201187 -0.4345694941 -0.5758765084 0.7069511782 0.7208852087
-0.8657878105 -0.8548049946 -0.8582320262 0.6242833485 -0.6109346913 0.2361161784 -0.6224885235 0.7411520074 -0.7294628349 0.5831169440 -0.4301828807 -0.5709820579 0.7008643411 0.7133791248
-0.8586194846 -0.8515784920 -0.8519959247 0.6163130196 -0.6039942590 0.2310391984 -0.6167011423 0.7349275635 -0.7245603715 0.5732785050 -0.4257282123 -0.5659762960 0.6946232172 0.7057090769
-0.8512324272 -0.8481597001 -0.8455563673 0.6082009840 -0.5969194603 0.2259424786 -0.6107799544 0.7285335402 -0.7194961769 0.5633039403 -0.4211998214 -0.5608542560 0.6882241009 0.6978725883
-0.8436243234 -0.8445426223 -0.8389099071 0.5999448703 -0.5897070306 0.2208205532 -0.6047207397 0.7219662854 -0.7142654619 0.5531923887 -0.4165920402 -0.5556109711 0.6816632869 0.6898671823
-0.8357928585 -0.8407212621 -0.8320530975 0.5915423067 -0.5823537056 0.2156679562 -0.5985192784 0.7152221467 -0.7088634373 0.5429429889 -0.4118992010 -0.5502414748 0.6749370699 0.6816903824
-0.8277357176 -0.8366896230 -0.8249824917 0.5829909216 -0.5748562207 0.2104792218 -0.5921713507 0.7082974720 -0.7032853139 0.5325548796 -0.4071156360 -0.5447408005 0.6680417443 0.6733397120
-0.8194505860 -0.8324417084 -0.8176946428 0.5742883435 -0.5672113114 0.2052488841 -0.5856727366 0.7011886091 -0.6975263024 0.5220271996 -0.4022356777 -0.5391039813 0.6609736047 0.6648126943
-0.8109351489 -0.8279715219 -0.8101861043 0.5654322006 -0.5594157131 0.1999714773 -0.5790192162 0.6938919059 -0.6915816137 0.5113590876 -0.3972536582 -0.5333260508 0.6537289458 0.6561068528
-0.8021870915 -0.8232730669 -0.8024534292 0.5564201214 -0.5514661614 0.1946415355 -0.5722065697 0.6864037100 -0.6854464585 0.5005496823 -0.3921639099 -0.5274020423 0.6463040622 0.6472197110
-0.7932040990 -0.8183403469 -0.7944931709 0.5472497341 -0.5433593917 0.1892535928 -0.5652305771 0.6787203693 -0.6791160476 0.4895981225 -0.3869607651 -0.5213269891 0.6386952484 0.6381487920
-0.7839838566 -0.8131673654 -0.7863018826 0.5379186673 -0.5350921396 0.1838021834 -0.5580870186 0.6708382316 -0.6725855918 0.4785035468 -0.3816385560 -0.5150959245 0.6308987991 0.6288916194
-0.7745240496 -0.8077481258 -0.7778761175 0.5284245492 -0.5266611405 0.1782818415 -0.5507716742 0.6627536446 -0.6658503019 0.4672650941 -0.3761916149 -0.5087038820 0.6229110088 0.6194457166
-0.7648223630 -0.8020766316 -0.7692124289 0.5187650082 -0.5180631299 0.1726871010 -0.5432803241 0.6544629562 -0.6589053887 0.4558819029 -0.3706142742 -0.5021458948 0.6147281721 0.6098086068
-0.7548764822 -0.7961468863 -0.7603073699 0.5089376727 -0.5092948433 0.1670124963 -0.5356087484 0.6459625142 -0.6517460630 0.4443531121 -0.3649008662 -0.4954169964 0.6063465836 0.5999778135
-0.7446840923 -0.7899528934 -0.7511574939 0.4989401711 -0.5003530162 0.1612525614 -0.5277527272 0.6372486664 -0.6443675355 0.4326778604 -0.3590457230 -0.4885122201 0.5977625379 0.5899508600
-0.7342428786 -0.7834886563 -0.7417593541 0.4887701317 -0.4912343841 0.1554018304 -0.5197080405 0.6283177605 -0.6367650170 0.4208552866 -0.3530431771 -0.4814265992 0.5889723296 0.5797252698
-0.7235505262 -0.7767481785 -0.7321095037 0.4784251829 -0.4819356825 0.1494548375 -0.5114704686 0.6191661443 -0.6289337184 0.4088845292 -0.3468875607 -0.4741551670 0.5799722533 0.5692985662
-0.7126047204 -0.7697254635 -0.7222044959 0.4679029530 -0.4724536468 0.1434061169 -0.5030357914 0.6097901657 -0.6208688504 0.3967647271 -0.3405732061 -0.4666929570 0.5707586036 0.5586682726
-0.7014031464 -0.7624145148 -0.7120408841 0.4572010705 -0.4627850126 0.1372502026 -0.4943997892 0.6001861725 -0.6125656238 0.3844950191 -0.3340944456 -0.4590350025 0.5613276750 0.5478319124
-0.6899434894 -0.7548093358 -0.7016152214 0.4463171637 -0.4529265153 0.1309816288 -0.4855582419 0.5903505123 -0.6040192493 0.3720745437 -0.3274456115 -0.4511763369 0.5516757622 0.5367870089
