-0.8777303673 -0.9052373807 -0.9517183235 0.8765593745 -0.9744585198 -0.9095270262 -0.8375467441 0.9969487278 -0.8601481397 -0.9009840569 -0.9844713865 -0.8714858508 0.8542046599 0.9477106627
-0.8732970032 -0.9017830288 -0.9501178432 0.8713856351 -0.9747471853 -0.9067112832 -0.8318305797 0.9975423941 -0.8556004527 -0.8979569523 -0.9864188163 -0.8670709653 0.8494764196 0.9462236091
-0.8689971691 -0.8984272500 -0.9485734549 0.8662888333 -0.9750969132 -0.9040290562 -0.8263112639 0.9980756198 -0.8512511552 -0.8950819258 -0.9882378999 -0.8628175565 0.8449566974 0.9448190263
-0.8648272539 -0.8951668139 -0.9470822412 0.8612664956 -0.9755042921 -0.9014763714 -0.8209843864 0.9985470251 -0.8470955482 -0.8923547323 -0.9899281833 -0.8587215295 0.8406406610 0.9434935188
-0.8607836465 -0.8919984897 -0.9456412847 0.8563161487 -0.9759659109 -0.8990492549 -0.8158455370 0.9989552304 -0.8431289329 -0.8897711268 -0.9914892129 -0.8547787893 0.8365234783 0.9422436907
-0.8568627358 -0.8889190468 -0.9442476680 0.8514353193 -0.9764783580 -0.8967437329 -0.8108903054 0.9992988560 -0.8393466102 -0.8873268640 -0.9929205349 -0.8509852408 0.8326003168 0.9410661464
-0.8530609108 -0.8859252545 -0.9428984738 0.8466215339 -0.9770382221 -0.8945558315 -0.8061142814 0.9995765222 -0.8357438813 -0.8850176990 -0.9942216954 -0.8473367890 0.8288663442 0.9399574902
-0.8493745604 -0.8830138822 -0.9415907846 0.8418723193 -0.9776420920 -0.8924815769 -0.8015130548 0.9997868494 -0.8323160473 -0.8828393866 -0.9953922406 -0.8438293390 0.8253167284 0.9389143264
-0.8458000735 -0.8801816992 -0.9403216831 0.8371852021 -0.9782865562 -0.8905169951 -0.7970822154 0.9999284579 -0.8290584092 -0.8807876818 -0.9964317169 -0.8404587956 0.8219466370 0.9379332592
-0.8423338391 -0.8774254749 -0.9390882520 0.8325577089 -0.9789682033 -0.8886581125 -0.7928173528 0.9999999680 -0.8259662681 -0.8788583394 -0.9973396703 -0.8372210640 0.8187512377 0.9370108930
-0.8389722460 -0.8747419786 -0.9378875738 0.8279873664 -0.9796836221 -0.8869009550 -0.7887140568 1.0000000000 -0.8230349252 -0.8770471143 -0.9981156472 -0.8341120491 0.8157256983 0.9361438320
-0.8357116832 -0.8721279797 -0.9367167311 0.8234717013 -0.9804294012 -0.8852415488 -0.7847679173 0.9999271743 -0.8202596814 -0.8753497614 -0.9987591937 -0.8311276558 0.8128651864 0.9353286807
-0.8325485395 -0.8695802475 -0.9355728066 0.8190082401 -0.9812021292 -0.8836759201 -0.7809745239 0.9997801112 -0.8176358378 -0.8737620357 -0.9992698560 -0.8282637892 0.8101648698 0.9345620431
-0.8294792041 -0.8670955514 -0.9344528829 0.8145945096 -0.9819983948 -0.8822000950 -0.7773294665 0.9995574309 -0.8151586956 -0.8722796921 -0.9996471803 -0.8255163543 0.8076199161 0.9338405238
-0.8265000656 -0.8646706607 -0.9333540427 0.8102280363 -0.9828147866 -0.8808100996 -0.7738283347 0.9992577540 -0.8128235558 -0.8708984854 -0.9998907129 -0.8228812560 0.8052254931 0.9331607269
-0.8236075132 -0.8623023448 -0.9322733685 0.8059063469 -0.9836478933 -0.8795019602 -0.7704667184 0.9988797005 -0.8106257196 -0.8696141706 -1.0000000000 -0.8203543994 0.8029767685 0.9325192567
-0.8207979356 -0.8599873731 -0.9312079430 0.8016269682 -0.9844943035 -0.8782717027 -0.7672402073 0.9984218910 -0.8085604879 -0.8684225025 -0.9999745878 -0.8179316894 0.8008689100 0.9319127176
-0.8180677218 -0.8577225147 -0.9301548488 0.7973874266 -0.9853506058 -0.8771153535 -0.7641443912 0.9978829457 -0.8066231619 -0.8673192361 -0.9998140224 -0.8156090310 0.7988970854 0.9313377139
-0.8154132608 -0.8555045393 -0.9291111685 0.7931852489 -0.9862133890 -0.8760289385 -0.7611748597 0.9972614849 -0.8048090426 -0.8663001263 -0.9995178502 -0.8133823292 0.7970564623 0.9307908498
-0.8128309415 -0.8533302160 -0.9280739848 0.7890179617 -0.9870792417 -0.8750084841 -0.7583272028 0.9965561290 -0.8031134311 -0.8653609279 -0.9990856173 -0.8112474891 0.7953422084 0.9302687297
-0.8103171528 -0.8511963142 -0.9270403802 0.7848830917 -0.9879447525 -0.8740500162 -0.7555970101 0.9957654983 -0.8015316286 -0.8644973959 -0.9985168699 -0.8092004155 0.7937494914 0.9297679578
-0.8078682836 -0.8490996033 -0.9260074374 0.7807781655 -0.9888065100 -0.8731495610 -0.7529798715 0.9948882131 -0.8000589360 -0.8637052852 -0.9978111542 -0.8072370135 0.7922734792 0.9292851384
-0.8054807228 -0.8470368526 -0.9249722390 0.7767007098 -0.9896611030 -0.8723031448 -0.7504713765 0.9939228937 -0.7986906545 -0.8629803507 -0.9969680166 -0.8053531880 0.7909093393 0.9288168759
-0.8031508593 -0.8450048315 -0.9239318676 0.7726482511 -0.9905051200 -0.8715067935 -0.7480671152 0.9928681605 -0.7974220852 -0.8623183472 -0.9959870031 -0.8035448442 0.7896522395 0.9283597746
-0.8008750822 -0.8430003093 -0.9228834060 0.7686183162 -0.9913351497 -0.8707565335 -0.7457626771 0.9917226339 -0.7962485290 -0.8617150298 -0.9948676599 -0.8018078868 0.7884973475 0.9279104386
-0.7986497803 -0.8410200553 -0.9218239366 0.7646084318 -0.9921477808 -0.8700483907 -0.7435536520 0.9904849340 -0.7951652872 -0.8611661532 -0.9936095334 -0.8001382210 0.7874398310 0.9274654725
-0.7964713425 -0.8390608390 -0.9207505420 0.7606161243 -0.9929396019 -0.8693783914 -0.7414356298 0.9891536812 -0.7941676608 -0.8606674725 -0.9922121697 -0.7985317517 0.7864748578 0.9270214803
-0.7943361578 -0.8371194297 -0.9196603051 0.7566389206 -0.9937072016 -0.8687425617 -0.7394042001 0.9877274960 -0.7932509508 -0.8602147424 -0.9906751150 -0.7969843840 0.7855975955 0.9265750665
-0.7922406150 -0.8351925966 -0.9185503082 0.7526743472 -0.9944471687 -0.8681369277 -0.7374549527 0.9862049985 -0.7924104584 -0.8598037180 -0.9889979155 -0.7954920227 0.7848032118 0.9261228353
-0.7901811031 -0.8332771093 -0.9174176342 0.7487199308 -0.9951560917 -0.8675575156 -0.7355834775 0.9845848092 -0.7916414847 -0.8594301540 -0.9871801175 -0.7940505730 0.7840868745 0.9256613911
