-0.5282527887 -0.5447743023 -0.4861850030 0.6595818464 -0.4611015066 0.9129727793 -0.4973719618 0.4920488043 -0.4313320658 0.7027664683 -0.5432896350 -0.3685558232 0.5225560253 0.4616874182
-0.5235837465 -0.5403547184 -0.4804814071 0.6538684610 -0.4564205073 0.9089405236 -0.4921137771 0.4866400508 -0.4265635493 0.6969543842 -0.5381653353 -0.3650858840 0.5173240276 0.4572456829
-0.5188541140 -0.5358720308 -0.4747256238 0.6480896923 -0.4516841069 0.9048068922 -0.4868003162 0.4811771829 -0.4217423448 0.6910729214 -0.5329815804 -0.3615615378 0.5120346986 0.4527473015
-0.5140633767 -0.5313256691 -0.4689173584 0.6422451659 -0.4468918251 0.9005712415 -0.4814311930 0.4756598463 -0.4168680026 0.6851217293 -0.5277379367 -0.3579821140 0.5066876354 0.4481917472
-0.5092110204 -0.5267150633 -0.4630563158 0.6363345070 -0.4420431815 0.8962329278 -0.4760060214 0.4700876864 -0.4119400735 0.6791004575 -0.5224339706 -0.3543469421 0.5012824349 0.4435784933
-0.5042965309 -0.5220396431 -0.4571422014 0.6303573413 -0.4371376957 0.8917913078 -0.4705244154 0.4644603485 -0.4069581077 0.6730087555 -0.5170692488 -0.3506553516 0.4958186943 0.4389070128
-0.4993193938 -0.5172988385 -0.4511747200 0.6243132941 -0.4321748873 0.8872457379 -0.4649859889 0.4587774784 -0.4019216560 0.6668462729 -0.5116433377 -0.3469066721 0.4902960105 0.4341767790
-0.4942790950 -0.5124920791 -0.4451535770 0.6182019910 -0.4271542759 0.8825955744 -0.4593903558 0.4530387213 -0.3968302687 0.6606126593 -0.5061558037 -0.3431002329 0.4847139805 0.4293872651
-0.4891751201 -0.5076187949 -0.4390784774 0.6120230573 -0.4220753813 0.8778401739 -0.4537371300 0.4472437228 -0.3916834964 0.6543075641 -0.5006062134 -0.3392353637 0.4790722014 0.4245379442
-0.4840069549 -0.5026784157 -0.4329491263 0.6057761185 -0.4169377229 0.8729788929 -0.4480259255 0.4413921284 -0.3864808895 0.6479306369 -0.4949941333 -0.3353113939 0.4733702702 0.4196282895
-0.4787740851 -0.4976703712 -0.4267652288 0.5994608000 -0.4117408205 0.8680110877 -0.4422563562 0.4354835835 -0.3812219987 0.6414815273 -0.4893191299 -0.3313276529 0.4676077840 0.4146577743
-0.4734759964 -0.4925940914 -0.4205264901 0.5930767274 -0.4064841936 0.8629361149 -0.4364280359 0.4295177336 -0.3759063745 0.6349598848 -0.4835807696 -0.3272834703 0.4617843396 0.4096258716
-0.4681121746 -0.4874490061 -0.4142326154 0.5866235260 -0.4011673619 0.8577533309 -0.4305405787 0.4234942243 -0.3705335672 0.6283653589 -0.4777786190 -0.3231781757 0.4558995343 0.4045320548
-0.4626821053 -0.4822345450 -0.4078833096 0.5801008213 -0.3957898450 0.8524620921 -0.4245935984 0.4174127009 -0.3651031275 0.6216975992 -0.4719122445 -0.3190110983 0.4499529650 0.3993757969
-0.4571852744 -0.4769501381 -0.4014782780 0.5735082388 -0.3903511624 0.8470617551 -0.4185867091 0.4112728089 -0.3596146058 0.6149562552 -0.4659812127 -0.3147815679 0.4439442287 0.3941565711
-0.4516211676 -0.4715952151 -0.3950172257 0.5668454039 -0.3848508340 0.8415516763 -0.4125195245 0.4050741939 -0.3540675527 0.6081409764 -0.4599850900 -0.3104889138 0.4378729224 0.3888738507
-0.4459892705 -0.4661692059 -0.3884998577 0.5601119420 -0.3792883792 0.8359312121 -0.4063916586 0.3988165013 -0.3484615187 0.6012514125 -0.4539234429 -0.3061324655 0.4317386432 0.3835271088
-0.4402890690 -0.4606715402 -0.3819258793 0.5533074786 -0.3736633176 0.8301997191 -0.4002027253 0.3924993766 -0.3427960542 0.5942872129 -0.4477958380 -0.3017115526 0.4255409881 0.3781158186
-0.4345200486 -0.4551016481 -0.3752949955 0.5464316393 -0.3679751690 0.8243565535 -0.3939523387 0.3861224652 -0.3370707099 0.5872480272 -0.4416018417 -0.2972255045 0.4192795542 0.3726394533
-0.4286816953 -0.4494589591 -0.3686069114 0.5394840493 -0.3622234529 0.8184010721 -0.3876401125 0.3796854127 -0.3312850361 0.5801335049 -0.4353410204 -0.2926736508 0.4129539384 0.3670974860
-0.4227734947 -0.4437429033 -0.3618613323 0.5324643342 -0.3564076889 0.8123326310 -0.3812656607 0.3731878645 -0.3254385835 0.5729432956 -0.4290129408 -0.2880553209 0.4065637378 0.3614893900
-0.4167949324 -0.4379529104 -0.3550579631 0.5253721194 -0.3505273968 0.8061505870 -0.3748285973 0.3666294661 -0.3195309025 0.5656770488 -0.4226171693 -0.2833698443 0.4001085494 0.3558146385
-0.4107454944 -0.4320884102 -0.3481965091 0.5182070303 -0.3445820960 0.7998542963 -0.3683285362 0.3600098629 -0.3135615436 0.5583344140 -0.4161532724 -0.2786165505 0.3935879702 0.3500727046
-0.4046246662 -0.4261488326 -0.3412766753 0.5109686925 -0.3385713062 0.7934431155 -0.3617650912 0.3533287006 -0.3075300574 0.5509150408 -0.4096208166 -0.2737947690 0.3870015973 0.3442630614
-0.3984319337 -0.4201336074 -0.3342981668 0.5036567313 -0.3324945471 0.7869164010 -0.3551378763 0.3465856244 -0.3014359943 0.5434185787 -0.4030193683 -0.2689038293 0.3803490276 0.3383851823
-0.3921667825 -0.4140421644 -0.3272606889 0.4962707723 -0.3263513383 0.7802735093 -0.3484465055 0.3397802800 -0.2952789049 0.5358446774 -0.3963484941 -0.2639430609 0.3736298583 0.3324385403
-0.3858286984 -0.4078739335 -0.3201639466 0.4888104408 -0.3201411993 0.7735137968 -0.3416905926 0.3329123127 -0.2890583397 0.5281929862 -0.3896077605 -0.2589117933 0.3668436863 0.3264226087
-0.3794171671 -0.4016283445 -0.3130076450 0.4812753623 -0.3138636499 0.7666366201 -0.3348697516 0.3259813682 -0.2827738492 0.5204631548 -0.3827967339 -0.2538093560 0.3599901086 0.3203368607
-0.3729316744 -0.3953048272 -0.3057914893 0.4736651623 -0.3075182095 0.7596413354 -0.3279835964 0.3189870917 -0.2764249839 0.5126548327 -0.3759149809 -0.2486350784 0.3530687223 0.3141807693
-0.3663717059 -0.3889028114 -0.2985151846 0.4659794662 -0.3011043980 0.7525272994 -0.3210317409 0.3119291289 -0.2700112943 0.5047676694 -0.3689620680 -0.2433882901 0.3460791245 0.3079538079
