-0.9707683120 -0.9610297493 -0.8615910966 0.9199300235 -0.9801173626 -0.9115246202 -0.9290079754 0.8959189479 -0.6722446655 -0.8911039525 -0.6746189993 -0.9597687556 0.7580942249 0.7011967046
-0.9746269379 -0.9596899997 -0.8588448643 0.9183287920 -0.9818217562 -0.9110219178 -0.9281777342 0.8946152516 -0.6695389806 -0.8907205038 -0.6699753952 -0.9586060920 0.7537977363 0.6983710716
-0.9782122444 -0.9583013496 -0.8561248226 0.9167231351 -0.9834764393 -0.9105722895 -0.9273632121 0.8933520330 -0.6671167025 -0.8904226964 -0.6655305687 -0.9574036702 0.7496019647 0.6957847363
-0.9815243431 -0.9568606456 -0.8534268462 0.9151090948 -0.9850772363 -0.9101701603 -0.9265597296 0.8921242963 -0.6649684286 -0.8902042413 -0.6612776255 -0.9561580787 0.7455018824 0.6934292466
-0.9845633459 -0.9553647345 -0.8507468101 0.9134827128 -0.9866199716 -0.9098099553 -0.9257626073 0.8909270454 -0.6630847562 -0.8900588498 -0.6572096711 -0.9548659064 0.7414924615 0.6912961499
-0.9873293644 -0.9538104630 -0.8480805891 0.9118400311 -0.9881004693 -0.9094860998 -0.9249671658 0.8897552845 -0.6614562825 -0.8899802329 -0.6533198111 -0.9535237417 0.7375686743 0.6893769941
-0.9898225104 -0.9521946778 -0.8454240581 0.9101770914 -0.9895145540 -0.9091930188 -0.9241687256 0.8886040175 -0.6600736051 -0.8899621020 -0.6496011513 -0.9521281735 0.7337254929 0.6876633267
-0.9920428957 -0.9505142256 -0.8427730917 0.9084899357 -0.9908580499 -0.9089251375 -0.9233626075 0.8874682485 -0.6589273211 -0.8899981681 -0.6460467973 -0.9506757904 0.7299578896 0.6861466956
-0.9939906320 -0.9487659530 -0.8401235650 0.9067746057 -0.9921267814 -0.9086768811 -0.9225441318 0.8863429816 -0.6580080280 -0.8900821423 -0.6426498546 -0.9491631810 0.7262608365 0.6848186482
-0.9956658310 -0.9469467069 -0.8374713528 0.9050271434 -0.9933165729 -0.9084426746 -0.9217086193 0.8852232207 -0.6573063230 -0.8902077360 -0.6394034289 -0.9475869341 0.7226293059 0.6836707324
-0.9970686045 -0.9450533338 -0.8348123298 0.9032435905 -0.9944232487 -0.9082169433 -0.9208513906 0.8841039700 -0.6568128036 -0.8903686602 -0.6363006259 -0.9459436383 0.7190582699 0.6826944958
-0.9981990642 -0.9430826804 -0.8321423710 0.9014199890 -0.9954426331 -0.9079941122 -0.9199677661 0.8829802335 -0.6565180670 -0.8905586261 -0.6333345512 -0.9442298823 0.7155427008 0.6818814860
-0.9990573219 -0.9410315936 -0.8294573512 0.8995523806 -0.9963705506 -0.9077686066 -0.9190530665 0.8818470153 -0.6564127106 -0.8907713448 -0.6304983103 -0.9424422548 0.7120775706 0.6812232508
-0.9996434892 -0.9388969199 -0.8267531452 0.8976368073 -0.9972028254 -0.9075348515 -0.9181026125 0.8806993193 -0.6564873317 -0.8910005276 -0.6277850090 -0.9405773444 0.7086578517 0.6807113379
-0.9999576780 -0.9366755061 -0.8240256279 0.8956693109 -0.9979352819 -0.9072872721 -0.9171117245 0.8795321497 -0.6567325277 -0.8912398856 -0.6251877529 -0.9386317398 0.7052785163 0.6803372948
-1.0000000000 -0.9343641989 -0.8212706741 0.8936459332 -0.9985637444 -0.9070202935 -0.9160757231 0.8783405104 -0.6571388959 -0.8914831300 -0.6226996475 -0.9366020297 0.7019345364 0.6800926693
-0.9997705669 -0.9319598449 -0.8184841586 0.8915627161 -0.9990840373 -0.9067283409 -0.9149899290 0.8771194055 -0.6576970337 -0.8917239719 -0.6203137986 -0.9344848028 0.6986208844 0.6799690090
-0.9992694904 -0.9294592910 -0.8156619563 0.8894157015 -0.9994919850 -0.9064058395 -0.9138496628 0.8758638392 -0.6583975383 -0.8919561225 -0.6180233118 -0.9322766477 0.6953325324 0.6799578617
-0.9984968824 -0.9268593836 -0.8127999421 0.8872009312 -0.9997834118 -0.9060472143 -0.9126502449 0.8745688153 -0.6592310072 -0.8921732929 -0.6158212926 -0.9299741532 0.6920644527 0.6800507750
-0.9974528545 -0.9241569697 -0.8098939907 0.8849144470 -0.9999541420 -0.9056468905 -0.9113869961 0.8732293380 -0.6601880376 -0.8923691944 -0.6137008468 -0.9275739078 0.6888116173 0.6802392966
-0.9961375184 -0.9213488958 -0.8069399771 0.8825522908 -1.0000000000 -0.9051992933 -0.9100552369 0.8718404114 -0.6612592270 -0.8925375381 -0.6116550799 -0.9250725003 0.6855689986 0.6805149741
-0.9945509860 -0.9184320087 -0.8039337760 0.8801105044 -0.9999168102 -0.9046988478 -0.9086502878 0.8703970394 -0.6624351726 -0.8926720351 -0.6096770976 -0.9224665194 0.6823315686 0.6808693552
-0.9926933690 -0.9154031550 -0.8008712624 0.8775851298 -0.9997003968 -0.9041399791 -0.9071674695 0.8688942261 -0.6637064717 -0.8927663967 -0.6077600056 -0.9197525536 0.6790942997 0.6812939877
-0.9905647791 -0.9122591816 -0.7977483110 0.8749722087 -0.9993465843 -0.9035171124 -0.9056021026 0.8673269755 -0.6650637218 -0.8928143340 -0.6058969093 -0.9169271918 0.6758521640 0.6817804192
-0.9881653280 -0.9089969349 -0.7945607966 0.8722677830 -0.9988511970 -0.9028246728 -0.9039495076 0.8656902918 -0.6664975201 -0.8928095581 -0.6040809146 -0.9139870225 0.6726001337 0.6823201973
-0.9854951274 -0.9056132619 -0.7913045943 0.8694678945 -0.9982100592 -0.9020570855 -0.9022050052 0.8639791789 -0.6679984641 -0.8927457803 -0.6023051270 -0.9109286345 0.6693331809 0.6829048697
-0.9825542893 -0.9021050091 -0.7879755787 0.8665685852 -0.9974189953 -0.9012087757 -0.9003639159 0.8621886409 -0.6695571509 -0.8926167116 -0.6005626521 -0.9077486163 0.6660462780 0.6835259842
-0.9793429251 -0.8984690232 -0.7845696247 0.8635658968 -0.9964738296 -0.9002741683 -0.8984215603 0.8603136818 -0.6711641781 -0.8924160633 -0.5988465955 -0.9044435568 0.6627343971 0.6841750884
-0.9758611468 -0.8947021510 -0.7810826072 0.8604558713 -0.9953703865 -0.8992476887 -0.8963732590 0.8583493057 -0.6728101428 -0.8921375466 -0.5971500630 -0.9010100445 0.6593925104 0.6848437299
-0.9721090661 -0.8908012392 -0.7775104010 0.8572345504 -0.9941044904 -0.8981237619 -0.8942143325 0.8562905167 -0.6744856425 -0.8917748725 -0.5954661601 -0.8974446682 0.6560155900 0.6855234565
