-0.6442033224 -0.5774534855 -0.6422069816 0.7332331192 -0.5983086116 -0.8494224687 -0.8094352299 0.6732297588 -0.8329112691 -0.8291384132 -0.9015684480 -0.6967943711 0.7515849591 0.5729800762
-0.6432144342 -0.5778115228 -0.6384366329 0.7277473833 -0.5992762269 -0.8478824228 -0.8067645476 0.6702882907 -0.8309239201 -0.8275638874 -0.8989810770 -0.6957119716 0.7502513860 0.5673149285
-0.6421743469 -0.5781437590 -0.6345967310 0.7221582816 -0.6002170854 -0.8462374102 -0.8039909893 0.6672753203 -0.8288326001 -0.8258891069 -0.8962689314 -0.6945649175 0.7488380986 0.5615842707
-0.6410780631 -0.5784441554 -0.6306840971 0.7164639757 -0.6011247985 -0.8444832817 -0.8011110519 0.6641871991 -0.8266334139 -0.8241098967 -0.8934286722 -0.6933483975 0.7473405799 0.5557860021
-0.6399205855 -0.5787066732 -0.6266955523 0.7106626272 -0.6019929772 -0.8426158879 -0.7981212324 0.6610202786 -0.8243224661 -0.8222220822 -0.8904569602 -0.6920576001 0.7457543133 0.5499180216
-0.6386969165 -0.5789252738 -0.6226279178 0.7047523977 -0.6028152329 -0.8406310794 -0.7950180279 0.6577709100 -0.8218958616 -0.8202214883 -0.8873504563 -0.6906877140 0.7440747821 0.5439782283
-0.6374020589 -0.5790939186 -0.6184780148 0.6987314486 -0.6035851766 -0.8385247070 -0.7917979351 0.6544354449 -0.8193497049 -0.8181039403 -0.8841058215 -0.6892339278 0.7422974694 0.5379645212
-0.6360310152 -0.5792065689 -0.6142426644 0.6925979415 -0.6042964197 -0.8362926212 -0.7884574512 0.6510102345 -0.8166801008 -0.8158652632 -0.8807197166 -0.6876914301 0.7404178586 0.5318747993
-0.6345787880 -0.5792571859 -0.6099186877 0.6863500381 -0.6049425732 -0.8339306728 -0.7849930731 0.6474916303 -0.8138831541 -0.8135012823 -0.8771888024 -0.6860554097 0.7384314328 0.5257069618
-0.6330403799 -0.5792397310 -0.6055029061 0.6799858997 -0.6055172484 -0.8314347124 -0.7814012977 0.6438759838 -0.8109549693 -0.8110078227 -0.8735097400 -0.6843210550 0.7363336753 0.5194589076
-0.6314107934 -0.5791481655 -0.6009921405 0.6735036881 -0.6060140565 -0.8288005906 -0.7776786221 0.6401596463 -0.8078916513 -0.8083807095 -0.8696791902 -0.6824835548 0.7341200693 0.5131285359
-0.6296850313 -0.5789764508 -0.5963832123 0.6669015647 -0.6064266087 -0.8260241581 -0.7738215432 0.6363389691 -0.8046893048 -0.8056157679 -0.8656938138 -0.6805380977 0.7317860982 0.5067137456
-0.6278580959 -0.5787185482 -0.5916729425 0.6601776911 -0.6067485162 -0.8231012657 -0.7698265579 0.6324103038 -0.8013440344 -0.8027088231 -0.8615502718 -0.6784798724 0.7293272451 0.5002124358
-0.6259249901 -0.5783684189 -0.5868581524 0.6533302288 -0.6069733902 -0.8200277638 -0.7656901633 0.6283700017 -0.7978519449 -0.7996557001 -0.8572452251 -0.6763040673 0.7267389932 0.4936225056
-0.6238807162 -0.5779200244 -0.5819356630 0.6463573394 -0.6070948418 -0.8167995032 -0.7614088563 0.6242144142 -0.7942091410 -0.7964522241 -0.8527753345 -0.6740058713 0.7240168259 0.4869418540
-0.6217202770 -0.5773673259 -0.5769022956 0.6392571845 -0.6071064824 -0.8134123346 -0.7569791338 0.6199398927 -0.7904117274 -0.7930942203 -0.8481372609 -0.6715804729 0.7211562263 0.4801683800
-0.6194386750 -0.5767042847 -0.5717548713 0.6320279256 -0.6070019230 -0.8098621085 -0.7523974929 0.6155427886 -0.7864558088 -0.7895775139 -0.8433276653 -0.6690230607 0.7181526778 0.4732999827
-0.6170309112 -0.5759248620 -0.5664902111 0.6246677253 -0.6067746959 -0.8061446755 -0.7476604302 0.6110194543 -0.7823374026 -0.7858979295 -0.8383432082 -0.6663288231 0.7150016638 0.4663345615
-0.6144919931 -0.5750230198 -0.5611051368 0.6171747420 -0.6064186492 -0.8022558869 -0.7427644435 0.6063662382 -0.7780528754 -0.7820512935 -0.8331805515 -0.6634929496 0.7116986667 0.4592700144
-0.6118169183 -0.5739927187 -0.5555964689 0.6095471404 -0.6059271573 -0.7981915927 -0.7377060290 0.6015794948 -0.7735980701 -0.7780334299 -0.8278363551 -0.6605106280 0.7082391707 0.4521042415
-0.6090006911 -0.5728279202 -0.5499610288 0.6017830810 -0.6052939102 -0.7939476436 -0.7324816839 0.5966555744 -0.7689691787 -0.7738401642 -0.8223072802 -0.6573770472 0.7046186587 0.4448351414
-0.6060383141 -0.5715225857 -0.5441956377 0.5938807253 -0.6045125191 -0.7895198905 -0.7270879052 0.5915908284 -0.7641623058 -0.7694673216 -0.8165899876 -0.6540873958 0.7008326139 0.4374606133
-0.6029247899 -0.5700706765 -0.5382971166 0.5858382350 -0.6035765953 -0.7849041839 -0.7215211898 0.5863816082 -0.7591735562 -0.7649107271 -0.8106811384 -0.6506368624 0.6968765195 0.4299785562
-0.5996551210 -0.5684661539 -0.5322622869 0.5776537716 -0.6024797500 -0.7800963746 -0.7157780348 0.5810242652 -0.7539990346 -0.7601662061 -0.8045773933 -0.6470206358 0.6927458589 0.4223868690
-0.5962243100 -0.5667029793 -0.5260879696 0.5693254965 -0.6012155944 -0.7750923131 -0.7098549370 0.5755151508 -0.7486348457 -0.7552295835 -0.7982754133 -0.6432339044 0.6884361153 0.4146834510
-0.5926273596 -0.5647751139 -0.5197709860 0.5608515714 -0.5997777396 -0.7698878501 -0.7037483935 0.5698506165 -0.7430770942 -0.7500966846 -0.7917718593 -0.6392718570 0.6839427719 0.4068662011
-0.5888592724 -0.5626765191 -0.5133081571 0.5522301579 -0.5981597969 -0.7644788363 -0.6974549012 0.5640270136 -0.7373218848 -0.7447633345 -0.7850633922 -0.6351296822 0.6792613119 0.3989330183
-0.5849150508 -0.5604011563 -0.5066963042 0.5434594174 -0.5963553774 -0.7588611224 -0.6909709571 0.5580406935 -0.7313653223 -0.7392253584 -0.7781466727 -0.6308025686 0.6743872186 0.3908818017
-0.5807896976 -0.5579429866 -0.4999322484 0.5345375115 -0.5943580924 -0.7530305590 -0.6842930582 0.5518880076 -0.7252035113 -0.7334785813 -0.7710183620 -0.6262857049 0.6693159753 0.3827104504
-0.5764782153 -0.5552959715 -0.4930128109 0.5254626018 -0.5921615530 -0.7469829967 -0.6774177014 0.5455653074 -0.7188325567 -0.7275188285 -0.7636751207 -0.6215742796 0.6640430652 0.3744168635
