-0.5865299377 -0.6734047429 -0.7444535036 0.6599568474 -0.7503094389 -0.8036241378 -0.6580782458 0.5849878721 -0.8981135621 -0.7949323954 -0.6833741404 -0.6256513070 0.7344168567 0.6234174016
-0.5815654748 -0.6667448353 -0.7405759962 0.6584932991 -0.7521324246 -0.7995040001 -0.6541447356 0.5814989293 -0.8987283776 -0.7908509355 -0.6798893421 -0.6202189480 0.7302428290 0.6190317037
-0.5764535147 -0.6599247624 -0.7365153947 0.6568566718 -0.7537539321 -0.7951893901 -0.6500459774 0.5778583565 -0.8991151082 -0.7865766656 -0.6762327660 -0.6146324959 0.7258886553 0.6144892145
-0.5711905125 -0.6529419333 -0.7322673746 0.6550412522 -0.7551661951 -0.7906760832 -0.6457777484 0.5740617204 -0.8992666000 -0.7821053444 -0.6723998989 -0.6088886574 0.7213501977 0.6097860112
-0.5657729236 -0.6457937573 -0.7278276115 0.6530413267 -0.7563614476 -0.7859598546 -0.6413358258 0.5701045879 -0.8991756989 -0.7774327308 -0.6683862278 -0.6029841389 0.7166233185 0.6049181710
-0.5601972030 -0.6384776433 -0.7231917811 0.6508511819 -0.7573319232 -0.7810364797 -0.6367159871 0.5659825256 -0.8988352509 -0.7725545837 -0.6641872393 -0.5969156470 0.7117038799 0.5998817712
-0.5544598060 -0.6309910006 -0.7183555588 0.6484651043 -0.7580698559 -0.7759017338 -0.6319140094 0.5616911002 -0.8982381022 -0.7674666618 -0.6597984204 -0.5906798882 0.7065877442 0.5946728889
-0.5485571877 -0.6233312382 -0.7133146202 0.6458773805 -0.7585674795 -0.7705513923 -0.6269256701 0.5572258786 -0.8973770987 -0.7621647241 -0.6552152578 -0.5842735691 0.7012707736 0.5892876013
-0.5424858034 -0.6154957653 -0.7080646410 0.6430822970 -0.7588170277 -0.7649812304 -0.6217467464 0.5525824273 -0.8962450864 -0.7566445293 -0.6504332385 -0.5776933962 0.6957488305 0.5837219857
-0.5362421082 -0.6074819911 -0.7026012966 0.6400741404 -0.7588107345 -0.7591870234 -0.6163730157 0.5477563133 -0.8948349115 -0.7509018364 -0.6454478493 -0.5709360760 0.6900177771 0.5779721192
-0.5298225573 -0.5992873245 -0.6969202627 0.6368471971 -0.7585408337 -0.7531645468 -0.6108002553 0.5427431032 -0.8931394198 -0.7449324040 -0.6402545769 -0.5639983150 0.6840734756 0.5720340791
-0.5232236060 -0.5909091749 -0.6910172149 0.6333957537 -0.7579995591 -0.7469095758 -0.6050242423 0.5375383637 -0.8911514575 -0.7387319912 -0.6348489083 -0.5568768199 0.6779117883 0.5659039425
-0.5164417094 -0.5823449512 -0.6848878286 0.6297140968 -0.7571791444 -0.7404178857 -0.5990407542 0.5321376616 -0.8888638705 -0.7322963566 -0.6292263303 -0.5495682971 0.6715285774 0.5595777867
-0.5094733228 -0.5735920626 -0.6785277796 0.6257965129 -0.7560718237 -0.7336852518 -0.5928455682 0.5265365635 -0.8862695050 -0.7256212592 -0.6233823296 -0.5420694532 0.6649197053 0.5530516889
-0.5023149012 -0.5646479183 -0.6719327432 0.6216372885 -0.7546698306 -0.7267074496 -0.5864344616 0.5207306364 -0.8833612069 -0.7187024578 -0.6173123932 -0.5343769948 0.6580810341 0.5463217263
-0.4949628999 -0.5555099274 -0.6650983953 0.6172307102 -0.7529653990 -0.7194802542 -0.5798032117 0.5147154468 -0.8801318222 -0.7115357112 -0.6110120079 -0.5264876282 0.6510084261 0.5393839760
-0.4874137741 -0.5461754990 -0.6580204112 0.6125710645 -0.7509507628 -0.7119994410 -0.5729475958 0.5084865615 -0.8765741970 -0.7041167783 -0.6044766606 -0.5183980602 0.6436977436 0.5322345153
-0.4796639790 -0.5366420422 -0.6506944666 0.6076526380 -0.7486181557 -0.7042607854 -0.5658633911 0.5020395473 -0.8726811773 -0.6964414179 -0.5977018380 -0.5101049972 0.6361448488 0.5248694214
-0.4717099698 -0.5269069661 -0.6431162371 0.6024697171 -0.7459598116 -0.6962600626 -0.5585463750 0.4953699708 -0.8684456091 -0.6885053888 -0.5906830270 -0.5016051457 0.6283456040 0.5172847715
-0.4635482017 -0.5169676800 -0.6352813981 0.5970165884 -0.7429679644 -0.6879930480 -0.5509923247 0.4884733989 -0.8638603385 -0.6803044498 -0.5834157144 -0.4928952124 0.6202958715 0.5094766428
-0.4551751298 -0.5068215928 -0.6271856254 0.5912875385 -0.7396348478 -0.6794555170 -0.5431970176 0.4813453982 -0.8589182114 -0.6718343599 -0.5758953871 -0.4839719037 0.6119915135 0.5014411125
-0.4465872094 -0.4964661138 -0.6188245945 0.5852768539 -0.7359526957 -0.6706432447 -0.5351562309 0.4739815355 -0.8536120740 -0.6630908779 -0.5681175319 -0.4748319262 0.6034283923 0.4931742578
-0.4377808956 -0.4858986520 -0.6101939809 0.5789788211 -0.7319137419 -0.6615520066 -0.5268657420 0.4663773775 -0.8479347722 -0.6540697625 -0.5600776357 -0.4654719864 0.5946023700 0.4846721559
-0.4287526437 -0.4751166167 -0.6012894602 0.5723877267 -0.7275102203 -0.6521775779 -0.5183213280 0.4585284910 -0.8418791521 -0.6447667726 -0.5517711853 -0.4558887908 0.5855093091 0.4759308841
-0.4194989088 -0.4641174168 -0.5921067081 0.5654978572 -0.7227343646 -0.6425157340 -0.5095187663 0.4504304426 -0.8354380597 -0.6351776671 -0.5431936675 -0.4460790461 0.5761450717 0.4669465195
-0.4100161461 -0.4528984616 -0.5826414000 0.5583034992 -0.7175784088 -0.6325622503 -0.5004538343 0.4420787992 -0.8286043411 -0.6252982049 -0.5343405691 -0.4360394586 0.5665055201 0.4577151393
-0.4003008109 -0.4414571601 -0.5728892115 0.5507989391 -0.7120345866 -0.6223129019 -0.4911223091 0.4334691274 -0.8213708421 -0.6151241446 -0.5252073771 -0.4257667351 0.5565865166 0.4482328208
-0.3903493583 -0.4297909216 -0.5628458183 0.5429784635 -0.7060951318 -0.6117634643 -0.4815199681 0.4245969941 -0.8137304090 -0.6046512452 -0.5157895782 -0.4152575819 0.5463839233 0.4384956411
-0.3801582434 -0.4178971550 -0.5525068958 0.5348363590 -0.6997522783 -0.6009097128 -0.4716425885 0.4154579658 -0.8056758876 -0.5938752656 -0.5060826593 -0.4045087057 0.5358936027 0.4284996775
-0.3697239216 -0.4057732697 -0.5418681197 0.5263669121 -0.6929982600 -0.5897474227 -0.4614859477 0.4060476094 -0.7972001241 -0.5827919645 -0.4960821072 -0.3935168129 0.5251114168 0.4182410071
