-0.8199166635 -0.8103664336 -0.9467416780 0.7585091407 -0.8329110740 -0.8598169245 -0.8637549018 0.9489318410 -0.9876622580 -0.8493742866 -0.7838346048 -0.7514692571 0.8493156753 0.7746986761
-0.8175623648 -0.8083341597 -0.9449415403 0.7569617833 -0.8320434738 -0.8592097760 -0.8628287311 0.9471083663 -0.9860276275 -0.8491779528 -0.7821719344 -0.7502725679 0.8478601192 0.7732724554
-0.8151880085 -0.8062920803 -0.9430798168 0.7554355369 -0.8311795688 -0.8586003113 -0.8618923690 0.9452219441 -0.9842868041 -0.8489916624 -0.7805176563 -0.7491067660 0.8463899665 0.7718630318
-0.8127915975 -0.8042379308 -0.9411549753 0.7539274927 -0.8303164962 -0.8579856749 -0.8609431892 0.9432710711 -0.9824390208 -0.8488122304 -0.7788690986 -0.7479686730 0.8449028358 0.7704675234
-0.8103711347 -0.8021694469 -0.9391654834 0.7524347416 -0.8294513934 -0.8573630114 -0.8599785655 0.9412542442 -0.9804835103 -0.8486364713 -0.7772235896 -0.7468551105 0.8433963458 0.7690830484
-0.8079246229 -0.8000843640 -0.9371098089 0.7509543748 -0.8285813974 -0.8567294654 -0.8589958717 0.9391699601 -0.9784195058 -0.8484612000 -0.7755784575 -0.7457629002 0.8418681151 0.7677067249
-0.8054500651 -0.7979804178 -0.9349864193 0.7494834833 -0.8277036455 -0.8560821814 -0.8579924815 0.9370167154 -0.9762462402 -0.8482832313 -0.7739310304 -0.7446888637 0.8403157624 0.7663356714
-0.8029454642 -0.7958553437 -0.9327937824 0.7480191581 -0.8268152749 -0.8554183040 -0.8569657685 0.9347930069 -0.9739629465 -0.8480993799 -0.7722786366 -0.7436298227 0.8387369064 0.7649670058
-0.8004088229 -0.7937068774 -0.9305303660 0.7465584903 -0.8259134228 -0.8547349777 -0.8559131066 0.9324973314 -0.9715688576 -0.8479064605 -0.7706186043 -0.7425825988 0.8371291655 0.7635978464
-0.7978381442 -0.7915327544 -0.9281946376 0.7450985710 -0.8249952265 -0.8540293471 -0.8548318696 0.9301281856 -0.9690632065 -0.8477012879 -0.7689482617 -0.7415440136 0.8354901586 0.7622253115
-0.7952314311 -0.7893307103 -0.9257850649 0.7436364913 -0.8240578231 -0.8532985567 -0.8537194310 0.9276840661 -0.9664452262 -0.8474806768 -0.7672649370 -0.7405108887 0.8338175043 0.7608465192
-0.7925866863 -0.7870984805 -0.9233001157 0.7421693421 -0.8230983498 -0.8525397512 -0.8525731648 0.9251634699 -0.9637141496 -0.8472414420 -0.7655659583 -0.7394800458 0.8321088211 0.7594585877
-0.7899019128 -0.7848338007 -0.9207382577 0.7406942145 -0.8221139439 -0.8517500750 -0.8513904445 0.9225648935 -0.9608692097 -0.8469803983 -0.7638486540 -0.7384483066 0.8303617278 0.7580586352
-0.7871751134 -0.7825344064 -0.9180979585 0.7392081997 -0.8211017426 -0.8509266728 -0.8501686441 0.9198868338 -0.9579096395 -0.8466943604 -0.7621103522 -0.7374124927 0.8285738430 0.7566437800
-0.7844042911 -0.7801980332 -0.9153776858 0.7377083886 -0.8200588831 -0.8500666890 -0.8489051371 0.9171277874 -0.9548346719 -0.8463801431 -0.7603483811 -0.7363694257 0.8267427854 0.7552111403
-0.7815874487 -0.7778224166 -0.9125759074 0.7361918723 -0.8189825026 -0.8491672683 -0.8475972974 0.9142862511 -0.9516435399 -0.8460345611 -0.7585600688 -0.7353159272 0.8248661735 0.7537578341
-0.7787225891 -0.7754052922 -0.9096910908 0.7346557419 -0.8178697383 -0.8482255552 -0.8462424987 0.9113607216 -0.9483354765 -0.8456544291 -0.7567427437 -0.7342488189 0.8229416261 0.7522809798
-0.7758077153 -0.7729443955 -0.9067217039 0.7330970884 -0.8167177275 -0.8472386942 -0.8448381147 0.9083496956 -0.9449097146 -0.8452365620 -0.7548937339 -0.7331649224 0.8209667618 0.7507776956
-0.7728408300 -0.7704374620 -0.9036662142 0.7315130029 -0.8155236073 -0.8462038299 -0.8433815191 0.9052516700 -0.9413654873 -0.8447777744 -0.7530103677 -0.7320610593 0.8189391992 0.7492450996
-0.7698199362 -0.7678822275 -0.9005230895 0.7299005765 -0.8142845149 -0.8451181069 -0.8418700858 0.9020651414 -0.9377020274 -0.8442748812 -0.7510899731 -0.7309340514 0.8168565569 0.7476803100
-0.7667430367 -0.7652764273 -0.8972907974 0.7282569001 -0.8129975877 -0.8439786698 -0.8403011885 0.8987886066 -0.9339185679 -0.8437246970 -0.7491298785 -0.7297807202 0.8147164538 0.7460804451
-0.7636081345 -0.7626177970 -0.8939678057 0.7265790650 -0.8116599626 -0.8427826630 -0.8386722008 0.8954205622 -0.9300143418 -0.8431240367 -0.7471274120 -0.7285978874 0.8125165082 0.7444426231
-0.7604132324 -0.7599040722 -0.8905525821 0.7248641620 -0.8102687771 -0.8415272311 -0.8369804966 0.8919595051 -0.9259885822 -0.8424697149 -0.7450799019 -0.7273823745 0.8102543391 0.7427639621
-0.7571563334 -0.7571329885 -0.8870435941 0.7231092824 -0.8088211683 -0.8402095188 -0.8352234496 0.8884039319 -0.9218405218 -0.8417585465 -0.7429846762 -0.7261310033 0.8079275648 0.7410415804
-0.7538354402 -0.7543022814 -0.8834393096 0.7213115170 -0.8073142735 -0.8388266705 -0.8333984335 0.8847523394 -0.9175693938 -0.8409873462 -0.7408390634 -0.7248405954 0.8055338042 0.7392725962
-0.7504485558 -0.7514096865 -0.8797381962 0.7194679571 -0.8057452297 -0.8373758308 -0.8315028220 0.8810032244 -0.9131744310 -0.8401529288 -0.7386403914 -0.7235079724 0.8030706759 0.7374541276
-0.7469936832 -0.7484529392 -0.8759387216 0.7175756936 -0.8041111743 -0.8358541443 -0.8295339890 0.8771550835 -0.9086548665 -0.8392521089 -0.7363859887 -0.7221299560 0.8005357985 0.7355832929
-0.7434688251 -0.7454297752 -0.8720393535 0.7156318177 -0.8024092444 -0.8342587556 -0.8274893081 0.8732064136 -0.9040099332 -0.8382817014 -0.7340731832 -0.7207033677 0.7979267906 0.7336572103
-0.7398719844 -0.7423379301 -0.8680385596 0.7136334203 -0.8006365774 -0.8325868091 -0.8253661531 0.8691557112 -0.8992388640 -0.8372385210 -0.7316993034 -0.7192250293 0.7952412709 0.7316729979
-0.7362011641 -0.7391751393 -0.8639348075 0.7115775925 -0.7987903103 -0.8308354495 -0.8231618977 0.8650014732 -0.8943408920 -0.8361193824 -0.7292616773 -0.7176917623 0.7924768581 0.7296277740
