-0.7978002619 -0.9059491615 -0.8297800524 0.6943878067 -0.6074678142 -0.8674237373 -0.7910256983 0.7388065392 -0.7252734926 -0.8617742248 -0.7853050957 -0.8348299098 0.8367283078 0.7924419818
-0.7937953891 -0.9039176607 -0.8273099905 0.6896218101 -0.6022680841 -0.8658486855 -0.7874510713 0.7340550375 -0.7226058548 -0.8600662072 -0.7818411201 -0.8315681587 0.8342726744 0.7886356664
-0.7899088796 -0.9019203101 -0.8249811664 0.6851112443 -0.5974493384 -0.8643960123 -0.7840278993 0.7294844008 -0.7202466800 -0.8584834666 -0.7785438538 -0.8283993244 0.8319472255 0.7849667693
-0.7861371886 -0.8999545189 -0.8227892558 0.6808503958 -0.5930038112 -0.8630614931 -0.7807519599 0.7250901957 -0.7181888142 -0.8570217621 -0.7754087838 -0.8253201133 0.8297478234 0.7814313678
-0.7824767713 -0.8980176961 -0.8207299341 0.6768335511 -0.5889237361 -0.8618409031 -0.7776190302 0.7208679890 -0.7164251036 -0.8556768523 -0.7724313968 -0.8223272320 0.8276703303 0.7780255389
-0.7789240829 -0.8961072509 -0.8187988769 0.6730549968 -0.5852013470 -0.8607300178 -0.7746248875 0.7168133475 -0.7149483940 -0.8544444961 -0.7696071797 -0.8194173869 0.8257106086 0.7747453599
-0.7754755787 -0.8942205925 -0.8169917599 0.6695090193 -0.5818288778 -0.8597246123 -0.7717653091 0.7129218378 -0.7137515316 -0.8533204524 -0.7669316193 -0.8165872847 0.8238645204 0.7715869081
-0.7721277137 -0.8923551299 -0.8153042586 0.6661899053 -0.5787985622 -0.8588204622 -0.7690360723 0.7091890268 -0.7128273623 -0.8523004800 -0.7644002025 -0.8138336319 0.8221279281 0.7685462606
-0.7688769432 -0.8905082722 -0.8137320485 0.6630919413 -0.5761026342 -0.8580133426 -0.7664329545 0.7056104811 -0.7121687323 -0.8513803377 -0.7620084161 -0.8111531350 0.8204966939 0.7656194946
-0.7657197224 -0.8886774287 -0.8122708053 0.6602094137 -0.5737333275 -0.8572990289 -0.7639517328 0.7021817675 -0.7117684874 -0.8505557844 -0.7597517468 -0.8085425005 0.8189666800 0.7628026873
-0.7626525065 -0.8868600084 -0.8109162045 0.6575366093 -0.5716828759 -0.8566732964 -0.7615881846 0.6988984527 -0.7116194738 -0.8498225789 -0.7576256817 -0.8059984350 0.8175337487 0.7600919160
-0.7596717507 -0.8850534205 -0.8096639217 0.6550678144 -0.5699435133 -0.8561319204 -0.7593380872 0.6957561035 -0.7117145375 -0.8491764801 -0.7556257075 -0.8035176450 0.8161937623 0.7574832578
-0.7567739101 -0.8832550741 -0.8085096324 0.6527973156 -0.5685074736 -0.8556706763 -0.7571972178 0.6927502865 -0.7120465245 -0.8486132467 -0.7537473110 -0.8010968371 0.8149425829 0.7549727900
-0.7539554399 -0.8814623783 -0.8074490123 0.6507193995 -0.5673669905 -0.8552853394 -0.7551613538 0.6898765686 -0.7126082808 -0.8481286377 -0.7519859791 -0.7987327178 0.8137760730 0.7525565898
-0.7512127954 -0.8796727422 -0.8064777369 0.6488283526 -0.5665142978 -0.8549716849 -0.7532262724 0.6871305164 -0.7133926524 -0.8477184118 -0.7503371987 -0.7964219936 0.8126900947 0.7502307343
-0.7485424318 -0.8778835750 -0.8055914818 0.6471184614 -0.5659416295 -0.8547254883 -0.7513877509 0.6845076967 -0.7143924855 -0.8473783280 -0.7487964564 -0.7941613710 0.8116805103 0.7479913007
-0.7459408041 -0.8760922858 -0.8047859226 0.6455840125 -0.5656412193 -0.8545425248 -0.7496415667 0.6820036763 -0.7156006259 -0.8471041450 -0.7473592393 -0.7919475567 0.8107431821 0.7458343664
-0.7434043677 -0.8742962837 -0.8040567347 0.6442192924 -0.5656053011 -0.8544185698 -0.7479834969 0.6796140218 -0.7170099198 -0.8468916216 -0.7460210342 -0.7897772571 0.8098739722 0.7437560084
-0.7409295777 -0.8724929778 -0.8033995939 0.6430185877 -0.5658261087 -0.8543493985 -0.7464093190 0.6773343000 -0.7186132132 -0.8467365168 -0.7447773277 -0.7876471788 0.8090687431 0.7417523040
-0.7385128893 -0.8706797773 -0.8028101757 0.6419761848 -0.5662958759 -0.8543307864 -0.7449148102 0.6751600776 -0.7204033520 -0.8466345893 -0.7436236069 -0.7855540283 0.8083233568 0.7398193304
-0.7361507578 -0.8688540914 -0.8022841556 0.6410863704 -0.5670068365 -0.8543585087 -0.7434957477 0.6730869214 -0.7223731824 -0.8465815980 -0.7425553586 -0.7834945122 0.8076336757 0.7379531648
-0.7338396382 -0.8670133290 -0.8018172093 0.6403434310 -0.5679512245 -0.8544283407 -0.7421479089 0.6711103981 -0.7245155503 -0.8465733017 -0.7415680695 -0.7814653369 0.8069955621 0.7361498844
-0.7315759858 -0.8651548994 -0.8014050122 0.6397416530 -0.5691212735 -0.8545360578 -0.7408670711 0.6692260744 -0.7268233018 -0.8466054593 -0.7406572266 -0.7794632091 0.8064048782 0.7344055664
-0.7293562557 -0.8632762117 -0.8010432400 0.6392753231 -0.5705092175 -0.8546774352 -0.7396490115 0.6674295171 -0.7292892829 -0.8466738296 -0.7398183166 -0.7774848353 0.8058574862 0.7327162880
-0.7271769033 -0.8613746750 -0.8007275683 0.6389387278 -0.5721072903 -0.8548482484 -0.7384895074 0.6657162929 -0.7319063397 -0.8467741714 -0.7390468264 -0.7755269219 0.8053492484 0.7310781264
-0.7250343836 -0.8594476984 -0.8004536726 0.6387261535 -0.5739077256 -0.8550442726 -0.7373843362 0.6640819685 -0.7346673181 -0.8469022436 -0.7383382429 -0.7735861756 0.8048760271 0.7294871588
-0.7229251519 -0.8574926911 -0.8002172285 0.6386318870 -0.5759027574 -0.8552612832 -0.7363292751 0.6625221107 -0.7375650642 -0.8470538050 -0.7376880528 -0.7716593029 0.8044336846 0.7279394625
-0.7208456633 -0.8555070622 -0.8000139116 0.6386502146 -0.5780846195 -0.8554950554 -0.7353201014 0.6610322862 -0.7405924240 -0.8472246145 -0.7370917431 -0.7697430103 0.8040180830 0.7264311146
-0.7187923731 -0.8534882208 -0.7998393974 0.6387754229 -0.5804455456 -0.8557413646 -0.7343525924 0.6596080618 -0.7437422435 -0.8474104308 -0.7365448004 -0.7678340043 0.8036250846 0.7249581924
-0.7167617364 -0.8514335760 -0.7996893616 0.6390017985 -0.5829777697 -0.8559959861 -0.7334225255 0.6582450041 -0.7470073688 -0.8476070129 -0.7360427118 -0.7659289915 0.8032505518 0.7235167729
