-0.7874467156 -0.8119563116 -0.8453654371 0.9960321825 -0.9381870175 0.8199945526 -0.9995080457 0.7971308347 -0.8412980320 0.9708048938 -0.9996666816 -0.9029912287 0.8862852855 0.8588120535
-0.7806170500 -0.8053132392 -0.8404021369 0.9963467448 -0.9360718048 0.8152465607 -0.9997682358 0.7910149367 -0.8365464036 0.9706859875 -0.9998397841 -0.9056522312 0.8819170910 0.8541150212
-0.7739548216 -0.7987735926 -0.8355555752 0.9966657590 -0.9339819921 0.8107103856 -0.9999325721 0.7850863403 -0.8319392552 0.9706306174 -0.9999514475 -0.9083446076 0.8775787722 0.8495111723
-0.7674560052 -0.7923344556 -0.8308221611 0.9969863056 -0.9319149042 0.8063806623 -1.0000000000 0.7793404769 -0.8274724395 0.9706349034 -1.0000000000 -0.9110645356 0.8732681550 0.8449972731
-0.7611165754 -0.7859929118 -0.8261983039 0.9973054654 -0.9298678660 0.8022520253 -0.9999694653 0.7737727775 -0.8231418098 0.9706949654 -0.9999837693 -0.9138081930 0.8689830652 0.8405700899
-0.7549325068 -0.7797460449 -0.8216804127 0.9976203187 -0.9278382024 0.7983191094 -0.9998399137 0.7683786733 -0.8189432189 0.9708069232 -0.9999010834 -0.9165717577 0.8647213287 0.8362263890
-0.7488997741 -0.7735909386 -0.8172648968 0.9979279464 -0.9258232383 0.7945765493 -0.9996102907 0.7631535956 -0.8148725199 0.9709668968 -0.9997502701 -0.9193514073 0.8604807714 0.8319629366
-0.7430143520 -0.7675246766 -0.8129481654 0.9982254289 -0.9238202987 0.7910189797 -0.9992795420 0.7580929756 -0.8109255658 0.9711710059 -0.9995296574 -0.9221433197 0.8562592191 0.8277764990
-0.7372722150 -0.7615443426 -0.8087266277 0.9985098468 -0.9218267084 0.7876410354 -0.9988466133 0.7531922444 -0.8070982096 0.9714153706 -0.9992375732 -0.9249436727 0.8520544976 0.8236638424
-0.7316693379 -0.7556470204 -0.8045966928 0.9987782807 -0.9198397924 0.7844373510 -0.9983104502 0.7484468333 -0.8033863044 0.9716961106 -0.9988723453 -0.9277486441 0.8478644329 0.8196217332
-0.7262016954 -0.7498297935 -0.8005547699 0.9990278113 -0.9178568754 0.7814025613 -0.9976699983 0.7438521735 -0.7997857030 0.9720093459 -0.9984323017 -0.9305544115 0.8436868507 0.8156469376
-0.7208652620 -0.7440897458 -0.7965972683 0.9992555190 -0.9158752826 0.7785313010 -0.9969242034 0.7394036961 -0.7962922586 0.9723511964 -0.9979157702 -0.9333571529 0.8395195769 0.8117362219
-0.7156560124 -0.7384239609 -0.7927205972 0.9994584846 -0.9138923387 0.7758182048 -0.9960720109 0.7350968323 -0.7929018241 0.9727177819 -0.9973210788 -0.9361530459 0.8353604374 0.8078863524
-0.7105699214 -0.7328295224 -0.7889211658 0.9996337885 -0.9119053686 0.7732579074 -0.9951123667 0.7309270134 -0.7896102526 0.9731052222 -0.9966465553 -0.9389382685 0.8312072581 0.8040940953
-0.7056029634 -0.7273035142 -0.7851953832 0.9997785114 -0.9099116973 0.7708450436 -0.9940442162 0.7268896705 -0.7864133970 0.9735096374 -0.9958905276 -0.9417089983 0.8270578647 0.8003562168
-0.7007511133 -0.7218430198 -0.7815396587 0.9998897339 -0.9079086497 0.7685742480 -0.9928665053 0.7229802348 -0.7833071104 0.9739271473 -0.9950513238 -0.9444614131 0.8229100832 0.7966694834
-0.6960103456 -0.7164451231 -0.7779504014 0.9999645366 -0.9058935507 0.7664401554 -0.9915781794 0.7191941376 -0.7802872457 0.9743538717 -0.9941272715 -0.9471916908 0.8187617393 0.7930306612
-0.6913766351 -0.7111069076 -0.7744240206 1.0000000000 -0.9038637251 0.7644374004 -0.9901781843 0.7155268100 -0.7773496561 0.9747859305 -0.9931166988 -0.9498960090 0.8146106590 0.7894365165
-0.6868459563 -0.7058254572 -0.7709569254 0.9999932048 -0.9018164979 0.7625606178 -0.9886654656 0.7119736832 -0.7744901944 0.9752194437 -0.9920179336 -0.9525705457 0.8104546681 0.7858838156
-0.6824142839 -0.7005978554 -0.7675455251 0.9999412314 -0.8997491940 0.7608044424 -0.9870389689 0.7085301884 -0.7717047138 0.9756505310 -0.9908293037 -0.9552114785 0.8062915925 0.7823693247
-0.6780775926 -0.6954211860 -0.7641862289 0.9998411607 -0.8976591383 0.7591635088 -0.9852976400 0.7051917569 -0.7689890671 0.9760753125 -0.9895491370 -0.9578149853 0.8021192579 0.7788898102
-0.6738318571 -0.6902925327 -0.7608754459 0.9996900730 -0.8955436557 0.7576324517 -0.9834404244 0.7019538198 -0.7663391075 0.9764899079 -0.9881757615 -0.9603772438 0.7979354903 0.7754420383
-0.6696730520 -0.6852089791 -0.7576095854 0.9994850490 -0.8934000712 0.7562059059 -0.9814662677 0.6988118083 -0.7637506880 0.9768904372 -0.9867075050 -0.9628944319 0.7937381156 0.7720227752
-0.6655971519 -0.6801676091 -0.7543850565 0.9992231694 -0.8912257095 0.7548785060 -0.9793741157 0.6957611535 -0.7612196614 0.9772730202 -0.9851426954 -0.9653627272 0.7895249595 0.7686287873
-0.6616001315 -0.6751655062 -0.7511982685 0.9989015146 -0.8890178956 0.7536448868 -0.9771629139 0.6927972868 -0.7587418809 0.9776337768 -0.9834796607 -0.9677783076 0.7852938479 0.7652568408
-0.6576779655 -0.6701997542 -0.7480456305 0.9985171653 -0.8867739545 0.7524996831 -0.9748316081 0.6899156393 -0.7563131995 0.9779688269 -0.9817167287 -0.9701373510 0.7810426067 0.7619037020
-0.6538266285 -0.6652674367 -0.7449235518 0.9980672021 -0.8844912109 0.7514375294 -0.9723791438 0.6871116422 -0.7539294702 0.9782742904 -0.9798522273 -0.9724360349 0.7767690617 0.7585661372
-0.6500420952 -0.6603656375 -0.7418284416 0.9975487055 -0.8821669899 0.7504530606 -0.9698044667 0.6843807267 -0.7515865459 0.9785462872 -0.9778844844 -0.9746705373 0.7724710388 0.7552409126
-0.6463203402 -0.6554914403 -0.7387567089 0.9969587562 -0.8797986164 0.7495409114 -0.9671065225 0.6817183240 -0.7492802797 0.9787809371 -0.9758118280 -0.9768370359 0.7681463638 0.7519247945
-0.6426573382 -0.6506419288 -0.7357047632 0.9962944348 -0.8773834152 0.7486957164 -0.9642842567 0.6791198652 -0.7470065246 0.9789743601 -0.9736325859 -0.9789317086 0.7637928626 0.7486145492
