-0.6045505933 -0.6529361663 -0.8001783985 0.9504130125 -0.5914175375 -0.8036101395 -0.7090142274 0.6866875326 -0.5742207927 -0.8313718403 -0.7007136333 -0.9040098605 0.6486861133 0.7152164101
-0.6009935631 -0.6526799501 -0.7960557040 0.9478131665 -0.5951832105 -0.8018668921 -0.7054823467 0.6854259123 -0.5798434085 -0.8290763056 -0.6985876783 -0.9005878537 0.6472320054 0.7117801905
-0.5973635898 -0.6523558690 -0.7918143330 0.9450688458 -0.5989137108 -0.8000155475 -0.7018546604 0.6840842125 -0.5854434802 -0.8266639352 -0.6963744407 -0.8970276646 0.6457052616 0.7082472564
-0.5936573710 -0.6519586474 -0.7874516499 0.9421767105 -0.6026011648 -0.7980519970 -0.6981280185 0.6826578368 -0.5910119528 -0.8241310084 -0.6940698839 -0.8933263896 0.6441013438 0.7046144086
-0.5898716038 -0.6514830098 -0.7829650187 0.9391334211 -0.6062376990 -0.7959721321 -0.6942992714 0.6811421887 -0.5965397713 -0.8214738045 -0.6916699710 -0.8894811251 0.6424157138 0.7008784477
-0.5860029855 -0.6509236809 -0.7783518038 0.9359356378 -0.6098154397 -0.7937718441 -0.6903652690 0.6795326719 -0.6020178807 -0.8186886029 -0.6891706654 -0.8854889674 0.6406438336 0.6970361744
-0.5820482136 -0.6502753849 -0.7736093694 0.9325800211 -0.6133265135 -0.7914470245 -0.6863228616 0.6778246900 -0.6074372260 -0.8157716828 -0.6865679302 -0.8813470127 0.6387811652 0.6930843896
-0.5780039852 -0.6495328466 -0.7687350797 0.9290632313 -0.6167630468 -0.7889935646 -0.6821688992 0.6760136465 -0.6127887521 -0.8127193236 -0.6838577287 -0.8770523576 0.6368231703 0.6890198937
-0.5738669978 -0.6486907903 -0.7637262990 0.9253819287 -0.6201171660 -0.7864073559 -0.6779002320 0.6740949451 -0.6180634040 -0.8095278044 -0.6810360242 -0.8726020982 0.6347653110 0.6848394877
-0.5696339485 -0.6477439406 -0.7585803914 0.9215327736 -0.6233809976 -0.7836842896 -0.6735137103 0.6720639893 -0.6232521267 -0.8061934047 -0.6780987798 -0.8679933309 0.6326030492 0.6805399722
-0.5653015348 -0.6466870219 -0.7532947213 0.9175124265 -0.6265466681 -0.7808202573 -0.6690061840 0.6699161828 -0.6283458652 -0.8027124038 -0.6750419589 -0.8632231521 0.6303318467 0.6761181478
-0.5608664539 -0.6455147589 -0.7478666529 0.9133175476 -0.6296063039 -0.7778111503 -0.6643745033 0.6676469292 -0.6333355645 -0.7990810809 -0.6718615245 -0.8582886580 0.6279471655 0.6715708154
-0.5563254031 -0.6442218759 -0.7422935503 0.9089447973 -0.6325520315 -0.7746528599 -0.6596155185 0.6652516320 -0.6382121695 -0.7952957153 -0.6685534401 -0.8531869451 0.6254444674 0.6668947755
-0.5516750794 -0.6428030974 -0.7365727779 0.9043908361 -0.6353759465 -0.7713412776 -0.6547260795 0.6627256951 -0.6429666008 -0.7913525864 -0.6651136688 -0.8479151095 0.6228192146 0.6620868291
-0.5469121811 -0.6412531481 -0.7307016999 0.8996523238 -0.6380702677 -0.7678722949 -0.6497030367 0.6600645215 -0.6475898767 -0.7872479734 -0.6615381739 -0.8424702477 0.6200668686 0.6571437765
-0.5420334045 -0.6395667523 -0.7246776804 0.8947259213 -0.6406270292 -0.7642418030 -0.6445432400 0.6572635153 -0.6520728688 -0.7829781557 -0.6578229186 -0.8368494560 0.6171828916 0.6520624188
-0.5370354472 -0.6377386346 -0.7184980838 0.8896082887 -0.6430383883 -0.7604456933 -0.6392435397 0.6543180799 -0.6564065466 -0.7785394126 -0.6539638661 -0.8310498307 0.6141627454 0.6468395564
-0.5319150066 -0.6357635195 -0.7121602742 0.8842960865 -0.6452964714 -0.7564798573 -0.6338007859 0.6512236190 -0.6605818551 -0.7739280233 -0.6499569797 -0.8250684682 0.6110018919 0.6414719903
-0.5266687800 -0.6336361315 -0.7056616159 0.8787859749 -0.6473934050 -0.7523401864 -0.6282118287 0.6479755362 -0.6645897392 -0.7691402671 -0.6457982226 -0.8189024647 0.6076957931 0.6359565209
-0.5212934647 -0.6313511951 -0.6989994732 0.8730746143 -0.6493213156 -0.7480225718 -0.6224735182 0.6445692350 -0.6684211439 -0.7641724235 -0.6414835581 -0.8125489167 0.6042399109 0.6302899492
-0.5157857579 -0.6289034348 -0.6921712102 0.8671586650 -0.6510723295 -0.7435229051 -0.6165827047 0.6410001191 -0.6720670143 -0.7590207715 -0.6370089494 -0.8060049203 0.6006297072 0.6244690757
-0.5101423570 -0.6262875751 -0.6851741912 0.8610347874 -0.6526385732 -0.7388370776 -0.6105362383 0.6372635920 -0.6755182952 -0.7536815907 -0.6323703597 -0.7992675721 0.5968606438 0.6184907012
-0.5043599593 -0.6234983404 -0.6780057805 0.8546996418 -0.6540121732 -0.7339609807 -0.6043309690 0.6333550574 -0.6787659316 -0.7481511602 -0.6275637523 -0.7923339682 0.5929281828 0.6123516264
-0.4984352621 -0.6205304554 -0.6706633422 0.8481498886 -0.6551852559 -0.7288905058 -0.5979637471 0.6292699188 -0.6818008686 -0.7424257594 -0.6225850904 -0.7852012050 0.5888277859 0.6060486520
-0.4923649627 -0.6173786445 -0.6631442406 0.8413821881 -0.6561499479 -0.7236215443 -0.5914314227 0.6250035799 -0.6846140511 -0.7365016676 -0.6174303373 -0.7778663789 0.5845549152 0.5995785787
-0.4861457584 -0.6140376321 -0.6554458400 0.8343932006 -0.6568983754 -0.7181499875 -0.5847308458 0.6205514442 -0.6871964242 -0.7303751641 -0.6120954561 -0.7703265862 0.5801050325 0.5929382072
-0.4797743465 -0.6105021429 -0.6475655045 0.8271795865 -0.6574226651 -0.7124717270 -0.5778588668 0.6159089154 -0.6895389327 -0.7240425281 -0.6065764102 -0.7625789232 0.5754735998 0.5861243382
-0.4732474243 -0.6067669013 -0.6395005984 0.8197380061 -0.6577149433 -0.7065826539 -0.5708123356 0.6110713970 -0.6916325217 -0.7175000390 -0.6008691627 -0.7546204863 0.5706560789 0.5791337724
-0.4665616892 -0.6028266318 -0.6312484860 0.8120651198 -0.6577673365 -0.7004786599 -0.5635881025 0.6060342926 -0.6934681361 -0.7107439761 -0.5949696770 -0.7464483717 0.5656479318 0.5719633106
-0.4597138384 -0.5986760589 -0.6228065314 0.8041575880 -0.6575719711 -0.6941556362 -0.5561830176 0.6007930059 -0.6950367210 -0.7037706187 -0.5888739162 -0.7380596758 0.5604446204 0.5646097534
