-0.9369923260 -0.8258646902 -0.8488659727 0.7860690619 -0.8237430764 -0.8466832893 -0.9993851179 0.9805920163 -0.8531473919 -0.6629333715 -0.9082704255 -0.8945811111 0.9882223870 0.9449698853
-0.9368644980 -0.8212359588 -0.8456506343 0.7827292297 -0.8205210312 -0.8427380643 -0.9991060475 0.9818600447 -0.8509987796 -0.6558626494 -0.9075010570 -0.8916504720 0.9868561119 0.9439394970
-0.9367843192 -0.8165968844 -0.8424565691 0.7794763702 -0.8173482979 -0.8387868597 -0.9987731679 0.9830970662 -0.8489100404 -0.6488657861 -0.9067855890 -0.8887011783 0.9854133829 0.9429110259
-0.9367494775 -0.8119468689 -0.8392824424 0.7763081990 -0.8142231274 -0.8348288831 -0.9983857172 0.9843017321 -0.8468790652 -0.6419414000 -0.9061217387 -0.8857324326 0.9838939736 0.9418830089
-0.9367576611 -0.8072853144 -0.8361269193 0.7732224315 -0.8111437710 -0.8308633420 -0.9979429335 0.9854726933 -0.8449037445 -0.6350881094 -0.9055072234 -0.8827434375 0.9822976573 0.9408539831
-0.9368065578 -0.8026116230 -0.8329886650 0.7702167833 -0.8081084796 -0.8268894441 -0.9974440548 0.9866086012 -0.8429819693 -0.6283045328 -0.9049397604 -0.8797333958 0.9806242076 0.9398224854
-0.9368938558 -0.7979251968 -0.8298663448 0.7672889700 -0.8051155045 -0.8229063970 -0.9968883192 0.9877081068 -0.8411116302 -0.6215892887 -0.9044170669 -0.8767015100 0.9788733980 0.9387870528
-0.9370172431 -0.7932254377 -0.8267586239 0.7644367069 -0.8021630967 -0.8189134082 -0.9962749649 0.9887698613 -0.8392906180 -0.6149409955 -0.9039368602 -0.8736469830 0.9770450018 0.9377462222
-0.9371744078 -0.7885117479 -0.8236641674 0.7616577098 -0.7992495073 -0.8149096853 -0.9956032297 0.9897925159 -0.8375168234 -0.6083582716 -0.9034968576 -0.8705690172 0.9751387925 0.9366985306
-0.9373630378 -0.7837835294 -0.8205816407 0.7589496940 -0.7963729874 -0.8108944359 -0.9948723519 0.9907747217 -0.8357881372 -0.6018397355 -0.9030947763 -0.8674668153 0.9731545435 0.9356425151
-0.9375808212 -0.7790401842 -0.8175097088 0.7563103752 -0.7935317881 -0.8068668676 -0.9940815695 0.9917151298 -0.8341024502 -0.5953840055 -0.9027283337 -0.8643395802 0.9710920285 0.9345767125
-0.9378254461 -0.7742811144 -0.8144470371 0.7537374689 -0.7907241605 -0.8028261879 -0.9932301205 0.9926123915 -0.8324576531 -0.5889897002 -0.9023952470 -0.8611865143 0.9689510207 0.9334996598
-0.9380946004 -0.7695057220 -0.8113922907 0.7512286905 -0.7879483558 -0.7987716046 -0.9923172431 0.9934651579 -0.8308516367 -0.5826554379 -0.9020932335 -0.8580068203 0.9667312936 0.9324098941
-0.9383859723 -0.7647134091 -0.8083441348 0.7487817557 -0.7852026249 -0.7947023250 -0.9913421752 0.9942720801 -0.8292822916 -0.5763798371 -0.9018200104 -0.8547997010 0.9644326207 0.9313059522
-0.9386972497 -0.7599035778 -0.8053012347 0.7463943800 -0.7824852190 -0.7906175570 -0.9903041551 0.9950318093 -0.8277475088 -0.5701615162 -0.9015732950 -0.8515643589 0.9620547755 0.9301863712
-0.9390261206 -0.7550756301 -0.8022622556 0.7440642788 -0.7797943892 -0.7865165079 -0.9892024207 0.9957429966 -0.8262451788 -0.5639990937 -0.9013508046 -0.8482999968 0.9595975314 0.9290496880
-0.9393702732 -0.7502289680 -0.7992258626 0.7417891678 -0.7771283866 -0.7823983855 -0.9880362100 0.9964042932 -0.8247731926 -0.5578911879 -0.9011502565 -0.8450058173 0.9570606618 0.9278944396
-0.9397273955 -0.7453629936 -0.7961907210 0.7395667624 -0.7744854623 -0.7782623972 -0.9868047613 0.9970143503 -0.8233294408 -0.5518364174 -0.9009693680 -0.8416810231 0.9544439402 0.9267191630
-0.9400951754 -0.7404771089 -0.7931554960 0.7373947783 -0.7718638674 -0.7741077507 -0.9855073125 0.9975718190 -0.8219118141 -0.5458334005 -0.9008058563 -0.8383248167 0.9517471401 0.9255223951
-0.9404713010 -0.7355707161 -0.7901188528 0.7352709308 -0.7692618529 -0.7699336536 -0.9841431018 0.9980753504 -0.8205182034 -0.5398807558 -0.9006574386 -0.8349364010 0.9489700350 0.9243026729
-0.9408534604 -0.7306432171 -0.7870794567 0.7331929356 -0.7666776701 -0.7657393135 -0.9827113671 0.9985235958 -0.8191464994 -0.5339771015 -0.9005218323 -0.8315149785 0.9461123982 0.9230585335
-0.9412393416 -0.7256940140 -0.7840359727 0.7311585082 -0.7641095699 -0.7615239379 -0.9812113466 0.9989152062 -0.8177945928 -0.5281210562 -0.9003967547 -0.8280597519 0.9431740032 0.9217885136
-0.9416266326 -0.7207225088 -0.7809870662 0.7291653641 -0.7615558036 -0.7572867344 -0.9796422783 0.9992488329 -0.8164603744 -0.5223112382 -0.9002799229 -0.8245699238 0.9401546235 0.9204911504
-0.9420130215 -0.7157281037 -0.7779314024 0.7272112188 -0.7590146221 -0.7530269107 -0.9780034003 0.9995231269 -0.8151417350 -0.5165462661 -0.9001690543 -0.8210446970 0.9370540326 0.9191649808
-0.9423961963 -0.7107102006 -0.7748676464 0.7252937879 -0.7564842766 -0.7487436742 -0.9762939507 0.9997367395 -0.8138365653 -0.5108247582 -0.9000618662 -0.8174832741 0.9338720039 0.9178085418
-0.9427738450 -0.7056682017 -0.7717944634 0.7234107870 -0.7539630181 -0.7444362326 -0.9745131675 0.9998883218 -0.8125427560 -0.5051453330 -0.8999560759 -0.8138848577 0.9306083108 0.9164203703
-0.9431436557 -0.7006015088 -0.7687105188 0.7215599314 -0.7514490979 -0.7401037935 -0.9726602889 0.9999765249 -0.8112581980 -0.4995066090 -0.8998494005 -0.8102486506 0.9272627268 0.9149990033
-0.9435033164 -0.6955095242 -0.7656144777 0.7197389368 -0.7489407669 -0.7357455645 -0.9707345528 1.0000000000 -0.8099807819 -0.4939072045 -0.8997395574 -0.8065738553 0.9238350254 0.9135429779
-0.9438505151 -0.6903916499 -0.7625050052 0.7179455188 -0.7464362763 -0.7313607531 -0.9687351974 0.9999573983 -0.8087083985 -0.4883457379 -0.8996242638 -0.8028596745 0.9203249800 0.9120508308
-0.9441829399 -0.6852472879 -0.7593807667 0.7161773927 -0.7439338772 -0.7269485669 -0.9666614607 0.9998473708 -0.8074389386 -0.4828208278 -0.8995012370 -0.7991053110 0.9167323640 0.9105210992
