-0.9962635321 -0.9957264886 -0.9986342218 0.9995992946 -0.9959293497 0.5013128801 -0.9975759993 0.9979253649 -0.9959877325 0.9280984345 -0.9974887234 -0.9923851404 0.9976468109 0.9953314825
-0.9925785846 -0.9915141707 -0.9972805397 0.9992148577 -0.9919080206 0.5040574978 -0.9951808870 0.9958739014 -0.9920207656 0.9290521484 -0.9950124960 -0.9848620442 0.9953241391 0.9907211648
-0.9889446433 -0.9873624761 -0.9959386585 0.9988463148 -0.9879355322 0.5068403882 -0.9928142771 0.9938452549 -0.9880986497 0.9300125330 -0.9925708841 -0.9774300408 0.9930315814 0.9861685200
-0.9853611938 -0.9832708348 -0.9946082836 0.9984932913 -0.9840114042 0.5096609075 -0.9904757835 0.9918390708 -0.9842209353 0.9309792379 -0.9901634543 -0.9700884597 0.9907687351 0.9816730215
-0.9818277220 -0.9792386765 -0.9932891200 0.9981554126 -0.9801351563 0.5125184124 -0.9881650201 0.9898549947 -0.9803871731 0.9319519126 -0.9877897730 -0.9628366304 0.9885351970 0.9772341423
-0.9783437136 -0.9752654311 -0.9919808729 0.9978323043 -0.9763063080 0.5154122592 -0.9858816008 0.9878926720 -0.9765969133 0.9329302066 -0.9854494068 -0.9556738825 0.9863305643 0.9728513557
-0.9749086543 -0.9713505283 -0.9906832473 0.9975235918 -0.9725243789 0.5183418045 -0.9836251396 0.9859517483 -0.9728497067 0.9339137696 -0.9831419222 -0.9485995454 0.9841544338 0.9685241349
-0.9715220297 -0.9674933980 -0.9893959484 0.9972289004 -0.9687888888 0.5213064046 -0.9813952504 0.9840318689 -0.9691451037 0.9349022510 -0.9808668856 -0.9416129486 0.9820064028 0.9642519529
-0.9681833258 -0.9636934701 -0.9881186813 0.9969478558 -0.9650993571 0.5243054160 -0.9791915471 0.9821326794 -0.9654826547 0.9358953004 -0.9786238636 -0.9347134216 0.9798860681 0.9600342830
-0.9648920281 -0.9599501744 -0.9868511512 0.9966800832 -0.9614553036 0.5273381953 -0.9770136437 0.9802538252 -0.9618619104 0.9368925674 -0.9764124226 -0.9279002939 0.9777930269 0.9558705985
-0.9616476224 -0.9562629407 -0.9855930631 0.9964252083 -0.9578562479 0.5304040988 -0.9748611540 0.9783949518 -0.9582824212 0.9378937013 -0.9742321291 -0.9211728950 0.9757268761 0.9517603724
-0.9584495944 -0.9526311987 -0.9843441222 0.9961828563 -0.9543017095 0.5335024830 -0.9727336919 0.9765557048 -0.9547437377 0.9388983520 -0.9720825497 -0.9145305543 0.9736872127 0.9477030779
-0.9552974300 -0.9490543785 -0.9831040336 0.9959526529 -0.9507912081 0.5366327043 -0.9706308715 0.9747357295 -0.9512454103 0.9399061687 -0.9699632508 -0.9079726015 0.9716736339 0.9436981883
-0.9521906147 -0.9455319097 -0.9818725025 0.9957342233 -0.9473242634 0.5397941193 -0.9685523066 0.9729346715 -0.9477869895 0.9409168012 -0.9678737989 -0.9014983659 0.9696857365 0.9397451767
-0.9491286343 -0.9420632222 -0.9806492338 0.9955271931 -0.9439003949 0.5429860844 -0.9664976112 0.9711521762 -0.9443680260 0.9419298988 -0.9658137605 -0.8951071770 0.9677231177 0.9358435163
-0.9461109746 -0.9386477459 -0.9794339329 0.9953311878 -0.9405191223 0.5462079561 -0.9644663991 0.9693878891 -0.9409880701 0.9429451113 -0.9637827021 -0.8887983644 0.9657853745 0.9319926803
-0.9431371213 -0.9352849106 -0.9782263047 0.9951458327 -0.9371799652 0.5494590907 -0.9624582844 0.9676414557 -0.9376466724 0.9439620881 -0.9617801901 -0.8825712576 0.9638721039 0.9281921419
-0.9402065602 -0.9319741460 -0.9770260545 0.9949707534 -0.9338824432 0.5527388449 -0.9604728809 0.9659125215 -0.9343433834 0.9449804787 -0.9598057912 -0.8764251860 0.9619829029 0.9244413743
-0.9373187768 -0.9287148821 -0.9758328873 0.9948055752 -0.9306260759 0.5560465749 -0.9585098025 0.9642007319 -0.9310777536 0.9459999327 -0.9578590718 -0.8703594792 0.9601173685 0.9207398506
-0.9344732571 -0.9255065486 -0.9746465083 0.9946499237 -0.9274103830 0.5593816373 -0.9565686632 0.9625057325 -0.9278493335 0.9470200997 -0.9559395983 -0.8643734666 0.9582750978 0.9170870440
-0.9316694866 -0.9223485755 -0.9734666225 0.9945034242 -0.9242348840 0.5627433886 -0.9546490768 0.9608271686 -0.9246576737 0.9480406291 -0.9540469373 -0.8584664777 0.9564556878 0.9134824277
-0.9289069512 -0.9192403924 -0.9722929352 0.9943657023 -0.9210990987 0.5661311852 -0.9527506574 0.9591646858 -0.9215023246 0.9490611706 -0.9521806552 -0.8526378420 0.9546587355 0.9099254749
-0.9261851366 -0.9161814293 -0.9711251514 0.9942363833 -0.9180025467 0.5695443835 -0.9508730189 0.9575179296 -0.9183828368 0.9500813736 -0.9503403187 -0.8468868890 0.9528838379 0.9064156589
-0.9235035284 -0.9131711159 -0.9699629762 0.9941150928 -0.9149447474 0.5729823401 -0.9490157751 0.9558865454 -0.9152987608 0.9511008878 -0.9485254940 -0.8412129483 0.9511305922 0.9029524526
-0.9208616125 -0.9102088821 -0.9688061148 0.9940014562 -0.9119252207 0.5764444113 -0.9471785400 0.9542701787 -0.9122496470 0.9521193626 -0.9467357478 -0.8356153492 0.9493985952 0.8995353294
-0.9182588746 -0.9072941578 -0.9676542723 0.9938950989 -0.9089434860 0.5799299537 -0.9453609275 0.9526684751 -0.9092350460 0.9531364475 -0.9449706466 -0.8300934213 0.9476874440 0.8961637625
-0.9156948003 -0.9044263727 -0.9665071538 0.9937956463 -0.9059990631 0.5834383237 -0.9435625515 0.9510810798 -0.9062545083 0.9541517922 -0.9432297567 -0.8246464941 0.9459967357 0.8928372249
-0.9131688755 -0.9016049568 -0.9653644645 0.9937027240 -0.9030914715 0.5869688778 -0.9417830260 0.9495076386 -0.9033075845 0.9551650462 -0.9415126448 -0.8192738971 0.9443260672 0.8895551900
-0.9106805858 -0.8988293397 -0.9642259095 0.9936159574 -0.9002202309 0.5905209723 -0.9400219649 0.9479477967 -0.9003938250 0.9561758590 -0.9398188774 -0.8139749598 0.9426750357 0.8863171309
-0.9082294169 -0.8960989513 -0.9630911938 0.9935349720 -0.8973848609 0.5940939639 -0.9382789821 0.9464011998 -0.8975127803 0.9571838802 -0.9381480208 -0.8087490116 0.9410432381 0.8831225207
