-0.9461859896 -0.6322152961 -0.7270325934 0.6993846108 -0.7186401583 -0.6811467623 -0.9416654986 0.9947419376 -0.7944410964 -0.4292783849 -0.8973434447 -0.7591762065 0.8762149855 0.8928347657
-0.9462033115 -0.6267401048 -0.7236578319 0.6977439221 -0.7160453379 -0.6763811544 -0.9387232805 0.9938012038 -0.7930645844 -0.4240644119 -0.8969846930 -0.7549272078 0.8716991418 0.8907950440
-0.9461781159 -0.6212312506 -0.7202522868 0.6961011119 -0.7134316221 -0.6715786628 -0.9356975379 0.9927768581 -0.7916656850 -0.4188704166 -0.8965908153 -0.7506284581 0.8670980089 0.8887001813
-0.9461080909 -0.6156881353 -0.7168146235 0.6944538955 -0.7107972620 -0.6667384951 -0.9325875089 0.9916675518 -0.7902422888 -0.4136950173 -0.8961595291 -0.7462791603 0.8624113605 0.8865487148
-0.9459909244 -0.6101101610 -0.7133435069 0.6927999887 -0.7081405088 -0.6618598588 -0.9293924316 0.9904719359 -0.7887922866 -0.4085368325 -0.8956885515 -0.7418785169 0.8576389699 0.8843391812
-0.9458243045 -0.6044967298 -0.7098376025 0.6911371068 -0.7054596135 -0.6569419615 -0.9261115441 0.9891886617 -0.7873135692 -0.4033944806 -0.8951755998 -0.7374257306 0.8527806106 0.8820701177
-0.9456059193 -0.5988472438 -0.7062955754 0.6894629655 -0.7027528273 -0.6519840109 -0.9227440845 0.9878163803 -0.7858040274 -0.3982665801 -0.8946183913 -0.7329200041 0.8478360560 0.8797400611
-0.9453334567 -0.5931611049 -0.7027160907 0.6877752802 -0.7000184012 -0.6469852145 -0.9192892907 0.9863537428 -0.7842615518 -0.3931517494 -0.8940146432 -0.7283605400 0.8428050796 0.8773475485
-0.9450046048 -0.5874377153 -0.6990978138 0.6860717666 -0.6972545863 -0.6419447798 -0.9157464010 0.9847994004 -0.7826840332 -0.3880486068 -0.8933620729 -0.7237465410 0.8376874549 0.8748911168
-0.9446170517 -0.5816764769 -0.6954394098 0.6843501400 -0.6944596338 -0.6368619145 -0.9121146533 0.9831520042 -0.7810693625 -0.3829557709 -0.8926583976 -0.7190772098 0.8324829553 0.8723693030
-0.9441684854 -0.5758767919 -0.6917395440 0.6826081161 -0.6916317948 -0.6317358262 -0.9083932857 0.9814102054 -0.7794154303 -0.3778718601 -0.8919013346 -0.7143517490 0.8271913543 0.8697806441
-0.9436565938 -0.5700380623 -0.6879968815 0.6808434104 -0.6887693202 -0.6265657225 -0.9045815363 0.9795726552 -0.7777201274 -0.3727954928 -0.8910886011 -0.7095693612 0.8218124253 0.8671236770
-0.9430790652 -0.5641596901 -0.6842100876 0.6790537384 -0.6858704613 -0.6213508108 -0.9006786431 0.9776380047 -0.7759813445 -0.3677252875 -0.8902179145 -0.7047292493 0.8163459417 0.8643969387
-0.9424335874 -0.5582410774 -0.6803778274 0.6772368156 -0.6829334692 -0.6160902989 -0.8966838443 0.9756049051 -0.7741969725 -0.3626598625 -0.8892869919 -0.6998306157 0.8107916771 0.8615989662
-0.9417178485 -0.5522816263 -0.6764987662 0.6753903577 -0.6799565948 -0.6107833944 -0.8925963779 0.9734720075 -0.7723649020 -0.3575978364 -0.8882935507 -0.6948726632 0.8051494049 0.8587282965
-0.9409295365 -0.5462807388 -0.6725715692 0.6735120800 -0.6769380894 -0.6054293047 -0.8884154820 0.9712379631 -0.7704830238 -0.3525378275 -0.8872353082 -0.6898545944 0.7994188985 0.8557834665
-0.9400663396 -0.5402378169 -0.6685949017 0.6715996982 -0.6738762040 -0.6000272375 -0.8841403946 0.9689014230 -0.7685492286 -0.3474784543 -0.8861099816 -0.6847756120 0.7935999314 0.8527630131
-0.9391259457 -0.5341522627 -0.6645674287 0.6696509277 -0.6707691898 -0.5945764003 -0.8797703538 0.9664610383 -0.7665614073 -0.3424183351 -0.8849152882 -0.6796349186 0.7876922771 0.8496654735
-0.9381060428 -0.5280234782 -0.6604878156 0.6676634841 -0.6676152977 -0.5890760008 -0.8753045977 0.9639154604 -0.7645174506 -0.3373560886 -0.8836489452 -0.6744317170 0.7816957090 0.8464893845
-0.9370043191 -0.5218508656 -0.6563547275 0.6656350830 -0.6644127790 -0.5835252466 -0.8707423643 0.9612633402 -0.7624152492 -0.3322903330 -0.8823086700 -0.6691652097 0.7756100005 0.8432332830
-0.9358184624 -0.5156338268 -0.6521668296 0.6635634399 -0.6611598847 -0.5779233452 -0.8660828918 0.9585033290 -0.7602526939 -0.3272196868 -0.8808921798 -0.6638345995 0.7694349251 0.8398957062
-0.9345461610 -0.5093717639 -0.6479227872 0.6614462702 -0.6578548659 -0.5722695042 -0.8613254181 0.9556340778 -0.7580276754 -0.3221427685 -0.8793971919 -0.6584390890 0.7631702563 0.8364751909
-0.9331851027 -0.5030640789 -0.6436212655 0.6592812896 -0.6544959738 -0.5665629312 -0.8564691814 0.9526542380 -0.7557380845 -0.3170581965 -0.8778214235 -0.6529778808 0.7568157676 0.8329702742
-0.9317329757 -0.4967101740 -0.6392609297 0.6570662135 -0.6510814593 -0.5608028338 -0.8515134198 0.9495624605 -0.7533818119 -0.3119645891 -0.8761625920 -0.6474501776 0.7503712323 0.8293794929
-0.9301874679 -0.4903094511 -0.6348404450 0.6547987575 -0.6476095737 -0.5549884196 -0.8464573712 0.9463573966 -0.7509567484 -0.3068605650 -0.8744184146 -0.6418551821 0.7438364239 0.8257013842
-0.9285462675 -0.4838613123 -0.6303584765 0.6524766371 -0.6440785679 -0.5491188961 -0.8413002738 0.9430376975 -0.7484607848 -0.3017447424 -0.8725866085 -0.6361920969 0.7372111160 0.8219344848
-0.9268070623 -0.4773651597 -0.6258136896 0.6500975679 -0.6404866932 -0.5431934710 -0.8360413657 0.9396020142 -0.7458918117 -0.2966157398 -0.8706648911 -0.6304601248 0.7304950818 0.8180773319
-0.9249675406 -0.4708203953 -0.6212047494 0.6476592653 -0.6368322006 -0.5372113518 -0.8306798848 0.9360489979 -0.7432477200 -0.2914721756 -0.8686509796 -0.6246584683 0.7236880950 0.8141284624
-0.9230253903 -0.4642264211 -0.6165303212 0.6451594450 -0.6331133412 -0.5311717461 -0.8252150694 0.9323772999 -0.7405264005 -0.2863126684 -0.8665425913 -0.6187863301 0.7167899289 0.8100864132
-0.9209782994 -0.4575826393 -0.6117890701 0.6425958224 -0.6293283661 -0.5250738616 -0.8196461574 0.9285855711 -0.7377257438 -0.2811358364 -0.8643374435 -0.6128429129 0.7098003571 0.8059497213
