-0.2187404572 -0.2434997568 -0.1399036850 0.2958345610 -0.1577304251 0.5843177354 -0.1676030165 0.1568497690 -0.1274321893 0.3299280535 -0.2142926192 -0.1221926903 0.1913421515 0.1677205640
-0.2104977020 -0.2353175639 -0.1312961342 0.2864769263 -0.1497698503 0.5745612624 -0.1591822716 0.1483724977 -0.1195533577 0.3203042699 -0.2057452073 -0.1152682896 0.1828270230 0.1598836362
-0.2021691571 -0.2270443288 -0.1226219471 0.2770355554 -0.1417303360 0.5646718800 -0.1506873328 0.1398237405 -0.1115998131 0.3105939350 -0.1971170983 -0.1082566270 0.1742348174 0.1519642483
-0.1937543083 -0.2186794813 -0.1138808288 0.2675100737 -0.1336114018 0.5546489449 -0.1421178140 0.1312031428 -0.1035711060 0.3007966984 -0.1884078587 -0.1011570321 0.1655651319 0.1439618737
-0.1852526413 -0.2102224512 -0.1050724844 0.2579001068 -0.1254125673 0.5444918134 -0.1334733290 0.1225103503 -0.0954667868 0.2909122097 -0.1796170550 -0.0939688342 0.1568175634 0.1358759853
-0.1766636418 -0.2016726684 -0.0961966191 0.2482052801 -0.1171333521 0.5341998420 -0.1247534919 0.1137450084 -0.0872864062 0.2809401183 -0.1707442537 -0.0866913630 0.1479917089 0.1277060564
-0.1679867956 -0.1930295626 -0.0872529379 0.2384252190 -0.1087732758 0.5237723871 -0.1159579165 0.1049067625 -0.0790295145 0.2708800738 -0.1617890212 -0.0793239478 0.1390871655 0.1194515603
-0.1592215883 -0.1842925638 -0.0782411460 0.2285595490 -0.1003318582 0.5132088052 -0.1070862168 0.0959952581 -0.0706956623 0.2607317258 -0.1527509242 -0.0718659183 0.1301035301 0.1111119700
-0.1503675058 -0.1754611017 -0.0691609486 0.2186078956 -0.0918086187 0.5025084528 -0.0981380066 0.0870101407 -0.0622844002 0.2504947238 -0.1436295290 -0.0643166038 0.1210403999 0.1026867588
-0.1414240337 -0.1665346062 -0.0600120506 0.2085698841 -0.0832030771 0.4916706864 -0.0891129000 0.0779510558 -0.0537952786 0.2401687173 -0.1344244022 -0.0566753340 0.1118973718 0.0941753998
-0.1323906577 -0.1575125071 -0.0507941574 0.1984451400 -0.0745147529 0.4806948623 -0.0800105108 0.0688176489 -0.0452278481 0.2297533559 -0.1251351103 -0.0489414382 0.1026740429 0.0855773663
-0.1232668637 -0.1483942343 -0.0415069739 0.1882332889 -0.0657431657 0.4695803371 -0.0708304530 0.0596095654 -0.0365816591 0.2192482892 -0.1157612197 -0.0411142459 0.0933700102 0.0768921314
-0.1140521373 -0.1391792174 -0.0321502053 0.1779339561 -0.0568878353 0.4583264672 -0.0615723404 0.0503264508 -0.0278562621 0.2086531665 -0.1063022969 -0.0331930867 0.0839848707 0.0681191683
-0.1047459642 -0.1298668865 -0.0227235568 0.1675467670 -0.0479482812 0.4469326090 -0.0522357871 0.0409679507 -0.0190512078 0.1979676376 -0.0967579085 -0.0251772901 0.0745182214 0.0592579502
-0.0953478302 -0.1204566713 -0.0132267334 0.1570713472 -0.0389240230 0.4353981191 -0.0428204068 0.0315337104 -0.0101660465 0.1871913520 -0.0871276209 -0.0170661855 0.0649696594 0.0503079502
-0.0858572211 -0.1109480017 -0.0036594402 0.1465073221 -0.0298145803 0.4237223539 -0.0333258137 0.0220233754 -0.0012003288 0.1763239591 -0.0774110007 -0.0088591025 0.0553387817 0.0412686416
-0.0762736225 -0.1013403074 0.0059786175 0.1358543171 -0.0206194729 0.4119046698 -0.0237516215 0.0124365913 0.0078463947 0.1653651085 -0.0676076142 -0.0005553705 0.0456251853 0.0321394975
-0.0665965202 -0.0916330183 0.0156877347 0.1251119578 -0.0113382202 0.3999444233 -0.0140974442 0.0027730034 0.0169745737 0.1543144499 -0.0577170281 0.0078456810 0.0358284673 0.0229199912
-0.0568253998 -0.0818255643 0.0254682063 0.1142798694 -0.0019703420 0.3878409709 -0.0043628957 -0.0069677426 0.0261846575 0.1431716326 -0.0477388088 0.0163447224 0.0259482246 0.0136095957
-0.0469597473 -0.0719173751 0.0353203271 0.1033576776 0.0074846422 0.3755936690 0.0054524100 -0.0167860014 0.0354770957 0.1319363063 -0.0376725228 0.0249424244 0.0159840543 0.0042077844
-0.0369990481 -0.0619078806 0.0452443920 0.0923450077 0.0170272127 0.3632018740 0.0153488591 -0.0266821274 0.0448523377 0.1206081205 -0.0275177366 0.0336394573 0.0059355534 -0.0052859697
-0.0269427882 -0.0517965106 0.0552406960 0.0812414852 0.0266578499 0.3506649426 0.0253268375 -0.0366564752 0.0543108330 0.1091867247 -0.0172740167 0.0424364917 -0.0041976810 -0.0148721933
-0.0167904532 -0.0415826950 0.0653095338 0.0700467355 0.0363770342 0.3379822310 0.0353867315 -0.0467093994 0.0638530312 0.0976717685 -0.0069409296 0.0513341982 -0.0144160520 -0.0245514133
-0.0065415289 -0.0312658635 0.0754512003 0.0587603841 0.0461852459 0.3251530958 0.0455289270 -0.0568412543 0.0734793817 0.0860629014 0.0034819583 0.0603332471 -0.0247199625 -0.0343241565
0.0038044990 -0.0208454461 0.0856659905 0.0473820565 0.0560829655 0.3121768933 0.0557538101 -0.0670523946 0.0831903340 0.0743597729 0.0139950804 0.0694343091 -0.0351098154 -0.0441909496
0.0142481449 -0.0103208725 0.0959541991 0.0359113780 0.0660706733 0.2990529802 0.0660617670 -0.0773431748 0.0929863376 0.0625620327 0.0245988702 0.0786380546 -0.0455860138 -0.0541523196
0.0247899228 0.0003084275 0.1063161212 0.0243479742 0.0761488497 0.2857807128 0.0764531836 -0.0877139493 0.1028678419 0.0506693302 0.0352937613 0.0879451541 -0.0561489607 -0.0642087932
0.0354303473 0.0110430240 0.1167520515 0.0126914705 0.0863179751 0.2723594476 0.0869284461 -0.0981650728 0.1128352966 0.0386813150 0.0460801871 0.0973562782 -0.0667990589 -0.0743608972
0.0461699323 0.0218834871 0.1272622849 0.0009414924 0.0965785298 0.2587885411 0.0974879406 -0.1086968997 0.1228891510 0.0265976366 0.0569585811 0.1068720973 -0.0775367115 -0.0846091585
0.0570091924 0.0328303871 0.1378471164 -0.0109023348 0.1069309942 0.2450673496 0.1081320530 -0.1193097846 0.1330298546 0.0144179446 0.0679293770 0.1164932819 -0.0883623215 -0.0949541038
