-0.7112641500 -0.6316310290 -0.6702080981 0.8373927916 -0.6475252752 -0.7070273644 -0.6713611914 0.7354678164 -0.9569748623 -0.7234745421 -0.7285455496 -0.7528106231 0.7273920314 0.7219282810
-0.7054249160 -0.6268611953 -0.6644065286 0.8315066879 -0.6465242646 -0.7008145859 -0.6645388563 0.7269642279 -0.9527800984 -0.7171943103 -0.7207353745 -0.7456346274 0.7200919399 0.7155573205
-0.6993938636 -0.6219060865 -0.6584204940 0.8254056425 -0.6453058198 -0.6944136722 -0.6575397500 0.7182849381 -0.9483350215 -0.7107234032 -0.7127454334 -0.7382694337 0.7126083453 0.7089966756
-0.6931680379 -0.6167623803 -0.6522470937 0.8190865009 -0.6438648025 -0.6878218528 -0.6503614539 0.7094282137 -0.9436354647 -0.7040590535 -0.7045736756 -0.7307126481 0.7049389569 0.7022436247
-0.6867444837 -0.6114267539 -0.6458834265 0.8125461089 -0.6421960747 -0.6810363572 -0.6430015492 0.7003923217 -0.9386772615 -0.6971984937 -0.6962180506 -0.7229618766 0.6970814843 0.6952954461
-0.6801202459 -0.6058958849 -0.6393265918 0.8057813122 -0.6402944981 -0.6740544148 -0.6354576172 0.6911755288 -0.9334562452 -0.6901389566 -0.6876765078 -0.7150147253 0.6890336370 0.6881494182
-0.6732923693 -0.6001664507 -0.6325736885 0.7987889562 -0.6381549346 -0.6668732553 -0.6277272392 0.6817761019 -0.9279682492 -0.6828776747 -0.6789469967 -0.7068688000 0.6807931245 0.6808028194
-0.6662578990 -0.5942351288 -0.6256218159 0.7915658867 -0.6357722460 -0.6594901082 -0.6198079965 0.6721923077 -0.9222091070 -0.6754118806 -0.6700274668 -0.6985217070 0.6723576563 0.6732529282
-0.6590138796 -0.5880985966 -0.6184680729 0.7841089492 -0.6331412941 -0.6519022028 -0.6116974703 0.6624224132 -0.9161746517 -0.6677388071 -0.6609158674 -0.6899710521 0.6637249420 0.6654970228
-0.6515573562 -0.5817535316 -0.6111095588 0.7764149895 -0.6302569407 -0.6441067689 -0.6033932419 0.6524646851 -0.9098607169 -0.6598556867 -0.6516101480 -0.6812144414 0.6548926910 0.6575323816
-0.6438853737 -0.5751966113 -0.6035433726 0.7684808532 -0.6271140477 -0.6361010358 -0.5948928926 0.6423173903 -0.9032631358 -0.6517597520 -0.6421082582 -0.6722494808 0.6458586130 0.6493562831
-0.6359949768 -0.5684245130 -0.5957666134 0.7603033858 -0.6237074768 -0.6278822331 -0.5861940038 0.6319787956 -0.8963777419 -0.6434482357 -0.6324081472 -0.6630737766 0.6366204173 0.6409660056
-0.6278832105 -0.5614339142 -0.5877763805 0.7518794331 -0.6200320899 -0.6194475904 -0.5772941566 0.6214471679 -0.8892003685 -0.6349183704 -0.6225077646 -0.6536849345 0.6271758135 0.6323588274
-0.6195471197 -0.5542214925 -0.5795697728 0.7432058406 -0.6160827489 -0.6107943370 -0.5681909325 0.6107207739 -0.8817268490 -0.6261673887 -0.6124050598 -0.6440805607 0.6175225111 0.6235320271
-0.6109837492 -0.5467839252 -0.5711438895 0.7342794540 -0.6118543154 -0.6019197026 -0.5588819125 0.5997978805 -0.8739530167 -0.6171925233 -0.6020979823 -0.6342582611 0.6076582197 0.6144828829
-0.6021901440 -0.5391178899 -0.5624958297 0.7250971190 -0.6073416514 -0.5928209166 -0.5493646781 0.5886767544 -0.8658747050 -0.6079910068 -0.5915844815 -0.6242156419 0.5975806488 0.6052086732
-0.5931633489 -0.5312200639 -0.5536226925 0.7156556811 -0.6025396187 -0.5834952086 -0.5396368106 0.5773556627 -0.8574877474 -0.5985600718 -0.5808625068 -0.6139503089 0.5872875078 0.5957066765
-0.5839004088 -0.5230871247 -0.5445215770 0.7059519861 -0.5974430790 -0.5739398080 -0.5296958911 0.5658328720 -0.8487879771 -0.5888969510 -0.5699300077 -0.6034598683 0.5767765063 0.5859741711
-0.5743983686 -0.5147157498 -0.5351895824 0.6959828794 -0.5920468942 -0.5641519444 -0.5195395011 0.5541066491 -0.8397712274 -0.5789988769 -0.5587849337 -0.5927419260 0.5660453538 0.5760084353
-0.5646542732 -0.5061026167 -0.5256238078 0.6857452069 -0.5863459262 -0.5541288474 -0.5091652217 0.5421752611 -0.8304333319 -0.5688630822 -0.5474252341 -0.5817940880 0.5550917598 0.5658067476
-0.5546651674 -0.4972444027 -0.5158213522 0.6752358140 -0.5803350367 -0.5438677463 -0.4985706343 0.5300369745 -0.8207701239 -0.5584867996 -0.5358488585 -0.5706139604 0.5439134339 0.5553663863
-0.5444280962 -0.4881377854 -0.5057793148 0.6644515465 -0.5740090876 -0.5333658708 -0.4877533201 0.5176900563 -0.8107774366 -0.5478672617 -0.5240537562 -0.5591991492 0.5325080855 0.5446846298
-0.5339401045 -0.4787794422 -0.4954947947 0.6533892499 -0.5673629407 -0.5226204504 -0.4767108605 0.5051327733 -0.8004511036 -0.5370017010 -0.5120378768 -0.5475472603 0.5208734242 0.5337587566
-0.5231982370 -0.4691660506 -0.4849648910 0.6420457700 -0.5603914577 -0.5116287144 -0.4654408366 0.4923633924 -0.7897869581 -0.5258873503 -0.4997991697 -0.5356558999 0.5090071594 0.5225860449
-0.5121995388 -0.4592942879 -0.4741867029 0.6304179523 -0.5530895006 -0.5003878926 -0.4539408299 0.4793801803 -0.7787808335 -0.5145214421 -0.4873355842 -0.5235226739 0.4969070008 0.5111637732
-0.5009410546 -0.4491608317 -0.4631573294 0.6185026424 -0.5454519311 -0.4888952143 -0.4422084216 0.4661814039 -0.7674285632 -0.5029012091 -0.4746450700 -0.5111451884 0.4845706577 0.4994892198
-0.4894198294 -0.4387623595 -0.4518738696 0.6062966861 -0.5374736111 -0.4771479092 -0.4302411929 0.4527653300 -0.7557259806 -0.4910238839 -0.4617255763 -0.4985210493 0.4719958398 0.4875596631
-0.4776329081 -0.4280955486 -0.4403334227 0.5937969289 -0.5291494024 -0.4651432066 -0.4180367252 0.4391302254 -0.7436689190 -0.4788866991 -0.4485750527 -0.4856478627 0.4591802566 0.4753723816
-0.4655773355 -0.4171570766 -0.4285330878 0.5810002165 -0.5204741667 -0.4528783362 -0.4055925998 0.4252743570 -0.7312532118 -0.4664868874 -0.4351914486 -0.4725232346 0.4461216174 0.4629246535
-0.4532501566 -0.4059436208 -0.4164699640 0.5679033946 -0.5114427660 -0.4403505274 -0.3929063978 0.4111959916 -0.7184746924 -0.4538216814 -0.4215727134 -0.4591447710 0.4328176320 0.4502137573
