0.1289141777 0.1364805027 0.2185105517 -0.1368113185 0.1737348570 0.1473120616 0.2250823847 -0.2103582410 0.3500617117 0.1997325327 0.2670239519 0.2072019628 -0.3705229406 -0.2458451271
0.1534456177 0.1601920002 0.2398548414 -0.1604044724 0.1975979856 0.1714348378 0.2471522013 -0.2333287722 0.3705706308 0.2225663127 0.2891289450 0.2309176678 -0.3909167031 -0.2667980103
0.1783451916 0.1843043673 0.2615666793 -0.1844048376 0.2217740579 0.1959109973 0.2695324217 -0.2565873711 0.3912186529 0.2457188640 0.3114539803 0.2548864477 -0.4114140937 -0.2880836827
0.2036156941 0.2088211982 0.2836496998 -0.2088161523 0.2462650387 0.2207431819 0.2922254732 -0.2801358278 0.4120054234 0.2691925584 0.3339997679 0.2791089303 -0.4320140133 -0.3097052666
0.2292599199 0.2337460870 0.3061075374 -0.2336421546 0.2710728926 0.2459340337 0.3152337828 -0.3039759324 0.4329305875 0.2929897678 0.3567670176 0.3035857435 -0.4527153633 -0.3316658842
0.2552806636 0.2590826279 0.3289438267 -0.2588865828 0.2961995845 0.2714861947 0.3385597779 -0.3281094749 0.4539937904 0.3171128641 0.3797564393 0.3283175151 -0.4735170449 -0.3539686579
0.2816807198 0.2848344149 0.3521622021 -0.2845531752 0.3216470792 0.2974023069 0.3622058856 -0.3525382454 0.4751946774 0.3415642190 0.4029687431 0.3533048731 -0.4944179592 -0.3766167099
0.3084628833 0.3110050423 0.3757662982 -0.3106456699 0.3474173415 0.3236850122 0.3861745331 -0.3772640339 0.4965328938 0.3663462045 0.4264046388 0.3785484452 -0.5154170075 -0.3996131625
0.3356299487 0.3375981042 0.3997597495 -0.3371678052 0.3735123360 0.3503369527 0.4104681476 -0.4022886304 0.5180080848 0.3914611923 0.4500648363 0.4040488593 -0.5365130910 -0.4229611381
0.3631847106 0.3646171948 0.4241461905 -0.3641233193 0.3999340277 0.3773607703 0.4350891563 -0.4276138251 0.5396198958 0.4169115543 0.4739500457 0.4298067433 -0.5577051108 -0.4466637589
0.3911299637 0.3920659081 0.4489292557 -0.3915159503 0.4266843812 0.4047591071 0.4600399864 -0.4532414079 0.5613679719 0.4426996622 0.4980609767 0.4558227250 -0.5789919683 -0.4707241472
0.4194685027 0.4199478383 0.4741125797 -0.4193494366 0.4537653613 0.4325346051 0.4853230652 -0.4791731689 0.5832519584 0.4688278881 0.5223983394 0.4820974323 -0.6003725645 -0.4951454253
0.4482031222 0.4482665796 0.4996997969 -0.4476275163 0.4811789329 0.4606899062 0.5109408197 -0.5054108982 0.6052715007 0.4952986036 0.5469628437 0.5086314931 -0.6218458006 -0.5199307154
0.4773366169 0.4770257261 0.5256945419 -0.4763539277 0.5089270606 0.4892276524 0.5368956772 -0.5319563858 0.6274262439 0.5221141807 0.5717551995 0.5354255352 -0.6434105780 -0.5450831400
0.5068717815 0.5062288720 0.5521004491 -0.5055324089 0.5370117093 0.5181504858 0.5631900650 -0.5588114218 0.6497158333 0.5492769911 0.5967761167 0.5624801865 -0.6650657978 -0.5706058213
0.5368114105 0.5358796113 0.5789211531 -0.5351666982 0.5654348437 0.5474610483 0.5898264101 -0.5859777962 0.6721399142 0.5767894068 0.6220263053 0.5897960748 -0.6868103611 -0.5965018815
0.5671582987 0.5659815383 0.6061602884 -0.5652605338 0.5941984286 0.5771619819 0.6168071398 -0.6134572991 0.6946981318 0.6046537994 0.6475064752 0.6173738279 -0.7086431693 -0.6227744430
0.5979152408 0.5965382471 0.6338214896 -0.5958176540 0.6233044288 0.6072559287 0.6441346814 -0.6412517205 0.7173901315 0.6328725410 0.6732173363 0.6452140739 -0.7305631235 -0.6494266280
0.6290850313 0.6275533318 0.6619083911 -0.6268417969 0.6527548090 0.6377455305 0.6718114619 -0.6693628504 0.7402155584 0.6614480032 0.6991595985 0.6733174404 -0.7525691248 -0.6764615589
0.6606704650 0.6590303866 0.6904246274 -0.6583367007 0.6825515341 0.6686334295 0.6998399086 -0.6977924790 0.7631740578 0.6903825580 0.7253339719 0.7016845554 -0.7746600746 -0.7038823579
0.6926743365 0.6909730056 0.7193738331 -0.6903061037 0.7126965687 0.6999222677 0.7282224487 -0.7265423963 0.7862652751 0.7196785772 0.7517411663 0.7303160468 -0.7968348740 -0.7316921473
0.7250994405 0.7233847829 0.7487596426 -0.7227537442 0.7431918778 0.7316146869 0.7569615094 -0.7556143922 0.8094888554 0.7493384326 0.7783818916 0.7592125423 -0.8190924242 -0.7598940495
0.7579485715 0.7562693128 0.7785856905 -0.7556833602 0.7740394259 0.7637133292 0.7860595179 -0.7850102570 0.8328444441 0.7793644960 0.8052568578 0.7883746698 -0.8414316265 -0.7884911867
0.7912245244 0.7896301893 0.8088556114 -0.7890986901 0.8052411780 0.7962208366 0.8155189014 -0.8147317805 0.8563316863 0.8097591394 0.8323667748 0.8178030573 -0.8638513819 -0.8174866812
0.8249300937 0.8234710066 0.8395730396 -0.8230034720 0.8367990988 0.8291398511 0.8453420870 -0.8447807530 0.8799502274 0.8405247344 0.8597123526 0.8474983325 -0.8863505919 -0.8468836553
0.8590680741 0.8577953588 0.8707416098 -0.8574014442 0.8687151530 0.8624730147 0.8755315021 -0.8751589643 0.9036997127 0.8716636531 0.8872943010 0.8774611233 -0.9089281574 -0.8766852313
0.8936412603 0.8926068401 0.9023649564 -0.8922963449 0.9009913055 0.8962229694 0.9060895737 -0.9058682047 0.9275797873 0.9031782671 0.9151133300 0.9076920576 -0.9315829798 -0.9068945315
0.9286524469 0.9279090447 0.9344467140 -0.9276919123 0.9336295209 0.9303923572 0.9370187291 -0.9369102640 0.9515900965 0.9350709484 0.9431701496 0.9381917633 -0.9543139602 -0.9375146781
0.9641044286 0.9637055666 0.9669905170 -0.9635918846 0.9666317642 0.9649838201 0.9683213954 -0.9682869324 0.9757302857 0.9673440687 0.9714654696 0.9689608681 -0.9771199999 -0.9685487935
1.0000000000 1.0000000000 1.0000000000 -1.0000000000 1.0000000000 1.0000000000 1.0000000000 -1.0000000000 1.0000000000 1.0000000000 1.0000000000 1.0000000000 -1.0000000000 -1.0000000000
