-0.6984177801 -0.6821373301 -0.6703077053 0.6874232703 -0.7778868978 -0.7349161875 -0.6799719203 0.6043297412 -0.5739773345 -0.7649015154 -0.4939777733 -0.5703260176 0.7085470457 0.6736052198
-0.6925573859 -0.6770040036 -0.6634480493 0.6807231760 -0.7706931964 -0.7300948793 -0.6741963835 0.5976122382 -0.5687344368 -0.7604232988 -0.4884742391 -0.5654555144 0.7039214872 0.6676644050
-0.6865610671 -0.6717339106 -0.6564612926 0.6738926544 -0.7633556504 -0.7251273670 -0.6682873365 0.5907770063 -0.5633716978 -0.7557927604 -0.4828642010 -0.5604640270 0.6991528370 0.6615918004
-0.6804270050 -0.6663249367 -0.6493460693 0.6669302559 -0.7558729947 -0.7200113547 -0.6622429412 0.5838226790 -0.5578871486 -0.7510074303 -0.4771458742 -0.5553494305 0.6942387393 0.6553856443
-0.6741533809 -0.6607749672 -0.6421010133 0.6598345304 -0.7482439642 -0.7147445464 -0.6560613595 0.5767478896 -0.5522788198 -0.7460648386 -0.4713174736 -0.5501095998 0.6891768387 0.6490441749
-0.6677383762 -0.6550818877 -0.6347247587 0.6526040283 -0.7404672938 -0.7093246460 -0.6497407533 0.5695512714 -0.5465447424 -0.7409625154 -0.4653772145 -0.5447424100 0.6839647794 0.6425656305
-0.6611801722 -0.6492435835 -0.6272159393 0.6452372997 -0.7325417184 -0.7037493577 -0.6432792845 0.5622314578 -0.5406829471 -0.7356979907 -0.4593233120 -0.5392457360 0.6786002060 0.6359482496
-0.6544769503 -0.6432579401 -0.6195731892 0.6377328949 -0.7244659729 -0.6980163854 -0.6366751149 0.5547870821 -0.5346914648 -0.7302687946 -0.4531539811 -0.5336174530 0.6730807626 0.6291902703
-0.6476268917 -0.6371228429 -0.6117951423 0.6300893640 -0.7162387922 -0.6921234332 -0.6299264064 0.5472167777 -0.5285683264 -0.7246724573 -0.4468674371 -0.5278554358 0.6674040939 0.6222899310
-0.6406281777 -0.6308361775 -0.6038804327 0.6223052572 -0.7078589111 -0.6860682051 -0.6230313208 0.5395191779 -0.5223115625 -0.7189065087 -0.4404618949 -0.5219575596 0.6615678441 0.6152454700
-0.6334789898 -0.6243958293 -0.5958276943 0.6143791247 -0.6993250647 -0.6798484050 -0.6159880202 0.5316929160 -0.5159192042 -0.7129684790 -0.4339355697 -0.5159216993 0.6555696576 0.6080551256
-0.6261775092 -0.6177996836 -0.5876355610 0.6063095167 -0.6906359877 -0.6734617370 -0.6087946662 0.5237366255 -0.5093892822 -0.7068558982 -0.4272866766 -0.5097457300 0.6494071789 0.6007171361
-0.6187219173 -0.6110456260 -0.5793026670 0.5980949835 -0.6817904150 -0.6669059052 -0.6014494208 0.5156489396 -0.5027198273 -0.7005662964 -0.4205134307 -0.5034275266 0.6430780523 0.5932297398
-0.6111103954 -0.6041315420 -0.5708276460 0.5897340751 -0.6727870816 -0.6601786135 -0.5939504459 0.5074284918 -0.4959088704 -0.6940972037 -0.4136140471 -0.4969649643 0.6365799223 0.5855911751
-0.6033411249 -0.5970553169 -0.5622091322 0.5812253418 -0.6636247224 -0.6532775660 -0.5862959034 0.4990739153 -0.4889544423 -0.6874461502 -0.4065867410 -0.4903559179 0.6299104331 0.5777996801
-0.5954122870 -0.5898148363 -0.5534457595 0.5725673338 -0.6543020722 -0.6462004667 -0.5784839550 0.4905838435 -0.4818545739 -0.6806106659 -0.3994297274 -0.4835982626 0.6230672293 0.5698534933
-0.5873220631 -0.5824079855 -0.5445361618 0.5637586013 -0.6448178659 -0.6389450196 -0.5705127628 0.4819569098 -0.4746072959 -0.6735882808 -0.3921412215 -0.4766898733 0.6160479552 0.5617508529
-0.5790686345 -0.5748326500 -0.5354789732 0.5547976944 -0.6351708384 -0.6315089287 -0.5623804885 0.4731917475 -0.4672106393 -0.6663765252 -0.3847194383 -0.4696286251 0.6088502551 0.5534899973
-0.5706501826 -0.5670867154 -0.5262728276 0.5456831634 -0.6253597247 -0.6238898980 -0.5540852940 0.4642869899 -0.4596626348 -0.6589729291 -0.3771625931 -0.4624123929 0.6014717735 0.5450691647
-0.5620648886 -0.5591680669 -0.5169163591 0.5364135585 -0.6153832596 -0.6160856316 -0.5456253413 0.4552412704 -0.4519613132 -0.6513750224 -0.3694689008 -0.4550390518 0.5939101549 0.5364865935
-0.5533109340 -0.5510745901 -0.5074082015 0.5269874298 -0.6052401780 -0.6080938335 -0.5369987921 0.4460532224 -0.4441047054 -0.6435803354 -0.3616365766 -0.4475064768 0.5861630434 0.5277405219
-0.5443865000 -0.5428041705 -0.4977469889 0.5174033275 -0.5949292148 -0.5999122077 -0.5282038084 0.4367214792 -0.4360908423 -0.6355863981 -0.3536638356 -0.4398125429 0.5782280837 0.5188291883
-0.5352897679 -0.5343546935 -0.4879313552 0.5076598019 -0.5844491049 -0.5915384582 -0.5192385521 0.4272446741 -0.4279177547 -0.6273907405 -0.3455488929 -0.4319551252 0.5701029200 0.5097508310
-0.5260189192 -0.5257240445 -0.4779599344 0.4977554031 -0.5737985831 -0.5829702890 -0.5101011849 0.4176214405 -0.4195834733 -0.6189908928 -0.3372899637 -0.4239320986 0.5617851967 0.5005036883
-0.5165721351 -0.5169101089 -0.4678313606 0.4876886814 -0.5629763845 -0.5742054042 -0.5007898688 0.4078504117 -0.4110860291 -0.6103843849 -0.3288852629 -0.4157413381 0.5532725583 0.4910859985
-0.5069475969 -0.5079107723 -0.4575442676 0.4774581869 -0.5519812438 -0.5652415077 -0.4913027657 0.3979302212 -0.4024234528 -0.6015687471 -0.3203330059 -0.4073807189 0.5445626491 0.4814959998
-0.4971434861 -0.4987239202 -0.4470972895 0.4670624698 -0.5408118960 -0.5560763036 -0.4816380374 0.3878595022 -0.3935937753 -0.5925415093 -0.3116314076 -0.3988481158 0.5356531135 0.4717319307
-0.4871579838 -0.4893474378 -0.4364890603 0.4565000803 -0.5294670760 -0.5467074960 -0.4717938457 0.3776368880 -0.3845950275 -0.5833002017 -0.3027786831 -0.3901414040 0.5265415960 0.4617920293
-0.4769892716 -0.4797792107 -0.4257182138 0.4457695686 -0.5179455186 -0.5371327887 -0.4617683527 0.3672610121 -0.3754252401 -0.5738423543 -0.2937730477 -0.3812584584 0.5172257408 0.4516745341
-0.4666355305 -0.4700171244 -0.4147833841 0.4348694849 -0.5062459588 -0.5273498860 -0.4515597201 0.3567305078 -0.3660824440 -0.5641654972 -0.2846127163 -0.3721971540 0.5077031925 0.4413776833
