-0.1024792221 0.0515733585 0.0723853309 0.0070548741 0.0574118130 0.3354690622 0.0775650992 0.0391295892 0.0035947089 0.5201855063 -0.0352915667 0.0804124996 -0.1184724770 0.0057144333
-0.0865702078 0.0668867400 0.0861236575 -0.0084231500 0.0719820105 0.3479702883 0.0913764493 0.0237289476 0.0185111144 0.5017406930 -0.0197072057 0.0951854662 -0.1326885684 -0.0087299756
-0.0704550947 0.0823262439 0.1000218121 -0.0240590398 0.0866962456 0.3605000916 0.1053420580 0.0081474711 0.0335956394 0.4828906807 -0.0039500997 0.1100816930 -0.1470201985 -0.0233629328
-0.0541325217 0.0978921890 0.1140809079 -0.0398535828 0.1015552799 0.3730580173 0.1194629517 -0.0076159511 0.0488493074 0.4636324502 0.0119807232 0.1251016125 -0.1614678091 -0.0381858140
-0.0376011278 0.1135848939 0.1283020579 -0.0558075662 0.1165598750 0.3856436108 0.1337401569 -0.0235624299 0.0642731419 0.4439629825 0.0280862348 0.1402456575 -0.1760318414 -0.0531999952
-0.0208595519 0.1294046776 0.1426863751 -0.0719217775 0.1317107926 0.3982564176 0.1481747001 -0.0396930760 0.0798681666 0.4238792587 0.0443674071 0.1555142605 -0.1907127372 -0.0684068520
-0.0039064331 0.1453518587 0.1572349725 -0.0881970040 0.1470087941 0.4108959831 0.1627676077 -0.0560090003 0.0956354051 0.4033782597 0.0608252118 0.1709078541 -0.2055109380 -0.0838077603
0.0132595898 0.1614267561 0.1719489633 -0.1046340330 0.1624546412 0.4235618525 0.1775199063 -0.0725113135 0.1115758810 0.3824569665 0.0774606210 0.1864268711 -0.2204268852 -0.0994040957
0.0306398777 0.1776296883 0.1868294605 -0.1212336519 0.1780490954 0.4362535714 0.1924326223 -0.0892011264 0.1276906178 0.3611123600 0.0942746064 0.2020717439 -0.2354610204 -0.1151972341
0.0482357916 0.1939609743 0.2018775770 -0.1379966482 0.1937929185 0.4489706850 0.2075067823 -0.1060795498 0.1439806392 0.3393414212 0.1112681400 0.2178429054 -0.2506137851 -0.1311885512
0.0660486927 0.2104209328 0.2170944260 -0.1549238090 0.2096868719 0.4617127387 0.2227434125 -0.1231476946 0.1604469687 0.3171411312 0.1284421935 0.2337407880 -0.2658856209 -0.1473794228
0.0840799419 0.2270098825 0.2324811205 -0.1720159219 0.2257317172 0.4744792780 0.2381435397 -0.1404066714 0.1770906300 0.2945084708 0.1457977389 0.2497658244 -0.2812769693 -0.1637712248
0.1023309002 0.2437281421 0.2480387736 -0.1892737742 0.2419282161 0.4872698483 0.2537081902 -0.1578575912 0.1939126466 0.2714404211 0.1633357481 0.2659184473 -0.2967882718 -0.1803653327
0.1208029288 0.2605760306 0.2637684983 -0.2066981531 0.2582771301 0.5000839948 0.2694383904 -0.1755015646 0.2109140422 0.2479339630 0.1810571929 0.2821990892 -0.3124199700 -0.1971631225
0.1394973885 0.2775538665 0.2796714076 -0.2242898462 0.2747792209 0.5129212631 0.2853351670 -0.1933397026 0.2280958403 0.2239860775 0.1989630451 0.2986081829 -0.3281725053 -0.2141659699
0.1584156405 0.2946619686 0.2957486146 -0.2420496407 0.2914352499 0.5257811984 0.3013995463 -0.2113731158 0.2454590646 0.1995937456 0.2170542768 0.3151461608 -0.3440463194 -0.2313752507
0.1775590458 0.3119006558 0.3120012324 -0.2599783241 0.3082459789 0.5386633462 0.3176325549 -0.2296029151 0.2630047386 0.1747539483 0.2353318597 0.3318134558 -0.3600418537 -0.2487923406
0.1969289654 0.3292702467 0.3284303739 -0.2780766836 0.3252121693 0.5515672518 0.3340352191 -0.2480302113 0.2807338859 0.1494636665 0.2537967657 0.3486105003 -0.3761595497 -0.2664186155
0.2165267603 0.3467710601 0.3450371523 -0.2963455067 0.3423345829 0.5644924607 0.3506085656 -0.2666561152 0.2986475301 0.1237198812 0.2724499667 0.3655377271 -0.3923998491 -0.2842554510
0.2363537917 0.3644034149 0.3618226806 -0.3147855806 0.3596139811 0.5774385181 0.3673536207 -0.2854817375 0.3167466949 0.0975195734 0.2912924345 0.3825955687 -0.4087631933 -0.3023042230
0.2564114204 0.3821676296 0.3787880718 -0.3333976928 0.3770511256 0.5904049696 0.3842714110 -0.3045081891 0.3350324037 0.0708597241 0.3103251411 0.3997844578 -0.4252500239 -0.3205663072
0.2767010075 0.4000640232 0.3959344390 -0.3521826307 0.3946467779 0.6033913605 0.4013629629 -0.3237365808 0.3535056803 0.0437373142 0.3295490583 0.4171048270 -0.4418607824 -0.3390430794
0.2972239141 0.4180929143 0.4132628952 -0.3711411816 0.4124016998 0.6163972361 0.4186293029 -0.3431680233 0.3721675482 0.0161493247 0.3489651580 0.4345571090 -0.4585959103 -0.3577359154
0.3179815012 0.4362546217 0.4307745535 -0.3902741328 0.4303166526 0.6294221418 0.4360714574 -0.3628036274 0.3910190310 -0.0119072633 0.3685744120 0.4521417363 -0.4754558491 -0.3766461910
0.3389751298 0.4545494641 0.4484705269 -0.4095822717 0.4483923981 0.6424656231 0.4536904531 -0.3826445040 0.4100611523 -0.0404354690 0.3883777923 0.4698591416 -0.4924410405 -0.3957752818
0.3602061609 0.4729777604 0.4663519284 -0.4290663857 0.4666296979 0.6555272253 0.4714873162 -0.4026917639 0.4292949357 -0.0694383114 0.4083762706 0.4877097576 -0.5095519258 -0.4151245638
0.3816759556 0.4915398293 0.4844198712 -0.4487272621 0.4850293134 0.6686064938 0.4894630734 -0.4229465177 0.4487214048 -0.0989188094 0.4285708190 0.5056940168 -0.5267889467 -0.4346954127
0.4033858750 0.5102359894 0.5026754683 -0.4685656883 0.5035920064 0.6817029740 0.5076187510 -0.4434098764 0.4683415831 -0.1288799822 0.4489624092 0.5238123519 -0.5441525447 -0.4544892041
0.4253372800 0.5290665597 0.5211198327 -0.4885824517 0.5223185384 0.6948162112 0.5259553756 -0.4640829507 0.4881564944 -0.1593248486 0.4695520131 0.5420651956 -0.5616431613 -0.4745073140
0.4475315316 0.5480318588 0.5397540774 -0.5087783397 0.5412096709 0.7079457509 0.5444739737 -0.4849668515 0.5081671621 -0.1902564278 0.4903406026 0.5604529804 -0.5792612381 -0.4947511181
