-0.6011183278 -0.7882386997 -0.8737198945 0.9995346831 -0.7316947223 -0.8366748241 -0.6989479602 0.7760327028 -0.6146188831 -0.8472695490 -0.8308839609 -0.6591112923 0.8052544648 0.6654635327
-0.6005282100 -0.7858960762 -0.8703421361 0.9990688078 -0.7357459442 -0.8356031641 -0.6955792285 0.7720884722 -0.6184723713 -0.8455592064 -0.8282184001 -0.6596127997 0.8044212498 0.6647923583
-0.5999053619 -0.7834616296 -0.8668438623 0.9984415528 -0.7397656385 -0.8344368654 -0.6921333941 0.7680438553 -0.6223219383 -0.8437469755 -0.8254481022 -0.6600750931 0.8035029147 0.6640719080
-0.5992444426 -0.7809316463 -0.8632222569 0.9976493211 -0.7437457418 -0.8331715011 -0.6886071921 0.7638961613 -0.6261593542 -0.8418288762 -0.8225696740 -0.6604922604 0.8024947960 0.6632970571
-0.5985401111 -0.7783024124 -0.8594745039 0.9966885155 -0.7476781903 -0.8318026440 -0.6849973575 0.7596426990 -0.6299763887 -0.8398009284 -0.8195797223 -0.6608583895 0.8013922301 0.6624626812
-0.5977870265 -0.7755702143 -0.8555977873 0.9955555393 -0.7515549208 -0.8303258670 -0.6813006254 0.7552807775 -0.6337648116 -0.8376591519 -0.8164748539 -0.6611675683 0.8001905533 0.6615636557
-0.5969798477 -0.7727313383 -0.8515892910 0.9942467953 -0.7553678696 -0.8287367429 -0.6775137307 0.7508077059 -0.6375163929 -0.8353995668 -0.8132516758 -0.6614138845 0.7988851019 0.6605948561
-0.5961132340 -0.7697820706 -0.8474461990 0.9927586866 -0.7591089733 -0.8270308447 -0.6736334085 0.7462207932 -0.6412229023 -0.8330181930 -0.8099067946 -0.6615914260 0.7974712125 0.6595511578
-0.5951818442 -0.7667186976 -0.8431656951 0.9910876162 -0.7627701683 -0.8252037452 -0.6696563938 0.7415173484 -0.6448761097 -0.8305110503 -0.8064368173 -0.6616942807 0.7959442212 0.6584274363
-0.5941803376 -0.7635375054 -0.8387449634 0.9892299870 -0.7663433911 -0.8232510172 -0.6655794218 0.7366946806 -0.6484677850 -0.8278741587 -0.8028383506 -0.6617165365 0.7942994646 0.6572185671
-0.5931033730 -0.7602347803 -0.8341811877 0.9871822022 -0.7698205782 -0.8211682338 -0.6613992274 0.7317500987 -0.6519896979 -0.8251035381 -0.7991080014 -0.6616522813 0.7925322789 0.6559194255
-0.5919456095 -0.7568068087 -0.8294715520 0.9849406647 -0.7731936660 -0.8189509677 -0.6571125456 0.7266809118 -0.6554336183 -0.8221952084 -0.7952423765 -0.6614956028 0.7906380005 0.6545248872
-0.5907017063 -0.7532498769 -0.8246132403 0.9825017776 -0.7764545912 -0.8165947918 -0.6527161115 0.7214844289 -0.6587913161 -0.8191451896 -0.7912380827 -0.6612405889 0.7886119659 0.6530298275
-0.5893663223 -0.7495602710 -0.8196034365 0.9798619438 -0.7795952901 -0.8140952790 -0.6482066602 0.7161579591 -0.6620545610 -0.8159495015 -0.7870917268 -0.6608813276 0.7864495114 0.6514291218
-0.5879341166 -0.7457342773 -0.8144393245 0.9770175663 -0.7826076992 -0.8114480022 -0.6435809266 0.7106988114 -0.6652151230 -0.8126041640 -0.7827999157 -0.6604119066 0.7841459733 0.6497176458
-0.5863997483 -0.7417681823 -0.8091180883 0.9739650483 -0.7854837551 -0.8086485343 -0.6388356458 0.7051042948 -0.6682647719 -0.8091051972 -0.7783592561 -0.6598264138 0.7816966881 0.6478902747
-0.5847578763 -0.7376582720 -0.8036369119 0.9707007925 -0.7882153942 -0.8056924482 -0.6339675528 0.6993717183 -0.6711952775 -0.8054486209 -0.7737663549 -0.6591189371 0.7790969920 0.6459418842
-0.5830031598 -0.7334008328 -0.7979929790 0.9672212022 -0.7907945530 -0.8025753167 -0.6289733828 0.6934983910 -0.6739984096 -0.8016304550 -0.7690178190 -0.6582835643 0.7763422215 0.6438673495
-0.5811302561 -0.7289921506 -0.7921834736 0.9635226815 -0.7932130617 -0.7992927124 -0.6238498704 0.6874816231 -0.6766658166 -0.7976467192 -0.7641102547 -0.6573143830 0.7734277133 0.6416615466
-0.5791338293 -0.7244285129 -0.7862055802 0.9596016298 -0.7954631756 -0.7958402090 -0.6185937514 0.6813187201 -0.6791896330 -0.7934934342 -0.7590402700 -0.6562054819 0.7703488028 0.6393193499
-0.5770085334 -0.7197062047 -0.7800564820 0.9554544537 -0.7975365124 -0.7922133787 -0.6132017602 0.6750069944 -0.6815612638 -0.7891666192 -0.7538044707 -0.6549509481 0.7671008273 0.6368356358
-0.5747490291 -0.7148215127 -0.7737333633 0.9510775551 -0.7994251149 -0.7884077945 -0.6076706320 0.6685437541 -0.6837726006 -0.7846622942 -0.7483994638 -0.6535448697 0.7636791228 0.6342052795
-0.5723499755 -0.7097707231 -0.7672334079 0.9464673369 -0.8011209195 -0.7844190293 -0.6019971019 0.6619263081 -0.6858154131 -0.7799764792 -0.7428218563 -0.6519813344 0.7600790258 0.6314231565
-0.5698060316 -0.7045501223 -0.7605537999 0.9416202021 -0.8026158627 -0.7802426561 -0.5961779048 0.6551519654 -0.6876814713 -0.7751051942 -0.7370682549 -0.6502544303 0.7562958726 0.6284841421
-0.5671118565 -0.6991559966 -0.7536917231 0.9365325538 -0.8039018810 -0.7758742476 -0.5902097759 0.6482180352 -0.6893625448 -0.7700444591 -0.7311352664 -0.6483582451 0.7523249996 0.6253831119
-0.5642621092 -0.6935846322 -0.7466443615 0.9312007950 -0.8049709109 -0.7713093768 -0.5840894502 0.6411218263 -0.6908504037 -0.7647902937 -0.7250194978 -0.6462868667 0.7481617431 0.6221149413
-0.5612514488 -0.6878323153 -0.7394088991 0.9256213286 -0.8058148889 -0.7665436165 -0.5778136626 0.6338606478 -0.6921368177 -0.7593387180 -0.7187175558 -0.6440343829 0.7438014395 0.6186745058
-0.5580745343 -0.6818953323 -0.7319825197 0.9197905578 -0.8064257514 -0.7615725397 -0.5713791483 0.6264318088 -0.6932135566 -0.7536857519 -0.7122260472 -0.6415948817 0.7392394252 0.6150566808
-0.5547260248 -0.6757699695 -0.7243624074 0.9137048855 -0.8067954350 -0.7563917192 -0.5647826423 0.6188326183 -0.6940723903 -0.7478274154 -0.7055415788 -0.6389624509 0.7344710366 0.6112563419
-0.5512005792 -0.6694525130 -0.7165457460 0.9073607147 -0.8069158761 -0.7509967279 -0.5580208796 0.6110603853 -0.6947050887 -0.7417597283 -0.6986607575 -0.6361311783 0.7294916100 0.6072683643
