0.0093886917 -0.1496015142 0.0443832035 0.0232881383 -0.0842423456 0.2033562806 0.1220531756 -0.0110225973 0.0454568633 0.0444259861 -0.1340935038 0.0613487137 -0.0752675950 -0.0556591318
0.0262335721 -0.1304078625 0.0601018553 0.0043439325 -0.0657907179 0.2105013817 0.1378923518 -0.0283100237 0.0616081559 0.0307376859 -0.1154405036 0.0770009996 -0.0902982077 -0.0710705581
0.0433406878 -0.1108925459 0.0760915078 -0.0148181795 -0.0470498715 0.2180812756 0.1539280303 -0.0458423403 0.0780139656 0.0166253399 -0.0964604637 0.0929113373 -0.1055965879 -0.0867538136
0.0607124276 -0.0910528246 0.0923549974 -0.0341991633 -0.0280174032 0.2261038050 0.1701617850 -0.0636215309 0.0946767403 0.0020830398 -0.0771504106 0.1090823670 -0.1211657031 -0.1027118305
0.0783511807 -0.0708859588 0.1088951600 -0.0537999847 -0.0086909098 0.2345768126 0.1865951893 -0.0816495793 0.1115989279 -0.0128951229 -0.0575073705 0.1255167287 -0.1370085209 -0.1189475411
0.0962593360 -0.0503892088 0.1257148319 -0.0736216095 0.0109320119 0.2435081410 0.2032298171 -0.0999284694 0.1287829761 -0.0283150567 -0.0375283698 0.1422170627 -0.1531280087 -0.1354638779
0.1144392827 -0.0295598350 0.1428168492 -0.0936650033 0.0308537651 0.2529056330 0.2200672419 -0.1184601849 0.1462313328 -0.0441826698 -0.0172104349 0.1591860091 -0.1695271341 -0.1522637731
0.1328934096 -0.0083950975 0.1602040481 -0.1139311319 0.0510767530 0.2627771312 0.2371090375 -0.1372467097 0.1639464458 -0.0605038707 0.0034494078 0.1764262081 -0.1862088645 -0.1693501591
0.1516241060 0.0131077433 0.1778792648 -0.1344209610 0.0716033789 0.2731304782 0.2543567774 -0.1562900275 0.1819307629 -0.0772845679 0.0244541320 0.1939402999 -0.2031761675 -0.1867259681
0.1706337608 0.0349514273 0.1958453354 -0.1551354564 0.0924360458 0.2839735168 0.2718120354 -0.1755921223 0.2001867320 -0.0945306697 0.0458067113 0.2117309245 -0.2204320105 -0.2043941325
0.1899247630 0.0571386940 0.2141050960 -0.1760755837 0.1135771570 0.2953140896 0.2894763851 -0.1951549777 0.2187168007 -0.1122480847 0.0675101194 0.2298007223 -0.2379793611 -0.2223575847
0.2094995017 0.0796722833 0.2326613829 -0.1972423087 0.1350291157 0.3071600394 0.3073514002 -0.2149805776 0.2375234171 -0.1304427211 0.0895673299 0.2481523332 -0.2558211868 -0.2406192569
0.2293603659 0.1025549349 0.2515170321 -0.2186365971 0.1567943250 0.3195192087 0.3254386544 -0.2350709058 0.2566090288 -0.1491204874 0.1119813165 0.2667883976 -0.2739604551 -0.2591820815
0.2495097447 0.1257893885 0.2706748800 -0.2402594147 0.1788751883 0.3323994402 0.3437397212 -0.2554279462 0.2759760837 -0.1682872921 0.1347550527 0.2857115555 -0.2924001334 -0.2780489909
0.2699500271 0.1493783838 0.2901377625 -0.2621117272 0.2012741086 0.3458085767 0.3622561744 -0.2760536825 0.2956270297 -0.1879490435 0.1578915123 0.3049244471 -0.3111431893 -0.2972229172
0.2906836022 0.1733246607 0.3099085159 -0.2841945003 0.2239934893 0.3597544608 0.3809895876 -0.2969500985 0.3155643145 -0.2081116500 0.1813936688 0.3244297127 -0.3301925904 -0.3167067930
0.3117128588 0.1976309587 0.3299899764 -0.3065086996 0.2470357334 0.3742449351 0.3999415345 -0.3181191781 0.3357903859 -0.2287810202 0.2052644960 0.3442299922 -0.3495513040 -0.3365035504
0.3330401862 0.2223000177 0.3503849800 -0.3290552911 0.2704032441 0.3892878424 0.4191135888 -0.3395629051 0.3563076919 -0.2499630623 0.2295069674 0.3643279260 -0.3692222977 -0.3566161218
0.3546679734 0.2473345773 0.3710963630 -0.3518352403 0.2940984248 0.4048910253 0.4385073241 -0.3612832632 0.3771186801 -0.2716636848 0.2541240567 0.3847261541 -0.3892085390 -0.3770474396
0.3765986093 0.2727373773 0.3921269615 -0.3748495130 0.3181236785 0.4210623265 0.4581243141 -0.3832822364 0.3982257984 -0.2938887962 0.2791187375 0.4054273168 -0.4095129955 -0.3978004360
0.3988344830 0.2985111575 0.4134796117 -0.3980990750 0.3424814084 0.4378095887 0.4779661324 -0.4055618084 0.4196314946 -0.3166443048 0.3044939834 0.4264340541 -0.4301386346 -0.4188780435
0.4213779836 0.3246586576 0.4351571498 -0.4215848919 0.3671740179 0.4551406546 0.4980343527 -0.4281239629 0.4413382167 -0.3399361191 0.3302527682 0.4477490063 -0.4510884238 -0.4402831942
0.4442315001 0.3511826172 0.4571624118 -0.4453079295 0.3922039099 0.4730633667 0.5183305487 -0.4509706839 0.4633484122 -0.3637701474 0.3563980655 0.4693748135 -0.4723653306 -0.4620188207
0.4673974215 0.3780857761 0.4794982340 -0.4692691536 0.4175734879 0.4915855679 0.5388562940 -0.4741039552 0.4856645292 -0.3881522982 0.3829328488 0.4913141159 -0.4939723226 -0.4840878550
0.4908781369 0.4053708742 0.5021674526 -0.4934695297 0.4432851549 0.5107151007 0.5596131623 -0.4975257605 0.5082890154 -0.4130884800 0.4098600919 0.5135695537 -0.5159123672 -0.5064932297
0.5146760352 0.4330406510 0.5251729036 -0.5179100237 0.4693413141 0.5304598079 0.5806027272 -0.5212380836 0.5312243186 -0.4385846010 0.4371827683 0.5361437669 -0.5381884320 -0.5292378771
0.5387935056 0.4610978463 0.5485174232 -0.5425916014 0.4957443688 0.5508275321 0.6018265625 -0.5452429085 0.5544728866 -0.4646465699 0.4649038517 0.5590393958 -0.5608034844 -0.5523247293
0.5632329371 0.4895451999 0.5722038477 -0.5675152283 0.5224967222 0.5718261160 0.6232862418 -0.5695422188 0.5780371673 -0.4912802948 0.4930263158 0.5822590805 -0.5837604920 -0.5757567189
0.5879967187 0.5183854515 0.5962350131 -0.5926818703 0.5496007773 0.5934634023 0.6449833387 -0.5941379984 0.6019196084 -0.5184916844 0.5215531342 0.6058054612 -0.6070624223 -0.5995367780
0.6130872394 0.5476213407 0.6206137557 -0.6180924931 0.5770589375 0.6157472336 0.6669194269 -0.6190322311 0.6261226579 -0.5462866469 0.5504872805 0.6296811780 -0.6307122427 -0.6236678391
