-0.8760718934 -0.8257795614 -0.9534868396 0.9734376964 -0.7238563532 -0.9066232371 -0.9108071786 0.8574570412 -0.6805783726 -0.9271353041 -0.8796327948 -0.9743753203 0.8485212540 0.9109689995
-0.8692521280 -0.8168575845 -0.9510531540 0.9725594005 -0.7099945040 -0.9020532885 -0.9060264588 0.8501326670 -0.6646569897 -0.9236250000 -0.8733859348 -0.9733424685 0.8406249442 0.9062221163
-0.8625939109 -0.8082423029 -0.9486879314 0.9717737454 -0.6966565039 -0.8976669539 -0.9013735734 0.8430545576 -0.6493559690 -0.9202620298 -0.8673384023 -0.9723775951 0.8329782027 0.9016056684
-0.8560939394 -0.7999284413 -0.9463885359 0.9710773915 -0.6838344795 -0.8934601247 -0.8968453724 0.8362181168 -0.6346662555 -0.9170426727 -0.8614861607 -0.9714777963 0.8255764914 0.8971164564
-0.8497489107 -0.7919107241 -0.9441523319 0.9704669991 -0.6715205570 -0.8894286922 -0.8924387060 0.8296187481 -0.6205787943 -0.9139632080 -0.8558251731 -0.9706401687 0.8184152723 0.8927512811
-0.8435555223 -0.7841838757 -0.9419766836 0.9699392285 -0.6597068631 -0.8855685479 -0.8881504244 0.8232518552 -0.6070845302 -0.9110199151 -0.8503514028 -0.9698618084 0.8114900073 0.8885069433
-0.8375104713 -0.7767426207 -0.9398589551 0.9694907401 -0.6483855241 -0.8818755832 -0.8839773777 0.8171128415 -0.5941744083 -0.9082090733 -0.8450608131 -0.9691398118 0.8047961582 0.8843802435
-0.8316104552 -0.7695816837 -0.9377965108 0.9691181942 -0.6375486665 -0.8783456895 -0.8799164161 0.8111971109 -0.5818393736 -0.9055269618 -0.8399493670 -0.9684712752 0.7983291870 0.8803679826
-0.8258521712 -0.7626957890 -0.9357867148 0.9688182512 -0.6271884168 -0.8749747581 -0.8759643896 0.8055000667 -0.5700703710 -0.9029698599 -0.8350130280 -0.9678532950 0.7920845556 0.8764669611
-0.8202323166 -0.7560796612 -0.9338269314 0.9685875714 -0.6172969014 -0.8717586804 -0.8721181485 0.8000171127 -0.5588583456 -0.9005340470 -0.8302477592 -0.9672829676 0.7860577259 0.8726739800
-0.8147475888 -0.7497280249 -0.9319145249 0.9684228152 -0.6078662467 -0.8686933479 -0.8683745428 0.7947436523 -0.5481942422 -0.8982158024 -0.8256495239 -0.9667573891 0.7802441599 0.8689858397
-0.8093946850 -0.7436356044 -0.9300468594 0.9683206429 -0.5988885792 -0.8657746518 -0.8647304227 0.7896750894 -0.5380690059 -0.8960114053 -0.8212142853 -0.9662736560 0.7746393193 0.8653993411
-0.8041703026 -0.7377971244 -0.9282212992 0.9682777148 -0.5903560254 -0.8629984837 -0.8611826384 0.7848068273 -0.5284735817 -0.8939171351 -0.8169380066 -0.9658288646 0.7692386662 0.8619112849
-0.7990711388 -0.7322073093 -0.9264352085 0.9682906914 -0.5822607117 -0.8603607349 -0.8577280400 0.7801342698 -0.5193989146 -0.8919292711 -0.8128166512 -0.9654201112 0.7640376625 0.8585184717
-0.7940938909 -0.7268608836 -0.9246859516 0.9683562328 -0.5745947646 -0.8578572968 -0.8543634776 0.7756528203 -0.5108359494 -0.8900440925 -0.8088461821 -0.9650444921 0.7590317700 0.8552177023
-0.7892352564 -0.7217525718 -0.9229708928 0.9684709995 -0.5673503104 -0.8554840608 -0.8510858014 0.7713578826 -0.5027756313 -0.8882578787 -0.8050225627 -0.9646991037 0.7542164507 0.8520057773
-0.7844919324 -0.7168770984 -0.9212873961 0.9686316519 -0.5605194758 -0.8532369182 -0.8478918615 0.7672448603 -0.4952089052 -0.8865669090 -0.8013417563 -0.9643810423 0.7495871665 0.8488794976
-0.7798606163 -0.7122291880 -0.9196328259 0.9688348502 -0.5540943871 -0.8511117605 -0.8447785080 0.7633091568 -0.4881267160 -0.8849674626 -0.7977997259 -0.9640874043 0.7451393793 0.8458356638
-0.7753380054 -0.7078035649 -0.9180045464 0.9690772548 -0.5480671707 -0.8491044791 -0.8417425912 0.7595461759 -0.4815200088 -0.8834558189 -0.7943924350 -0.9638152859 0.7408685510 0.8428710765
-0.7709207970 -0.7035949538 -0.9163999219 0.9693555260 -0.5424299531 -0.8472109653 -0.8387809611 0.7559513211 -0.4753797286 -0.8820282572 -0.7911158467 -0.9635617835 0.7367701435 0.8399825366
-0.7666056884 -0.6995980792 -0.9148163165 0.9696663243 -0.5371748609 -0.8454271106 -0.8358904678 0.7525199960 -0.4696968203 -0.8806810568 -0.7879659242 -0.9633239934 0.7328396188 0.8371668447
-0.7623893769 -0.6958076654 -0.9132510945 0.9700063098 -0.5322940203 -0.8437488063 -0.8330679616 0.7492476042 -0.4644622288 -0.8794104970 -0.7849386308 -0.9630990120 0.7290724387 0.8344208015
-0.7582685598 -0.6922184371 -0.9117016202 0.9703721431 -0.5277795579 -0.8421719438 -0.8303102926 0.7461295493 -0.4596668993 -0.8782128571 -0.7820299298 -0.9628839356 0.7254640652 0.8317412077
-0.7542399344 -0.6888251187 -0.9101652577 0.9707604844 -0.5236236002 -0.8406924145 -0.8276143109 0.7431612349 -0.4553017766 -0.8770844163 -0.7792357843 -0.9626758604 0.7220099601 0.8291248641
-0.7503001981 -0.6856224348 -0.9086393713 0.9711679940 -0.5198182736 -0.8393061099 -0.8249768666 0.7403380647 -0.4513578057 -0.8760214541 -0.7765521577 -0.9624718830 0.7187055854 0.8265685713
-0.7464460481 -0.6826051098 -0.9071213253 0.9715913323 -0.5163557044 -0.8380089212 -0.8223948099 0.7376554422 -0.4478259317 -0.8750202496 -0.7739750131 -0.9622690994 0.7155464031 0.8240691301
-0.7426741817 -0.6797678682 -0.9056084838 0.9720271597 -0.5132280193 -0.8367967399 -0.8198649909 0.7351087709 -0.4446970995 -0.8740770823 -0.7715003137 -0.9620646062 0.7125278749 0.8216233412
-0.7389812963 -0.6771054346 -0.9040982111 0.9724721364 -0.5104273446 -0.8356654574 -0.8173842598 0.7326934546 -0.4419622540 -0.8731882313 -0.7691240230 -0.9618554997 0.7096454629 0.8192280052
-0.7353640892 -0.6746125335 -0.9025878715 0.9729229229 -0.5079458069 -0.8346109651 -0.8149494667 0.7304048968 -0.4396123404 -0.8723499761 -0.7668421039 -0.9616388760 0.7068946288 0.8168799229
-0.7318192576 -0.6722838893 -0.9010748291 0.9733761795 -0.5057755324 -0.8336291544 -0.8125574617 0.7282385011 -0.4376383035 -0.8715585958 -0.7646505199 -0.9614118317 0.7042708348 0.8145758950
