-0.9495220848 -0.6823773823 -0.6976396954 0.7748600855 -0.9634988232 -0.8341023749 -0.7222209902 0.8825453346 -0.7742188988 -0.8500202200 -0.8287756805 -0.7568307362 0.6953026101 0.9419082743
-0.9482291494 -0.6769926271 -0.6946173274 0.7726170422 -0.9671608468 -0.8336250675 -0.7204849523 0.8801815929 -0.7781611244 -0.8493918074 -0.8259165690 -0.7558576217 0.6927261559 0.9373448033
-0.9468011110 -0.6715208307 -0.6915279512 0.7702887807 -0.9706707169 -0.8330610687 -0.7186872200 0.8776943170 -0.7820845421 -0.8486696135 -0.8229471095 -0.7548190776 0.6900882689 0.9325908632
-0.9452327046 -0.6659589070 -0.6883665576 0.7678700028 -0.9740209142 -0.8324038722 -0.7168218151 0.8750788263 -0.7859786252 -0.8478473359 -0.8198627822 -0.7537086466 0.6873835521 0.9276445724
-0.9435186654 -0.6603037693 -0.6851281377 0.7653554106 -0.9772039194 -0.8316469717 -0.7148827592 0.8723304400 -0.7898328471 -0.8469186722 -0.8166590677 -0.7525198716 0.6846066083 0.9225040494
-0.9416537283 -0.6545523315 -0.6818076820 0.7627397060 -0.9802122132 -0.8307838610 -0.7128640742 0.8694444772 -0.7936366812 -0.8458773198 -0.8133314463 -0.7512462953 0.6817520405 0.9171674125
-0.9396326285 -0.6487015071 -0.6784001816 0.7600175910 -0.9830382763 -0.8298080337 -0.7107597817 0.8664162573 -0.7973796008 -0.8447169763 -0.8098753985 -0.7498814607 0.6788144517 0.9116327803
-0.9374501010 -0.6427482097 -0.6749006272 0.7571837675 -0.9856745893 -0.8287129835 -0.7085639035 0.8632410994 -0.8010510794 -0.8434313392 -0.8062864048 -0.7484189104 0.6757884447 0.9058982710
-0.9351008810 -0.6366893530 -0.6713040098 0.7542329375 -0.9881136328 -0.8274922041 -0.7062704614 0.8599143228 -0.8046405903 -0.8420141060 -0.8025599455 -0.7468521872 0.6726686225 0.8999620031
-0.9325797034 -0.6305218507 -0.6676053200 0.7511598030 -0.9903478877 -0.8261391893 -0.7038734770 0.8564312466 -0.8081376069 -0.8404589743 -0.7986915011 -0.7451748341 0.6694495880 0.8938220951
-0.9298813034 -0.6242426162 -0.6637995488 0.7479590659 -0.9923698345 -0.8246474326 -0.7013669721 0.8527871902 -0.8115316025 -0.8387596415 -0.7946765520 -0.7433803938 0.6661259442 0.8874766652
-0.9270004160 -0.6178485634 -0.6598816870 0.7446254281 -0.9941719539 -0.8230104279 -0.6987449684 0.8489774728 -0.8148120506 -0.8369098053 -0.7905105787 -0.7414624091 0.6626922941 0.8809238321
-0.9239317764 -0.6113366057 -0.6558467255 0.7411535917 -0.9957467266 -0.8212216687 -0.6960014877 0.8449974135 -0.8179684244 -0.8349031630 -0.7861890616 -0.7394144228 0.6591432404 0.8741617140
-0.9206701195 -0.6047036568 -0.6516896550 0.7375382586 -0.9970866333 -0.8192746488 -0.6931305517 0.8408423317 -0.8209901975 -0.8327334124 -0.7817074811 -0.7372299778 0.6554733863 0.8671884293
-0.9172101805 -0.5979466304 -0.6474054665 0.7337741307 -0.9981841546 -0.8171628620 -0.6901261822 0.8365075464 -0.8238668431 -0.8303942507 -0.7770613176 -0.7349026168 0.6516773345 0.8600020965
-0.9135466945 -0.5910624400 -0.6429891507 0.7298559100 -0.9990317713 -0.8148798018 -0.6869824007 0.8319883771 -0.8265878346 -0.8278793757 -0.7722460516 -0.7324258826 0.6477496881 0.8526008341
-0.9096743964 -0.5840479994 -0.6384356986 0.7257782985 -0.9996219639 -0.8124189619 -0.6836932292 0.8272801428 -0.8291426454 -0.8251824849 -0.7672571635 -0.7297933180 0.6436850500 0.8449827603
-0.9055880214 -0.5769002221 -0.6337401009 0.7215359981 -0.9999472133 -0.8097738362 -0.6802526894 0.8223781629 -0.8315207490 -0.8222972756 -0.7620901338 -0.7269984659 0.6394780230 0.8371459937
-0.9012823046 -0.5696160217 -0.6288973485 0.7171237107 -1.0000000000 -0.8069379183 -0.6766548028 0.8172777565 -0.8337116186 -0.8192174456 -0.7567404429 -0.7240348691 0.6351232103 0.8290886526
-0.8967519810 -0.5621923119 -0.6239024322 0.7125361384 -0.9997728047 -0.8039047018 -0.6728935914 0.8119742429 -0.8357047276 -0.8159366922 -0.7512035711 -0.7208960704 0.6306152145 0.8208088554
-0.8919917858 -0.5546260064 -0.6187503429 0.7077679832 -0.9992581082 -0.8006676804 -0.6689630769 0.8064629412 -0.8374895494 -0.8124487131 -0.7454749990 -0.7175756125 0.6259486389 0.8123047207
-0.8869964539 -0.5469140186 -0.6134360714 0.7028139468 -0.9984483910 -0.7972203480 -0.6648572808 0.8007391708 -0.8390555574 -0.8087472057 -0.7395502070 -0.7140670383 0.6211180861 0.8035743666
-0.8817607205 -0.5390532624 -0.6079546085 0.6976687314 -0.9973361339 -0.7935561981 -0.6605702251 0.7947982509 -0.8403922249 -0.8048258676 -0.7334246755 -0.7103638906 0.6161181593 0.7946159118
-0.8762793206 -0.5310406512 -0.6023009452 0.6923270389 -0.9959138175 -0.7896687244 -0.6560959315 0.7886355006 -0.8414890254 -0.8006783963 -0.7270938849 -0.7064597121 0.6109434612 0.7854274746
-0.8705469893 -0.5228730988 -0.5964700721 0.6867835712 -0.9941739225 -0.7855514207 -0.6514284216 0.7822462393 -0.8423354322 -0.7962984893 -0.7205533157 -0.7023480458 0.6055885949 0.7760071734
-0.8645584617 -0.5145475187 -0.5904569803 0.6810330303 -0.9921089296 -0.7811977806 -0.6465617172 0.7756257861 -0.8429209186 -0.7916798442 -0.7137984482 -0.6980224344 0.6000481633 0.7663531267
-0.8583084729 -0.5060608247 -0.5842566604 0.6750701181 -0.9897113195 -0.7766012979 -0.6414898400 0.7687694603 -0.8432349581 -0.7868161585 -0.7068247631 -0.6934764207 0.5943167693 0.7564634527
-0.8517917579 -0.4974099302 -0.5778641034 0.6688895367 -0.9869735727 -0.7717554662 -0.6362068119 0.7616725810 -0.8432670241 -0.7817011296 -0.6996277405 -0.6887035476 0.5883890159 0.7463362701
-0.8450030518 -0.4885917489 -0.5712743001 0.6624859879 -0.9838881701 -0.7666537792 -0.6307066544 0.7543304676 -0.8430065898 -0.7763284552 -0.6922028611 -0.6836973577 0.5822595060 0.7359696971
-0.8379370897 -0.4796031946 -0.5644822413 0.6558541738 -0.9804475923 -0.7612897307 -0.6249833894 0.7467384392 -0.8424431288 -0.7706918327 -0.6845456052 -0.6784513940 0.5759228425 0.7253618521
