-0.9484645983 -0.9774545714 -0.8788748865 0.9999969733 -0.9650833457 -0.9985947271 -0.8938725796 0.9577910985 -0.9465181498 0.2570187023 -0.9850049809 -0.9998729643 0.9904240695 0.8772331247
-0.9476951033 -0.9792334220 -0.8760004997 1.0000000000 -0.9639804626 -0.9979874491 -0.8912741054 0.9569438858 -0.9452702684 0.2631138958 -0.9846814780 -0.9999604734 0.9895894290 0.8746499910
-0.9469563287 -0.9809416138 -0.8731599550 0.9999821619 -0.9628660588 -0.9972724909 -0.8886999797 0.9561091164 -0.9440323732 0.2693292004 -0.9843543360 -1.0000000000 0.9887160759 0.8721176933
-0.9462469134 -0.9825788281 -0.8703521394 0.9999426718 -0.9617393728 -0.9964503069 -0.8861491759 0.9552856796 -0.9428034407 0.2756615969 -0.9840225831 -0.9999911114 0.9878035688 0.8696348559
-0.9455654964 -0.9841447461 -0.8675759399 0.9998807421 -0.9605996429 -0.9955213518 -0.8836206677 0.9544724646 -0.9415824474 0.2821080665 -0.9836852474 -0.9999333750 0.9868514662 0.8672001030
-0.9449107167 -0.9856390490 -0.8648302435 0.9997955857 -0.9594461075 -0.9944860802 -0.8811134284 0.9536683606 -0.9403683696 0.2886655900 -0.9833413571 -0.9998263582 0.9858593264 0.8648120589
-0.9442812132 -0.9870614182 -0.8621139370 0.9996864151 -0.9582780051 -0.9933449467 -0.8786264317 0.9528722568 -0.9391601838 0.2953311485 -0.9829899403 -0.9996696282 0.9848267081 0.8624693477
-0.9436756250 -0.9884115348 -0.8594259074 0.9995524430 -0.9570945740 -0.9920984060 -0.8761586511 0.9520830424 -0.9379568662 0.3021017229 -0.9826300250 -0.9994627526 0.9837531696 0.8601705938
-0.9430925909 -0.9896890800 -0.8567650417 0.9993928819 -0.9558950527 -0.9907469126 -0.8737090600 0.9512996065 -0.9367573935 0.3089742941 -0.9822606396 -0.9992052987 0.9826382694 0.8579144212
-0.9425307500 -0.9908937352 -0.8541302268 0.9992069446 -0.9546786796 -0.9892909212 -0.8712766321 0.9505208385 -0.9355607418 0.3159458433 -0.9818808120 -0.9988968338 0.9814815661 0.8556994544
-0.9419887412 -0.9920251816 -0.8515203497 0.9989938437 -0.9534446931 -0.9877308864 -0.8688603408 0.9497456275 -0.9343658878 0.3230133513 -0.9814895703 -0.9985369253 0.9802826179 0.8535243174
-0.9414652035 -0.9930831004 -0.8489342974 0.9987527917 -0.9521923315 -0.9860672628 -0.8664591596 0.9489728627 -0.9331718076 0.3301737991 -0.9810859428 -0.9981251406 0.9790409835 0.8513876345
-0.9409587759 -0.9940671728 -0.8463709567 0.9984830015 -0.9509208334 -0.9843005050 -0.8640720621 0.9482014333 -0.9319774779 0.3374241677 -0.9806689576 -0.9976610470 0.9777562214 0.8492880300
-0.9404680973 -0.9949770802 -0.8438292147 0.9981836855 -0.9496294370 -0.9824310677 -0.8616980219 0.9474302285 -0.9307818749 0.3447614381 -0.9802376427 -0.9971442120 0.9764278898 0.8472241280
-0.9399918067 -0.9958125037 -0.8413079583 0.9978540564 -0.9483173809 -0.9804594054 -0.8593360123 0.9466581375 -0.9295839750 0.3521825913 -0.9797910263 -0.9965742028 0.9750555475 0.8451945528
-0.9395285431 -0.9965731245 -0.8388060744 0.9974933269 -0.9469839034 -0.9783859728 -0.8569850070 0.9458840496 -0.9283827548 0.3596846082 -0.9793281365 -0.9959505869 0.9736387527 0.8431979287
-0.9390769454 -0.9972586240 -0.8363224500 0.9971007096 -0.9456282429 -0.9762112244 -0.8546439795 0.9451068540 -0.9271771905 0.3672644697 -0.9788480015 -0.9952729317 0.9721770640 0.8412328798
-0.9386356527 -0.9978686834 -0.8338559721 0.9966754172 -0.9442496379 -0.9739356150 -0.8523119033 0.9443254397 -0.9259662586 0.3749191570 -0.9783496493 -0.9945408044 0.9706700398 0.8392980303
-0.9382033038 -0.9984029839 -0.8314055275 0.9962166622 -0.9428473267 -0.9715595991 -0.8499877518 0.9435386962 -0.9247489355 0.3826456509 -0.9778321081 -0.9937537726 0.9691172387 0.8373920046
-0.9377785378 -0.9988612068 -0.8289700033 0.9957236573 -0.9414205477 -0.9690836313 -0.8476704988 0.9427455124 -0.9235241975 0.3904409325 -0.9772944061 -0.9929114034 0.9675182191 0.8355134268
-0.9373599937 -0.9992430332 -0.8265482865 0.9951956152 -0.9399685395 -0.9665081663 -0.8453591175 0.9419447778 -0.9222910212 0.3983019827 -0.9767355714 -0.9920132644 0.9658725394 0.8336609212
-0.9369463103 -0.9995481445 -0.8241392639 0.9946317485 -0.9384905403 -0.9638336587 -0.8430525817 0.9411353813 -0.9210483828 0.4062257824 -0.9761546320 -0.9910589228 0.9641797581 0.8318331120
-0.9365361267 -0.9997762219 -0.8217418225 0.9940312698 -0.9369857886 -0.9610605630 -0.8407498648 0.9403162124 -0.9197952589 0.4142093127 -0.9755506161 -0.9900479462 0.9624394337 0.8300286234
-0.9361280818 -0.9999269467 -0.8193548493 0.9933933918 -0.9354535228 -0.9581893340 -0.8384499403 0.9394861601 -0.9185306257 0.4222495546 -0.9749225518 -0.9889799017 0.9606511247 0.8282460796
-0.9357208146 -1.0000000000 -0.8169772312 0.9927173271 -0.9338929813 -0.9552204262 -0.8361517818 0.9386441138 -0.9172534598 0.4303434890 -0.9742694674 -0.9878543568 0.9588143895 0.8264841049
-0.9353129641 -0.9999950631 -0.8146078552 0.9920022883 -0.9323034025 -0.9521542942 -0.8338543627 0.9377889625 -0.9159627374 0.4384880968 -0.9735903908 -0.9866708789 0.9569287867 0.8247413235
-0.9349031693 -0.9999118173 -0.8122456081 0.9912474881 -0.9306840248 -0.9489913926 -0.8315566566 0.9369195954 -0.9146574351 0.4466803591 -0.9728843502 -0.9854290353 0.9549938746 0.8230163596
-0.9344900690 -0.9997499438 -0.8098893771 0.9904521392 -0.9290340866 -0.9457321761 -0.8292576371 0.9360349019 -0.9133365292 0.4549172569 -0.9721503737 -0.9841283934 0.9530092117 0.8213078374
-0.9340723024 -0.9995091239 -0.8075380490 0.9896154540 -0.9273528264 -0.9423770993 -0.8269562776 0.9351337711 -0.9119989961 0.4631957711 -0.9713874896 -0.9827685206 0.9509743566 0.8196143813
-0.9336485083 -0.9991890388 -0.8051905108 0.9887366454 -0.9256394825 -0.9389266168 -0.8246515517 0.9342150922 -0.9106438123 0.4715128827 -0.9705947258 -0.9813489843 0.9488888676 0.8179346153
