-0.8554371867 -0.6695599425 -0.7972329964 0.8306149002 -0.8488404600 0.9524210132 -0.7856583650 0.7620747094 -0.8728262741 0.9288168301 -0.9293667308 -0.6748046656 0.9174117351 0.9231420381
-0.8539726766 -0.6681730710 -0.7955683661 0.8275449165 -0.8468485822 0.9548351406 -0.7828991687 0.7596224676 -0.8717975404 0.9281814861 -0.9268705253 -0.6726267868 0.9159641042 0.9210802352
-0.8524860346 -0.6668446222 -0.7939024729 0.8244322007 -0.8448271437 0.9572297442 -0.7801223902 0.7571686299 -0.8707477367 0.9275088955 -0.9243007266 -0.6704897495 0.9144683133 0.9189559164
-0.8509745566 -0.6655705614 -0.7922323494 0.8212749776 -0.8427737561 0.9596007796 -0.7773257324 0.7547105269 -0.8696739797 0.9267962899 -0.9216558450 -0.6683900972 0.9129220722 0.9167672517
-0.8494355380 -0.6643468541 -0.7905550286 0.8180714718 -0.8406860307 0.9619442021 -0.7745068983 0.7522454893 -0.8685733859 0.9260409014 -0.9189343905 -0.6663243728 0.9113230908 0.9145124110
-0.8478662745 -0.6631694655 -0.7888675432 0.8148199081 -0.8385615792 0.9642559671 -0.7716635910 0.7497708479 -0.8674430721 0.9252399618 -0.9161348735 -0.6642891197 0.9096690790 0.9121895641
-0.8462640618 -0.6620343610 -0.7871669261 0.8115185112 -0.8363980131 0.9665320301 -0.7687935134 0.7472839334 -0.8662801548 0.9243907030 -0.9132558042 -0.6622808811 0.9079577466 0.9097968811
-0.8446261954 -0.6609375061 -0.7854502100 0.8081655059 -0.8341929439 0.9687683464 -0.7658943685 0.7447820765 -0.8650817507 0.9234903569 -0.9102956928 -0.6602962000 0.9061868036 0.9073325319
-0.8429499712 -0.6598748661 -0.7837144278 0.8047591169 -0.8319439832 0.9709608715 -0.7629638593 0.7422626078 -0.8638449765 0.9225361553 -0.9072530495 -0.6583316196 0.9043539598 0.9047946863
-0.8412326845 -0.6588424063 -0.7819566123 0.8012975690 -0.8296487424 0.9731055607 -0.7599996888 0.7397228582 -0.8625669487 0.9215253301 -0.9041263846 -0.6563836833 0.9024569251 0.9021815142
-0.8394716312 -0.6578360921 -0.7801737962 0.7977790868 -0.8273048331 0.9751983696 -0.7569995598 0.7371601582 -0.8612447841 0.9204551132 -0.9009142083 -0.6544489341 0.9004934094 0.8994911857
-0.8376641069 -0.6568518888 -0.7783630124 0.7942018950 -0.8249098668 0.9772352533 -0.7539611756 0.7345718387 -0.8598755991 0.9193227365 -0.8976150307 -0.6525239152 0.8984611226 0.8967218706
-0.8358074071 -0.6558857619 -0.7765212937 0.7905642185 -0.8224614550 0.9792121675 -0.7508822389 0.7319552302 -0.8584565105 0.9181254319 -0.8942273621 -0.6506051699 0.8963577745 0.8938717388
-0.8338988276 -0.6549336768 -0.7746456729 0.7868642820 -0.8199572093 0.9811250675 -0.7477604528 0.7293076636 -0.8569846350 0.9168604312 -0.8907497128 -0.6486892413 0.8941810750 0.8909389602
-0.8319356639 -0.6539915986 -0.7727331828 0.7831003102 -0.8173947412 0.9829699086 -0.7445935204 0.7266264695 -0.8554570891 0.9155249664 -0.8871805929 -0.6467726726 0.8919287340 0.8879217048
-0.8299152117 -0.6530554930 -0.7707808562 0.7792705277 -0.8147716622 0.9847426464 -0.7413791445 0.7239089787 -0.8538709894 0.9141162693 -0.8835185127 -0.6448520070 0.8895984615 0.8848181425
-0.8278347667 -0.6521213251 -0.7687857260 0.7753731595 -0.8120855838 0.9864392362 -0.7381150281 0.7211525218 -0.8522234527 0.9126315717 -0.8797619824 -0.6429237876 0.8871879672 0.8816264432
-0.8256916244 -0.6511850604 -0.7667448248 0.7714064301 -0.8093341176 0.9880556333 -0.7347988743 0.7183544295 -0.8505115955 0.9110681057 -0.8759095123 -0.6409845577 0.8846949610 0.8783447769
-0.8234830806 -0.6502426642 -0.7646551856 0.7673685643 -0.8065148751 0.9895877933 -0.7314283860 0.7155120326 -0.8487325345 0.9094231030 -0.8719596124 -0.6390308604 0.8821171529 0.8749713133
-0.8212064308 -0.6492901019 -0.7625138411 0.7632577869 -0.8036254678 0.9910316716 -0.7280012662 0.7126226617 -0.8468833863 0.9076937955 -0.8679107932 -0.6370592390 0.8794522527 0.8715042225
-0.8188589706 -0.6483233389 -0.7603178242 0.7590723226 -0.8006635072 0.9923832234 -0.7245152179 0.7096836477 -0.8449612675 0.9058774151 -0.8637615647 -0.6350662366 0.8766979703 0.8679416744
-0.8164379959 -0.6473383405 -0.7580641676 0.7548103961 -0.7976266048 0.9936384043 -0.7209679441 0.7066923210 -0.8429632949 0.9039711938 -0.8595104372 -0.6330483964 0.8738520156 0.8642818389
-0.8139408021 -0.6463310721 -0.7557499041 0.7504702321 -0.7945123723 0.9947931697 -0.7173571477 0.7036460126 -0.8408865849 0.9019723633 -0.8551559210 -0.6310022616 0.8709120985 0.8605228859
-0.8113646849 -0.6452974991 -0.7533720666 0.7460500555 -0.7913184211 0.9958434749 -0.7136805318 0.7005420531 -0.8387282543 0.8998781556 -0.8506965262 -0.6289243753 0.8678759288 0.8566629853
-0.8087069399 -0.6442335868 -0.7509276879 0.7415480908 -0.7880423627 0.9967852753 -0.7099357993 0.6973777731 -0.8364854197 0.8976858025 -0.8461307631 -0.6268112808 0.8647412164 0.8527003071
-0.8059648628 -0.6431353006 -0.7484138008 0.7369625629 -0.7846818087 0.9976145265 -0.7061206533 0.6941505035 -0.8341551978 0.8953925359 -0.8414571418 -0.6246595213 0.8615056712 0.8486330212
-0.8031357492 -0.6419986058 -0.7458274380 0.7322916965 -0.7812343705 0.9983271837 -0.7022327966 0.6908575748 -0.8317347051 0.8929955878 -0.8366741727 -0.6224656399 0.8581670032 0.8444592974
-0.8002168948 -0.6408194679 -0.7431656325 0.7275337162 -0.7776976598 0.9989192023 -0.6982699323 0.6874963179 -0.8292210583 0.8904921899 -0.8317803660 -0.6202261798 0.8547229220 0.8401773057
-0.7972055952 -0.6395938521 -0.7404254169 0.7226868470 -0.7740692880 0.9993865379 -0.6942297634 0.6840640634 -0.8266113740 0.8878795742 -0.8267742317 -0.6179376842 0.8511711378 0.8357852161
-0.7940991460 -0.6383177239 -0.7376038241 0.7177493134 -0.7703468666 0.9997251458 -0.6901099928 0.6805581420 -0.8239027689 0.8851549725 -0.8216542803 -0.6155966963 0.8475093603 0.8312811984
