-0.9848346170 -0.9348395690 -0.9914507112 0.9592416737 -0.9858942030 0.9879320759 -0.9845990497 0.9792431081 -0.9800581664 0.9818347249 -0.9898565002 -0.8384857745 0.9722507623 0.9816618760
-0.9801742276 -0.9409748681 -0.9889439656 0.9466731334 -0.9817042217 0.9843064257 -0.9799082056 0.9728574700 -0.9738924952 0.9763837505 -0.9908030685 -0.8507694977 0.9638934520 0.9757334530
-0.9756982341 -0.9468086445 -0.9865954788 0.9345934675 -0.9777548215 0.9808656670 -0.9754249256 0.9667239584 -0.9679539159 0.9712184656 -0.9917314123 -0.8625472644 0.9559623494 0.9698887876
-0.9713988526 -0.9523406268 -0.9843973008 0.9229907298 -0.9740367659 0.9776016375 -0.9711409064 0.9608338516 -0.9622342014 0.9663290486 -0.9926364291 -0.8738216029 0.9484454486 0.9641228487
-0.9672682991 -0.9575705435 -0.9823414819 0.9118529745 -0.9705408181 0.9745061747 -0.9670478447 0.9551784277 -0.9567251248 0.9617056781 -0.9935130166 -0.8845950414 0.9413307435 0.9584306053
-0.9632987898 -0.9624981230 -0.9804200720 0.9011682555 -0.9672577418 0.9715711162 -0.9631374371 0.9497489651 -0.9514184592 0.9573385326 -0.9943560723 -0.8948701080 0.9346062281 0.9528070266
-0.9594825406 -0.9671230939 -0.9786251212 0.8909246269 -0.9641783001 0.9687882997 -0.9594013804 0.9445367417 -0.9463059776 0.9532177906 -0.9951604940 -0.9046493309 0.9282598963 0.9472470815
-0.9558117676 -0.9714451847 -0.9769486797 0.8811101428 -0.9612932565 0.9661495628 -0.9558313711 0.9395330359 -0.9413794531 0.9493336306 -0.9959211792 -0.9139352382 0.9222797422 0.9417457390
-0.9522786869 -0.9754641239 -0.9753827975 0.8717128570 -0.9585933744 0.9636467430 -0.9524191060 0.9347291259 -0.9366306588 0.9456762311 -0.9966330256 -0.9227303582 0.9166537597 0.9362979681
-0.9488755145 -0.9791796399 -0.9739195248 0.8627208237 -0.9560694172 0.9612716779 -0.9491562818 0.9301162898 -0.9320513676 0.9422357707 -0.9972909306 -0.9310372191 0.9113699429 0.9308987380
-0.9455944666 -0.9825914613 -0.9725509115 0.8541220969 -0.9537121483 0.9590162051 -0.9460345951 0.9256858058 -0.9276333528 0.9390024278 -0.9978897921 -0.9388583489 0.9064162856 0.9255430175
-0.9424277591 -0.9856993165 -0.9712690078 0.8459047306 -0.9515123310 0.9568721622 -0.9430457425 0.9214289521 -0.9233683873 0.9359663809 -0.9984245075 -0.9461962759 0.9017807818 0.9202257757
-0.9393676082 -0.9885029341 -0.9700658637 0.8380567789 -0.9494607287 0.9548313868 -0.9401814209 0.9173370070 -0.9192482441 0.9331178085 -0.9988899745 -0.9530535283 0.8974514256 0.9149419816
-0.9364062298 -0.9910020425 -0.9689335295 0.8305662956 -0.9475481050 0.9528857166 -0.9374333267 0.9134012485 -0.9152646964 0.9304468892 -0.9992810908 -0.9594326342 0.8934162109 0.9096866043
-0.9335358401 -0.9931963702 -0.9678640550 0.8234213350 -0.9457652230 0.9510269890 -0.9347931568 0.9096129550 -0.9114095173 0.9279438014 -0.9995927538 -0.9653361217 0.8896631317 0.9044546127
-0.9307486552 -0.9950856459 -0.9668494905 0.8166099510 -0.9441028463 0.9492470418 -0.9322526078 0.9059634046 -0.9076744797 0.9255987237 -0.9998198613 -0.9707665192 0.8861801820 0.8992409760
-0.9280368910 -0.9966695978 -0.9658818861 0.8101201975 -0.9425517381 0.9475377124 -0.9298033763 0.9024438755 -0.9040513567 0.9234018346 -0.9999573108 -0.9757263546 0.8829553558 0.8940406630
-0.9253927636 -0.9979479546 -0.9649532917 0.8039401288 -0.9411026620 0.9458908385 -0.9274371591 0.8990456458 -0.9005319214 0.9213433126 -1.0000000000 -0.9802181563 0.8799766469 0.8888486428
-0.9228084892 -0.9989204447 -0.9640557575 0.7980577987 -0.9397463813 0.9442982578 -0.9251456528 0.8957599939 -0.8971079468 0.9194133361 -0.9999428265 -0.9842444524 0.8772320495 0.8836598845
-0.9202762837 -0.9995867966 -0.9631813336 0.7924612613 -0.9384736593 0.9427518076 -0.9229205541 0.8925781978 -0.8937712061 0.9176020837 -0.9997806878 -0.9878077711 0.8747095574 0.8784693570
-0.9177883632 -0.9999467389 -0.9623220701 0.7871385706 -0.9372752595 0.9412433258 -0.9207535596 0.8894915358 -0.8905134722 0.9158997339 -0.9995084817 -0.9909106404 0.8723971648 0.8732720294
-0.9153369439 -1.0000000000 -0.9614700171 0.7820777806 -0.9361419453 0.9397646498 -0.9186363660 0.8864912861 -0.8873265182 0.9142964652 -0.9991211057 -0.9935555887 0.8702828654 0.8680628708
-0.9129142417 -0.9997463084 -0.9606172245 0.7772669455 -0.9350644801 0.9383076173 -0.9165606701 0.8835687269 -0.8842021173 0.9127824561 -0.9986134574 -0.9957451441 0.8683546534 0.8628368500
-0.9105124727 -0.9991853926 -0.9597557426 0.7726941191 -0.9340336271 0.9368640659 -0.9145181684 0.8807151363 -0.8811320423 0.9113478851 -0.9979804345 -0.9974818348 0.8666005227 0.8575889361
-0.9081238529 -0.9983169812 -0.9588776215 0.7683473555 -0.9330401499 0.9354258331 -0.9125005577 0.8779217926 -0.8781080665 0.9099829308 -0.9972169346 -0.9987681888 0.8650084672 0.8523140982
-0.9057405986 -0.9971408025 -0.9579749111 0.7642147088 -0.9320748118 0.9339847565 -0.9104995346 0.8751799739 -0.8751219629 0.9086777715 -0.9963178552 -0.9996067345 0.8635664810 0.8470073053
-0.9033549256 -0.9956565852 -0.9570396616 0.7602842329 -0.9311283763 0.9325326738 -0.9085067958 0.8724809584 -0.8721655044 0.9074225859 -0.9952780941 -1.0000000000 0.8622625581 0.8416635263
-0.9009590500 -0.9938640576 -0.9560639231 0.7565439819 -0.9301916066 0.9310614226 -0.9065140380 0.8698160245 -0.8692304643 0.9062075525 -0.9940925487 -0.9999505134 0.8610846923 0.8362777304
-0.8985451881 -0.9917629484 -0.9550397457 0.7529820098 -0.9292552662 0.9295628404 -0.9045129579 0.8671764501 -0.8663086154 0.9050228497 -0.9927561168 -0.9994608030 0.8600208778 0.8308448865
-0.8961055556 -0.9893529859 -0.9539591794 0.7495863707 -0.9283101185 0.9280287648 -0.9024952520 0.8645535136 -0.8633917310 0.9038586560 -0.9912636959 -0.9985333968 0.8590591084 0.8253599636
