-1.0000000000 -0.9169348771 -0.8263312391 0.8976115797 -0.9989714683 0.6415668479 -0.8636773146 0.8085266290 -0.8380489720 0.9540582130 -0.8064428036 -0.6864757254 0.9982814599 0.9943165706
-0.9998382778 -0.9128608211 -0.8228057597 0.8950763236 -0.9983046743 0.6393563762 -0.8599674460 0.8045569388 -0.8340857803 0.9563732244 -0.8017896254 -0.6802323181 0.9973399448 0.9959180972
-0.9991172313 -0.9086881406 -0.8193786595 0.8925561084 -0.9974707627 0.6376559189 -0.8562768561 0.8006965234 -0.8301770067 0.9586972929 -0.7972151736 -0.6742117457 0.9961924835 0.9972567262
-0.9978443799 -0.9044150960 -0.8160435682 0.8900459679 -0.9964681067 0.6364493532 -0.8526010177 0.7969389716 -0.8263174574 0.9610236108 -0.7927140268 -0.6684061035 0.9948384789 0.9983322744
-0.9960272427 -0.9000399476 -0.8127941154 0.8875409358 -0.9952950799 0.6357205559 -0.8489354035 0.7932778724 -0.8225019385 0.9633453704 -0.7882807637 -0.6628074866 0.9932773338 0.9991445590
-0.9936733389 -0.8955609561 -0.8096239306 0.8850360460 -0.9939500555 0.6354534040 -0.8452754862 0.7897068147 -0.8187252561 0.9656557639 -0.7839099629 -0.6574079901 0.9915084512 0.9996933967
-0.9907901879 -0.8909763818 -0.8065266436 0.8825263321 -0.9924314069 0.6356317745 -0.8416167385 0.7862193874 -0.8149822163 0.9679479836 -0.7795962030 -0.6521997092 0.9895312339 0.9999786048
-0.9873853089 -0.8862844853 -0.8034958840 0.8800068281 -0.9907375076 0.6362395441 -0.8379546331 0.7828091794 -0.8112676252 0.9702152218 -0.7753340627 -0.6471747392 0.9873450849 1.0000000000
-0.9834662211 -0.8814835270 -0.8005252812 0.8774725675 -0.9888667309 0.6372605900 -0.8342846426 0.7794697796 -0.8075762889 0.9724506708 -0.7711181207 -0.6423251750 0.9849494071 0.9997573994
-0.9790404437 -0.8765717673 -0.7976084651 0.8749185843 -0.9868174501 0.6386787891 -0.8306022399 0.7761947770 -0.8039030135 0.9746475227 -0.7669429555 -0.6376431120 0.9823436033 0.9992506200
-0.9741154960 -0.8715474668 -0.7947390651 0.8723399121 -0.9845880388 0.6404780182 -0.8269028975 0.7729777604 -0.8002426051 0.9767989700 -0.7628031457 -0.6331206452 0.9795270764 0.9984794787
-0.9686988972 -0.8664088858 -0.7919107109 0.8697315848 -0.9821768701 0.6426421544 -0.8231820881 0.7698123188 -0.7965898698 0.9788982048 -0.7586932701 -0.6287498698 0.9764992294 0.9974437925
-0.9627981665 -0.8611542849 -0.7891170322 0.8670886362 -0.9795823176 0.6451550746 -0.8194352846 0.7666920410 -0.7929396137 0.9809384194 -0.7546079072 -0.6245228810 0.9732594652 0.9961433785
-0.9564208233 -0.8557819246 -0.7863516584 0.8644060999 -0.9768027546 0.6480006556 -0.8156579595 0.7636105160 -0.7892866429 0.9829128061 -0.7505416357 -0.6204317740 0.9698071865 0.9945780535
-0.9495743867 -0.8502900653 -0.7836082193 0.8616790097 -0.9738365544 0.6511627746 -0.8118455856 0.7605613328 -0.7856257636 0.9848145571 -0.7464890342 -0.6164686438 0.9661417965 0.9927476345
-0.9422663760 -0.8446769674 -0.7808803444 0.8589023996 -0.9706820905 0.6546253083 -0.8079936355 0.7575380801 -0.7819517818 0.9866368648 -0.7424446814 -0.6126255858 0.9622626978 0.9906519386
-0.9345043104 -0.8389408914 -0.7781616635 0.8560713031 -0.9673377363 0.6583721338 -0.8040975821 0.7545343470 -0.7782595036 0.9883729214 -0.7384031559 -0.6088946949 0.9581692935 0.9882907826
-0.9262957091 -0.8330800979 -0.7754458060 0.8531807541 -0.9638018650 0.6623871280 -0.8001528979 0.7515437223 -0.7745437352 0.9900159191 -0.7343590362 -0.6052680665 0.9538609864 0.9856639837
-0.9176480915 -0.8270928472 -0.7727264016 0.8502257863 -0.9600728502 0.6666541679 -0.7961550556 0.7485597949 -0.7707992826 0.9915590503 -0.7303069012 -0.6017377956 0.9493371794 0.9827713587
-0.9085689767 -0.8209773998 -0.7699970799 0.8472014336 -0.9561490651 0.6711571303 -0.7920995280 0.7455761538 -0.7670209520 0.9929955072 -0.7262413293 -0.5982959774 0.9445972755 0.9796127246
-0.8990658839 -0.8147320163 -0.7672514706 0.8441027296 -0.9520288832 0.6758798922 -0.7879817878 0.7425863879 -0.7632035494 0.9943184820 -0.7221568992 -0.5949347071 0.9396406774 0.9761878985
-0.8891463325 -0.8083549570 -0.7644832032 0.8409247082 -0.9477106778 0.6808063306 -0.7837973076 0.7395840861 -0.7593418810 0.9955211671 -0.7180481896 -0.5916460798 0.9344667882 0.9724966972
-0.8788178416 -0.8018444824 -0.7616859073 0.8376624032 -0.9431928223 0.6859203224 -0.7795415602 0.7365628372 -0.7554307528 0.9965967547 -0.7139097791 -0.5884221907 0.9290750107 0.9685389378
-0.8680879305 -0.7951988530 -0.7588532127 0.8343108483 -0.9384736901 0.6912057446 -0.7752100183 0.7335162303 -0.7514649710 0.9975384371 -0.7097362463 -0.5852551350 0.9234647478 0.9643144372
-0.8569641184 -0.7884163293 -0.7559787488 0.8308650772 -0.9335516545 0.6966464741 -0.7707981545 0.7304378542 -0.7474393417 0.9983394065 -0.7055221698 -0.5821370078 0.9176354024 0.9598230125
-0.8454539246 -0.7814951717 -0.7530561453 0.8273201238 -0.9284250890 0.7022263878 -0.7663014415 0.7273212978 -0.7433486709 0.9989928552 -0.7012621284 -0.5790599043 0.9115863775 0.9550644805
-0.8335648684 -0.7744336408 -0.7500790319 0.8236710218 -0.9230923669 0.7079293627 -0.7617153521 0.7241601501 -0.7391877649 0.9994919755 -0.6969507005 -0.5760159196 0.9053170758 0.9500386583
-0.8213044688 -0.7672299968 -0.7470410381 0.8199128050 -0.9175518616 0.7137392757 -0.7570353590 0.7209479999 -0.7349514296 0.9998299597 -0.6925824650 -0.5729971489 0.8988269003 0.9447453629
-0.8086802453 -0.7598825005 -0.7439357936 0.8160405071 -0.9118019465 0.7196400037 -0.7522569347 0.7176784363 -0.7306344712 1.0000000000 -0.6881520003 -0.5699956874 0.8921152539 0.9391844112
-0.7956997169 -0.7523894121 -0.7407569279 0.8120491620 -0.9058409950 0.7256154238 -0.7473755522 0.7143450479 -0.7262316957 0.9999952887 -0.6836538851 -0.5670036302 0.8851815396 0.9333556202
