-0.3400859006 -0.2870112671 -0.3996654461 0.3413143032 -0.6078164397 -0.3935066323 -0.4262489247 0.4160158753 -0.5412554797 -0.4274365543 -0.2359659735 -0.4413708806 0.3344480560 0.3373433266
-0.3242605146 -0.2718107610 -0.3830224388 0.3263318464 -0.5935593326 -0.3769579519 -0.4083292705 0.3985183962 -0.5263381718 -0.4106883040 -0.2199697444 -0.4243529653 0.3170881569 0.3226690005
-0.3080595956 -0.2562515240 -0.3659882088 0.3109500570 -0.5787130461 -0.3600194029 -0.3900362906 0.3806425932 -0.5108921803 -0.3935339854 -0.2036690807 -0.4069274541 0.2993982216 0.3075894620
-0.2914786136 -0.2403290898 -0.3485582528 0.2951636793 -0.5632687426 -0.3426864708 -0.3713662634 0.3623845023 -0.4949099667 -0.3759688744 -0.1870607569 -0.3890896954 0.2813750786 0.2920992396
-0.2745130387 -0.2240389919 -0.3307280672 0.2789674579 -0.5472175847 -0.3249546412 -0.3523154675 0.3437401594 -0.4783839926 -0.3579882472 -0.1701415473 -0.3708350376 0.2630155567 0.2761928618
-0.2571583407 -0.2073767641 -0.3124931487 0.2623561372 -0.5305507347 -0.3068193997 -0.3328801812 0.3247056005 -0.4613067197 -0.3395873796 -0.1529082262 -0.3521588293 0.2443164844 0.2598648569
-0.2394099896 -0.1903379399 -0.2938489938 0.2453244615 -0.5132593551 -0.2882762316 -0.3130566831 0.3052768616 -0.4436706096 -0.3207615477 -0.1353575681 -0.3330564189 0.2252746904 0.2431097536
-0.2212634554 -0.1729180530 -0.2747910991 0.2278671755 -0.4953346083 -0.2693206227 -0.2928412516 0.2854499785 -0.4254681238 -0.3015060276 -0.1174863473 -0.3135231549 0.2058870033 0.2259220803
-0.2027142080 -0.1551126370 -0.2553149611 0.2099790234 -0.4767676567 -0.2499480583 -0.2722301650 0.2652209874 -0.4066917240 -0.2818160951 -0.0992913383 -0.2935543856 0.1861502518 0.2082963655
-0.1837577175 -0.1369172257 -0.2354160765 0.1916547497 -0.4575496627 -0.2301540241 -0.2512197020 0.2445859241 -0.3873338717 -0.2616870263 -0.0807693153 -0.2731454597 0.1660612645 0.1902271376
-0.1643894537 -0.1183273526 -0.2150899417 0.1728890989 -0.4376717888 -0.2099340055 -0.2298061410 0.2235408245 -0.3673870286 -0.2411140972 -0.0619170528 -0.2522917256 0.1456168700 0.1717089251
-0.1446048866 -0.0993385513 -0.1943320533 0.1536768155 -0.4171251975 -0.1892834881 -0.2079857604 0.2020817248 -0.3468436563 -0.2200925839 -0.0427313251 -0.2309885316 0.1248138971 0.1527362566
-0.1243994862 -0.0799463556 -0.1731379080 0.1340126438 -0.3959010511 -0.1681979575 -0.1857548386 0.1802046607 -0.3256962163 -0.1986177622 -0.0232089067 -0.2092312264 0.1036491742 0.1333036604
-0.1037687225 -0.0601462990 -0.1515030022 0.1138913283 -0.3739905121 -0.1466728991 -0.1631096542 0.1579056684 -0.3039371703 -0.1766849083 -0.0033465719 -0.1870151583 0.0821195301 0.1134056651
-0.0827080654 -0.0399339152 -0.1294228326 0.0933076134 -0.3513847428 -0.1247037984 -0.1400464855 0.1351807837 -0.2815589798 -0.1542892980 0.0168589050 -0.1643356759 0.0602217934 0.0930367991
-0.0612129848 -0.0193047379 -0.1068928956 0.0722562436 -0.3280749059 -0.1022861411 -0.1165616112 0.1120260426 -0.2585541065 -0.1314262075 0.0374107495 -0.1411881276 0.0379527928 0.0721915910
-0.0392789508 0.0017456993 -0.0839086879 0.0507319633 -0.3040521635 -0.0794154127 -0.0926513095 0.0884374811 -0.2349150120 -0.1080909127 0.0583121872 -0.1175678618 0.0153093568 0.0508645691
-0.0169014332 0.0232218629 -0.0604657061 0.0287295170 -0.2793076783 -0.0560870986 -0.0683118590 0.0644111351 -0.2106341578 -0.0842786896 0.0795664438 -0.0934702271 -0.0077116859 0.0290502620
0.0059240979 0.0451282190 -0.0365594466 0.0062436490 -0.2538326126 -0.0322966844 -0.0435395381 0.0399430406 -0.1857040056 -0.0599848143 0.1011767450 -0.0688905718 -0.0311135066 0.0067431982
0.0292021725 0.0674692341 -0.0121854060 -0.0167308960 -0.2276181288 -0.0080396557 -0.0183306252 0.0150292335 -0.1601170170 -0.0352045626 0.1231463162 -0.0438242445 -0.0548992767 -0.0160620939
0.0529373208 0.0902493745 0.0126609190 -0.0401993739 -0.2006553895 0.0166885021 0.0073186010 -0.0103342501 -0.1338656536 -0.0099332107 0.1454783833 -0.0182665937 -0.0790721675 -0.0393710859
0.0771340728 0.1134731067 0.0379840320 -0.0641670400 -0.1729355569 0.0418923033 0.0334118623 -0.0361513743 -0.1069423769 0.0158339655 0.1681761716 0.0077870323 -0.1036353505 -0.0631892491
0.1017969585 0.1371448969 0.0637884363 -0.0886391499 -0.1444497936 0.0675762626 0.0599528802 -0.0624261032 -0.0793396487 0.0421016899 0.1912429070 0.0343412849 -0.1285919970 -0.0875220552
0.1269305079 0.1612692115 0.0900786354 -0.1136209592 -0.1151892620 0.0937448942 0.0869453761 -0.0891624008 -0.0510499304 0.0688746866 0.2146818150 0.0614008157 -0.1539452783 -0.1123749756
0.1525392511 0.1858505168 0.1168591327 -0.1391177235 -0.0851451245 0.1204027128 0.1143930717 -0.1163642312 -0.0220656836 0.0961576796 0.2384961212 0.0889702762 -0.1796983659 -0.1377534819
0.1786277181 0.2108932793 0.1441344317 -0.1651346983 -0.0543085435 0.1475542327 0.1422996884 -0.1440355583 0.0076206299 0.1239553928 0.2626890513 0.1170543179 -0.2058544310 -0.1636630457
0.2052004390 0.2364019653 0.1719090359 -0.1916771392 -0.0226706814 0.1752039685 0.1706689478 -0.1721803462 0.0380165487 0.1522725503 0.2872638309 0.1456575924 -0.2324166450 -0.1901091384
0.2322619438 0.2623810411 0.2001874485 -0.2187503018 0.0097772992 0.2033564346 0.1995045716 -0.2008025590 0.0691296110 0.1811138760 0.3122236855 0.1747847512 -0.2593881793 -0.2170972315
0.2598167625 0.2888349731 0.2289741732 -0.2463594415 0.0430442360 0.2320161455 0.2288102811 -0.2299061607 0.1009673554 0.2104840940 0.3375718409 0.2044404459 -0.2867722053 -0.2446327966
0.2878694252 0.3157682276 0.2582737132 -0.2745098140 0.0771389666 0.2611876156 0.2585897979 -0.2594951153 0.1335373202 0.2403879282 0.3633115226 0.2346293279 -0.3145718943 -0.2727213052
