-0.8887738280 -0.9078526527 -0.9364293813 0.9700024901 -0.9795906710 0.6321758093 -0.8914933216 0.8178532762 -0.9044470337 0.8285457858 -0.9937381099 -0.9890520018 0.8085809741 0.8338100848
-0.8873177952 -0.9070020142 -0.9358962346 0.9697613906 -0.9790060026 0.6323710275 -0.8898629011 0.8156127950 -0.9028810633 0.8281662589 -0.9930723443 -0.9882525149 0.8063415074 0.8320202111
-0.8858614557 -0.9061566846 -0.9353613796 0.9695082191 -0.9783951233 0.6327468218 -0.8882261493 0.8133895137 -0.9013035000 0.8278469190 -0.9923670376 -0.9874159595 0.8041242411 0.8302507750
-0.8844036171 -0.9053152812 -0.9348234701 0.9692417164 -0.9777570318 0.6332992163 -0.8865819888 0.8111821473 -0.8997133264 0.8275855447 -0.9916213909 -0.9865415232 0.8019278217 0.8285003629
-0.8829430869 -0.9044764213 -0.9342811598 0.9689606233 -0.9770907266 0.6340242353 -0.8849293421 0.8089894107 -0.8981095249 0.8273799142 -0.9908346053 -0.9856283935 0.7997508957 0.8267675610
-0.8814786724 -0.9036387223 -0.9337331025 0.9686636806 -0.9763952063 0.6349179029 -0.8832671319 0.8068100191 -0.8964910780 0.8272278062 -0.9900058820 -0.9846757578 0.7975921095 0.8250509559
-0.8800091814 -0.9028008013 -0.9331779520 0.9683496290 -0.9756694694 0.6359762432 -0.8815942807 0.8046426875 -0.8948569681 0.8271269989 -0.9891344220 -0.9836828038 0.7954501095 0.8233491337
-0.8785334212 -0.9019612756 -0.9326143620 0.9680172095 -0.9749125145 0.6371952804 -0.8799097111 0.8024861310 -0.8932061778 0.8270752708 -0.9882194265 -0.9826487189 0.7933235423 0.8216606808
-0.8770501994 -0.9011187625 -0.9320409864 0.9676651627 -0.9741233401 0.6385710386 -0.8782123456 0.8003390645 -0.8915376895 0.8270704004 -0.9872600967 -0.9815726906 0.7912110543 0.8199841835
-0.8755583234 -0.9002718793 -0.9314564788 0.9672922294 -0.9733009447 0.6400995421 -0.8765011070 0.7982002031 -0.8898504857 0.8271101661 -0.9862556336 -0.9804539065 0.7891112919 0.8183182282
-0.8740566009 -0.8994192433 -0.9308594930 0.9668971506 -0.9724443269 0.6417768149 -0.8747749177 0.7960682620 -0.8881435488 0.8271923462 -0.9852052384 -0.9792915540 0.7870229016 0.8166614012
-0.8725438393 -0.8985594718 -0.9302486829 0.9664786669 -0.9715524853 0.6435988812 -0.8730327003 0.7939419560 -0.8864158614 0.8273147193 -0.9841081121 -0.9780848208 0.7849445299 0.8150122888
-0.8710188461 -0.8976911820 -0.9296227022 0.9660355192 -0.9706244184 0.6455617651 -0.8712733774 0.7918200003 -0.8846664058 0.8274750638 -0.9829634560 -0.9768328943 0.7828748232 0.8133694774
-0.8694804288 -0.8968129911 -0.9289802046 0.9655664482 -0.9696591247 0.6476614909 -0.8694958716 0.7897011098 -0.8828941646 0.8276711580 -0.9817704711 -0.9755349621 0.7808124280 0.8117315533
-0.8679273950 -0.8959235166 -0.9283198439 0.9650701948 -0.9686556029 0.6498940827 -0.8676991055 0.7875839998 -0.8810981203 0.8279007805 -0.9805283585 -0.9741902117 0.7787559908 0.8100971029
-0.8663585521 -0.8950213756 -0.9276402739 0.9645454998 -0.9676128514 0.6522555646 -0.8658820017 0.7854673851 -0.8792772552 0.8281617096 -0.9792363194 -0.9727978305 0.7767041579 0.8084647124
-0.8647727077 -0.8941051854 -0.9269401484 0.9639911039 -0.9665298687 0.6547419608 -0.8640434828 0.7833499808 -0.8774305519 0.8284517237 -0.9778935550 -0.9713570061 0.7746555759 0.8068329682
-0.8631686692 -0.8931735634 -0.9262181211 0.9634057480 -0.9654056535 0.6573492954 -0.8621824712 0.7812305020 -0.8755569928 0.8287686014 -0.9764992662 -0.9698669261 0.7726088912 0.8052004566
-0.8615452442 -0.8922251267 -0.9254728459 0.9627881728 -0.9642392043 0.6600735926 -0.8602978897 0.7791076637 -0.8736555605 0.8291101210 -0.9750526543 -0.9683267779 0.7705627503 0.8035657641
-0.8599012402 -0.8912584927 -0.9247029763 0.9621371192 -0.9630295197 0.6629108766 -0.8583886608 0.7769801810 -0.8717252374 0.8294740610 -0.9735529204 -0.9667357491 0.7685157996 0.8019274768
-0.8582354647 -0.8902722786 -0.9239071664 0.9614513279 -0.9617755981 0.6658571715 -0.8564537071 0.7748467688 -0.8697650059 0.8298581998 -0.9719992656 -0.9650930272 0.7664666856 0.8002841811
-0.8565467253 -0.8892651018 -0.9230840697 0.9607295398 -0.9604764382 0.6689085014 -0.8544919511 0.7727061424 -0.8677738485 0.8302603157 -0.9703908910 -0.9633977997 0.7644140547 0.7986344634
-0.8548338293 -0.8882355794 -0.9222323401 0.9599704956 -0.9591310384 0.6720608905 -0.8525023155 0.7705570165 -0.8657507478 0.8306781874 -0.9687269977 -0.9616492542 0.7623565535 0.7969769100
-0.8530955844 -0.8871823288 -0.9213506313 0.9591729362 -0.9577383974 0.6753103630 -0.8504837228 0.7683981065 -0.8636946861 0.8311095931 -0.9670067869 -0.9598465781 0.7602928283 0.7953101073
-0.8513307980 -0.8861039673 -0.9204375972 0.9583356023 -0.9562975137 0.6786529430 -0.8484350957 0.7662281272 -0.8616046460 0.8315523113 -0.9652294597 -0.9579889590 0.7582215256 0.7936326415
-0.8495382776 -0.8849991121 -0.9194918914 0.9574572347 -0.9548073858 0.6820846547 -0.8463553567 0.7640457937 -0.8594796099 0.8320041204 -0.9633942172 -0.9560755844 0.7561412920 0.7919430990
-0.8477168308 -0.8838663805 -0.9185121678 0.9565365743 -0.9532670123 0.6856015222 -0.8442434283 0.7618498210 -0.8573185602 0.8324627989 -0.9615002605 -0.9541056417 0.7540507737 0.7902400662
-0.8458652651 -0.8827043898 -0.9174970801 0.9555723619 -0.9516753917 0.6891995698 -0.8420982332 0.7596389243 -0.8551204795 0.8329261252 -0.9595467908 -0.9520783187 0.7519486174 0.7885221293
-0.8439823880 -0.8815117573 -0.9164452821 0.9545633381 -0.9500315225 0.6928748214 -0.8399186940 0.7574118185 -0.8528843503 0.8333918777 -0.9575330091 -0.9499928027 0.7498334694 0.7867878747
-0.8420670069 -0.8802871002 -0.9153554275 0.9535082439 -0.9483344034 0.6966233013 -0.8377037332 0.7551672187 -0.8506091549 0.8338578348 -0.9554581167 -0.9478482813 0.7477039763 0.7850358887
