-0.0220805238 -0.1168908862 -0.2047904946 -0.1217161428 0.0060168596 -0.2494566644 -0.1915916477 -0.1200025635 0.0251626325 -0.2324305407 0.0905948212 -0.0980205586 -0.1206678091 -0.1154017135
-0.0196601197 -0.1112203176 -0.1977721380 -0.1187781354 0.0128652420 -0.2414019444 -0.1821614814 -0.1170151608 0.0393288686 -0.2098651847 0.0826231858 -0.0922312967 -0.1180527233 -0.1127699839
-0.0174556069 -0.1057718405 -0.1909629203 -0.1160299947 0.0194390352 -0.2335537282 -0.1729717526 -0.1142187270 0.0531322282 -0.1871981052 0.0749078820 -0.0866714888 -0.1156242134 -0.1103266997
-0.0154784208 -0.1005590410 -0.1843771166 -0.1134831461 0.0257232176 -0.2259269163 -0.1640386810 -0.1116247333 0.0665518775 -0.1644401318 0.0674644082 -0.0813548924 -0.1133934559 -0.1080830724
-0.0137399967 -0.0955955049 -0.1780290021 -0.1111490148 0.0317027679 -0.2185364095 -0.1553784863 -0.1092446507 0.0795669825 -0.1416020939 0.0603082628 -0.0762952654 -0.1113716274 -0.1060503139
-0.0122517700 -0.0908948185 -0.1719328521 -0.1090390259 0.0373626648 -0.2113971087 -0.1470073880 -0.1070899503 0.0921567091 -0.1186948211 0.0534549441 -0.0715063653 -0.1095699046 -0.1042396355
-0.0110251758 -0.0864705675 -0.1661029417 -0.1071646046 0.0426878868 -0.2045239146 -0.1389416059 -0.1051721031 0.1043002233 -0.0957291427 0.0469199503 -0.0670019500 -0.1079994641 -0.1026622490
-0.0100716497 -0.0823363381 -0.1605535461 -0.1055371763 0.0476634125 -0.1979317278 -0.1311973595 -0.1035025801 0.1159766913 -0.0727158884 0.0407187799 -0.0627957771 -0.1066714825 -0.1013293659
-0.0094026269 -0.0785057163 -0.1552989405 -0.1041681660 0.0522742206 -0.1916354493 -0.1237908686 -0.1020928525 0.1271652789 -0.0496658876 0.0348669312 -0.0589016042 -0.1055971363 -0.1002521979
-0.0090295428 -0.0749922880 -0.1503534002 -0.1030689990 0.0565052898 -0.1856499797 -0.1167383527 -0.1009543912 0.1378451523 -0.0265899699 0.0293799025 -0.0553331892 -0.1047876022 -0.0994419566
-0.0089638326 -0.0718096392 -0.1457312002 -0.1022511005 0.0603415985 -0.1799902197 -0.1100560316 -0.1000986674 0.1479954773 -0.0034989646 0.0242731921 -0.0521042897 -0.1042540568 -0.0989098536
-0.0092169318 -0.0689713561 -0.1414466158 -0.1017258957 0.0637681255 -0.1746710703 -0.1037601248 -0.0995371521 0.1575954200 0.0195962987 0.0195622984 -0.0492286635 -0.1040076767 -0.0986671005
-0.0098002757 -0.0664910245 -0.1375139222 -0.1015048098 0.0667698493 -0.1697074320 -0.0978668519 -0.0992813163 0.1666241465 0.0426849905 0.0152627196 -0.0467200681 -0.1040596386 -0.0987249089
-0.0107252995 -0.0643822304 -0.1339473946 -0.1015992681 0.0693317486 -0.1651142057 -0.0923924328 -0.0993426311 0.1750608227 0.0657562813 0.0113899542 -0.0445922614 -0.1044211190 -0.0990944905
-0.0120034388 -0.0626585600 -0.1307613082 -0.1020206957 0.0714388020 -0.1609062921 -0.0873530868 -0.0997325676 0.1828846146 0.0887993417 0.0079595005 -0.0428590010 -0.1051032945 -0.0997870568
-0.0136461286 -0.0613335991 -0.1279699382 -0.1027805179 0.0730759881 -0.1570985921 -0.0827650339 -0.1004625967 0.1900746882 0.1118033420 0.0049868567 -0.0415340446 -0.1061173417 -0.1008138195
-0.0156648045 -0.0604209338 -0.1255875597 -0.1038901598 0.0742282856 -0.1537060062 -0.0786444934 -0.1015441897 0.1966102096 0.1347574529 0.0024875212 -0.0406311500 -0.1074744373 -0.1021859902
-0.0180709017 -0.0599341501 -0.1236284480 -0.1053610467 0.0748806730 -0.1507434353 -0.0750076852 -0.1029888174 0.2024703447 0.1576508448 0.0004769924 -0.0401640747 -0.1091857579 -0.1039147805
-0.0208758556 -0.0598868340 -0.1221068783 -0.1072046038 0.0750181289 -0.1482257802 -0.0718708289 -0.1048079510 0.2076342596 0.1804726883 -0.0010292314 -0.0401465766 -0.1112624800 -0.1060114019
-0.0240911015 -0.0602925715 -0.1210371257 -0.1094322563 0.0746256321 -0.1461679416 -0.0692501440 -0.1070130615 0.2120811203 0.2032121538 -0.0020156519 -0.0405924134 -0.1137157803 -0.1084870662
