-0.7827093550 -0.8893972523 -0.9255427093 -0.7912636702 -0.8793102260 -0.9774258232 -0.9622059746 -0.7923578689 -0.9185533985 -0.8568416947 0.8870589766 -0.8895502937 -0.7824766337 -0.7848130691
-0.8006044947 -0.9026970039 -0.9360995364 -0.8084507653 -0.8932591727 -0.9826665716 -0.9692745488 -0.8095272287 -0.9261285953 -0.8513257788 0.9005857452 -0.9028671232 -0.7996516203 -0.8018818475
-0.8178653458 -0.9152433123 -0.9459225763 -0.8250249875 -0.9064582695 -0.9872495196 -0.9756592922 -0.8260810989 -0.9330531206 -0.8453608212 0.9133478267 -0.9154257978 -0.8162446812 -0.8183684899
-0.8344725048 -0.9270146784 -0.9549924371 -0.8409682810 -0.9188851748 -0.9911579994 -0.9813425436 -0.8420013587 -0.9393079896 -0.8389376665 0.9253239720 -0.9272050064 -0.8322387220 -0.8342559919
-0.8504065678 -0.9379896036 -0.9632897270 -0.8562625897 -0.9305175467 -0.9943753432 -0.9863066421 -0.8572698878 -0.9448742176 -0.8320471590 0.9364929319 -0.9381834383 -0.8476166484 -0.8495273494
-0.8656481310 -0.9481465888 -0.9707950543 -0.8708898578 -0.9413330435 -0.9968848830 -0.9905339265 -0.8718685654 -0.9497328200 -0.8246801431 0.9468334572 -0.9483397825 -0.8623613661 -0.8641655580
-0.8801777908 -0.9574641353 -0.9774890270 -0.8848320293 -0.9513093234 -0.9986699510 -0.9940067358 -0.8857792711 -0.9538648121 -0.8168274632 0.9563242989 -0.9576527280 -0.8764557806 -0.8781536135
-0.8939761432 -0.9659207442 -0.9833522536 -0.8980710483 -0.9604240446 -0.9997138793 -0.9967074088 -0.8989838843 -0.9572512091 -0.8084799636 0.9649442077 -0.9661009641 -0.8898827975 -0.8914745116
-0.9070237847 -0.9734949167 -0.9883653420 -0.9105888589 -0.9686548653 -1.0000000000 -0.9986182846 -0.9114642845 -0.9598730263 -0.7996284888 0.9726719346 -0.9736631797 -0.9026253226 -0.9041112481
-0.9193013113 -0.9801651538 -0.9925089006 -0.9223674051 -0.9759794438 -0.9995116452 -0.9997217020 -0.9232023510 -0.9617112792 -0.7902638832 0.9794862304 -0.9803180639 -0.9146662614 -0.9160468188
-0.9307893194 -0.9859099569 -0.9957635374 -0.9333886310 -0.9823754382 -0.9982321470 -1.0000000000 -0.9341799633 -0.9627469829 -0.7803769910 0.9853658460 -0.9860443059 -0.9259885196 -0.9272642192
-0.9414684052 -0.9907078269 -0.9981098609 -0.9436344807 -0.9878205068 -0.9961448376 -0.9994355175 -0.9443790008 -0.9629611528 -0.7699586568 0.9902895321 -0.9908205947 -0.9365750027 -0.9377464452
-0.9513191649 -0.9945372651 -0.9995284790 -0.9530868982 -0.9922923078 -0.9932330491 -0.9980105934 -0.9537813431 -0.9623348042 -0.7589997249 0.9942360397 -0.9946256195 -0.9464086165 -0.9474764926
-0.9603221948 -0.9973767725 -1.0000000000 -0.9617278276 -0.9957684994 -0.9894801135 -0.9957075666 -0.9623688694 -0.9608489523 -0.7474910396 0.9971841197 -0.9974380692 -0.9554722666 -0.9564373570
-0.9684580911 -0.9992048505 -0.9995050321 -0.9695392131 -0.9982267398 -0.9848693630 -0.9925087761 -0.9701234594 -0.9584846126 -0.7354234454 0.9991125228 -0.9992366330 -0.9637488585 -0.9646120341
-0.9757074500 -1.0000000000 -0.9980241836 -0.9765029985 -0.9996446873 -0.9793841298 -0.9883965609 -0.9770269923 -0.9552228003 -0.7227877867 1.0000000000 -1.0000000000 -0.9712212980 -0.9719835198
-0.9820508678 -0.9997407223 -0.9955380625 -0.9826011281 -1.0000000000 -0.9730077459 -0.9833532597 -0.9830613477 -0.9510445306 -0.7095749079 0.9998253021 -0.9997068593 -0.9778724906 -0.9785348097
-0.9874689406 -0.9984055184 -0.9920272772 -0.9878155459 -0.9992703362 -0.9657235434 -0.9773612116 -0.9882084050 -0.9459308190 -0.6957756532 0.9985671799 -0.9983358999 -0.9836853420 -0.9842488996
-0.9919422649 -0.9959728896 -0.9874724358 -0.9921281959 -0.9974333541 -0.9575148545 -0.9704027555 -0.9924500436 -0.9398626807 -0.6813808672 0.9962043844 -0.9958658109 -0.9886427578 -0.9891087853
-0.9954514367 -0.9924213370 -0.9818541464 -0.9955210223 -0.9944667119 -0.9483650114 -0.9624602303 -0.9957681430 -0.9328211311 -0.6663813942 0.9927156663 -0.9922752814 -0.9927276436 -0.9930974624
