0.5561697430 0.3617724948 0.3170977907 0.3911508680 0.2808991528 0.4157763334 0.2608959570 0.3947840156 0.1769596246 0.1492522282 -0.0086446926 0.3773814486 0.2803046921 0.3220536878
0.5554257318 0.3652466455 0.3215127761 0.3854714861 0.2836642484 0.4176115083 0.2655464387 0.3891848144 0.1807821155 0.1535643038 -0.0092210232 0.3806371074 0.2718048843 0.3136788655
0.5548484659 0.3689517855 0.3261562922 0.3798748063 0.2867235286 0.4196947131 0.2704489456 0.3836694352 0.1849248027 0.1581976848 -0.0101153912 0.3841215235 0.2633438763 0.3053347870
0.5544408461 0.3728910876 0.3310313593 0.3743631198 0.2900810056 0.4220295368 0.2756067445 0.3782401763 0.1893918665 0.1631565003 -0.0113322210 0.3878378719 0.2549236554 0.2970233434
0.5542057734 0.3770677247 0.3361409978 0.3689387178 0.2937406911 0.4246195684 0.2810231023 0.3728993361 0.1941874871 0.1684448794 -0.0128759371 0.3917893278 0.2465462090 0.2887464256
0.5541461485 0.3814848697 0.3414882282 0.3636038912 0.2977065971 0.4274683970 0.2867012860 0.3676492130 0.1993158450 0.1740669515 -0.0147509638 0.3959790665 0.2382135244 0.2805059249
0.5542648724 0.3861456954 0.3470760709 0.3583609313 0.3019827356 0.4305796115 0.2926445623 0.3624921053 0.2047811205 0.1800268457 -0.0169617255 0.4004102630 0.2299275891 0.2723037321
0.5545648459 0.3910533746 0.3529075463 0.3532121293 0.3065731185 0.4339568011 0.2988561984 0.3574303115 0.2105874938 0.1863286911 -0.0195126466 0.4050860925 0.2216903903 0.2641417384
0.5550489700 0.3962110803 0.3589856747 0.3481597762 0.3114817578 0.4376035547 0.3053394609 0.3524661299 0.2167391454 0.1929766170 -0.0224081516 0.4100097302 0.2135039156 0.2560218348
0.5557201454 0.4016219852 0.3653134767 0.3432061632 0.3167126654 0.4415234613 0.3120976168 0.3476018588 0.2232402555 0.1999747527 -0.0256526647 0.4151843512 0.2053701522 0.2479459123
0.5565812731 0.4072892623 0.3718939726 0.3383535814 0.3222698532 0.4457201101 0.3191339331 0.3428397967 0.2300950044 0.2073272272 -0.0292506104 0.4206131308 0.1972910875 0.2399158620
0.5576352539 0.4132160844 0.3787301828 0.3336043221 0.3281573332 0.4501970899 0.3264516765 0.3381822420 0.2373075726 0.2150381698 -0.0332064131 0.4262992440 0.1892687089 0.2319335750
0.5588849888 0.4194056243 0.3858251278 0.3289606763 0.3343791173 0.4549579899 0.3340541141 0.3336314929 0.2448821403 0.2231117096 -0.0375244972 0.4322458661 0.1813050037 0.2240009423
0.5603333785 0.4258610549 0.3931818280 0.3244249351 0.3409392175 0.4600063991 0.3419445126 0.3291898480 0.2528228878 0.2315519760 -0.0422092870 0.4384561722 0.1734019594 0.2161198549
0.5619833240 0.4325855491 0.4008033038 0.3199993898 0.3478416457 0.4653459065 0.3501261391 0.3248596054 0.2611339955 0.2403630980 -0.0472652070 0.4449333375 0.1655615633 0.2082922039
0.5638377261 0.4395822797 0.4086925755 0.3156863314 0.3550904138 0.4709801011 0.3586022603 0.3206430637 0.2698196436 0.2495492049 -0.0526966816 0.4516805371 0.1577858027 0.2005198803
0.5658994858 0.4468544196 0.4168526637 0.3114880511 0.3626895339 0.4769125720 0.3673761432 0.3165425212 0.2788840126 0.2591144259 -0.0585081351 0.4587009462 0.1500766651 0.1928047752
0.5681715038 0.4544051416 0.4252865887 0.3074068400 0.3706430178 0.4831469082 0.3764510547 0.3125602763 0.2883312828 0.2690628901 -0.0647039920 0.4659977400 0.1424361379 0.1851487796
0.5706566811 0.4622376186 0.4339973709 0.3034449894 0.3789548775 0.4896866987 0.3858302617 0.3086986273 0.2981656344 0.2793987269 -0.0712886765 0.4735740937 0.1348662083 0.1775537847
0.5733579185 0.4703550234 0.4429880308 0.2996047902 0.3876291249 0.4965355326 0.3955170310 0.3049598727 0.3083912479 0.2901260652 -0.0782666133 0.4814331823 0.1273688638 0.1700216813
