0.5013624602 0.2959373074 0.0645194948 0.1479043230 0.7905241905 0.2946309394 0.2958912018 0.1565224616 0.8016934515 0.0906379777 -0.8097896786 0.2848091237 0.2061224661 0.2006847876
0.5203121607 0.3120091405 0.0785128045 0.1614091895 0.8118725149 0.3105861325 0.3123376344 0.1702575925 0.8227404389 0.1034233855 -0.8306308814 0.3010165168 0.2204015077 0.2150173315
0.5382525884 0.3272051443 0.0918259315 0.1741151806 0.8319508511 0.3256625143 0.3279228836 0.1831925161 0.8424884149 0.1154503433 -0.8501489627 0.3163666617 0.2338422424 0.2285201520
0.5552011681 0.3415412087 0.1044716495 0.1860376685 0.8507800825 0.3398760825 0.3426623917 0.1953425382 0.8609585813 0.1267336965 -0.8683650589 0.3308750179 0.2464605264 0.2412089100
0.5711753248 0.3550332238 0.1164627323 0.1971920252 0.8683810925 0.3532428348 0.3565716010 0.2067229646 0.8781721403 0.1372882906 -0.8853003065 0.3445570449 0.2582722163 0.2530992667
0.5861924836 0.3676970799 0.1278119533 0.2075936226 0.8847747645 0.3657787686 0.3696659539 0.2173491012 0.8941502938 0.1471289708 -0.9009758420 0.3574282020 0.2692931683 0.2642068833
0.6002700695 0.3795486668 0.1385320864 0.2172578327 0.8999819820 0.3774998816 0.3819608926 0.2272362536 0.9089142438 0.1562705827 -0.9154128019 0.3695039488 0.2795392390 0.2745474210
0.6134255076 0.3906038749 0.1486359052 0.2262000277 0.9140236282 0.3884221714 0.3934718596 0.2363997277 0.9224851924 0.1647279715 -0.9286323226 0.3807997446 0.2890262846 0.2841365408
0.6256762227 0.4008785941 0.1581361834 0.2344355793 0.9269205867 0.3985616356 0.4042142971 0.2448548292 0.9348843417 0.1725159826 -0.9406555407 0.3913310489 0.2977701616 0.2929899039
0.6370396401 0.4103887146 0.1670456946 0.2419798598 0.9386937408 0.4079342718 0.4142036475 0.2526168641 0.9461328935 0.1796494615 -0.9515035926 0.4011133210 0.3057867264 0.3011231713
0.6475331845 0.4191501265 0.1753772125 0.2488482410 0.9493639740 0.4165560775 0.4234553531 0.2597011380 0.9562520500 0.1861432535 -0.9611976148 0.4101620204 0.3130918353 0.3085520044
0.6571742812 0.4271787198 0.1831435109 0.2550560949 0.9589521695 0.4244430504 0.4319848562 0.2661229568 0.9652630131 0.1920122040 -0.9697587439 0.4184926066 0.3197013448 0.3152920641
0.6659803551 0.4344903847 0.1903573632 0.2606187937 0.9674792109 0.4316111881 0.4398075992 0.2718976263 0.9731869849 0.1972711584 -0.9772081162 0.4261205390 0.3256311113 0.3213590117
0.6739688311 0.4411010113 0.1970315433 0.2655517092 0.9749659815 0.4380764882 0.4469390243 0.2770404523 0.9800451674 0.2019349620 -0.9835668683 0.4330612770 0.3308969910 0.3267685082
0.6811571345 0.4470264897 0.2031788249 0.2698702135 0.9814333648 0.4438549482 0.4533945739 0.2815667405 0.9858587626 0.2060184602 -0.9888561368 0.4393302800 0.3355148405 0.3315362148
0.6875626900 0.4522827100 0.2088119815 0.2735896785 0.9869022440 0.4489625658 0.4591896904 0.2854917967 0.9906489726 0.2095364985 -0.9930970579 0.4449430074 0.3395005161 0.3356777926
0.6932029228 0.4568855622 0.2139437868 0.2767254764 0.9913935028 0.4534153386 0.4643398160 0.2888309268 0.9944369993 0.2125039221 -0.9963107684 0.4499149188 0.3428698743 0.3392089028
0.6980952580 0.4608509365 0.2185870146 0.2792929790 0.9949280243 0.4572292641 0.4688603931 0.2915994366 0.9972440447 0.2149355766 -0.9985184045 0.4542614734 0.3456387713 0.3421452065
0.7022571204 0.4641947231 0.2227544384 0.2813075584 0.9975266921 0.4604203400 0.4727668640 0.2938126318 0.9990913110 0.2168463072 -0.9997411029 0.4579981308 0.3478230636 0.3445023649
0.7057059351 0.4669328119 0.2264588320 0.2827845866 0.9992103895 0.4630045638 0.4760746710 0.2954858182 1.0000000000 0.2182509594 -1.0000000000 0.4611403504 0.3494386076 0.3462960390
