0.4128803169 0.9244851290 0.9270108850 0.3658815122 0.9788594293 0.9774903871 0.9993985293 0.3730921411 0.9998117102 0.9273477458 -0.8893230936 0.9353617382 0.2733498908 0.2684793644
0.3979408864 0.9135106104 0.9161211504 0.3510167235 0.9736974994 0.9716401377 0.9983582353 0.3582500559 0.9991808906 0.9335164264 -0.8766598286 0.9249458352 0.2587392116 0.2537318446
0.3826238979 0.9017355783 0.9044225330 0.3357993363 0.9679478529 0.9650853199 0.9968166767 0.3430506304 0.9981022560 0.9394342330 -0.8632543565 0.9137008510 0.2438222115 0.2386844528
0.3669250479 0.8891497992 0.8919052728 0.3202254161 0.9616036387 0.9578169996 0.9947676844 0.3274898499 0.9965705207 0.9450978494 -0.8490983356 0.9016165047 0.2285956089 0.2233340457
0.3508400328 0.8757430396 0.8785596101 0.3042910286 0.9546580055 0.9498262428 0.9922050892 0.3115636998 0.9945803995 0.9505039595 -0.8341834246 0.8886825150 0.2130561222 0.2076774798
0.3343645489 0.8615050663 0.8643757849 0.2879922394 0.9471041023 0.9411041155 0.9891227222 0.2952681654 0.9921266069 0.9556492472 -0.8185012819 0.8748886009 0.1972004699 0.1917116118
0.3174942927 0.8464256457 0.8493440373 0.2713251141 0.9389350778 0.9316416837 0.9855144141 0.2785992322 0.9892038574 0.9605303964 -0.8020435659 0.8602244813 0.1810253705 0.1754332983
0.3002249607 0.8304945445 0.8334546076 0.2542857183 0.9301440809 0.9214300133 0.9813739959 0.2615528855 0.9858068656 0.9651440910 -0.7848019351 0.8446798751 0.1645275423 0.1588393959
0.2825522492 0.8137015292 0.8166977358 0.2368701176 0.9207242603 0.9104601703 0.9766952985 0.2441251107 0.9819303460 0.9694870149 -0.7667680480 0.8282445012 0.1477037038 0.1419267611
0.2644718547 0.7960363665 0.7990636621 0.2190743777 0.9106687649 0.8987232208 0.9714721527 0.2263118931 0.9775690133 0.9735558519 -0.7479335630 0.8109080785 0.1305505736 0.1246922505
0.2459794736 0.7774888229 0.7805426265 0.2008945641 0.8999707435 0.8862102306 0.9656983894 0.2081092182 0.9727175821 0.9773472860 -0.7282901387 0.7926603258 0.1130648699 0.1071327209
0.2270708023 0.7580486650 0.7611248692 0.1823267425 0.8886233449 0.8729122658 0.9593678396 0.1895130713 0.9673707668 0.9808580010 -0.7078294335 0.7734909621 0.0952433114 0.0892450287
0.2077415373 0.7377056594 0.7408006304 0.1633669785 0.8766197180 0.8588203924 0.9524743341 0.1705194378 0.9615232820 0.9840846808 -0.6865431059 0.7533897063 0.0770826163 0.0710260306
0.1879873749 0.7164495727 0.7195601502 0.1440113377 0.8639530115 0.8439256763 0.9450117038 0.1511243031 0.9551698423 0.9870240094 -0.6644228144 0.7323462772 0.0585795033 0.0524725831
0.1678040116 0.6942701714 0.6973936686 0.1242558857 0.8506163742 0.8282191834 0.9369737796 0.1313236525 0.9483051624 0.9896726705 -0.6414602174 0.7103503938 0.0397306906 0.0335815429
0.1471871438 0.6711572222 0.6742914258 0.1040966882 0.8366029551 0.8116919799 0.9283543924 0.1111134714 0.9409239566 0.9920273481 -0.6176469734 0.6873917750 0.0205328969 0.0143497666
0.1261324680 0.6471004916 0.6502436620 0.0835298107 0.8219059028 0.7943351317 0.9191473730 0.0904897452 0.9330209397 0.9940847262 -0.5929747409 0.6634601396 0.0009828405 -0.0052258893
0.1046356805 0.6220897463 0.6252406173 0.0625513189 0.8065183663 0.7761397047 0.9093465525 0.0694484592 0.9245908261 0.9958414884 -0.5674351783 0.6385452066 -0.0189227602 -0.0251485681
0.0826924778 0.5961147528 0.5992725317 0.0411572783 0.7904334942 0.7570967649 0.8989457616 0.0479855989 0.9156283305 0.9972943189 -0.5410199442 0.6126366949 -0.0391871866 -0.0454214132
0.0602985563 0.5691652776 0.5723296455 0.0193437547 0.7736444356 0.7371973783 0.8879388313 0.0260971496 0.9061281674 0.9984399014 -0.5137206970 0.5857243232 -0.0598137204 -0.0660475681
