-0.2284113603 -0.2366599589 -0.2371688348 -0.2507843186 -0.5346917777 -0.2759336049 -0.1616740232 -0.2507751745 0.0788727241 -0.2416823857 0.2193920867 -0.2636476855 -0.2203198344 -0.2251194401
-0.2059259675 -0.2142856806 -0.2149833206 -0.2283028541 -0.5112548148 -0.2532388267 -0.1420954130 -0.2282931981 0.0574584626 -0.2612078265 0.2092636598 -0.2411678139 -0.1979669144 -0.2027609254
-0.1830519405 -0.1915117169 -0.1923923244 -0.2054108650 -0.4871399216 -0.2301146325 -0.1220895547 -0.2054007198 0.0357706553 -0.2807503131 0.1982754404 -0.2182648495 -0.1752296364 -0.1800135319
-0.1597866619 -0.1683350379 -0.1693924583 -0.1821051816 -0.4623401720 -0.2065576624 -0.1016518655 -0.1820945711 0.0138083978 -0.3003062024 0.1864128922 -0.1949353066 -0.1521053279 -0.1568744808
-0.1361275142 -0.1447526139 -0.1459803345 -0.1583826341 -0.4368486403 -0.1825645560 -0.0807777630 -0.1583715835 -0.0084292146 -0.3198718508 0.1736614793 -0.1711756992 -0.1285913164 -0.1333409934
-0.1120718798 -0.1207614152 -0.1221525650 -0.1342400530 -0.4106584006 -0.1581319534 -0.0594626644 -0.1342285884 -0.0309430863 -0.3394436153 0.1600066655 -0.1469825414 -0.1046849295 -0.1094102912
-0.0876171413 -0.0963584120 -0.0979057620 -0.1096742685 -0.3837625269 -0.1332564944 -0.0377019872 -0.1096624175 -0.0537341218 -0.3590178524 0.1454339146 -0.1223523474 -0.0803834948 -0.0850795954
-0.0627606811 -0.0715405744 -0.0732365376 -0.0846821108 -0.3561540936 -0.1079348188 -0.0154911489 -0.0846699023 -0.0768032257 -0.3785909189 0.1299286906 -0.0972816313 -0.0556843398 -0.0603461273
-0.0374998817 -0.0463048727 -0.0481415039 -0.0592604105 -0.3278261746 -0.0821635665 0.0071744332 -0.0592478741 -0.1001513024 -0.3981591714 0.1134764574 -0.0717669072 -0.0305847921 -0.0352071082
-0.0118321257 -0.0206482772 -0.0226172730 -0.0334059976 -0.2987718442 -0.0559393774 0.0302993417 -0.0333931647 -0.1237792564 -0.4177189667 0.0960626787 -0.0458046893 -0.0050821791 -0.0096597596
0.0142452047 0.0054322420 0.0033395430 -0.0071157026 -0.2689841765 -0.0292588914 0.0538881592 -0.0071026055 -0.1476879923 -0.4372666615 0.0776728186 -0.0193914915 0.0208261714 0.0162986974
0.0407347267 0.0319397146 0.0297323319 0.0196136442 -0.2384562455 -0.0021187483 0.0779454682 0.0196269721 -0.1718784145 -0.4567986125 0.0582923410 0.0074761719 0.0471429320 0.0426710413
0.0676390580 0.0588771704 0.0565644817 0.0467852125 -0.2071811255 0.0254844120 0.1024758513 0.0467987364 -0.1963514277 -0.4763111763 0.0379067096 0.0348017867 0.0738707751 0.0694600508
0.0949608161 0.0862476392 0.0838393802 0.0744021721 -0.1751518906 0.0535539496 0.1274838911 0.0744158559 -0.2211079362 -0.4958007097 0.0165013883 0.0625888390 0.1010123731 0.0966685047
0.1227026184 0.1140541507 0.1115604153 0.1024676925 -0.1423616149 0.0820932246 0.1529741703 0.1024814992 -0.2461488446 -0.5152635694 -0.0059381588 0.0908408146 0.1285703986 0.1242991816
0.1508670825 0.1422997347 0.1397309749 0.1309849436 -0.1088033725 0.1111055972 0.1789512714 0.1309988347 -0.2714750574 -0.5346961121 -0.0294264681 0.1195611994 0.1565475238 0.1523548602
0.1794568260 0.1709874211 0.1683544469 0.1599570949 -0.0744702376 0.1405944275 0.2054197770 0.1599710308 -0.2970874791 -0.5540946945 -0.0539780754 0.1487534792 0.1849464214 0.1808383191
0.2084744663 0.2001202395 0.1974342192 0.1893873161 -0.0393552843 0.1705630757 0.2323842697 0.1894012562 -0.3229870143 -0.5734556732 -0.0796075171 0.1784211399 0.2137697637 0.2097523371
0.2379226209 0.2297012197 0.2269736797 0.2192787771 -0.0034515868 0.2010149018 0.2598493321 0.2192926792 -0.3491745674 -0.5927754050 -0.1063293292 0.2085676674 0.2430202231 0.2390996927
0.2678039073 0.2597333916 0.2569762163 0.2496346474 0.0332477808 0.2319532660 0.2878195467 0.2496484684 -0.3756510429 -0.6120502466 -0.1341580477 0.2391965476 0.2727004721 0.2688831648
