-0.9472926105 -0.8988453393 -0.8516514748 -0.9953579805 0.4388568126 -0.8606481025 -0.5639788570 -0.9947985322 0.9016780933 0.5015346729 -0.9727950880 -0.9050480107 -0.9964037766 -0.9974079532
-0.9377851712 -0.8896692660 -0.8457752971 -0.9922459349 0.4580606620 -0.8502838440 -0.5570097326 -0.9915858678 0.9134815825 0.5064310656 -0.9794379623 -0.8970901673 -0.9933880851 -0.9948064551
-0.9275603745 -0.8801395461 -0.8397532589 -0.9883738419 0.4769086947 -0.8395995297 -0.5500404714 -0.9876339841 0.9244707662 0.5106644651 -0.9851268308 -0.8888395661 -0.9894918161 -0.9913554860
-0.9166340557 -0.8702617418 -0.8335835269 -0.9837550850 0.4954020420 -0.8286005864 -0.5430671032 -0.9829557311 0.9346580094 0.5142534867 -0.9898755163 -0.8802993712 -0.9847317079 -0.9870706800
-0.9050220498 -0.8600414151 -0.8272642681 -0.9784030475 0.5135418350 -0.8172924415 -0.5360856578 -0.9775639585 0.9440556770 0.5172167457 -0.9936978418 -0.8714727464 -0.9791244991 -0.9819676713
-0.8927401920 -0.8494841282 -0.8207936494 -0.9723311129 0.5313292048 -0.8056805218 -0.5290921651 -0.9714715163 0.9526761338 0.5195728574 -0.9966076300 -0.8623628559 -0.9726869282 -0.9760620939
-0.8798043176 -0.8385954432 -0.8141698376 -0.9655526645 0.5487652826 -0.7937702546 -0.5220826551 -0.9646912543 0.9605317448 0.5213404371 -0.9986187039 -0.8529728636 -0.9654357337 -0.9693695819
-0.8662302616 -0.8273809222 -0.8073909996 -0.9580810856 0.5658511994 -0.7815670670 -0.5150531576 -0.9572360224 0.9676348748 0.5225381002 -0.9997448863 -0.8433059336 -0.9573876542 -0.9619057696
-0.8520338593 -0.8158461274 -0.8004553024 -0.9499297597 0.5825880866 -0.7690763860 -0.5079997025 -0.9491186705 0.9739978887 0.5231844620 -1.0000000000 -0.8333652299 -0.9485594281 -0.9536862909
-0.8372309458 -0.8039966208 -0.7933609128 -0.9411120701 0.5989770751 -0.7563036387 -0.5009183197 -0.9403520485 0.9796331515 0.5232981378 -0.9993978679 -0.8231539165 -0.9389677941 -0.9447267800
-0.8218373562 -0.7918379646 -0.7861059976 -0.9316414002 0.6150192961 -0.7432542523 -0.4938050391 -0.9309490061 0.9845530281 0.5228977429 -0.9979523130 -0.8126751574 -0.9286294905 -0.9350428709
-0.8058689258 -0.7793757210 -0.7786887238 -0.9215311334 0.6307158808 -0.7299336539 -0.4866558906 -0.9209223934 0.9887698833 0.5220018927 -0.9956771579 -0.8019321167 -0.9175612559 -0.9246501979
-0.7893414897 -0.7666154519 -0.7711072583 -0.9107946530 0.6460679603 -0.7163472705 -0.4794669040 -0.9102850600 0.9922960820 0.5206292025 -0.9925862257 -0.7909279584 -0.9057798289 -0.9135643950
-0.7722708830 -0.7535627197 -0.7633597679 -0.8994453425 0.6610766657 -0.7025005292 -0.4722341093 -0.8990498560 0.9951439892 0.5187982876 -0.9886933391 -0.7796658465 -0.8933019479 -0.9018010963
-0.7546729410 -0.7402230863 -0.7554444195 -0.8874965851 0.6757431282 -0.6883988572 -0.4649535363 -0.8872296312 0.9973259696 0.5165277633 -0.9840123211 -0.7681489450 -0.8801443514 -0.8893759359
-0.7365634988 -0.7266021139 -0.7473593799 -0.8749617643 0.6900684789 -0.6740476816 -0.4576212149 -0.8748372355 0.9988543883 0.5138362449 -0.9785569944 -0.7563804180 -0.8663237781 -0.8763045480
-0.7179583916 -0.7127053646 -0.7391028162 -0.8618542635 0.7040538490 -0.6594524294 -0.4502331750 -0.8618855186 0.9997416102 0.5107423479 -0.9723411820 -0.7443634294 -0.8518569663 -0.8626025666
-0.6988734545 -0.6985384006 -0.7306728951 -0.8481874660 0.7177003696 -0.6446185277 -0.4427854466 -0.8483873306 1.0000000000 0.5072646874 -0.9653787067 -0.7321011433 -0.8367606546 -0.8482856258
-0.6793245227 -0.6841067839 -0.7220677836 -0.8339747551 0.7310091718 -0.6295514037 -0.4352740594 -0.8343555213 0.9996419227 0.5034218788 -0.9576833914 -0.7195967237 -0.8210515816 -0.8333693598
-0.6593274314 -0.6694160767 -0.7132856485 -0.8192295144 0.7439813868 -0.6142564845 -0.4276950434 -0.8198029404 0.9986797433 0.4992325375 -0.9492690589 -0.7068533346 -0.8047464857 -0.8178694027
