-0.0063826745 -0.3519883785 -0.5245653581 -0.2356453487 -0.0441755350 -0.3084808066 -0.5977214229 -0.2121541751 0.0769153966 0.2539377196 -0.2262869203 -0.3977178536 -0.1657148873 -0.2834672099
0.0148846611 -0.3296026813 -0.5068209296 -0.2153329097 -0.0276029306 -0.2839489790 -0.5756193937 -0.1920893692 0.0901159538 0.2659206261 -0.2377214001 -0.3752687612 -0.1461805557 -0.2636227856
0.0360699119 -0.3070506170 -0.4888814197 -0.1949654339 -0.0106188662 -0.2591579468 -0.5531314631 -0.1719894335 0.1037844154 0.2782747295 -0.2495785205 -0.3526211522 -0.1266513899 -0.2437001863
0.0571677295 -0.2843439342 -0.4707543456 -0.1745498824 0.0067562860 -0.2341266695 -0.5302745480 -0.1518606407 0.1178999812 0.2909815510 -0.2618388368 -0.3297875129 -0.1071322562 -0.2237063581
0.0781727655 -0.2614943813 -0.4524472250 -0.1540932161 0.0245021540 -0.2088741065 -0.5070655654 -0.1317092640 0.1324418515 0.3040226120 -0.2744829046 -0.3067803292 -0.0876280209 -0.2036482470
0.0990796715 -0.2385137068 -0.4339675752 -0.1336023959 0.0425983656 -0.1834192174 -0.4835214321 -0.1115415764 0.1473892261 0.3173794338 -0.2874912793 -0.2836120875 -0.0681435502 -0.1835327990
0.1198830991 -0.2154136592 -0.4153229137 -0.1130843827 0.0610245486 -0.1577809615 -0.4596590649 -0.0913638507 0.1627213052 0.3310335375 -0.3008445164 -0.2602952736 -0.0486837102 -0.1633669602
0.1405776998 -0.1922059870 -0.3965207579 -0.0925461376 0.0797603310 -0.1319782984 -0.4354953807 -0.0711823600 0.1784172887 0.3449664446 -0.3145231714 -0.2368423739 -0.0292533674 -0.1431576766
0.1611581252 -0.1689024387 -0.3775686254 -0.0719946214 0.0987853406 -0.1060301874 -0.4110472963 -0.0510033772 0.1944563766 0.3591596762 -0.3285077997 -0.2132658744 -0.0098573878 -0.1229118943
0.1816190270 -0.1455147628 -0.3584740335 -0.0514367952 0.1180792052 -0.0799555881 -0.3863317286 -0.0308331754 0.2108177690 0.3735947537 -0.3427789568 -0.1895782612 0.0094993623 -0.1026365592
0.2019550568 -0.1220547076 -0.3392444998 -0.0308796198 0.1376215528 -0.0537734599 -0.3613655946 -0.0106780276 0.2274806660 0.3882531984 -0.3573171982 -0.1657920204 0.0288120165 -0.0823386175
0.2221608660 -0.0985340218 -0.3198875416 -0.0103300563 0.1573920112 -0.0275027623 -0.3361658109 0.0094557933 0.2444242674 0.4031165314 -0.3721030793 -0.1419196382 0.0480757088 -0.0620250151
0.2422311064 -0.0749644539 -0.3004106764 0.0102049345 0.1773702083 -0.0011624547 -0.3107492945 0.0295620143 0.2616277735 0.4181662742 -0.3871171556 -0.1179736007 0.0672855728 -0.0417026982
0.2621604295 -0.0513577522 -0.2808214217 0.0307183916 0.1975357719 0.0252285034 -0.2851329622 0.0496343625 0.2790703841 0.4333839480 -0.4023399826 -0.0939663940 0.0864367423 -0.0213786126
0.2819434869 -0.0277256653 -0.2611272950 0.0512033539 0.2178683299 0.0516511526 -0.2593337310 0.0696665647 0.2967312993 0.4487510741 -0.4177521158 -0.0699105041 0.1055243511 -0.0010597046
0.3015749302 -0.0040799417 -0.2413358136 0.0716528607 0.2383475102 0.0780865333 -0.2333685176 0.0896523481 0.3145897191 0.4642491737 -0.4333341106 -0.0458184174 0.1245435329 0.0192470800
0.3210494109 0.0195676701 -0.2214544950 0.0920599509 0.2589529406 0.1045156862 -0.2072542389 0.1095854396 0.3326248435 0.4798597681 -0.4490665225 -0.0217026198 0.1434894216 0.0395347950
0.3403615807 0.0432054217 -0.2014908568 0.1124176635 0.2796642490 0.1309196517 -0.1810078117 0.1294595663 0.3508158727 0.4955643787 -0.4649299069 0.0024244026 0.1623571507 0.0597964944
0.3595060912 0.0668215645 -0.1814524162 0.1327190377 0.3004610633 0.1572794704 -0.1546461530 0.1492684552 0.3691420065 0.5113445267 -0.4809048194 0.0265501635 0.1811418543 0.0800252322
0.3784775939 0.0904043501 -0.1613466909 0.1529571125 0.3213230114 0.1835761829 -0.1281861796 0.1690058333 0.3875824450 0.5271817334 -0.4969718153 0.0506621769 0.1998386659 0.1002140624
