0.3813354351 0.3491556428 0.2229014241 0.3335531780 0.3888784255 0.4033406895 0.3538349374 0.3317873496 0.3946870530 0.4590423964 -0.4603649752 0.3701605078 0.3339810385 0.3407716334
0.4189804651 0.3856090572 0.2548185256 0.3680342668 0.4267823964 0.4411609102 0.3903733846 0.3662119185 0.4327309681 0.4971553751 -0.4985100780 0.4070768179 0.3684914958 0.3752996121
0.4552160885 0.4206688122 0.2854052262 0.4010400663 0.4632630172 0.4775185500 0.4255105630 0.3991625218 0.4693390560 0.5336604619 -0.5350439624 0.4425704553 0.4015273362 0.4083352228
0.4900634718 0.4543565137 0.3146837455 0.4325949691 0.4983403566 0.5124354861 0.4592682153 0.4306635473 0.5045308879 0.5685814887 -0.5699902887 0.4766634840 0.4331129232 0.4399032308
0.5235437813 0.4866937678 0.3426763029 0.4627233675 0.5320344829 0.5459335961 0.4916680845 0.4607393825 0.5383260349 0.6019422876 -0.6033727174 0.5093779686 0.4632726204 0.4700284013
0.5556781837 0.5177021807 0.3694051179 0.4914496539 0.5643654647 0.5780347571 0.5227319135 0.4894144152 0.5707440681 0.6337666907 -0.6352149088 0.5407359732 0.4920307911 0.4987354998
0.5864878452 0.5474033584 0.3948924102 0.5187982208 0.5953533706 0.6087608465 0.5524814452 0.5167130331 0.6018045588 0.6640785299 -0.6655405233 0.5707595623 0.5194117989 0.5260492914
0.6159939323 0.5758189071 0.4191603991 0.5447934606 0.6250182689 0.6381337418 0.5809384225 0.5426596239 0.6315270780 0.6929016374 -0.6943732213 0.5994708000 0.5454400072 0.5519945414
0.6442176114 0.6029704328 0.4422313042 0.5694597657 0.6533802283 0.6661753202 0.6081245883 0.5672785753 0.6599311968 0.7202598452 -0.7217366631 0.6268917507 0.5701397795 0.5765960152
0.6711800491 0.6288795417 0.4641273450 0.5928215285 0.6804593171 0.6929074591 0.6340616854 0.5905942751 0.6870364865 0.7461769853 -0.7476545092 0.6530444788 0.5935354792 0.5998784780
0.6969024117 0.6535678397 0.4848707410 0.6149031415 0.7062756041 0.7183520358 0.6587714569 0.6126311108 0.7128625180 0.7706768898 -0.7721504199 0.6779510485 0.6156514698 0.6218666951
0.7214058657 0.6770569330 0.5044837118 0.6357289970 0.7308491575 0.7425309278 0.6822756455 0.6334134702 0.7374288626 0.7937833907 -0.7952480556 0.7016335241 0.6365121149 0.6425854318
0.7447115776 0.6993684278 0.5229884767 0.6553234876 0.7542000460 0.7654660123 0.7045959942 0.6529657410 0.7607550915 0.8155203200 -0.8169710766 0.7241139700 0.6561417778 0.6620594534
0.7668407136 0.7205239300 0.5404072555 0.6737110055 0.7763483380 0.7871791666 0.7257542459 0.6713123109 0.7828607756 0.8359115098 -0.8373431434 0.7454144504 0.6745648220 0.6803135251
0.7878144404 0.7405450458 0.5567622674 0.6909159432 0.7973141021 0.8076922682 0.7457721435 0.6884775676 0.8037654862 0.8549807921 -0.8563879163 0.7655570298 0.6918056110 0.6973724123
0.8076539243 0.7594533812 0.5720757322 0.7069626931 0.8171174068 0.8270271944 0.7646714298 0.7044858988 0.8234887944 0.8727519991 -0.8741290557 0.7845637723 0.7078885082 0.7132608802
0.8263803318 0.7772705425 0.5863698692 0.7218756477 0.8357783205 0.8452058226 0.7824738479 0.7193616921 0.8420502713 0.8892489626 -0.8905902221 0.8024567423 0.7228378772 0.7280036942
0.8440148293 0.7940181356 0.5996668980 0.7356791994 0.8533169118 0.8622500300 0.7992011405 0.7331293354 0.8594694881 0.9044955148 -0.9057950756 0.8192580041 0.7366780814 0.7416256194
0.8605785833 0.8097177666 0.6119890381 0.7483977406 0.8697532492 0.8781816941 0.8148750505 0.7458132163 0.8757660159 0.9185154878 -0.9197672768 0.8349896221 0.7494334842 0.7541514213
0.8760927601 0.8243910416 0.6233585090 0.7600556636 0.8851074012 0.8930226921 0.8295173209 0.7574377224 0.8909594258 0.9313327134 -0.9325304861 0.8496736604 0.7611284492 0.7656058651
