-0.5486583226 -0.5495424203 -0.6072145370 -0.6645233057 -0.3810948619 -0.5988228395 -0.5097671831 -0.6644943230 -0.2380346324 -0.6819138550 0.3544351521 -0.5461870678 -0.6550688613 -0.6559085773
-0.5359679623 -0.5368647122 -0.5965708257 -0.6561836182 -0.3627862030 -0.5875966149 -0.4958972538 -0.6560909642 -0.2148721789 -0.6730030966 0.3375206988 -0.5334278950 -0.6472175885 -0.6478556974
-0.5241029209 -0.5250096695 -0.5866751200 -0.6485340175 -0.3455435162 -0.5771059187 -0.4829186335 -0.6483793952 -0.1929765105 -0.6646702062 0.3217495041 -0.5214987345 -0.6400432081 -0.6404867927
-0.5130474728 -0.5139616142 -0.5775125955 -0.6415601295 -0.3293480497 -0.5673363408 -0.4708146604 -0.6413452244 -0.1723263990 -0.6569031588 0.3071009621 -0.5103837896 -0.6335314967 -0.6337875501
-0.5027858924 -0.5037048687 -0.5690684273 -0.6352475800 -0.3141810517 -0.5582734710 -0.4595686726 -0.6349740606 -0.1529006162 -0.6496899291 0.2935544663 -0.5000672638 -0.6276682304 -0.6277436565
-0.4933024540 -0.4942237552 -0.5613277907 -0.6295819947 -0.3000237703 -0.5499028992 -0.4491640082 -0.6292515124 -0.1346779338 -0.6430184920 0.2810894105 -0.4905333602 -0.6224391859 -0.6223407990
-0.4845814320 -0.4855025960 -0.5542758612 -0.6245489995 -0.2868574538 -0.5422102151 -0.4395840052 -0.6241631884 -0.1176371238 -0.6368768225 0.2696851886 -0.4817662823 -0.6178301394 -0.6175646645
-0.4766071007 -0.4775257134 -0.5478978139 -0.6201342201 -0.2746633503 -0.5351810086 -0.4308120018 -0.6196946974 -0.1017569578 -0.6312528954 0.2593211943 -0.4737502332 -0.6138268674 -0.6134009400
-0.4693637346 -0.4702774295 -0.5421788242 -0.6163232823 -0.2634227079 -0.5288008694 -0.4228313361 -0.6158316479 -0.0870162078 -0.6261346855 0.2499768212 -0.4664694165 -0.6104151463 -0.6098353123
-0.4628356078 -0.4637420667 -0.5371040674 -0.6131018119 -0.2531167749 -0.5230553874 -0.4156253461 -0.6125596487 -0.0733936454 -0.6215101678 0.2416314633 -0.4599080353 -0.6075807525 -0.6068534685
-0.4570069949 -0.4579039473 -0.5326587187 -0.6104554347 -0.2437267994 -0.5179301525 -0.4091773701 -0.6098643083 -0.0608680425 -0.6173673171 0.2342645143 -0.4540502931 -0.6053094624 -0.6044410955
-0.4518621701 -0.4527473934 -0.5288279536 -0.6083697764 -0.2352340296 -0.5134107543 -0.4034707460 -0.6077312355 -0.0494181709 -0.6136941083 0.2278553678 -0.4488803930 -0.6035870524 -0.6025838803
-0.4473854078 -0.4482567274 -0.5255969473 -0.6068304630 -0.2276197136 -0.5094827828 -0.3984888119 -0.6061460388 -0.0390228023 -0.6104785163 0.2223834178 -0.4443825385 -0.6023992989 -0.6012675098
-0.4435609824 -0.4444162715 -0.5229508751 -0.6058231200 -0.2208650997 -0.5061318277 -0.3942149061 -0.6050943269 -0.0296607087 -0.6077085159 0.2178280579 -0.4405409329 -0.6017319783 -0.6004776710
-0.4403731682 -0.4412103480 -0.5208749124 -0.6053333735 -0.2149514360 -0.5033434789 -0.3906323665 -0.6045617085 -0.0213106618 -0.6053720820 0.2141686819 -0.4373397794 -0.6015708669 -0.6002000508
-0.4378062396 -0.4386232791 -0.5193542343 -0.6053468490 -0.2098599707 -0.5011033261 -0.3877245313 -0.6045337923 -0.0139514333 -0.6034571895 0.2113846835 -0.4347632815 -0.6019017413 -0.6004203362
-0.4358444709 -0.4366393871 -0.5183740163 -0.6058491725 -0.2055719519 -0.4993969592 -0.3854747386 -0.6049961868 -0.0075617951 -0.6019518133 0.2094554566 -0.4327956424 -0.6027103779 -0.6011242141
-0.4344721365 -0.4352429942 -0.5179194337 -0.6068259696 -0.2020686279 -0.4982099681 -0.3838663265 -0.6059345008 -0.0021205190 -0.6008439283 0.2083603949 -0.4314210654 -0.6039825529 -0.6022973716
-0.4336735107 -0.4344184228 -0.5179756616 -0.6082628663 -0.1993312468 -0.4975279424 -0.3828826330 -0.6073343428 0.0023936232 -0.6001215092 0.2080788922 -0.4306237539 -0.6057040428 -0.6039254955
-0.4334328680 -0.4341499950 -0.5185278756 -0.6101454882 -0.1973410568 -0.4973364721 -0.3825069964 -0.6091813216 0.0060018598 -0.5997725311 0.2085903421 -0.4303879112 -0.6078606241 -0.6059942728
