-0.7911680963 -0.8206821526 -0.8388386431 -0.7365842100 0.2658677399 -0.7715542155 -0.8909179923 -0.7362588135 0.8078915598 0.8812181383 -0.9590727728 -0.8327008094 -0.7302126898 -0.7292996840
-0.7591475238 -0.7933060782 -0.8141373058 -0.6958083705 0.2747201475 -0.7367542287 -0.8746961669 -0.6954323350 0.7769919940 0.8620205303 -0.9647231614 -0.8071905023 -0.6884390706 -0.6873803912
-0.7279018056 -0.7666276478 -0.7900359285 -0.6559046233 0.2829348446 -0.7028648799 -0.8590161720 -0.6554789560 0.7464087018 0.8429915061 -0.9699369173 -0.7823393689 -0.6475555537 -0.6463530397
-0.6974231464 -0.7406395241 -0.7665281869 -0.6168649895 0.2905200971 -0.6698768393 -0.8438713538 -0.6163906904 0.7161404456 0.8241300665 -0.9747183133 -0.7581403608 -0.6075540419 -0.6062095262
-0.6677037512 -0.7153343701 -0.7436077563 -0.5786814904 0.2974841710 -0.6377807773 -0.8292550586 -0.5781595520 0.6861859879 0.8054352124 -0.9790716225 -0.7345864300 -0.5684264379 -0.5669417471
-0.6387358248 -0.6907048486 -0.7212683124 -0.5413461471 0.3038353324 -0.6065673640 -0.8151606325 -0.5407775548 0.6565440912 0.7869059446 -0.9830011179 -0.7116705280 -0.5301646445 -0.5285415991
-0.6105115720 -0.6667436226 -0.6995035306 -0.5048509808 0.3095818475 -0.5762272698 -0.8015814217 -0.5042367125 0.6272135180 0.7685412638 -0.9865110725 -0.6893856068 -0.4927605644 -0.4910009787
-0.5830231977 -0.6434433548 -0.6783070864 -0.4691880127 0.3147319821 -0.5467511648 -0.7885107723 -0.4685290390 0.5981930307 0.7503401711 -0.9896057592 -0.6677246181 -0.4562061003 -0.4543117825
-0.5562629066 -0.6207967083 -0.6576726554 -0.4343492638 0.3192940025 -0.5181297194 -0.7759420307 -0.4336465481 0.5694813918 0.7323016671 -0.9922894512 -0.6466805135 -0.4204931551 -0.4184659072
-0.5302229037 -0.5987963458 -0.6375939130 -0.4003267555 0.3232761745 -0.4903536038 -0.7638685429 -0.3995812537 0.5410773638 0.7144247527 -0.9945664213 -0.6262462450 -0.3856136314 -0.3834552492
-0.5048953937 -0.5774349302 -0.6180645349 -0.3671125088 0.3266867644 -0.4634134882 -0.7522836552 -0.3663251697 0.5129797091 0.6967084287 -0.9964409427 -0.6064147641 -0.3515594320 -0.3492717052
-0.4802725815 -0.5567051245 -0.5990781964 -0.3346985449 0.3295340381 -0.4373000429 -0.7411807137 -0.3338703099 0.4851871904 0.6791516960 -0.9979172882 -0.5871790228 -0.3183224596 -0.3159071717
-0.4563466720 -0.5365995915 -0.5806285732 -0.3030768850 0.3318262616 -0.4120039381 -0.7305530646 -0.3022086881 0.4576985699 0.6617535553 -0.9989997309 -0.5685319728 -0.2858946171 -0.2833535453
-0.4331098699 -0.5171109940 -0.5627093406 -0.2722395504 0.3335717011 -0.3875158442 -0.7203940542 -0.2713323181 0.4305126103 0.6445130076 -0.9996925439 -0.5504665658 -0.2542678070 -0.2516027226
-0.4105543802 -0.4982319950 -0.5453141743 -0.2421785620 0.3347786226 -0.3638264314 -0.7106970285 -0.2412332140 0.4036280739 0.6274290536 -1.0000000000 -0.5329757536 -0.2234339323 -0.2206466003
-0.3886724076 -0.4799552573 -0.5284367497 -0.2128859412 0.3354552922 -0.3409263699 -0.7014553339 -0.2119033893 0.3770437233 0.6105006942 -0.9999263723 -0.5160524880 -0.1933848956 -0.1904770747
-0.3674561571 -0.4622734439 -0.5120707424 -0.1843537090 0.3356099758 -0.3188063299 -0.6926623164 -0.1833348582 0.3507583209 0.5937269302 -0.9994759339 -0.4996897207 -0.1641125997 -0.1610860426
-0.3468978333 -0.4451792175 -0.4962098279 -0.1565738867 0.3352509396 -0.2974569818 -0.6843113223 -0.1555196343 0.3247706293 0.5771067624 -0.9986529576 -0.4838804034 -0.1356089473 -0.1324654006
-0.3269896412 -0.4286652411 -0.4808476817 -0.1295384954 0.3343864496 -0.2768689958 -0.6763956978 -0.1284497315 0.2990794108 0.5606391916 -0.9974617166 -0.4686174880 -0.1078658412 -0.1046070451
-0.3077237856 -0.4127241775 -0.4659779792 -0.1032395563 0.3330247718 -0.2570330422 -0.6689087890 -0.1021171637 0.2736834281 0.5443232188 -0.9959064838 -0.4538939263 -0.0808751842 -0.0775028728
