-0.3848829006 -0.2699309213 -0.3861120533 -0.4484290379 0.0210614151 -0.2257966351 -0.5148576965 -0.4493240077 0.3045487374 0.4812577578 -0.9991486127 -0.2957738216 -0.4503878579 -0.4413093403
-0.4112988266 -0.2967387554 -0.4121939876 -0.4746224608 0.0198217985 -0.2519468374 -0.5245797072 -0.4755185335 0.3191902067 0.4950612850 -0.9972054078 -0.3209607433 -0.4765664242 -0.4675065849
-0.4370513783 -0.3230305043 -0.4376704409 -0.5000691258 0.0178593633 -0.2776211969 -0.5343797332 -0.5009651457 0.3328001015 0.5075710133 -0.9941920025 -0.3456886257 -0.5019955324 -0.4929662889
-0.4621460127 -0.3488070075 -0.4625440115 -0.5247769097 0.0151910148 -0.3028210984 -0.5442506974 -0.5256717373 0.3453967236 0.5188104998 -0.9901300139 -0.3699574925 -0.5266831592 -0.5176961429
-0.4865881865 -0.3740691045 -0.4868172974 -0.5487536889 0.0118336581 -0.3275479264 -0.5541855225 -0.5496462017 0.3569983748 0.5288033021 -0.9850410591 -0.3937673674 -0.5506372815 -0.5417038373
-0.5103833566 -0.3988176349 -0.5104928969 -0.5720073403 0.0078041986 -0.3518030657 -0.5641771312 -0.5728964319 0.3676233571 0.5375729776 -0.9789467552 -0.4171182737 -0.5738658759 -0.5649970626
-0.5335369798 -0.4230534381 -0.5335734080 -0.5945457406 0.0031195413 -0.3755879008 -0.5742184464 -0.5954303212 0.3772899723 0.5451430836 -0.9718687194 -0.4400102353 -0.5963769193 -0.5875835094
-0.5560545131 -0.4467773538 -0.5560614289 -0.6163767663 -0.0022034086 -0.3989038164 -0.5843023909 -0.6172557627 0.3860165222 0.5515371775 -0.9638285689 -0.4624432755 -0.6181783884 -0.6094708681
-0.5779414132 -0.4699902213 -0.5779595578 -0.6375082941 -0.0081477458 -0.4217521971 -0.5944218874 -0.6383806496 0.3938213087 0.5567788166 -0.9548479206 -0.4844174180 -0.6392782599 -0.6306668292
-0.5992031371 -0.4926928802 -0.5992703929 -0.6579482008 -0.0146965652 -0.4441344276 -0.6045698587 -0.6588128751 0.4007226336 0.5608915585 -0.9449483918 -0.5059326865 -0.6596845107 -0.6511790834
-0.6198451414 -0.5148861701 -0.6199965321 -0.6777043630 -0.0218329615 -0.4660518925 -0.6147392277 -0.6785603324 0.4067387987 0.5638989605 -0.9341515996 -0.5269891044 -0.6794051175 -0.6710153209
-0.6398728832 -0.5365709304 -0.6401405739 -0.6967846574 -0.0295400295 -0.4875059765 -0.6249229170 -0.6976309146 0.4118881060 0.5658245799 -0.9224791611 -0.5475866953 -0.6984480569 -0.6901832325
-0.6592918193 -0.5577480007 -0.6597051161 -0.7151969606 -0.0378008641 -0.5084980641 -0.6351138496 -0.7160325149 0.4161888572 0.5666919742 -0.9099526935 -0.5677254829 -0.7168213059 -0.7086905085
-0.6781074064 -0.5784182204 -0.6786927571 -0.7329491494 -0.0465985601 -0.5290295401 -0.6453049481 -0.7337730265 0.4196593543 0.5665247007 -0.8965938138 -0.5874054907 -0.7345328412 -0.7265448395
-0.6963251015 -0.5985824292 -0.6971060949 -0.7500491004 -0.0559162122 -0.5491017890 -0.6554891354 -0.7508603426 0.4223178990 0.5653463169 -0.8824241392 -0.6066267423 -0.7515906395 -0.7437539159
-0.7139503614 -0.6182414665 -0.7149477278 -0.7665046903 -0.0657369153 -0.5687161956 -0.6656593343 -0.7673023563 0.4241827932 0.5631803801 -0.8674652868 -0.6253892613 -0.7680026776 -0.7603254284
-0.7309886429 -0.6373961718 -0.7322202538 -0.7823237957 -0.0760437642 -0.5878741444 -0.6758084675 -0.7831069609 0.4252723388 0.5600504477 -0.8517388738 -0.6436930713 -0.7837769322 -0.7762670673
-0.7474454029 -0.6560473847 -0.7489262711 -0.7975142933 -0.0868198536 -0.6065770201 -0.6859294578 -0.7982820495 0.4256048376 0.5559800771 -0.8352665172 -0.6615381958 -0.7989213801 -0.7915865232
-0.7633260983 -0.6741959446 -0.7650683779 -0.8120840599 -0.0980482784 -0.6248262073 -0.6960152281 -0.8128355153 0.4251985915 0.5509928257 -0.8180698343 -0.6789246584 -0.8134439982 -0.8062914866
-0.7786361859 -0.6918426911 -0.7806491723 -0.8260409720 -0.1097121334 -0.6426230907 -0.7060587010 -0.8267752514 0.4240719023 0.5451122508 -0.8001704421 -0.6958524827 -0.8273527630 -0.8203896480
