0.6279487923 0.9495576660 0.8886684952 0.1183521859 0.9454618754 0.9803631501 0.9940051330 0.1150536923 0.6003402261 0.6586256700 0.1234824683 0.9226774013 -0.0121392937 -0.0201569027
0.6081083292 0.9430884428 0.8785159888 0.0883911210 0.9386518335 0.9763959338 0.9956476395 0.0850505458 0.6156324832 0.6724058819 0.1528895721 0.9143314530 -0.0436629015 -0.0515048491
0.5876123997 0.9362064539 0.8678858255 0.0576575696 0.9314171102 0.9720495198 0.9970324431 0.0542745601 0.6310393846 0.6862262962 0.1828835036 0.9055285504 -0.0759711872 -0.0836314525
0.5664554020 0.9289079649 0.8567738067 0.0261453129 0.9237538423 0.9673203259 0.9981569462 0.0227195146 0.6465614261 0.7000866923 0.2134686020 0.8962645609 -0.1090704165 -0.1165429298
0.5446317344 0.9211892413 0.8451757335 -0.0061518683 0.9156581663 0.9622047698 0.9990185510 -0.0096208112 0.6621991038 0.7139868494 0.2446492067 0.8865353519 -0.1429668551 -0.1502454980
0.5221357951 0.9130465486 0.8330874073 -0.0392401930 0.9071262187 0.9566992692 0.9996146601 -0.0427526379 0.6779529135 0.7279265470 0.2764296567 0.8763367911 -0.1776667687 -0.1847453739
0.4989619823 0.9044761525 0.8205046292 -0.0731258803 0.8981541363 0.9508002421 0.9999426756 -0.0766821858 0.6938233512 0.7419055643 0.3088142914 0.8656647457 -0.2131764231 -0.2200487746
0.4751046942 0.8954743184 0.8074232005 -0.1078151493 0.8887380554 0.9445041060 1.0000000000 -0.1114156756 0.7098109129 0.7559236808 0.3418074499 0.8545150834 -0.2495020840 -0.2561619168
0.4505583289 0.8860373118 0.7938389224 -0.1433142189 0.8788741129 0.9378072788 0.9997840357 -0.1469593278 0.7259160945 0.7699806756 0.3754134715 0.8428836717 -0.2866500171 -0.2930910176
0.4253172847 0.8761613984 0.7797475963 -0.1796293083 0.8685584451 0.9307061783 0.9992921850 -0.1833193629 0.7421393919 0.7840763282 0.4096366954 0.8307663780 -0.3246264882 -0.3308422938
0.3993759598 0.8658428437 0.7651450232 -0.2167666366 0.8577871888 0.9231972222 0.9985218502 -0.2205020014 0.7584813012 0.7982104180 0.4444814608 0.8181590699 -0.3634377629 -0.3694219624
0.3727287523 0.8550779132 0.7500270046 -0.2547324227 0.8465564804 0.9152768282 0.9974704338 -0.2585134638 0.7749423182 0.8123827242 0.4799521069 0.8050576147 -0.4030901071 -0.4088362404
0.3453700606 0.8438628724 0.7343893415 -0.2935328858 0.8348624567 0.9069414142 0.9961353381 -0.2973599707 0.7915229389 0.8265930261 0.5160529730 0.7914578801 -0.4435897863 -0.4490913445
0.3172942827 0.8321939870 0.7182278353 -0.3331742450 0.8227012541 0.8981873979 0.9945139655 -0.3370477426 0.8082236592 0.8408411032 0.5527883983 0.7773557335 -0.4849430664 -0.4901934918
0.2884958170 0.8200675223 0.7015382872 -0.3736627191 0.8100690093 0.8890111970 0.9926037184 -0.3775830000 0.8250449751 0.8551267348 0.5901627220 0.7627470424 -0.5271562131 -0.5321488992
0.2589690615 0.8074797441 0.6843164984 -0.4150045275 0.7969618589 0.8794092294 0.9904019990 -0.4189719634 0.8419873826 0.8694497002 0.6281802833 0.7476276743 -0.5702354921 -0.5749637836
0.2287084146 0.7944269178 0.6665582703 -0.4572058890 0.7833759394 0.8693779127 0.9879062098 -0.4612208533 0.8590513775 0.8838097786 0.6668454215 0.7319934967 -0.6141871691 -0.6186443619
0.1977082743 0.7809053090 0.6482594040 -0.5002730227 0.7693073874 0.8589136649 0.9851137531 -0.5043358904 0.8762374559 0.8982067496 0.7061624757 0.7158403771 -0.6590175098 -0.6631968510
0.1659630389 0.7669111832 0.6294157007 -0.5442121478 0.7547523395 0.8480129035 0.9820220314 -0.5483232950 0.8935461136 0.9126403924 0.7461357853 0.6991641830 -0.7047327801 -0.7086274679
0.1334671067 0.7524408060 0.6100229618 -0.5890294833 0.7397069323 0.8366720464 0.9786284468 -0.5931892877 0.9109778467 0.9271104863 0.7867696893 0.6819607818 -0.7513392455 -0.7549424295
