-0.9018936183 -0.9579880066 -0.9893916097 -0.9021824949 -0.8329333910 -0.9203207017 -0.9250671570 -0.9031980009 -0.8043435326 -0.6896711549 0.7491938132 -0.9580508662 -0.8809192488 -0.8811498658
-0.9110763190 -0.9635322213 -0.9919220035 -0.9113850681 -0.8454440993 -0.9283770307 -0.9280377821 -0.9123430354 -0.8180034027 -0.6942952883 0.7639196956 -0.9635916827 -0.8912446952 -0.8915056853
-0.9198565919 -0.9687135442 -0.9941207179 -0.9201808338 -0.8575416944 -0.9360483620 -0.9306865116 -0.9210819001 -0.8312541593 -0.6986224266 0.7782898822 -0.9687694050 -0.9011554978 -0.9014433933
-0.9282264666 -0.9735248770 -0.9959815433 -0.9285619495 -0.8692167043 -0.9433268158 -0.9330069934 -0.9294067646 -0.8440855952 -0.7026460259 0.7922954082 -0.9735769433 -0.9106436277 -0.9109548555
-0.9361779726 -0.9779591210 -0.9974982702 -0.9365205725 -0.8804596571 -0.9502045121 -0.9349928758 -0.9373097988 -0.8564875035 -0.7063595422 0.8059273085 -0.9780072075 -0.9197010562 -0.9200319376
-0.9437031393 -0.9820091777 -0.9986646888 -0.9440488603 -0.8912610809 -0.9566735710 -0.9366378066 -0.9447831726 -0.8684496772 -0.7097564319 0.8191766182 -0.9820531079 -0.9283197542 -0.9286665052
-0.9507939964 -0.9856679485 -0.9994745898 -0.9511389702 -0.9016115039 -0.9627261128 -0.9379354341 -0.9518190558 -0.8799619092 -0.7128301509 0.8320343721 -0.9857075545 -0.9364916929 -0.9368504240
-0.9574425732 -0.9889283350 -0.9999217634 -0.9577830598 -0.9115014540 -0.9683542574 -0.9388794063 -0.9584096181 -0.8910139926 -0.7155741554 0.8444916054 -0.9889634574 -0.9442088433 -0.9445755596
-0.9636408994 -0.9917832385 -1.0000000000 -0.9639732865 -0.9209214595 -0.9735501252 -0.9394633711 -0.9645470293 -0.9015957203 -0.7179819016 0.8565393530 -0.9918137266 -0.9514631766 -0.9518337778
-0.9693810043 -0.9942255606 -0.9997030901 -0.9697018076 -0.9298620485 -0.9783058361 -0.9396809768 -0.9702234594 -0.9116968853 -0.7200468457 0.8681686499 -0.9942512722 -0.9582466639 -0.9586169441
-0.9746549176 -0.9962482027 -0.9990248241 -0.9749607806 -0.9383137489 -0.9826135104 -0.9395258713 -0.9754310782 -0.9213072806 -0.7217624437 0.8793705311 -0.9962690044 -0.9645512763 -0.9649169243
-0.9794546687 -0.9978440662 -0.9979589924 -0.9797423630 -0.9462670890 -0.9864652681 -0.9389917026 -0.9801620553 -0.9304166991 -0.7231221518 0.8901360316 -0.9978598332 -0.9703689848 -0.9707255840
-0.9837722872 -0.9990060526 -0.9964993854 -0.9840387121 -0.9537125967 -0.9898532294 -0.9380721190 -0.9844085608 -0.9390149339 -0.7241194261 0.9004561865 -0.9990166686 -0.9756917605 -0.9760347888
-0.9875998025 -0.9997270634 -0.9946397935 -0.9878419855 -0.9606408003 -0.9927695145 -0.9367607684 -0.9881627643 -0.9470917780 -0.7247477229 0.9103220307 -0.9997324209 -0.9805115746 -0.9808364045
-0.9909292442 -1.0000000000 -0.9923740071 -0.9911443404 -0.9670422278 -0.9952062433 -0.9350512988 -0.9914168357 -0.9546370243 -0.7250004981 0.9197245992 -1.0000000000 -0.9848203982 -0.9851222967
-0.9937526417 -0.9998177639 -0.9896958167 -0.9939379344 -0.9729074073 -0.9971555362 -0.9329373584 -0.9941629448 -0.9616404658 -0.7248712081 0.9286549270 -0.9998123161 -0.9886102023 -0.9888843311
-0.9960620246 -0.9991732565 -0.9865990125 -0.9962149249 -0.9782268670 -0.9986095132 -0.9304125953 -0.9963932615 -0.9680918954 -0.7243533089 0.9371040492 -0.9991622791 -0.9918729581 -0.9921143733
-0.9978494224 -0.9980593794 -0.9830773852 -0.9979674692 -0.9829911348 -0.9995602944 -0.9274706573 -0.9980999555 -0.9739811063 -0.7234402566 0.9450630006 -0.9980427993 -0.9946006366 -0.9948042890
-0.9991068645 -0.9964690339 -0.9791247249 -0.9991877249 -0.9871907390 -1.0000000000 -0.9241051928 -0.9992751968 -0.9792978914 -0.7221255074 0.9525228164 -0.9964467867 -0.9967852089 -0.9969459439
-0.9998263806 -0.9943951215 -0.9747348223 -0.9998678494 -0.9908162075 -0.9999207501 -0.9203098496 -0.9999111550 -0.9840320436 -0.7204025175 0.9594745315 -0.9943671514 -0.9984186462 -0.9985312035
