-0.2779593446 -0.3427528306 -0.2545753978 -0.1214330683 -0.4791245015 -0.3950249610 -0.1453692353 -0.1214403551 -0.4334168450 -0.1949187372 0.3778160530 -0.3831994364 -0.1102061776 -0.1002750928
-0.2827655250 -0.3444122899 -0.2540629202 -0.1282844669 -0.4810548487 -0.3978869018 -0.1416099244 -0.1282827446 -0.4319444796 -0.1895760724 0.3823039633 -0.3842385608 -0.1173857753 -0.1074938657
-0.2878017278 -0.3463163679 -0.2537636991 -0.1353902475 -0.4831908097 -0.4009722097 -0.1380124769 -0.1353797636 -0.4306278017 -0.1843492924 0.3869788440 -0.3855007820 -0.1248164402 -0.1149677777
-0.2930707202 -0.3484683288 -0.2536807978 -0.1427532140 -0.4855352106 -0.4042838016 -0.1345796108 -0.1427342196 -0.4294693484 -0.1792407370 0.3918430179 -0.3869891819 -0.1325009015 -0.1226995989
-0.2985752695 -0.3508714369 -0.2538172800 -0.1503761703 -0.4880908771 -0.4078245945 -0.1313140443 -0.1503489206 -0.4284716568 -0.1742527460 0.3968988080 -0.3887068430 -0.1404418881 -0.1306920994
-0.3043181433 -0.3535289563 -0.2541762088 -0.1582619203 -0.4908606352 -0.4115975054 -0.1282184956 -0.1582266742 -0.4276372636 -0.1693876592 0.4021485372 -0.3906568473 -0.1486421293 -0.1389480493
-0.3103021087 -0.3564441512 -0.2547606478 -0.1664132682 -0.4938473108 -0.4156054512 -0.1252956827 -0.1663702883 -0.4269687060 -0.1646478162 0.4075945284 -0.3928422770 -0.1571043542 -0.1474702187
-0.3165299332 -0.3596202859 -0.2555736604 -0.1748330177 -0.4970537297 -0.4198513489 -0.1225483238 -0.1747825705 -0.4264685209 -0.1600355570 0.4132391044 -0.3952662143 -0.1658312918 -0.1562613776
-0.3230043841 -0.3630606245 -0.2566183099 -0.1835239728 -0.5004827180 -0.4243381154 -0.1199791371 -0.1834663286 -0.4261392453 -0.1555532212 0.4190845883 -0.3979317414 -0.1748256712 -0.1653242962
-0.3297282288 -0.3667684312 -0.2578976599 -0.1924889376 -0.5041371015 -0.4290686678 -0.1175908407 -0.1924243705 -0.4259834162 -0.1512031486 0.4251333029 -0.4008419404 -0.1840902215 -0.1746617445
-0.3367042346 -0.3707469702 -0.2594147736 -0.2017307159 -0.5080197060 -0.4340459231 -0.1153861527 -0.2016595037 -0.4260035705 -0.1469876791 0.4313875711 -0.4039998935 -0.1936276719 -0.1842764927
-0.3439351689 -0.3749995058 -0.2611727145 -0.2112521117 -0.5121333576 -0.4392727981 -0.1133677913 -0.2111745362 -0.4262022453 -0.1429091523 0.4378497159 -0.4074086830 -0.2034407514 -0.1941713108
-0.3514237990 -0.3795293021 -0.2631745460 -0.2210559290 -0.5164808821 -0.4447522099 -0.1115384746 -0.2209722756 -0.4265819774 -0.1389699081 0.4445220602 -0.4110713909 -0.2135321891 -0.2043489689
-0.3591728924 -0.3843396233 -0.2654233316 -0.2311449717 -0.5210651054 -0.4504870754 -0.1099009207 -0.2310555297 -0.4271453039 -0.1351722863 0.4514069268 -0.4149910995 -0.2239047141 -0.2148122371
-0.3671852162 -0.3894337336 -0.2679221346 -0.2415220437 -0.5258888534 -0.4564803117 -0.1084578479 -0.2414271063 -0.4278947618 -0.1315186265 0.4585066387 -0.4191708909 -0.2345610556 -0.2255638855
-0.3754635380 -0.3948148973 -0.2706740184 -0.2521899491 -0.5309549521 -0.4627348356 -0.1072119742 -0.2520898131 -0.4288328880 -0.1280112686 0.4658235188 -0.4236138473 -0.2455039426 -0.2366066841
-0.3840106250 -0.4004863785 -0.2736820465 -0.2631514917 -0.5362662273 -0.4692535642 -0.1061660178 -0.2630464578 -0.4299622196 -0.1246525523 0.4733598900 -0.4283230509 -0.2567361043 -0.2479434032
-0.3928292446 -0.4064514414 -0.2769492822 -0.2744094755 -0.5418255049 -0.4760394144 -0.1053226968 -0.2742998483 -0.4312852934 -0.1214448175 0.4811180752 -0.4333015839 -0.2682602696 -0.2595768127
-0.4019221642 -0.4127133503 -0.2804787890 -0.2859667045 -0.5476356109 -0.4830953032 -0.1046847293 -0.2858527923 -0.4328046465 -0.1183904039 0.4891003973 -0.4385525284 -0.2800791678 -0.2715096827
-0.4112921510 -0.4192753693 -0.2842736303 -0.2978259826 -0.5536993711 -0.4904241476 -0.1042548335 -0.2977080975 -0.4345228159 -0.1154916512 0.4973091793 -0.4440789666 -0.2921955280 -0.2837447834
