-0.5755735616 -0.6977227043 -0.7293602614 -0.3210727547 -0.7426272963 -0.8036437867 -0.7818361822 -0.3311558543 -0.8294945590 -0.9938720293 0.6134108514 -0.7220003019 -0.2254931266 -0.2428449148
-0.5856593533 -0.7095732446 -0.7416200911 -0.3319747405 -0.7547800346 -0.8144385766 -0.7947203282 -0.3422198118 -0.8409596056 -0.9955117623 0.6288812208 -0.7336286161 -0.2354256215 -0.2530067625
-0.5956593183 -0.7212436416 -0.7536576341 -0.3428352647 -0.7667002147 -0.8249795129 -0.8072833248 -0.3532398166 -0.8520905117 -0.9969053986 0.6441294719 -0.7450639237 -0.2453369095 -0.2631434408
-0.6055720665 -0.7327301799 -0.7654681972 -0.3536530488 -0.7783829835 -0.8352618598 -0.8195180728 -0.3642145084 -0.8628798355 -0.9980477345 0.6591492634 -0.7563023568 -0.2552262372 -0.2732540779
-0.6153962080 -0.7440291441 -0.7770470871 -0.3644268145 -0.7898234874 -0.8452808820 -0.8314174734 -0.3751425265 -0.8733201350 -0.9989335664 0.6739342541 -0.7673400476 -0.2650928511 -0.2833378020
-0.6251303528 -0.7551368188 -0.7883896105 -0.3751552833 -0.8010168732 -0.8550318439 -0.8429744274 -0.3860225107 -0.8834039684 -0.9995576904 0.6884781028 -0.7781731282 -0.2749359976 -0.2933937410
-0.6347731108 -0.7660494888 -0.7994910740 -0.3858371768 -0.8119582875 -0.8645100099 -0.8541818357 -0.3968531004 -0.8931238939 -0.9999149029 0.7027744683 -0.7887977308 -0.2847549235 -0.3034210231
-0.6443230922 -0.7767634386 -0.8103467843 -0.3964712165 -0.8226428768 -0.8737106445 -0.8650325994 -0.4076329352 -0.9024724694 -1.0000000000 0.7168170092 -0.7992099877 -0.2945488750 -0.3134187764
-0.6537789070 -0.7872749529 -0.8209520482 -0.4070561240 -0.8330657878 -0.8826290122 -0.8755196194 -0.4183606546 -0.9114422532 -0.9998077781 0.7305993845 -0.8094060309 -0.3043170989 -0.3233861290
-0.6631391651 -0.7975803163 -0.8313021723 -0.4175906208 -0.8432221672 -0.8912603774 -0.8856357966 -0.4290348981 -0.9200258033 -0.9993330335 0.7441152529 -0.8193819927 -0.3140588416 -0.3333222090
-0.6724024767 -0.8076758134 -0.8413924633 -0.4280734287 -0.8531071615 -0.8996000046 -0.8953740320 -0.4396543053 -0.9282156779 -0.9985705623 0.7573582731 -0.8291340053 -0.3237733496 -0.3432261444
-0.6815674516 -0.8175577290 -0.8512182279 -0.4385032690 -0.8627159175 -0.9076431583 -0.9047272265 -0.4502175158 -0.9360044350 -0.9975151609 0.7703221040 -0.8386582008 -0.3334598696 -0.3530970633
-0.6906327000 -0.8272223476 -0.8607747728 -0.4488788634 -0.8720435817 -0.9153851028 -0.9136882811 -0.4607231691 -0.9433846329 -0.9961616256 0.7830004043 -0.8479507114 -0.3431176479 -0.3629340940
-0.6995968318 -0.8366659538 -0.8700574047 -0.4591989335 -0.8810853007 -0.9228211028 -0.9222500968 -0.4711699046 -0.9503488295 -0.9945047525 0.7953868328 -0.8570076693 -0.3527459312 -0.3727363643
-0.7084584571 -0.8458848324 -0.8790614303 -0.4694622008 -0.8898362213 -0.9299464225 -0.9304055744 -0.4815563621 -0.9568895830 -0.9925393380 0.8074750483 -0.8658252066 -0.3623439659 -0.3825030025
-0.7172161859 -0.8548752679 -0.8877821562 -0.4796673869 -0.8982914900 -0.9367563266 -0.9381476150 -0.4918811809 -0.9629994516 -0.9902601783 0.8192587095 -0.8743994556 -0.3719109987 -0.3922331366
-0.7258686282 -0.8636335450 -0.8962148893 -0.4898132134 -0.9064462534 -0.9432460794 -0.9454691194 -0.5021430007 -0.9686709933 -0.9876620698 0.8307314753 -0.8827265485 -0.3814462760 -0.4019258947
-0.7344143940 -0.8721559483 -0.9043549360 -0.4998984018 -0.9142956582 -0.9494109454 -0.9523629887 -0.5123404610 -0.9738967663 -0.9847398086 0.8418870044 -0.8908026173 -0.3909490443 -0.4115804050
-0.7428520934 -0.8804387624 -0.9121976033 -0.5099216737 -0.9218348510 -0.9552461891 -0.9588221238 -0.5224722013 -0.9786693286 -0.9814881910 0.8527189556 -0.8986237943 -0.4004185502 -0.4211957954
-0.7511803363 -0.8884782721 -0.9197381976 -0.5198817507 -0.9290589785 -0.9607470750 -0.9648394257 -0.5325368612 -0.9829812384 -0.9779020133 0.8632209877 -0.9061862116 -0.4098540402 -0.4307711942
