-0.1849891608 -0.3559203977 -0.2637195018 0.1112772416 -0.6046323643 -0.3426400227 -0.4995669224 0.1068682062 -0.7296870454 -0.4590079496 0.6755025105 -0.3707243882 0.1923243833 0.1939413567
-0.1651384140 -0.3358631223 -0.2439824174 0.1295624019 -0.5847786664 -0.3227316034 -0.4795210947 0.1251701489 -0.7111394734 -0.4392063450 0.6561728309 -0.3506236072 0.2101009543 0.2113933358
-0.1450525534 -0.3154529867 -0.2239524410 0.1479098602 -0.5643721007 -0.3024773934 -0.4590145991 0.1435370824 -0.6919016376 -0.4189725707 0.6362159831 -0.3301599204 0.2278858076 0.2288434935
-0.1247317117 -0.2946880305 -0.2036283724 0.1663172715 -0.5434081122 -0.2818753487 -0.4380437703 0.1619667054 -0.6719666447 -0.3983028550 0.6156264757 -0.3093312504 0.2456757725 0.2462885581
-0.1041760219 -0.2735662935 -0.1830090115 0.1847822909 -0.5218821460 -0.2609234252 -0.4166049431 0.1804567168 -0.6513276012 -0.3771934264 0.5943988178 -0.2881355196 0.2634676784 0.2637252574
-0.0833856166 -0.2520858153 -0.1620931580 0.2033025733 -0.4997896471 -0.2396195788 -0.3946944524 0.1990048153 -0.6299776138 -0.3556405132 0.5725275181 -0.2665706506 0.2812583548 0.2811503194
-0.0623606289 -0.2302446355 -0.1408796120 0.2218757739 -0.4771260607 -0.2179617655 -0.3723086330 0.2176086996 -0.6079097891 -0.3336403437 0.5500070857 -0.2446345658 0.2990446310 0.2985604723
-0.0411011915 -0.2080407939 -0.1193671732 0.2404995474 -0.4538868316 -0.1959479412 -0.3494438196 0.2362660685 -0.5851172338 -0.3111891463 0.5268320292 -0.2223251878 0.3168233365 0.3159524439
-0.0196074372 -0.1854723302 -0.0975546415 0.2591715491 -0.4300674051 -0.1735760618 -0.3260963472 0.2549746208 -0.5615930545 -0.2882831494 0.5029968577 -0.1996404391 0.3345913005 0.3333229623
0.0021205010 -0.1625372840 -0.0754408167 0.2778894340 -0.4056632261 -0.1508440833 -0.3022625505 0.2737320552 -0.5373303578 -0.2649185814 0.4784960800 -0.1765782422 0.3523453526 0.3506687555
0.0240824904 -0.1392336951 -0.0530244989 0.2966508569 -0.3806697397 -0.1277499615 -0.2779387644 0.2925360706 -0.5123222504 -0.2410916706 0.4533242049 -0.1531365196 0.3700823222 0.3679865516
0.0462783981 -0.1155596030 -0.0303044877 0.3154534730 -0.3550823910 -0.1042916524 -0.2531213236 0.3113843656 -0.4865618388 -0.2167986453 0.4274757413 -0.1293131938 0.3877990385 0.3852730784
0.0687080913 -0.0915130476 -0.0072795831 0.3342949373 -0.3288966250 -0.0804671120 -0.2278065631 0.3302746390 -0.4600422297 -0.1920357340 0.4009451982 -0.1051061873 0.4054923311 0.4025250641
0.0913714371 -0.0670920684 0.0160514151 0.3531729047 -0.3021078868 -0.0562742961 -0.2019908175 0.3492045896 -0.4327565298 -0.1667991649 0.3737270844 -0.0805134226 0.4231590293 0.4197392367
0.1142683026 -0.0422947052 0.0396897070 0.3720850303 -0.2747116214 -0.0317111607 -0.1756704218 0.3681719162 -0.4046978456 -0.1410851666 0.3458159087 -0.0555328222 0.4407959625 0.4369123241
0.1373985551 -0.0171189976 0.0636364927 0.3910289692 -0.2467032739 -0.0067756617 -0.1488417107 0.3871743175 -0.3758592838 -0.1148899672 0.3172061800 -0.0301623086 0.4583999601 0.4540410544
0.1607620616 0.0084370147 0.0878929724 0.4100023762 -0.2180782894 0.0185342449 -0.1215010190 0.4062094922 -0.3462339511 -0.0882097952 0.2878924072 -0.0043998044 0.4759678516 0.4711221555
0.1843586894 0.0343752919 0.1124603463 0.4290029065 -0.1888321128 0.0442206033 -0.0936446817 0.4252751392 -0.3158149540 -0.0610408790 0.2578690993 0.0217567679 0.4934964663 0.4881523556
0.2081883056 0.0606977945 0.1373398143 0.4480282151 -0.1589601892 0.0702854574 -0.0652690334 0.4443689572 -0.2845953991 -0.0333794469 0.2271307650 0.0483094860 0.5109826336 0.5051283825
0.2322507774 0.0874064827 0.1625325768 0.4670759570 -0.1284579638 0.0967308514 -0.0363704091 0.4634886449 -0.2525683932 -0.0052217273 0.1956719132 0.0752604271 0.5284231829 0.5220469644
