-0.8322743330 -0.9500131208 -0.9477774695 -0.7199248749 -0.8655704326 -0.9152700101 -0.9467559939 -0.7299604040 -0.8891399877 -0.9694778220 0.7325888843 -0.9327591308 -0.6479231243 -0.6585641868
-0.8420908437 -0.9552346172 -0.9523383386 -0.7309723498 -0.8748130272 -0.9216733763 -0.9520054902 -0.7407924223 -0.8973538719 -0.9730708252 0.7449779245 -0.9386354341 -0.6605728165 -0.6710069577
-0.8516601212 -0.9601819974 -0.9567217136 -0.7419240728 -0.8837274140 -0.9278590061 -0.9570002222 -0.7515253517 -0.9052423058 -0.9764558594 0.7570998572 -0.9442664361 -0.6731418469 -0.6833653880
-0.8609773552 -0.9648527366 -0.9609228712 -0.7527711926 -0.8923134964 -0.9338225244 -0.9617371643 -0.7621504848 -0.9128064236 -0.9796293360 0.7689526646 -0.9496486419 -0.6856205353 -0.6956299443
-0.8700377352 -0.9692443100 -0.9649370882 -0.7635048579 -0.9005711776 -0.9395595558 -0.9662132911 -0.7726591143 -0.9200473600 -0.9825876665 0.7805343286 -0.9547785566 -0.6979992016 -0.7077910933
-0.8788364508 -0.9733541927 -0.9687596412 -0.7741162173 -0.9085003609 -0.9450657250 -0.9704255771 -0.7830425327 -0.9269662492 -0.9853272622 0.7918428313 -0.9596526854 -0.7102681657 -0.7198393017
-0.8873686916 -0.9771798598 -0.9723858070 -0.7845964197 -0.9161009497 -0.9503366568 -0.9743709966 -0.7932920329 -0.9335642258 -0.9878445347 0.8028761547 -0.9642675332 -0.7224177474 -0.7317650359
-0.8956296472 -0.9807187864 -0.9758108623 -0.7949366137 -0.9233728473 -0.9553679758 -0.9780465243 -0.8033989075 -0.9398424242 -0.9901358955 0.8136322808 -0.9686196052 -0.7344382667 -0.7435587628
-0.9036145073 -0.9839684478 -0.9790300838 -0.8051279481 -0.9303159569 -0.9601553068 -0.9814491345 -0.8133544490 -0.9458019788 -0.9921977558 0.8241091918 -0.9727054064 -0.7463200435 -0.7552109488
-0.9113184615 -0.9869263190 -0.9820387483 -0.8151615714 -0.9369301818 -0.9646942745 -0.9845758018 -0.8231499503 -0.9514440240 -0.9940265273 0.8343048696 -0.9765214421 -0.7580533976 -0.7667120607
-0.9187366992 -0.9895898751 -0.9848321325 -0.8250286325 -0.9432154255 -0.9689805036 -0.9874235006 -0.8327767039 -0.9567696944 -0.9956186213 0.8442172963 -0.9800642171 -0.7696286489 -0.7780525651
-0.9258644102 -0.9919565914 -0.9874055131 -0.8347202801 -0.9491715911 -0.9730096189 -0.9899892055 -0.8422260024 -0.9617801243 -0.9969704493 0.8538444540 -0.9833302367 -0.7810361173 -0.7892229286
-0.9326967841 -0.9940239429 -0.9897541668 -0.8442276628 -0.9547985820 -0.9767772450 -0.9922698909 -0.8514891387 -0.9664764481 -0.9980784228 0.8631843246 -0.9863160058 -0.7922661226 -0.8002136178
-0.9392290104 -0.9957894048 -0.9918733703 -0.8535419294 -0.9600963016 -0.9802790066 -0.9942625313 -0.8605574053 -0.9708598004 -0.9989389531 0.8722348903 -0.9890180297 -0.8033089849 -0.8110150994
-0.9454562787 -0.9972504523 -0.9937584005 -0.8626542286 -0.9650646530 -0.9835105285 -0.9959641012 -0.8694220949 -0.9749313155 -0.9995484518 0.8809941330 -0.9914328133 -0.8141550238 -0.8216178400
-0.9513737788 -0.9984045604 -0.9954045339 -0.8715557091 -0.9697035396 -0.9864674354 -0.9973715751 -0.8780745002 -0.9786921279 -0.9999033303 0.8894600348 -0.9935568619 -0.8247945594 -0.8320123062
-0.9569767000 -0.9992492043 -0.9968070473 -0.8802375195 -0.9740128647 -0.9891453520 -0.9984819274 -0.8865059138 -0.9821433720 -1.0000000000 0.8976305778 -0.9953866803 -0.8352179115 -0.8421889647
-0.9622602322 -0.9997818591 -0.9979612175 -0.8886908087 -0.9779925316 -0.9915399030 -0.9992921327 -0.8947076284 -0.9852861823 -0.9998348724 0.9055037439 -0.9969187738 -0.8454154000 -0.8521382822
-0.9672195646 -1.0000000000 -0.9988623211 -0.8969067252 -0.9816424436 -0.9936467131 -0.9997991653 -0.9026709366 -0.9881216931 -0.9994043587 0.9130775154 -0.9981496474 -0.8553773448 -0.8618507251
-0.9718498874 -0.9999011022 -0.9995056349 -0.9048764179 -0.9849625042 -0.9954614072 -1.0000000000 -0.9103871312 -0.9906510390 -0.9987048710 0.9203498740 -0.9990758063 -0.8650940657 -0.8713167603
