-0.2251871107 -0.8411302068 -0.8190261032 0.0652204064 -0.9100995655 -0.8125756592 -0.5349013408 0.0616350225 -0.5571749490 -0.5586802071 0.9948052496 -0.8710018222 0.1342679241 0.1337900363
-0.2442920205 -0.8544235755 -0.8330191256 0.0442808557 -0.9094728844 -0.8264442098 -0.5276034999 0.0407199371 -0.5456226529 -0.5458958317 0.9974537902 -0.8833660431 0.1128837708 0.1124162152
-0.2634437689 -0.8672171239 -0.8465360514 0.0230663695 -0.9078276095 -0.8398644145 -0.5192182915 0.0195326745 -0.5329101585 -0.5319981234 0.9991910198 -0.8951816483 0.0911706956 0.0907136153
-0.2826397325 -0.8794990820 -0.8595652917 0.0015756130 -0.9051451239 -0.8528254969 -0.5097268181 -0.0019280541 -0.5190182218 -0.5169689742 1.0000000000 -0.9064361415 0.0691264371 0.0686799704
-0.3018772882 -0.8912576799 -0.8720952576 -0.0201927486 -0.9014068111 -0.8653166807 -0.4991101826 -0.0236635375 -0.5039275992 -0.5007902763 0.9998637925 -0.9171170268 0.0467487339 0.0463130144
-0.3211538128 -0.9024811474 -0.8841143601 -0.0422400504 -0.8965940543 -0.8773271894 -0.4873494876 -0.0456750646 -0.4876190469 -0.4834439219 0.9987654587 -0.9272118080 0.0240353246 0.0236104811
-0.3404666829 -0.9131577145 -0.8956110104 -0.0645676272 -0.8906882367 -0.8888462468 -0.4744258360 -0.0679639240 -0.4700733212 -0.4649118032 0.9966880604 -0.9367079890 0.0009839479 0.0005701043
-0.3598132754 -0.9232756112 -0.9065736194 -0.0871768139 -0.8836707417 -0.8998630763 -0.4603203304 -0.0905314048 -0.4512711783 -0.4451758122 0.9936146590 -0.9455930737 -0.0224076578 -0.0228103821
-0.3791909670 -0.9328230676 -0.9169905984 -0.1100689453 -0.8755229525 -0.9103669017 -0.4450140736 -0.1133787955 -0.4311933743 -0.4242178413 0.9895283162 -0.9538545660 -0.0461417538 -0.0465332443
-0.3985971344 -0.9417883135 -0.9268503582 -0.1332453564 -0.8662262525 -0.9203469467 -0.4284881683 -0.1365073851 -0.4098206657 -0.4020197824 0.9844120935 -0.9614799699 -0.0702206015 -0.0706007485
-0.4180291546 -0.9501595789 -0.9361413101 -0.1567073821 -0.8557620249 -0.9297924347 -0.4107237173 -0.1599184624 -0.3871338086 -0.3785635278 0.9782490526 -0.9684567891 -0.0946464624 -0.0950151608
-0.4374844041 -0.9579250939 -0.9448518651 -0.1804563573 -0.8441116530 -0.9386925896 -0.3917018233 -0.1836133161 -0.3631135592 -0.3538309697 0.9710222549 -0.9747725277 -0.1194215979 -0.1197787474
-0.4569602598 -0.9650730884 -0.9529704342 -0.2044936168 -0.8312565202 -0.9470366348 -0.3714035890 -0.2075932350 -0.3377406738 -0.3278040002 0.9627147622 -0.9804146895 -0.1445482693 -0.1448937745
-0.4764540985 -0.9715917923 -0.9604854286 -0.2288204955 -0.8171780096 -0.9548137940 -0.3498101172 -0.2318595080 -0.3109959086 -0.3004645114 0.9533096359 -0.9853707784 -0.1700287381 -0.1703625082
-0.4959632969 -0.9774694357 -0.9673852593 -0.2534383284 -0.8018575046 -0.9620132909 -0.3269025107 -0.2564134239 -0.2828600199 -0.2717943956 0.9427899377 -0.9896282984 -0.1958652657 -0.1961872147
-0.5154852318 -0.9826942485 -0.9736583374 -0.2783484504 -0.7852763884 -0.9686243490 -0.3026618721 -0.2812562714 -0.2533137639 -0.2417755449 0.9311387292 -0.9931747533 -0.2220601135 -0.2223701602
-0.5350172799 -0.9872544607 -0.9792930739 -0.3035521962 -0.7674160444 -0.9746361921 -0.2770693041 -0.3063893394 -0.2223378969 -0.2103898514 0.9183390719 -0.9959976470 -0.2486155429 -0.2489136108
-0.5545568180 -0.9911383023 -0.9842778800 -0.3290509009 -0.7482578558 -0.9800380437 -0.2501059096 -0.3318139166 -0.1899131751 -0.1776192073 0.9043740273 -0.9980844834 -0.2755338153 -0.2758198327
-0.5741012229 -0.9943340032 -0.9886011667 -0.3548458993 -0.7277832060 -0.9848191275 -0.2217527913 -0.3575312920 -0.1560203547 -0.1434455048 0.8892266572 -0.9994227664 -0.3028171921 -0.3030910921
-0.5936478714 -0.9968297935 -0.9922513451 -0.3809385263 -0.7059734781 -0.9889686671 -0.1919910519 -0.3835427542 -0.1206401920 -0.1078506360 0.8728800231 -1.0000000000 -0.3304679348 -0.3307296551
