-0.6781132824 -0.8715984493 -0.8826833698 -0.4872029453 -0.9172650414 -0.8143447579 -0.9511847239 -0.4886247563 -0.7139555268 -0.8566380827 0.5695335248 -0.8718858084 -0.4483546193 -0.4473299904
-0.6822268630 -0.8769053440 -0.8872243939 -0.4894963248 -0.9264944626 -0.8197995370 -0.9586215257 -0.4909345132 -0.7281995042 -0.8682358698 0.5770497648 -0.8773489857 -0.4504087926 -0.4493901547
-0.6857440913 -0.8815574062 -0.8910898339 -0.4912376469 -0.9351309268 -0.8246272385 -0.9654079023 -0.4926919415 -0.7420288999 -0.8792973534 0.5840874146 -0.8821604666 -0.4519226583 -0.4509105779
-0.6886755223 -0.8855657346 -0.8942913314 -0.4924373240 -0.9431834142 -0.8288384929 -0.9715538888 -0.4939074532 -0.7554475968 -0.8898287327 0.5906542256 -0.8863312558 -0.4529065196 -0.4519015527
-0.6910317107 -0.8889414277 -0.8968405278 -0.4931057689 -0.9506609048 -0.8324439304 -0.9770695201 -0.4945914603 -0.7684594781 -0.8998362072 0.5967579491 -0.8898723577 -0.4533706798 -0.4523733720
-0.6928232115 -0.8916955841 -0.8987490648 -0.4932533942 -0.9575723789 -0.8354541814 -0.9819648312 -0.4947543747 -0.7810684269 -0.9093259759 0.6024063365 -0.8927947771 -0.4533254420 -0.4523363286
-0.6940605795 -0.8938393024 -0.9000285838 -0.4928906126 -0.9639268166 -0.8378798761 -0.9862498573 -0.4944066085 -0.7932783260 -0.9183042382 0.6076071391 -0.8951095184 -0.4527811096 -0.4518007152
-0.6947543695 -0.8953836811 -0.9006907265 -0.4920278368 -0.9697331980 -0.8397316450 -0.9899346333 -0.4935585737 -0.8050930587 -0.9267771934 0.6123681083 -0.8968275864 -0.4517479858 -0.4507768248
-0.6949151363 -0.8963398189 -0.9007471343 -0.4906754794 -0.9750005032 -0.8410201184 -0.9930291943 -0.4922206823 -0.8165165079 -0.9347510406 0.6166969953 -0.8979599856 -0.4502363738 -0.4492749501
-0.6945534348 -0.8967188144 -0.9002094488 -0.4888439530 -0.9797377125 -0.8417559266 -0.9955435753 -0.4904033461 -0.8275525568 -0.9422319792 0.6206015516 -0.8985177206 -0.4482565770 -0.4473053839
-0.6936798199 -0.8965317661 -0.8990893115 -0.4865436704 -0.9839538059 -0.8419496998 -0.9974878113 -0.4881169773 -0.8382050883 -0.9492262084 0.6240895284 -0.8985117961 -0.4458188984 -0.4448784190
-0.6923048463 -0.8957897726 -0.8973983640 -0.4837850442 -0.9876577637 -0.8416120686 -0.9988719374 -0.4853719878 -0.8484779855 -0.9557399276 0.6271686771 -0.8979532166 -0.4429336414 -0.4420043484
-0.6904390689 -0.8945039326 -0.8951482478 -0.4805784871 -0.9908585658 -0.8407536631 -0.9997059887 -0.4821787896 -0.8583751316 -0.9617793358 0.6298467491 -0.8968529867 -0.4396111093 -0.4386934647
-0.6880930425 -0.8926853446 -0.8923506045 -0.4769344117 -0.9935651926 -0.8393851137 -1.0000000000 -0.4785477947 -0.8679004094 -0.9673506325 0.6321314957 -0.8952221111 -0.4358616053 -0.4349560608
-0.6852773220 -0.8903451071 -0.8890170755 -0.4728632306 -0.9957866240 -0.8375170508 -0.9997640065 -0.4744894151 -0.8770577022 -0.9724600169 0.6340306683 -0.8930715943 -0.4316954325 -0.4308024295
-0.6820024623 -0.8874943189 -0.8851593025 -0.4683753566 -0.9975318404 -0.8351601046 -0.9990080432 -0.4700140628 -0.8858508929 -0.9771136882 0.6355520181 -0.8904124410 -0.4271228944 -0.4262428637
-0.6782790181 -0.8841440784 -0.8807889270 -0.4634812023 -0.9988098217 -0.8323249055 -0.9977421452 -0.4651321497 -0.8942838646 -0.9813178457 0.6367032965 -0.8872556558 -0.4221542940 -0.4212876561
-0.6741175442 -0.8803054843 -0.8759175906 -0.4581911804 -0.9996295482 -0.8290220839 -0.9959763474 -0.4598540879 -0.9023605004 -0.9850786887 0.6374922549 -0.8836122432 -0.4167999347 -0.4159470996
-0.6695285957 -0.8759896351 -0.8705569347 -0.4525157035 -1.0000000000 -0.8252622700 -0.9937206848 -0.4541902893 -0.9100846832 -0.9884024164 0.6379266445 -0.8794932078 -0.4110701198 -0.4102314869
-0.6645227272 -0.8712076294 -0.8647186009 -0.4464651843 -0.9999301572 -0.8210560943 -0.9909851927 -0.4481511659 -0.9174602963 -0.9912952281 0.6380142169 -0.8749095544 -0.4049751524 -0.4041511109
