0.7131056297 0.8302813831 0.6647577305 0.5105038556 0.7978650458 0.7325629575 0.5484924360 0.5108189568 0.5453953298 -0.7846603902 -0.7289738428 0.7359998799 0.4778254403 0.4961501138
0.7035811681 0.8238732102 0.6585359355 0.4977887709 0.7919068141 0.7241196200 0.5458695136 0.4980877276 0.5430446425 -0.7832310676 -0.7231558217 0.7276191362 0.4649642913 0.4834704996
0.6939415641 0.8173831335 0.6522662848 0.4849768603 0.7858722864 0.7155944232 0.5432071348 0.4852593304 0.5406583160 -0.7817499534 -0.7172810198 0.7191562903 0.4520145344 0.4706991809
0.6841888557 0.8108132739 0.6459512562 0.4720708311 0.7797619114 0.7069897896 0.5405070397 0.4723364843 0.5382356550 -0.7802161711 -0.7113495970 0.7106137516 0.4389788175 0.4578387746
0.6743250808 0.8041657526 0.6395933275 0.4590733905 0.7735761378 0.6983081417 0.5377709689 0.4593219083 0.5357759643 -0.7786288441 -0.7053617133 0.7019939297 0.4258597885 0.4448918979
0.6643522775 0.7974426904 0.6331949763 0.4459872459 0.7673154144 0.6895519020 0.5350006625 0.4462183214 0.5332785486 -0.7769870958 -0.6993175284 0.6932992341 0.4126600950 0.4318611678
0.6542724836 0.7906462085 0.6267586805 0.4328151045 0.7609801897 0.6807234932 0.5321978609 0.4330284427 0.5307427126 -0.7752900495 -0.6932172023 0.6845320744 0.3993823849 0.4187492013
0.6440877374 0.7837784279 0.6202869177 0.4195596737 0.7545709126 0.6718253376 0.5293643045 0.4197549914 0.5281677610 -0.7735368287 -0.6870608948 0.6756948601 0.3860293061 0.4055586155
0.6338000766 0.7768414697 0.6137821658 0.4062236606 0.7480880318 0.6628598579 0.5265017334 0.4064006864 0.5255529986 -0.7717265567 -0.6808487659 0.6667900007 0.3726035063 0.3922920274
0.6234115394 0.7698374548 0.6072469025 0.3928097726 0.7415319959 0.6538294766 0.5236118880 0.3929682468 0.5228977301 -0.7698583570 -0.6745809753 0.6578199059 0.3591076334 0.3789520540
0.6129241636 0.7627685043 0.6006836055 0.3793207169 0.7349032536 0.6447366161 0.5206965087 0.3794603917 0.5202012601 -0.7679313529 -0.6682576831 0.6487869850 0.3455443351 0.3655413124
0.6023399874 0.7556367392 0.5940947526 0.3657592009 0.7282022537 0.6355836991 0.5177573357 0.3658798401 0.5174628935 -0.7659446678 -0.6618790491 0.6396936478 0.3319162593 0.3520624196
0.5916610486 0.7484442806 0.5874828215 0.3521279318 0.7214294449 0.6263731481 0.5147961093 0.3522293112 0.5146819350 -0.7638974252 -0.6554452332 0.6305423037 0.3182260537 0.3385179927
0.5808893854 0.7411932495 0.5808502900 0.3384296168 0.7145852758 0.6171073855 0.5118145699 0.3385115239 0.5118576892 -0.7617887484 -0.6489563953 0.6213353623 0.3044763663 0.3249106488
0.5700270356 0.7338857669 0.5741996358 0.3246669633 0.7076701952 0.6077888339 0.5088144578 0.3247291973 0.5089894609 -0.7596177608 -0.6424126952 0.6120752331 0.2906698448 0.3112430048
0.5590760372 0.7265239539 0.5675333368 0.3108426786 0.7006846518 0.5984199159 0.5057975133 0.3108850505 0.5060765549 -0.7573835858 -0.6358142928 0.6027643256 0.2768091369 0.2975176777
0.5480384284 0.7191099315 0.5608538705 0.2969594699 0.6936290942 0.5890030539 0.5027654766 0.2969818026 0.5031182758 -0.7550853469 -0.6291613481 0.5934050495 0.2628968906 0.2837372848
0.5369162470 0.7116458207 0.5541637149 0.2830200444 0.6865039712 0.5795406705 0.4997200881 0.2830221726 0.5001139284 -0.7527221673 -0.6224540208 0.5839998141 0.2489357537 0.2699044429
0.5257115310 0.7041337427 0.5474653475 0.2690271096 0.6793097315 0.5700351882 0.4966630881 0.2690088795 0.4970628173 -0.7502931705 -0.6156924710 0.5745510292 0.2349283738 0.2560217691
0.5144263185 0.6965758183 0.5407612463 0.2549833726 0.6720468238 0.5604890296 0.4935962170 0.2549446426 0.4939642474 -0.7477974799 -0.6088768584 0.5650611042 0.2208773990 0.2420918805
