-0.1024570674 -0.3303248652 -0.4756167249 0.0631137992 -0.3760558137 -0.1405689761 -0.5069325469 0.0624310892 -0.4985077715 -0.4643003885 -0.0075292799 -0.3769080264 0.0942130875 0.0931981378
-0.1211300055 -0.3528330550 -0.5004909986 0.0474300088 -0.3995006260 -0.1599165802 -0.5325428221 0.0467326303 -0.5241213484 -0.4892257366 0.0093992845 -0.4002329162 0.0789903471 0.0779671106
-0.1392362032 -0.3746532622 -0.5245964870 0.0322337865 -0.4222404820 -0.1786786293 -0.5573730372 0.0315219627 -0.5489661386 -0.5133989683 0.0258243376 -0.4228464775 0.0642358777 0.0632052820
-0.1567819172 -0.3957928167 -0.5479412665 0.0175194956 -0.4442827956 -0.1968615335 -0.5814309497 0.0167934489 -0.5730497769 -0.5368279165 0.0417515344 -0.4447562338 0.0499442381 0.0489071994
-0.1737734043 -0.4162590482 -0.5705334133 0.0032814997 -0.4656349802 -0.2144717028 -0.6047243173 0.0025414519 -0.5963798980 -0.5595204142 0.0571865295 -0.4659697083 0.0361099876 0.0350674102
-0.1902169214 -0.4360592864 -0.5923810038 -0.0104858377 -0.4863044497 -0.2315155475 -0.6272608975 -0.0112396655 -0.6189641368 -0.5814842942 0.0721349777 -0.4864944245 0.0227276851 0.0216804617
-0.2061187251 -0.4552008611 -0.6134921143 -0.0237881530 -0.5062986177 -0.2479994774 -0.6490484478 -0.0245555407 -0.6408101280 -0.6027273894 0.0866025339 -0.5063379057 0.0097918896 0.0087409012
-0.2214850723 -0.4736911019 -0.6338748212 -0.0366310829 -0.5256248979 -0.2639299029 -0.6700947257 -0.0374118107 -0.6619255065 -0.6232575327 0.1005948529 -0.5255076754 -0.0027028396 -0.0037567238
-0.2363222197 -0.4915373387 -0.6535372007 -0.0490202637 -0.5442907039 -0.2793132339 -0.6904074889 -0.0498141128 -0.6823179070 -0.6430825570 0.1141175895 -0.5440112568 -0.0147619437 -0.0158178662
-0.2506364241 -0.5087469012 -0.6724873292 -0.0609613320 -0.5623034494 -0.2941558806 -0.7099944948 -0.0617680843 -0.7019949643 -0.6622102952 0.1271763984 -0.5618561734 -0.0263908636 -0.0274479784
-0.2644339424 -0.5253271191 -0.6907332830 -0.0724599243 -0.5796705481 -0.3084642530 -0.7288635010 -0.0732793622 -0.7209643132 -0.6806485802 0.1397769345 -0.5790499486 -0.0375950401 -0.0386525132
-0.2777210311 -0.5412853221 -0.7082831384 -0.0835216770 -0.5963994136 -0.3222447613 -0.7470222650 -0.0843535838 -0.7392335884 -0.6984052450 0.1519248526 -0.5956001057 -0.0483799143 -0.0494369232
-0.2905039473 -0.5566288401 -0.7251449718 -0.0941522267 -0.6124974596 -0.3355038156 -0.7644785444 -0.0949963864 -0.7568104249 -0.7154881223 0.1636258075 -0.6115141681 -0.0587509272 -0.0598066611
-0.3027889475 -0.5713650027 -0.7413268595 -0.1043572099 -0.6279720999 -0.3482478259 -0.7812400968 -0.1052134071 -0.7737024572 -0.7319050452 0.1748854539 -0.6267996592 -0.0687135195 -0.0697671795
-0.3145822886 -0.5855011396 -0.7568368778 -0.1141422630 -0.6428307480 -0.3604832023 -0.7973146796 -0.1150102832 -0.7899173204 -0.7476638465 0.1857094468 -0.6414641024 -0.0782731324 -0.0793239311
-0.3258902275 -0.5990445807 -0.7716831031 -0.1235130225 -0.6570808177 -0.3722163550 -0.8127100504 -0.1243926518 -0.8054626490 -0.7627723591 0.1961034408 -0.6555150210 -0.0874352067 -0.0884823685
-0.3367190207 -0.6120026556 -0.7858736116 -0.1324751250 -0.6707297226 -0.3834536941 -0.8274339668 -0.1333661501 -0.8203460779 -0.7772384159 0.2060730908 -0.6689599384 -0.0962051834 -0.0972479443
-0.3470749252 -0.6243826942 -0.7994164796 -0.1410342069 -0.6837848764 -0.3942016295 -0.8414941863 -0.1419364154 -0.8345752420 -0.7910698499 0.2156240516 -0.6818063781 -0.1045885035 -0.1056261113
-0.3569641977 -0.6361920260 -0.8123197836 -0.1491959047 -0.6962536927 -0.4044665716 -0.8548984665 -0.1501090849 -0.8481577759 -0.8042744938 0.2247619781 -0.6940618633 -0.1125906079 -0.1136223221
-0.3663930950 -0.6474379810 -0.8245915998 -0.1569658550 -0.7081435853 -0.4142549302 -0.8676545648 -0.1578897958 -0.8611013145 -0.8168601807 0.2334925249 -0.7057339176 -0.1202169375 -0.1212420293
