0.5604701873 0.6480620872 0.6464300112 0.5181441893 0.4023142498 0.7264974727 0.5424015962 0.5172426281 0.3604950408 0.2498571473 -0.2727253259 0.6138555708 0.5074985751 0.5187343172
0.5483487267 0.6389366962 0.6381151479 0.5029508721 0.3897685279 0.7210240730 0.5326492074 0.5021483540 0.3481966153 0.2515315540 -0.2575439906 0.6049208329 0.4923588913 0.5036672211
0.5361219177 0.6297690751 0.6297938787 0.4875509263 0.3772044729 0.7156065238 0.5229019098 0.4868525486 0.3359134487 0.2533676046 -0.2423187202 0.5959768211 0.4770169231 0.4883928669
0.5237923199 0.6205623792 0.6214698183 0.4719457170 0.3646260653 0.7102490431 0.5131636890 0.4713566447 0.3236500086 0.2553693160 -0.2270534315 0.5870271881 0.4614738968 0.4729124106
0.5113624926 0.6113197638 0.6131465811 0.4561366089 0.3520372854 0.7049558489 0.5034385312 0.4556620750 0.3114107626 0.2575407047 -0.2117520416 0.5780755861 0.4457310389 0.4572270080
0.4988349953 0.6020443842 0.6048277819 0.4401249670 0.3394421138 0.6997311595 0.4937304221 0.4397702724 0.2992001784 0.2598857874 -0.1964184675 0.5691256675 0.4297895758 0.4413378151
0.4862123874 0.5927393960 0.5965170350 0.4239121562 0.3268445308 0.6945791929 0.4840433478 0.4236826696 0.2870227236 0.2624085809 -0.1810566261 0.5601810849 0.4136507339 0.4252459877
0.4734972284 0.5834079543 0.5882179552 0.4074995414 0.3142485168 0.6895041672 0.4743812940 0.4074006994 0.2748828659 0.2651131019 -0.1656704344 0.5512454905 0.3973157396 0.4089526818
0.4606920776 0.5740532146 0.5799341569 0.3908884876 0.3016580523 0.6845103004 0.4647482468 0.3909257947 0.2627850728 0.2680033671 -0.1502638094 0.5423225368 0.3807858194 0.3924590532
0.4477994944 0.5646783322 0.5716692547 0.3740803596 0.2890771177 0.6796018106 0.4551481921 0.3742593882 0.2507338120 0.2710833932 -0.1348406681 0.5334158762 0.3640621996 0.3757662580
0.4348220384 0.5552864624 0.5634268633 0.3570765223 0.2765096934 0.6747829161 0.4455851157 0.3574029127 0.2387335512 0.2743571968 -0.1194049274 0.5245291612 0.3471461067 0.3588754519
0.4217622689 0.5458807606 0.5552105970 0.3398783407 0.2639597598 0.6700578347 0.4360630036 0.3403578011 0.2267887580 0.2778287948 -0.1039605044 0.5156660440 0.3300387671 0.3417877909
0.4086227453 0.5364643822 0.5470240706 0.3224871797 0.2514312973 0.6654307847 0.4265858417 0.3231254860 0.2149039000 0.2815022037 -0.0885113159 0.5068301771 0.3127414072 0.3245044309
0.3954060271 0.5270404824 0.5388708985 0.3049044042 0.2389282864 0.6609059841 0.4171576159 0.3057074003 0.2030834448 0.2853814404 -0.0730612791 0.4980252130 0.2952552534 0.3070265278
0.3821146737 0.5176122168 0.5307546954 0.2871313790 0.2264547075 0.6564876510 0.4077823122 0.2881049768 0.1913318602 0.2894705215 -0.0576143108 0.4892548040 0.2775815322 0.2893552375
0.3687512445 0.5081827405 0.5226790758 0.2691694692 0.2140145409 0.6521800035 0.3984639164 0.2703196483 0.1796536136 0.2937734636 -0.0421743281 0.4805226025 0.2597214699 0.2714917159
0.3553182989 0.4987552089 0.5146476543 0.2510200396 0.2016117672 0.6479872597 0.3892064145 0.2523528475 0.1680531729 0.2982942836 -0.0267452479 0.4718322610 0.2416762931 0.2534371189
0.3418183964 0.4893327775 0.5066640453 0.2326844551 0.1892503667 0.6439136377 0.3800137923 0.2342060073 0.1565350055 0.3030369982 -0.0113309872 0.4631874318 0.2234472280 0.2351926025
0.3282540964 0.4799186015 0.4987318636 0.2141640806 0.1769343199 0.6399633555 0.3708900359 0.2158805605 0.1451035792 0.3080056239 0.0040645370 0.4545917674 0.2050355011 0.2167593225
0.3146279583 0.4705158364 0.4908547236 0.1954602811 0.1646676071 0.6361406313 0.3618391310 0.1973779398 0.1337633615 0.3132041776 0.0194374077 0.4460489201 0.1864423389 0.1981384348
