-0.4371545254 -0.5520974672 -0.6529178842 -0.4890651286 -0.2615774757 -0.4055731633 -0.6593163942 -0.4906544675 -0.0400958583 -0.2856633537 0.2041473225 -0.5639173841 -0.4822476528 -0.4838340098
-0.4598963569 -0.5714464103 -0.6695097019 -0.5102981032 -0.2866058994 -0.4289704639 -0.6755030369 -0.5118755918 -0.0665061488 -0.3102709903 0.2266758562 -0.5830361277 -0.5034552640 -0.5049931486
-0.4823749321 -0.5905487901 -0.6858413686 -0.5312551090 -0.3114610969 -0.4521128611 -0.6914457472 -0.5328195928 -0.0928750713 -0.3346944981 0.2490968837 -0.6019008327 -0.5243938312 -0.5258830839
-0.5045758219 -0.6093910380 -0.7019007936 -0.5519236392 -0.3361275997 -0.4749856494 -0.7071321501 -0.5534739490 -0.1191861886 -0.3589188800 0.2713995758 -0.6204982258 -0.5450510440 -0.5464915569
-0.5264845971 -0.6279595854 -0.7176758859 -0.5722911871 -0.3605899393 -0.4975741234 -0.7225498704 -0.5738261388 -0.1454230635 -0.3829291388 0.2935731035 -0.6388150334 -0.5654145925 -0.5668063084
-0.5480868283 -0.6462408640 -0.7331545549 -0.5923452458 -0.3848326474 -0.5198635777 -0.7376865332 -0.5938636407 -0.1715692588 -0.4067102774 0.3156066373 -0.6568379822 -0.5854721664 -0.5868150794
-0.5693680863 -0.6642213051 -0.7483247098 -0.6120733084 -0.4088402553 -0.5418393069 -0.7525297632 -0.6135739331 -0.1976083373 -0.4302472985 0.3374893482 -0.6745537987 -0.6052114557 -0.6065056109
-0.5903139418 -0.6818873402 -0.7631742597 -0.6314628682 -0.4325972947 -0.5634866057 -0.7670671854 -0.6329444946 -0.2235238617 -0.4535252050 0.3592104069 -0.6919492095 -0.6246201502 -0.6258656438
-0.6109099656 -0.6992254007 -0.7776911139 -0.6505014183 -0.4560882970 -0.5847907687 -0.7812864247 -0.6519628037 -0.2492993948 -0.4765289998 0.3807589842 -0.7090109412 -0.6436859398 -0.6448829192
-0.6311417284 -0.7162219182 -0.7918631816 -0.6691764519 -0.4792977939 -0.6057370904 -0.7951751061 -0.6706163387 -0.2749184994 -0.4992436856 0.4021242509 -0.7257257204 -0.6623965143 -0.6635451779
-0.6509948010 -0.7328633241 -0.8056783721 -0.6874754622 -0.5022103168 -0.6263108655 -0.8087208543 -0.6888925782 -0.3003647383 -0.5216542653 0.4232953778 -0.7420802736 -0.6807395636 -0.6818401610
-0.6704547541 -0.7491360499 -0.8191245945 -0.7053859424 -0.5248103973 -0.6464973885 -0.8219112944 -0.7067790007 -0.3256216743 -0.5437457418 0.4442615356 -0.7580613275 -0.6987027776 -0.6997556093
-0.6895071585 -0.7650265270 -0.8321897581 -0.7228953857 -0.5470825668 -0.6662819542 -0.8347340512 -0.7242630847 -0.3506728702 -0.5655031178 0.4650118952 -0.7736556085 -0.7162738461 -0.7172792640
-0.7081375848 -0.7805211869 -0.8448617721 -0.7399912851 -0.5690113570 -0.6856498571 -0.8471767497 -0.7413323085 -0.3755018887 -0.5869113962 0.4855356273 -0.7888498434 -0.7334404591 -0.7343988658
-0.7263316039 -0.7956064611 -0.8571285457 -0.7566611340 -0.5905812994 -0.7045863917 -0.8592270147 -0.7579741507 -0.4000922926 -0.6079555798 0.5058219027 -0.8036307586 -0.7501903063 -0.7511021559
-0.7440747864 -0.8102687810 -0.8689779880 -0.7728924254 -0.6117769254 -0.7230768528 -0.8708724712 -0.7741760898 -0.4244276447 -0.6286206715 0.5258598923 -0.8179850808 -0.7665110776 -0.7673768751
-0.7613527031 -0.8244945782 -0.8803980085 -0.7886726526 -0.6325827666 -0.7411065349 -0.8821007441 -0.7899256043 -0.4484915078 -0.6488916741 0.5456387668 -0.8318995365 -0.7823904630 -0.7832107644
-0.7781509249 -0.8382702840 -0.8913765161 -0.8039893087 -0.6529833546 -0.7586607326 -0.8928994583 -0.8052101726 -0.4722674447 -0.6687535904 0.5651476969 -0.8453608522 -0.7978161522 -0.7985915649
-0.7944550223 -0.8515823300 -0.9019014203 -0.8188298869 -0.6729632209 -0.7757247406 -0.9032562386 -0.8200172732 -0.4957390181 -0.6881914232 0.5843758535 -0.8583557547 -0.8127758351 -0.8135070173
-0.8102505661 -0.8644171476 -0.9119606301 -0.8331818805 -0.6925068970 -0.7922838535 -0.9131587101 -0.8343343845 -0.5188897909 -0.7071901755 0.6033124074 -0.8708709704 -0.8272572017 -0.8279448628
