-0.4604411341 -0.6458094592 -0.8227764827 -0.3937499226 -0.2540313842 -0.4439440177 -0.7825519290 -0.3957218540 -0.0800156827 -0.4142777053 -0.0144244886 -0.6251131849 -0.3691621624 -0.3839135772
-0.4639333052 -0.6485494505 -0.8253500429 -0.3975787918 -0.2543379196 -0.4463035909 -0.7822151845 -0.3995341734 -0.0768129156 -0.4088783266 -0.0147133536 -0.6281415365 -0.3731733633 -0.3880387591
-0.4669061849 -0.6506734452 -0.8272262995 -0.4009244814 -0.2541525127 -0.4481285272 -0.7811407506 -0.4028621136 -0.0731248175 -0.4028024573 -0.0153877495 -0.6305687694 -0.3767158602 -0.3916910125
-0.4693705677 -0.6521940944 -0.8284192918 -0.4037970717 -0.2534866930 -0.4494302915 -0.7793444046 -0.4057157809 -0.0689641111 -0.3960667533 -0.0164376622 -0.6324071853 -0.3797994300 -0.3948801408
-0.4713372480 -0.6531240493 -0.8289430590 -0.4062066434 -0.2523519899 -0.4502203486 -0.7768419237 -0.4081052815 -0.0643435192 -0.3886878705 -0.0178530773 -0.6336690856 -0.3824338493 -0.3976159474
-0.4728170204 -0.6534759608 -0.8288116405 -0.4081632769 -0.2507599330 -0.4505101632 -0.7736490851 -0.4100407216 -0.0592757648 -0.3806824649 -0.0196239808 -0.6343667716 -0.3846288948 -0.3999082357
-0.4738206793 -0.6532624801 -0.8280390755 -0.4096770528 -0.2487220517 -0.4503112003 -0.7697816661 -0.4115322074 -0.0537735705 -0.3720671925 -0.0217403584 -0.6345125448 -0.3863943434 -0.4017668090
-0.4743590192 -0.6524962582 -0.8266394033 -0.4107580515 -0.2462498755 -0.4496349244 -0.7652554438 -0.4125898452 -0.0478496593 -0.3628587090 -0.0241921958 -0.6341187066 -0.3877399718 -0.4032014709
-0.4744428347 -0.6511899462 -0.8246266630 -0.4114163536 -0.2433549339 -0.4484928005 -0.7600861955 -0.4132237412 -0.0415167538 -0.3530736706 -0.0269694789 -0.6331975585 -0.3886755566 -0.4042220246
-0.4740829202 -0.6493561952 -0.8220148941 -0.4116620395 -0.2400487564 -0.4468962933 -0.7542896984 -0.4134440015 -0.0347875771 -0.3427287331 -0.0300621935 -0.6317614019 -0.3892108747 -0.4048382737
-0.4732900702 -0.6470076562 -0.8188181357 -0.4115051899 -0.2363428724 -0.4448568676 -0.7478817298 -0.4132607324 -0.0276748517 -0.3318405525 -0.0334603253 -0.6298225382 -0.3893557028 -0.4050600214
-0.4720750793 -0.6441569804 -0.8150504271 -0.4109558851 -0.2322488115 -0.4423859883 -0.7408780668 -0.4126840402 -0.0201913007 -0.3204257847 -0.0371538602 -0.6273932688 -0.3891198177 -0.4048970713
-0.4704487418 -0.6408168188 -0.8107258076 -0.4100242057 -0.2277781031 -0.4394951201 -0.7332944867 -0.4117240309 -0.0123496467 -0.3085010856 -0.0411327839 -0.6244858953 -0.3885129960 -0.4043592266
-0.4684218524 -0.6369998225 -0.8058583164 -0.4087202322 -0.2229422768 -0.4361957277 -0.7251467666 -0.4103908109 -0.0041626126 -0.2960831112 -0.0453870823 -0.6211127189 -0.3875450145 -0.4034562908
-0.4660052054 -0.6327186425 -0.8004619929 -0.4070540452 -0.2177528620 -0.4324992761 -0.7164506840 -0.4086944863 0.0043570788 -0.2831885174 -0.0499067410 -0.6172860413 -0.3862256499 -0.4021980673
-0.4632095954 -0.6279859300 -0.7945508762 -0.4050357251 -0.2122213882 -0.4284172299 -0.7072220158 -0.4066451634 0.0131967046 -0.2698339601 -0.0546817460 -0.6130181637 -0.3845646791 -0.4005943595
-0.4600458169 -0.6228143361 -0.7881390056 -0.4026753524 -0.2063593848 -0.4239610540 -0.6974765395 -0.4042529483 0.0223435421 -0.2560360954 -0.0597020829 -0.6083213876 -0.3825718786 -0.3986549708
-0.4565246644 -0.6172165117 -0.7812404205 -0.3999830077 -0.2001783815 -0.4191422132 -0.6872300322 -0.4015279474 0.0317848685 -0.2418115791 -0.0649577377 -0.6032080145 -0.3802570254 -0.3963897046
-0.4526569324 -0.6112051080 -0.7738691599 -0.3969687714 -0.1936899076 -0.4139721722 -0.6764982711 -0.3984802667 0.0415079608 -0.2271770672 -0.0704386960 -0.5976903457 -0.3776298961 -0.3938083643
-0.4484534153 -0.6047927760 -0.7660392633 -0.3936427241 -0.1869054926 -0.4084623959 -0.6652970334 -0.3951200126 0.0515000964 -0.2121492155 -0.0761349437 -0.5917806827 -0.3747002674 -0.3909207533
