0.0228738068 -0.4831757020 -0.7366066199 0.7123252610 -0.4010114615 -0.8513896809 -0.8760496483 0.7079500573 -0.6207646855 -0.9505123602 -0.2862039458 -0.8653426216 0.7603346905 0.7595438788
0.0319928338 -0.4707294964 -0.7184513785 0.7194423992 -0.3960863758 -0.8366895125 -0.8627606758 0.7151326670 -0.6169830443 -0.9437276431 -0.2888183926 -0.8515151277 0.7670555303 0.7662827771
0.0413981452 -0.4578318611 -0.6998385284 0.7265945014 -0.3908194756 -0.8214121291 -0.8488965285 0.7223512577 -0.6128185739 -0.9365437396 -0.2915765720 -0.8371228381 0.7737823247 0.7730275502
0.0510793769 -0.4444965278 -0.6807827993 0.7337756249 -0.3852202929 -0.8055733368 -0.8344720273 0.7295998560 -0.6082809143 -0.9289670919 -0.2944723700 -0.8221813570 0.7805097473 0.7797728696
0.0610261648 -0.4307372283 -0.6612989206 0.7409798270 -0.3792983597 -0.7891889416 -0.8195019938 0.7368724882 -0.6033797053 -0.9210041423 -0.2974996728 -0.8067062889 0.7872324717 0.7865134071
0.0712281449 -0.4165676942 -0.6414016221 0.7482011652 -0.3730632078 -0.7722747496 -0.8040012490 0.7441631808 -0.5981245869 -0.9126613331 -0.3006523665 -0.7907132382 0.7939451715 0.7932438342
0.0816749531 -0.4020016574 -0.6211056333 0.7554336968 -0.3665243691 -0.7548465668 -0.7879846143 0.7514659603 -0.5925251990 -0.9039451066 -0.3039243372 -0.7742178093 0.8006425201 0.7999588227
0.0923562253 -0.3870528494 -0.6004256839 0.7626714792 -0.3596913756 -0.7369201993 -0.7714669109 0.7587748531 -0.5865911815 -0.8948619050 -0.3073094710 -0.7572356064 0.8073191912 0.8066530443
0.1032615976 -0.3717350021 -0.5793765035 0.7699085698 -0.3525737593 -0.7185114530 -0.7544629600 0.7660838856 -0.5803321744 -0.8854181706 -0.3108016541 -0.7397822340 0.8139698584 0.8133211704
0.1143807058 -0.3560618471 -0.5579728217 0.7771390259 -0.3451810519 -0.6996361341 -0.7369875830 0.7733870843 -0.5737578175 -0.8756203456 -0.3143947725 -0.7218732964 0.8205891952 0.8199578729
0.1257031859 -0.3400471161 -0.5362293682 0.7843569050 -0.3375227854 -0.6803100486 -0.7190556010 0.7806784756 -0.5668777508 -0.8654748725 -0.3180827124 -0.7035243980 0.8271718751 0.8265578233
0.1372186739 -0.3237045410 -0.5141608726 0.7915562644 -0.3296084918 -0.6605490025 -0.7006818354 0.7879520859 -0.5597016142 -0.8549881933 -0.3218593599 -0.6847511433 0.8337125718 0.8331156933
0.1489168056 -0.3070478532 -0.4917820644 0.7987311616 -0.3214477030 -0.6403688019 -0.6818811073 0.7952019417 -0.5522390475 -0.8441667504 -0.3257186011 -0.6655691364 0.8402059588 0.8396261546
0.1607872170 -0.2900907847 -0.4691076734 0.8058756538 -0.3130499508 -0.6197852528 -0.6626682381 0.8024220695 -0.5444996909 -0.8330169861 -0.3296543222 -0.6459939819 0.8466467096 0.8460838788
0.1728195440 -0.2728470671 -0.4461524290 0.8129837985 -0.3044247672 -0.5988141613 -0.6430580490 0.8096064956 -0.5364931840 -0.8215453426 -0.3336604092 -0.6260412841 0.8530294978 0.8524835376
0.1850034227 -0.2553304321 -0.4229310611 0.8200496530 -0.2955816841 -0.5774713333 -0.6230653613 0.8167492466 -0.5282291669 -0.8097582622 -0.3377307482 -0.6057266473 0.8593489971 0.8588198026
0.1973284889 -0.2375546114 -0.3994582991 0.8270672748 -0.2865302335 -0.5557725751 -0.6027049961 0.8238443488 -0.5197172795 -0.7976621872 -0.3418592255 -0.5850656760 0.8655998809 0.8650873454
0.2097843786 -0.2195333368 -0.3757488727 0.8340307212 -0.2772799472 -0.5337336925 -0.5819917748 0.8308858287 -0.5109671617 -0.7852635598 -0.3460397271 -0.5640739744 0.8717768228 0.8712808378
0.2223607276 -0.2012803399 -0.3518175115 0.8409340496 -0.2678403571 -0.5113704916 -0.5609405186 0.8378677127 -0.5019884534 -0.7725688223 -0.3502661391 -0.5427671471 0.8778744964 0.8773949513
0.2350471721 -0.1828093526 -0.3276789452 0.8477713173 -0.2582209952 -0.4886987785 -0.5395660489 0.8447840273 -0.4927907946 -0.7595844171 -0.3545323476 -0.5211607982 0.8838875752 0.8834243576
