-0.3307556236 -0.3114757121 -0.3273132967 -0.0343170351 -0.4239927161 -0.3002728093 -0.6042591527 -0.0355214460 -0.4729668640 -0.8145620638 -0.1645052969 -0.3194759908 -0.0049292926 -0.0053011194
-0.3762696464 -0.3569324024 -0.3729174524 -0.0697671871 -0.4502517313 -0.3455737172 -0.6288228680 -0.0710128013 -0.4569464865 -0.8130647806 -0.1303266469 -0.3650217495 -0.0393804933 -0.0397731632
-0.4199570499 -0.4006303003 -0.4167098167 -0.1038078781 -0.4758300428 -0.3891513620 -0.6525138006 -0.1050930286 -0.4418050638 -0.8118464669 -0.0968249616 -0.4087823757 -0.0724634386 -0.0728771087
-0.4618417856 -0.4425908314 -0.4587129569 -0.1364581518 -0.5007324347 -0.4310267628 -0.6753403405 -0.1377811913 -0.4275282810 -0.8109000675 -0.0639939039 -0.4507797414 -0.1041966816 -0.1046315011
-0.5019478046 -0.4828354214 -0.4989494406 -0.1677370519 -0.5249636909 -0.4712209387 -0.6973108777 -0.1690963527 -0.4141018230 -0.8102185270 -0.0318271366 -0.4910357187 -0.1345987754 -0.1350548856
-0.5402990585 -0.5213854960 -0.5374418352 -0.1976636220 -0.5485285954 -0.5097549088 -0.7184338022 -0.1990575759 -0.4015113748 -0.8097947902 -0.0003183228 -0.5295721797 -0.1636882728 -0.1641658074
-0.5769194986 -0.5582624808 -0.5742127084 -0.2262569056 -0.5714319323 -0.5466496921 -0.7387175039 -0.2276839244 -0.3897426215 -0.8096218019 0.0305388747 -0.5664109965 -0.1914837270 -0.1919828117
-0.6118330763 -0.5934878014 -0.6092846275 -0.2535359465 -0.5936784854 -0.5819263077 -0.7581703728 -0.2549944615 -0.3787812480 -0.8096925068 0.0607507930 -0.6015740411 -0.2180036911 -0.2185244436
-0.6450637430 -0.6270828836 -0.6426801602 -0.2795197883 -0.6152730387 -0.6156057747 -0.7768007988 -0.2810082503 -0.3686129395 -0.8099998496 0.0903237692 -0.6350831855 -0.2432667179 -0.2438092485
-0.6766354499 -0.6590691529 -0.6744218738 -0.3042274746 -0.6362203763 -0.6477091123 -0.7946171720 -0.3057443543 -0.3592233808 -0.8105367752 0.1192641404 -0.6669603020 -0.2672913606 -0.2678557715
-0.7065721486 -0.6894680350 -0.7045323360 -0.3276780491 -0.6565252822 -0.6782573395 -0.8116278824 -0.3292218367 -0.3505982570 -0.8112962282 0.1475782437 -0.6972272624 -0.2900961721 -0.2906825577
-0.7348977903 -0.7183009556 -0.7330341142 -0.3498905554 -0.6761925402 -0.7072714753 -0.8278413198 -0.3514597608 -0.3427232532 -0.8122711533 0.1752724161 -0.7259059390 -0.3116997055 -0.3123081525
-0.7616363265 -0.7455893403 -0.7599497759 -0.3708840371 -0.6952269344 -0.7347725390 -0.8432658743 -0.3724771899 -0.3355840543 -0.8134544954 0.2023529947 -0.7530182037 -0.3321205138 -0.3327511009
-0.7868117085 -0.7713546147 -0.7853018886 -0.3906775379 -0.7136332488 -0.7607815495 -0.8579099359 -0.3922931872 -0.3291663453 -0.8148391992 0.2288263167 -0.7785859286 -0.3513771501 -0.3520299481
-0.8104478877 -0.7956182046 -0.8091130199 -0.4092901013 -0.7314162673 -0.7853195260 -0.8717818945 -0.4109268162 -0.3234558113 -0.8164182094 0.2546987192 -0.8026309859 -0.3694881674 -0.3701632395
-0.8325688155 -0.8184015355 -0.8314057372 -0.4267407712 -0.7485807740 -0.8084074875 -0.8848901400 -0.4283971400 -0.3184381373 -0.8181844707 0.2799765391 -0.8251752475 -0.3864721186 -0.3871695201
-0.8531984432 -0.8397260331 -0.8522026080 -0.4430485910 -0.7651315528 -0.8300664531 -0.8972430626 -0.4447232220 -0.3140990083 -0.8201309280 0.3046661137 -0.8462405856 -0.4023475568 -0.4030673352
-0.8723607222 -0.8596131231 -0.8715261999 -0.4582326044 -0.7810733877 -0.8503174420 -0.9088490521 -0.4599241255 -0.3104241093 -0.8222505258 0.3287737800 -0.8658488722 -0.4171330351 -0.4178752299
-0.8900796040 -0.8780842312 -0.8893990804 -0.4723118551 -0.7964110626 -0.8691814732 -0.9197164985 -0.4740189137 -0.3073991253 -0.8245362091 0.3523058751 -0.8840219794 -0.4308471064 -0.4316117495
-0.9063790397 -0.8951607829 -0.9058438169 -0.4853053866 -0.8111493617 -0.8866795658 -0.9298537918 -0.4870266500 -0.3050097414 -0.8269809226 0.3752687361 -0.9007817792 -0.4435083238 -0.4442954391
