-0.1284310147 -0.2802003411 -0.3866580712 -0.1311693376 -0.0929355999 -0.1374370820 -0.6211784203 -0.1316370973 0.5493369164 -0.0642598574 0.0187530273 -0.2773772625 -0.1137332000 -0.1072342589
-0.1334693915 -0.2863190289 -0.3925065253 -0.1359945372 -0.1003084323 -0.1430291465 -0.6307189599 -0.1364751623 0.5316563869 -0.0737625042 0.0255977628 -0.2835168271 -0.1183206686 -0.1117813172
-0.1379414266 -0.2918007522 -0.3976401408 -0.1402457075 -0.1072027518 -0.1480641735 -0.6394912873 -0.1407392430 0.5137649251 -0.0828643149 0.0319985031 -0.2890218703 -0.1223390895 -0.1157625132
-0.1418583734 -0.2966576252 -0.4020724525 -0.1439343026 -0.1136275539 -0.1525530782 -0.6475086585 -0.1444407888 0.4956703413 -0.0915722666 0.0379638232 -0.2939044574 -0.1257999085 -0.1191892511
-0.1452314857 -0.3009017616 -0.4058169952 -0.1470717766 -0.1195918339 -0.1565067760 -0.6547843293 -0.1475912488 0.4773804461 -0.0998933363 0.0435022978 -0.2981766539 -0.1287145710 -0.1220729351
-0.1480720171 -0.3045452754 -0.4088873037 -0.1496695836 -0.1251045870 -0.1599361825 -0.6613315556 -0.1502020723 0.4589030498 -0.1078345011 0.0486225020 -0.3018505251 -0.1310945229 -0.1244249692
-0.1503912211 -0.3076002806 -0.4112969129 -0.1517391779 -0.1301748087 -0.1628522128 -0.6671635933 -0.1522847084 0.4402459628 -0.1154027378 0.0533330105 -0.3049381364 -0.1329512096 -0.1262567577
-0.1522003514 -0.3100788911 -0.4130593574 -0.1532920135 -0.1348114942 -0.1652657826 -0.6722936982 -0.1538506064 0.4214169955 -0.1226050236 0.0576423982 -0.3074515531 -0.1342960770 -0.1275797047
-0.1535106617 -0.3119932209 -0.4141881722 -0.1543395445 -0.1390236389 -0.1671878070 -0.6767351262 -0.1549112155 0.4024239583 -0.1294483355 0.0615592400 -0.3094028405 -0.1351405705 -0.1284052144
-0.1543334055 -0.3133553838 -0.4146968920 -0.1548932252 -0.1428202382 -0.1686292016 -0.6805011332 -0.1554779849 0.3832746617 -0.1359396505 0.0650921108 -0.3108040641 -0.1354961359 -0.1287446908
-0.1546798364 -0.3141774939 -0.4145990516 -0.1549645097 -0.1462102873 -0.1696008818 -0.6836049750 -0.1555623638 0.3639769161 -0.1420859456 0.0682495854 -0.3116672892 -0.1353742189 -0.1286095383
-0.1545612082 -0.3144716650 -0.4139081858 -0.1545648521 -0.1492027817 -0.1701137628 -0.6860599075 -0.1551758014 0.3445385318 -0.1478941978 0.0710402387 -0.3120045812 -0.1347862649 -0.1280111608
-0.1539887743 -0.3142500111 -0.4126378294 -0.1537057066 -0.1518067166 -0.1701787602 -0.6878791866 -0.1543297470 0.3249673193 -0.1533713842 0.0734726456 -0.3118280053 -0.1337437198 -0.1269609627
-0.1529737884 -0.3135246462 -0.4108015173 -0.1523985273 -0.1540310873 -0.1698067893 -0.6890760681 -0.1530356497 0.3052710890 -0.1585244818 0.0755553809 -0.3111496271 -0.1322580291 -0.1254703479
-0.1515275042 -0.3123076842 -0.4084127841 -0.1506547683 -0.1558848893 -0.1690087655 -0.6896638080 -0.1513049588 0.2854576513 -0.1633604676 0.0772970196 -0.3099815117 -0.1303406385 -0.1235507208
-0.1496611753 -0.3106112389 -0.4054851648 -0.1484858838 -0.1573771178 -0.1677956042 -0.6896556621 -0.1491491234 0.2655348166 -0.1678863186 0.0787061364 -0.3083357247 -0.1280029937 -0.1212134854
-0.1473860552 -0.3084474245 -0.4020321941 -0.1459033279 -0.1585167682 -0.1661782209 -0.6890648863 -0.1465795929 0.2455103953 -0.1721090118 0.0797913063 -0.3062243313 -0.1252565402 -0.1184700459
-0.1447133976 -0.3058283547 -0.3980674068 -0.1429185548 -0.1593128358 -0.1641675308 -0.6879047363 -0.1436078163 0.2253921979 -0.1760355244 0.0805611041 -0.3036593969 -0.1221127238 -0.1153318064
-0.1416544562 -0.3027661436 -0.3936043377 -0.1395430187 -0.1597743160 -0.1617744494 -0.6861884682 -0.1402452430 0.2051880346 -0.1796728332 0.0810241047 -0.3006529869 -0.1185829900 -0.1118101712
-0.1382204845 -0.2992729050 -0.3886565217 -0.1357881736 -0.1599102041 -0.1590098920 -0.6839293378 -0.1365033221 0.1849057161 -0.1830279153 0.0811888830 -0.2972171665 -0.1146787846 -0.1079165443
