-0.0684345212 0.0439390274 0.1897750002 -0.1469721215 0.1909526575 0.0281887965 0.3373660455 -0.1472111961 0.5071289665 0.3474588239 -0.2315655364 0.1079125279 -0.1367226263 -0.1518289450
-0.0656207791 0.0494837966 0.1981998173 -0.1438192055 0.1931870346 0.0305339183 0.3466216888 -0.1439930094 0.5095323699 0.3489823627 -0.2330395822 0.1135558680 -0.1343525077 -0.1493498214
-0.0632520898 0.0545408038 0.2061698128 -0.1410833536 0.1948718326 0.0324007007 0.3553867102 -0.1411932373 0.5112392220 0.3499013289 -0.2339626490 0.1186867383 -0.1323865998 -0.1472705030
-0.0613387918 0.0590984629 0.2136735580 -0.1387745771 0.1959952871 0.0337784355 0.3636490416 -0.1388219310 0.5122354612 0.3502033282 -0.2343231765 0.1232931654 -0.1308344848 -0.1456005373
-0.0598912235 0.0631451872 0.2206996242 -0.1369028870 0.1965456335 0.0346564146 0.3713966147 -0.1368891418 0.5125070257 0.3498759664 -0.2341096046 0.1273631763 -0.1297057450 -0.1443494714
-0.0589197233 0.0666693906 0.2272365825 -0.1354782946 0.1965111074 0.0350239297 0.3786173616 -0.1354049209 0.5120398540 0.3489068492 -0.2333103732 0.1308847975 -0.1290099625 -0.1435268526
-0.0584346294 0.0696594865 0.2332730043 -0.1345108111 0.1958799444 0.0348702727 0.3852992140 -0.1343793195 0.5108198844 0.3472835825 -0.2319139220 0.1338460559 -0.1287567198 -0.1431422283
-0.0584462804 0.0721038885 0.2387974609 -0.1340104475 0.1946403799 0.0341847354 0.3914301039 -0.1338223887 0.5088330552 0.3449937721 -0.2299086911 0.1362349782 -0.1289555990 -0.1432051457
-0.0589650147 0.0739910103 0.2437985235 -0.1339872152 0.1927806496 0.0329566096 0.3969979632 -0.1337441798 0.5060653047 0.3420250236 -0.2272831201 0.1380395910 -0.1296161825 -0.1437251520
-0.0600011705 0.0753092655 0.2482647635 -0.1344511252 0.1902889889 0.0311751872 0.4019907238 -0.1341547439 0.5025025714 0.3383649429 -0.2240256490 0.1392479213 -0.1307480525 -0.1447117947
-0.0615650864 0.0760470676 0.2521847520 -0.1354121887 0.1871536333 0.0288297599 0.4063963174 -0.1350641322 0.4981307934 0.3340011358 -0.2201247176 0.1398479956 -0.1323607912 -0.1461746208
-0.0636671007 0.0761928302 0.2555470604 -0.1368804169 0.1833628184 0.0259096195 0.4102026762 -0.1364823960 0.4929359093 0.3289212080 -0.2155687657 0.1398278408 -0.1344639810 -0.1481231778
-0.0663175518 0.0757349671 0.2583402599 -0.1388658210 0.1789047798 0.0224040580 0.4133977318 -0.1384195864 0.4869038572 0.3231127653 -0.2103462332 0.1391754836 -0.1370672041 -0.1505670128
-0.0695267781 0.0746618916 0.2605529218 -0.1413784121 0.1737677530 0.0183023671 0.4159694162 -0.1408857546 0.4800205756 0.3165634135 -0.2044455599 0.1378789507 -0.1401800428 -0.1535156733
-0.0733051179 0.0729620176 0.2621736174 -0.1444282014 0.1679399734 0.0135938385 0.4179056614 -0.1438909519 0.4722720028 0.3092607583 -0.1978551857 0.1359262688 -0.1438120794 -0.1569787063
-0.0776629097 0.0706237585 0.2631909180 -0.1480252001 0.1614096766 0.0082677643 0.4191943991 -0.1474452294 0.4636440772 0.3011924056 -0.1905635504 0.1333054648 -0.1479728960 -0.1609656593
-0.0826104919 0.0676355279 0.2635933948 -0.1521794194 0.1541650983 0.0023134361 0.4198235613 -0.1515586383 0.4541227370 0.2923459612 -0.1825590939 0.1300045653 -0.1526720751 -0.1654860795
-0.0881582029 0.0639857395 0.2633696191 -0.1569008704 0.1461944738 -0.0042798543 0.4197810798 -0.1562412298 0.4436939206 0.2827090307 -0.1738302560 0.1260115971 -0.1579191988 -0.1705495142
-0.0943163810 0.0596628069 0.2625081622 -0.1621995642 0.1374860387 -0.0115228149 0.4190548866 -0.1615030551 0.4323435663 0.2722692200 -0.1643654766 0.1213145869 -0.1637238495 -0.1761655107
-0.1010953647 0.0546551436 0.2609975953 -0.1680855121 0.1280280286 -0.0194261540 0.4176329135 -0.1673541654 0.4200576126 0.2610141348 -0.1541531955 0.1159015616 -0.1700956093 -0.1823436162
