-0.6530206255 -0.9906466783 -0.8057506799 -0.2902906647 -0.6992017719 -0.9537499038 -0.9955666151 -0.2956684465 -0.6623056210 -0.9819225936 0.6255601672 -0.9823794788 -0.2243298675 -0.2411268842
-0.6573261392 -0.9922417334 -0.8040078338 -0.2906365017 -0.7084668399 -0.9576696106 -0.9966379412 -0.2960555726 -0.6708708882 -0.9843355302 0.6340092800 -0.9844803653 -0.2248882620 -0.2417768222
-0.6614997363 -0.9936935838 -0.8021583924 -0.2909036243 -0.7176220091 -0.9614311733 -0.9975649826 -0.2963633033 -0.6793556660 -0.9865825270 0.6423904289 -0.9864369017 -0.2253718485 -0.2423500563
-0.6655391650 -0.9950003141 -0.8002011202 -0.2910907007 -0.7266654998 -0.9650323504 -0.9983460027 -0.2965902961 -0.6877587217 -0.9886619269 0.6507025557 -0.9882470561 -0.2257792924 -0.2428452263
-0.6694421733 -0.9961600092 -0.7981347816 -0.2911963986 -0.7355955325 -0.9684709000 -0.9989792649 -0.2967352086 -0.6960788221 -0.9905720728 0.6589446024 -0.9899087966 -0.2261092594 -0.2432609718
-0.6732065096 -0.9971707536 -0.7959581412 -0.2912193861 -0.7444103274 -0.9717445806 -0.9994630324 -0.2967966982 -0.7043147344 -0.9923113076 0.6671155108 -0.9914200913 -0.2263604151 -0.2435959326
-0.6768299219 -0.9980306321 -0.7936699634 -0.2911583312 -0.7531081049 -0.9748511505 -0.9997955685 -0.2967734225 -0.7124652255 -0.9938779743 0.6752142230 -0.9927789084 -0.2265314250 -0.2438487483
-0.6803101585 -0.9987377294 -0.7912690128 -0.2910119018 -0.7616870854 -0.9777883680 -0.9999751366 -0.2966640389 -0.7205290625 -0.9952704156 0.6832396807 -0.9939832160 -0.2266209547 -0.2440180586
-0.6836449674 -0.9992901301 -0.7887540538 -0.2907787659 -0.7701454891 -0.9805539913 -1.0000000000 -0.2964672050 -0.7285050125 -0.9964869745 0.6911908259 -0.9950309821 -0.2266276697 -0.2441025032
-0.6868320970 -0.9996859190 -0.7861238510 -0.2904575915 -0.7784815365 -0.9831457789 -0.9998684220 -0.2961815782 -0.7363918424 -0.9975259939 0.6990666006 -0.9959201750 -0.2265502358 -0.2441007218
-0.6898692953 -0.9999231807 -0.7833771687 -0.2900470466 -0.7866934478 -0.9855614891 -0.9995786659 -0.2958058161 -0.7441883193 -0.9983858168 0.7068659465 -0.9966487627 -0.2263873183 -0.2440113541
-0.6927543106 -1.0000000000 -0.7805127716 -0.2895457991 -0.7947794435 -0.9877988801 -0.9991289951 -0.2953385762 -0.7518932103 -0.9990647859 0.7145878057 -0.9972147134 -0.2261375830 -0.2438330398
-0.6954848910 -0.9999144615 -0.7775294240 -0.2889525170 -0.8027377439 -0.9898557103 -0.9985176729 -0.2947785159 -0.7595052822 -0.9995612442 0.7222311201 -0.9976159952 -0.2257996954 -0.2435644185
-0.6980587847 -0.9996646499 -0.7744258906 -0.2882658683 -0.8105665692 -0.9917297381 -0.9977429625 -0.2941242928 -0.7670233023 -0.9998735346 0.7297948315 -0.9978505762 -0.2253723210 -0.2432041299
-0.7004737399 -0.9992486500 -0.7712009357 -0.2874845209 -0.8182641400 -0.9934187217 -0.9968031273 -0.2933745645 -0.7744460374 -1.0000000000 0.7372778819 -0.9979164245 -0.2248541255 -0.2427508138
-0.7027275047 -0.9986645463 -0.7678533238 -0.2866071429 -0.8258286764 -0.9949204195 -0.9956964307 -0.2925279883 -0.7817722547 -0.9999389833 0.7446792131 -0.9978115082 -0.2242437744 -0.2422031098
-0.7048178273 -0.9979104237 -0.7643818196 -0.2856324022 -0.8332583989 -0.9962325898 -0.9944211359 -0.2915832218 -0.7890007212 -0.9996888274 0.7519977671 -0.9975337955 -0.2235399333 -0.2415596576
-0.7067424559 -0.9969843667 -0.7607851874 -0.2845589667 -0.8405515278 -0.9973529909 -0.9929755063 -0.2905389225 -0.7961302039 -0.9992478751 0.7592324859 -0.9970812545 -0.2227412678 -0.2408190969
-0.7084991386 -0.9958844602 -0.7570621917 -0.2833855045 -0.8477062834 -0.9982793811 -0.9913578051 -0.2893937479 -0.8031594697 -0.9986144695 0.7663823112 -0.9964518533 -0.2218464434 -0.2399800673
-0.7100856238 -0.9946087888 -0.7532115970 -0.2821106836 -0.8547208861 -0.9990095188 -0.9895662958 -0.2881463555 -0.8100872859 -0.9977869533 0.7734461851 -0.9956435600 -0.2208541258 -0.2390412087
