0.7156743952 0.3011509729 0.3671018549 0.8241455441 0.3863061266 0.6022679758 0.1089125919 0.8226447261 0.3176101183 0.4297172601 -0.4794223532 0.3175124087 0.8385364478 0.8417519484
0.7242285495 0.3225260594 0.3852161181 0.8252328652 0.4087641869 0.6154288099 0.1391891557 0.8237533520 0.3433769678 0.4505424379 -0.4975598976 0.3385335143 0.8388414546 0.8418267383
0.7326403850 0.3435241770 0.4030327472 0.8263531016 0.4307494623 0.6283432600 0.1688664400 0.8248947145 0.3685816673 0.4709312978 -0.5153362784 0.3591815755 0.8391937464 0.8419531514
0.7409104358 0.3641473894 0.4205532271 0.8275055764 0.4522649551 0.6410125779 0.1979483219 0.8260681372 0.3932280058 0.4908865507 -0.5327535827 0.3794586367 0.8395925554 0.8421303923
0.7490392355 0.3843977604 0.4377790426 0.8286896124 0.4733136677 0.6534380153 0.2264386785 0.8272729436 0.4173197725 0.5104109080 -0.5498138977 0.3993667422 0.8400371138 0.8423576658
0.7570273179 0.4042773539 0.4547116785 0.8299045325 0.4938986024 0.6656208237 0.2543413868 0.8285084574 0.4408607567 0.5295070808 -0.5665193105 0.4189079366 0.8405266537 0.8426341765
0.7648752170 0.4237882336 0.4713526197 0.8311496595 0.5140227614 0.6775622549 0.2816603241 0.8297740021 0.4638547474 0.5481777802 -0.5828719083 0.4380842643 0.8410604075 0.8429591291
0.7725834665 0.4429324635 0.4877033510 0.8324243163 0.5336891472 0.6892635604 0.3083993672 0.8310689013 0.4863055338 0.5664257175 -0.5988737783 0.4568977696 0.8416376073 0.8433317283
0.7801526002 0.4617121072 0.5037653571 0.8337278258 0.5529007621 0.7007259919 0.3345623934 0.8323924785 0.5082169052 0.5842536037 -0.6145270076 0.4753504972 0.8422574853 0.8437511789
0.7875831519 0.4801292286 0.5195401230 0.8350595109 0.5716606084 0.7119508011 0.3601532797 0.8337440575 0.5295926506 0.6016641502 -0.6298336833 0.4934444913 0.8429192736 0.8442166854
0.7948756555 0.4981858915 0.5350291335 0.8364186945 0.5899716884 0.7229392396 0.3851759032 0.8351229617 0.5504365592 0.6186600679 -0.6447958927 0.5111817965 0.8436222047 0.8447274526
0.8020306447 0.5158841597 0.5502338733 0.8378046994 0.6078370044 0.7336925590 0.4096341410 0.8365285147 0.5707524203 0.6352440681 -0.6594157229 0.5285644571 0.8443655105 0.8452826852
0.8090486533 0.5332260971 0.5651558273 0.8392168486 0.6252595589 0.7442120110 0.4335318701 0.8379600402 0.5905440229 0.6514188621 -0.6736952611 0.5455945177 0.8451484234 0.8458815879
0.8159302153 0.5502137674 0.5797964804 0.8406544648 0.6422423540 0.7544988472 0.4568729676 0.8394168616 0.6098151562 0.6671871608 -0.6876365944 0.5622740226 0.8459701755 0.8465233653
0.8226758643 0.5668492345 0.5941573174 0.8421168711 0.6587883921 0.7645543193 0.4796613107 0.8408983026 0.6285696095 0.6825516756 -0.7012418100 0.5786050163 0.8468299991 0.8472072221
0.8292861342 0.5831345622 0.6082398230 0.8436033901 0.6749006757 0.7743796789 0.5019007763 0.8424036868 0.6468111718 0.6975151175 -0.7145129950 0.5945895432 0.8477271263 0.8479323631
0.8357615589 0.5990718142 0.6220454822 0.8451133450 0.6905822069 0.7839761777 0.5235952417 0.8439323377 0.6645436323 0.7120801978 -0.7274522366 0.6102296478 0.8486607894 0.8486979929
0.8421026720 0.6146630544 0.6355757797 0.8466460584 0.7058359881 0.7933450673 0.5447485838 0.8454835790 0.6817707802 0.7262496275 -0.7400616220 0.6255273745 0.8496302205 0.8495033162
0.8483100075 0.6299103467 0.6488322003 0.8482008533 0.7206650216 0.8024875993 0.5653646797 0.8470567342 0.6984964047 0.7400261180 -0.7523432383 0.6404847678 0.8506346520 0.8503475377
0.8543840991 0.6448157547 0.6618162290 0.8497770526 0.7350723099 0.8114050255 0.5854474065 0.8486511269 0.7147242950 0.7534123803 -0.7642991727 0.6551038720 0.8516733159 0.8512298621
