0.6615708628 0.6649987202 0.6798242391 0.6318056551 0.4840295976 0.7040333753 0.6419601322 0.6314624549 -0.2505841668 0.2381737606 -0.2834154579 0.6818890953 0.6320529248 0.6340969803
0.6432281935 0.6466253804 0.6615514164 0.6132214307 0.4649955509 0.6860193583 0.6233516304 0.6128756559 -0.2661212977 0.2484383676 -0.2647588451 0.6636798892 0.6134732124 0.6155339948
0.6243247538 0.6276876154 0.6426990741 0.5941044126 0.4455471892 0.6674004129 0.6042006803 0.5937563780 -0.2816747613 0.2588903847 -0.2458149145 0.6448893955 0.5943604844 0.5964361215
0.6048549359 0.6081799464 0.6232616250 0.5744494654 0.4256810320 0.6481705713 0.5845022762 0.5740994912 -0.2972428690 0.2695318997 -0.2265819643 0.6255118585 0.5747095943 0.5767981779
0.5848131325 0.5880968946 0.6032334817 0.5542514539 0.4053935987 0.6283238657 0.5642514125 0.5538998656 -0.3128239321 0.2803650004 -0.2070582926 0.6055415224 0.5545153954 0.5566149814
0.5641937358 0.5674329812 0.5826090568 0.5335052427 0.3846814085 0.6078543282 0.5434430835 0.5331523713 -0.3284162621 0.2913917747 -0.1872421974 0.5849726314 0.5337727412 0.5358813497
0.5429911383 0.5461827275 0.5613827631 0.5122056965 0.3635409809 0.5867559912 0.5220722836 0.5118518782 -0.3440181703 0.3026143104 -0.1671319769 0.5637994299 0.5124764850 0.5145921000
0.5211997325 0.5243406547 0.5395490132 0.4903476799 0.3419688353 0.5650228867 0.5001340070 0.4899932565 -0.3596279682 0.3140346954 -0.1467259291 0.5420161620 0.4906214803 0.4927420501
0.4988139107 0.5019012839 0.5171022197 0.4679260576 0.3199614911 0.5426490469 0.4776232482 0.4675713762 -0.3752439671 0.3256550174 -0.1260223522 0.5196170722 0.4682025805 0.4703260172
0.4758280654 0.4788591366 0.4940367954 0.4449356943 0.2975154675 0.5196285042 0.4545350015 0.4445811073 -0.3908644785 0.3374773644 -0.1050195443 0.4965964045 0.4452146391 0.4473388189
0.4522365890 0.4552087337 0.4703471530 0.4213714547 0.2746272841 0.4959552907 0.4308642611 0.4210173199 -0.4064878137 0.3495038240 -0.0837158034 0.4729484033 0.4216525093 0.4237752728
0.4280338739 0.4309445967 0.4460277050 0.3972282035 0.2512934601 0.4716234385 0.4066060215 0.3968748842 -0.4221122842 0.3617364843 -0.0621094278 0.4486673128 0.3975110447 0.3996301962
0.4032143126 0.4060612466 0.4210728642 0.3725008053 0.2275105151 0.4466269800 0.3817552769 0.3721486700 -0.4377362013 0.3741774330 -0.0401987154 0.4237473773 0.3727850987 0.3748984067
0.3777722974 0.3805532048 0.3954770433 0.3471841248 0.2032749682 0.4209599472 0.3563070218 0.3468335476 -0.4533578765 0.3868287579 -0.0179819644 0.3981828410 0.3474695246 0.3495747217
0.3517022209 0.3544149923 0.3692346549 0.3212730266 0.1785833390 0.3946163724 0.3302562504 0.3209243868 -0.4689756211 0.3996925469 0.0045425272 0.3719679482 0.3215591760 0.3236539587
0.3249984754 0.3276411306 0.3423401116 0.2947623755 0.1534321468 0.3675902879 0.3035979571 0.2944160579 -0.4845877466 0.4127708878 0.0273764611 0.3450969432 0.2950489061 0.2971309353
0.2976554533 0.3002261407 0.3147878262 0.2676470361 0.1278179110 0.3398757257 0.2763271362 0.2673034309 -0.5001925643 0.4260658685 0.0505215394 0.3175640703 0.2679335684 0.2700004689
0.2696675471 0.2721645440 0.2865722113 0.2399218731 0.1017371509 0.3114667181 0.2484387820 0.2395813757 -0.5157883857 0.4395795767 0.0739794639 0.2893635736 0.2402080164 0.2422573770
0.2410291492 0.2434508616 0.2576876797 0.2115817512 0.0751863860 0.2823572974 0.2199278889 0.2112447625 -0.5313735220 0.4533141004 0.0977519364 0.2604896974 0.2118671034 0.2138964770
0.2117346521 0.2140796147 0.2281286439 0.1826215350 0.0481621356 0.2525414956 0.1907894513 0.1822884614 -0.5469462849 0.4672715273 0.1218406590 0.2309366860 0.1829056829 0.1849125865
