0.1638686168 -0.2664271888 -0.5957331118 0.1683945923 -0.3354867332 -0.0079942034 -0.8078020834 0.1568841417 -0.8385728114 -0.7140911059 0.4066633877 -0.2556208467 0.2008457374 0.2074222164
0.1456422191 -0.2878650599 -0.6126720814 0.1542547634 -0.3595819198 -0.0273471512 -0.8241267311 0.1428143638 -0.8528248008 -0.7294477515 0.4232181477 -0.2776657852 0.1868008183 0.1935864391
0.1273640065 -0.3091750620 -0.6293603813 0.1400473726 -0.3834647797 -0.0466910435 -0.8398558818 0.1286797792 -0.8665465963 -0.7444760053 0.4396473471 -0.2995811491 0.1726783666 0.1796697378
0.1090392282 -0.3303474516 -0.6457900548 0.1257738252 -0.4071205443 -0.0660194365 -0.8549703133 0.1144817695 -0.8797181314 -0.7591671670 0.4559457927 -0.3213564305 0.1584796273 0.1656731755
0.0906731332 -0.3513724849 -0.6619531451 0.1114355262 -0.4305344451 -0.0853258860 -0.8694508037 0.1002217162 -0.8923193396 -0.7735125361 0.4721082917 -0.3429811214 0.1442058457 0.1515978153
0.0722709705 -0.3722404183 -0.6778416955 0.0970338809 -0.4536917133 -0.1046039483 -0.8832781310 0.0859010007 -0.9043301546 -0.7875034121 0.4881296508 -0.3644447140 0.1298582670 0.1374447200
0.0538379893 -0.3929415082 -0.6934477492 0.0825702945 -0.4765775804 -0.1238471793 -0.8964330730 0.0715210045 -0.9157305098 -0.8011310947 0.5040046771 -0.3857367005 0.1154381364 0.1232149529
0.0353794387 -0.4134660108 -0.7087633497 0.0680461721 -0.4991772777 -0.1430491350 -0.9088964078 0.0570831091 -0.9265003388 -0.8143868834 0.5197281774 -0.4068465729 0.1009466989 0.1089095768
0.0169005676 -0.4338041826 -0.7237805400 0.0534629189 -0.5214760367 -0.1622033715 -0.9206489134 0.0425886959 -0.9366195752 -0.8272620777 0.5352949587 -0.4277638234 0.0863851999 0.0945296549
-0.0015933748 -0.4539462799 -0.7384913636 0.0388219401 -0.5434590886 -0.1813034449 -0.9316713676 0.0280391465 -0.9460681525 -0.8397479773 0.5506998279 -0.4484779441 0.0717548845 0.0800762500
-0.0200971395 -0.4738825591 -0.7528878637 0.0241246407 -0.5651116650 -0.2003429112 -0.9419445486 0.0134358422 -0.9548260043 -0.8518358816 0.5659375920 -0.4689784271 0.0570569978 0.0655504253
-0.0386054773 -0.4936032764 -0.7669620835 0.0093724262 -0.5864189970 -0.2193153265 -0.9514492342 -0.0012198353 -0.9628730642 -0.8635170903 0.5810030578 -0.4892547646 0.0422927851 0.0509532438
-0.0571131393 -0.5130986883 -0.7807060663 -0.0054332985 -0.6073663162 -0.2382142467 -0.9601662024 -0.0159265047 -0.9701892656 -0.8747829029 0.5958910324 -0.5092964487 0.0274634916 0.0362857685
-0.0756148762 -0.5323590510 -0.7941118554 -0.0202911282 -0.6279388539 -0.2570332279 -0.9680762312 -0.0306827844 -0.9767545421 -0.8856246190 0.6105963227 -0.5290929714 0.0125703623 0.0215490623
-0.0941054392 -0.5513746210 -0.8071714941 -0.0351996576 -0.6481218415 -0.2757658262 -0.9751600986 -0.0454872931 -0.9825488273 -0.8960335382 0.6251137356 -0.5486338251 -0.0023853574 0.0067441884
-0.1125795790 -0.5701356545 -0.8198770257 -0.0501574816 -0.6679005104 -0.2944055976 -0.9813985826 -0.0603386491 -0.9875520548 -0.9060009599 0.6394380780 -0.5679085016 -0.0174024225 -0.0081277902
-0.1310320466 -0.5886324080 -0.8322204933 -0.0651631951 -0.6872600919 -0.3129460981 -0.9867724610 -0.0752354710 -0.9917441581 -0.9155181838 0.6535641568 -0.5869064933 -0.0324795877 -0.0230658106
-0.1494575930 -0.6068551378 -0.8441939404 -0.0802153927 -0.7061858174 -0.3313808839 -0.9912625120 -0.0901763775 -0.9951050706 -0.9245765095 0.6674867791 -0.6056172922 -0.0476156079 -0.0380688098
-0.1678509690 -0.6247941002 -0.8557894102 -0.0953126695 -0.7246629184 -0.3497035108 -0.9948495134 -0.1051599869 -0.9976147261 -0.9331672364 0.6812007517 -0.6240303904 -0.0628092378 -0.0531357246
-0.1862069256 -0.6424395515 -0.8669989459 -0.1104536202 -0.7426766261 -0.3679075351 -0.9975142432 -0.1201849178 -0.9992530581 -0.9412816642 0.6947008816 -0.6421352801 -0.0780592324 -0.0682654921
