-0.5291998784 -0.6391099140 -0.6422873866 -0.5679261608 -0.5218434446 -0.5387773677 -0.8104794699 -0.5724484292 -0.6901083815 -0.7109737706 0.5556420174 -0.5891994521 -0.5460004567 -0.5385072973
-0.5461901236 -0.6536020192 -0.6537604442 -0.5843304821 -0.5374312258 -0.5442067695 -0.8191091991 -0.5888272693 -0.6900089818 -0.7037430108 0.5684809307 -0.6039460520 -0.5624704499 -0.5550758011
-0.5629804235 -0.6677595691 -0.6648839457 -0.6005221250 -0.5528554843 -0.5493651476 -0.8273896347 -0.6049907434 -0.6899189359 -0.6963399368 0.5811962298 -0.6183834060 -0.5787417315 -0.5714482475
-0.5795638869 -0.6815737748 -0.6756494276 -0.6164943434 -0.5681109839 -0.5542464011 -0.8353130410 -0.6209320662 -0.6898402489 -0.6887627085 0.5937847825 -0.6325030493 -0.5948078021 -0.5876181238
-0.5959336222 -0.6950358474 -0.6860484266 -0.6322403915 -0.5831924885 -0.5588444293 -0.8428716827 -0.6366444523 -0.6897749263 -0.6810094861 0.6062434569 -0.6462965171 -0.6106621625 -0.6035789174
-0.6120827382 -0.7081369978 -0.6960724792 -0.6477535234 -0.5980947620 -0.5631531311 -0.8500578243 -0.6521211164 -0.6897249735 -0.6730784298 0.6185691207 -0.6597553445 -0.6262983132 -0.6193241157
-0.6280043434 -0.7208684372 -0.7057131221 -0.6630269932 -0.6128125682 -0.5671664058 -0.8568637302 -0.6673552731 -0.6896923957 -0.6649676995 0.6307586421 -0.6728710666 -0.6417097548 -0.6348472060
-0.6436915464 -0.7332213765 -0.7149618919 -0.6780540551 -0.6273406710 -0.5708781526 -0.8632816649 -0.6823401372 -0.6896791983 -0.6566754555 0.6428088888 -0.6856352186 -0.6568899879 -0.6501416756
-0.6591374559 -0.7451870270 -0.7238103252 -0.6928279630 -0.6416738343 -0.5742822705 -0.8693038931 -0.6970689232 -0.6896873867 -0.6481998578 0.6547167289 -0.6980393356 -0.6718325131 -0.6652010120
-0.6743351805 -0.7567565995 -0.7322499586 -0.7073419712 -0.6558068220 -0.5773726587 -0.8749226792 -0.7115348459 -0.6897189663 -0.6395390666 0.6664790301 -0.7100749528 -0.6865308310 -0.6800187024
-0.6892778287 -0.7679213052 -0.7402723288 -0.7215893337 -0.6697343980 -0.5801432164 -0.8801302877 -0.7257311199 -0.6897759423 -0.6306912419 0.6780926606 -0.7217336053 -0.7009784422 -0.6945882343
-0.7039585093 -0.7786723550 -0.7478689723 -0.7355633047 -0.6834513260 -0.5825878427 -0.8849189831 -0.7396509600 -0.6898603201 -0.6216545440 0.6895544881 -0.7330068283 -0.7151688474 -0.7089030949
-0.7183703307 -0.7890009602 -0.7550314257 -0.7492571382 -0.6969523700 -0.5847004367 -0.8892810299 -0.7532875806 -0.6899741051 -0.6124271328 0.7008613806 -0.7438861569 -0.7290955471 -0.7229567716
-0.7325064017 -0.7988983317 -0.7617512258 -0.7626640883 -0.7102322939 -0.5864748977 -0.8932086927 -0.7666341966 -0.6901193026 -0.6030071685 0.7120102061 -0.7543631263 -0.7427520419 -0.7367427519
-0.7463598308 -0.8083556805 -0.7680199090 -0.7757774092 -0.7232858615 -0.5879051247 -0.8966942360 -0.7796840226 -0.6902979180 -0.5933928112 0.7229978325 -0.7644292716 -0.7561318325 -0.7502545230
-0.7599237266 -0.8173642178 -0.7738290121 -0.7885903549 -0.7361078368 -0.5889850169 -0.8997299243 -0.7924302732 -0.6905119566 -0.5835822211 0.7338211276 -0.7740761279 -0.7692284194 -0.7634855723
-0.7731911978 -0.8259151545 -0.7791700715 -0.8010961796 -0.7486929835 -0.5897084734 -0.9023080220 -0.8048661632 -0.6907634238 -0.5735735582 0.7444769594 -0.7832952304 -0.7820353033 -0.7764293871
-0.7861553530 -0.8339997018 -0.7840346240 -0.8132881374 -0.7610360655 -0.5900693934 -0.9044207938 -0.8169849071 -0.6910543249 -0.5633649826 0.7549621958 -0.7920781143 -0.7945459847 -0.7890794548
-0.7988093007 -0.8416090706 -0.7884142062 -0.8251594824 -0.7731318468 -0.5900616760 -0.9060605041 -0.8287797197 -0.6913866653 -0.5529546545 0.7652737049 -0.8004163147 -0.8067539643 -0.8014292628
-0.8111461497 -0.8487344721 -0.7923003546 -0.8367034686 -0.7849750912 -0.5896792204 -0.9072194174 -0.8402438156 -0.6917624502 -0.5423407340 0.7754083544 -0.8083013666 -0.8186527427 -0.8134722984
