-0.3030452052 -0.3000459830 -0.2954229549 -0.3690947858 -0.3164671811 -0.3159285105 -0.2978585493 -0.3726020349 -0.3227112144 -0.4068113703 0.4927497722 -0.2901616850 -0.3913108345 -0.3654766459
-0.2831748197 -0.2799160859 -0.2751763571 -0.3488526398 -0.2977408880 -0.2970384790 -0.2776811113 -0.3522599745 -0.3047549124 -0.3918327581 0.4749490939 -0.2704429141 -0.3707897922 -0.3453289634
-0.2619347833 -0.2584360989 -0.2535946939 -0.3271350564 -0.2775583273 -0.2767019470 -0.2561602824 -0.3304411399 -0.2852893538 -0.3750259320 0.4553074121 -0.2493709034 -0.3487659454 -0.3237076821
-0.2392977226 -0.2355792090 -0.2306515438 -0.3039124750 -0.2558896462 -0.2548893577 -0.2332694222 -0.3071159886 -0.2642831358 -0.3563509462 0.4337858370 -0.2269185743 -0.3252092547 -0.3005832376
-0.2152362644 -0.2113186036 -0.2063204851 -0.2791553355 -0.2327049921 -0.2315711547 -0.2089818901 -0.2822549777 -0.2417048556 -0.3357678549 0.4103454787 -0.2030588481 -0.3000896808 -0.2759260658
-0.1897230354 -0.1856274698 -0.1805750964 -0.2528340774 -0.2079745122 -0.2067177813 -0.1832710457 -0.2558285645 -0.2175231103 -0.3132367123 0.3849474472 -0.1777646463 -0.2733771844 -0.2497066025
-0.1627306624 -0.1584789948 -0.1533889559 -0.2249191403 -0.1816683539 -0.1802996808 -0.1561102484 -0.2278072063 -0.1917064970 -0.2887175726 0.3575528527 -0.1510088902 -0.2450417262 -0.2218952834
-0.1342317721 -0.1298463659 -0.1247356423 -0.1953809639 -0.1537566645 -0.1522872968 -0.1274728579 -0.1981613604 -0.1642236130 -0.2621704900 0.3281228054 -0.1227645011 -0.2150532668 -0.1924625445
-0.1041989912 -0.0997027702 -0.0945887338 -0.1641899877 -0.1242095912 -0.1226510726 -0.0973322336 -0.1668614840 -0.1350430553 -0.2335555186 0.2966184153 -0.0930044004 -0.1833817671 -0.1613788215
-0.0726049464 -0.0680213951 -0.0629218089 -0.1313166515 -0.0929972814 -0.0913614515 -0.0656617350 -0.1338780344 -0.1041334212 -0.2028327127 0.2630007926 -0.0617015095 -0.1499971877 -0.1286145501
-0.0394222645 -0.0347754276 -0.0297084461 -0.0967313949 -0.0600898823 -0.0583888771 -0.0324347216 -0.0991814689 -0.0714633078 -0.1699621265 0.2272310474 -0.0288287498 -0.1148694893 -0.0941401663
-0.0046235722 0.0000619450 0.0050777763 -0.0604046574 -0.0254575413 -0.0237037926 0.0023754470 -0.0627422446 -0.0370013121 -0.1349038142 0.1892702898 0.0056409574 -0.0779686325 -0.0579261057
0.0318185037 0.0365175355 0.0414632797 -0.0223068788 0.0109295943 0.0127233585 0.0387954114 -0.0245308190 -0.0007160315 -0.0976178300 0.1490796299 0.0417346908 -0.0392645781 -0.0199428043
0.0699313365 0.0746181567 0.0794744858 0.0175915014 0.0491013773 0.0509221328 0.0768518120 0.0154823508 0.0374239370 -0.0580642280 0.1066201778 0.0794795289 0.0012727132 0.0198393022
0.1097422996 0.1143906213 0.1191378162 0.0593200435 0.0890876604 0.0909220870 0.1165712893 0.0573268074 0.0774499961 -0.0162030625 0.0618530437 0.1189025503 0.0436732807 0.0614497780
0.1512787661 0.1558617421 0.1604796923 0.1029083079 0.1309182962 0.1327527776 0.1579804839 0.1010320937 0.1193935489 0.0280056123 0.0147393377 0.1600308338 0.0879671638 0.1049181873
0.1945681093 0.1990583320 0.2035265359 0.1483858549 0.1746231374 0.1764437612 0.2011060361 0.1466277523 0.1632859980 0.0746017423 -0.0347598301 0.2028914580 0.1341844017 0.1502740943
0.2396377025 0.2440072037 0.2483047684 0.1957822450 0.2202320368 0.2220245945 0.2459745866 0.1941433260 0.2091587463 0.1236252732 -0.0866833495 0.2475115014 0.1823550337 0.1975470632
0.2865149190 0.2907351701 0.2948408114 0.2451270385 0.2677748471 0.2695248341 0.2926127757 0.2436083575 0.2570431968 0.1751161508 -0.1410701105 0.2939180428 0.2325090992 0.2467666582
0.3352271319 0.3392690438 0.3431610865 0.2964497957 0.3172814209 0.3189740364 0.3410472440 0.2950523896 0.3069707521 0.2291143210 -0.1979590030 0.3421381607 0.2846766374 0.2979624434
