-0.2349895290 -0.2841362445 -0.1515282983 0.0146249046 -0.8266605597 -0.2390910055 -0.5111914003 0.0132597170 -0.9980924930 -0.7934321213 0.9253407625 -0.2935214294 0.0402810454 0.0393758969
-0.2226677526 -0.2710252745 -0.1383388295 0.0267525276 -0.8182293713 -0.2237347205 -0.4984222707 0.0253608879 -0.9966539422 -0.7840638775 0.9216169160 -0.2802971001 0.0523011804 0.0513243483
-0.2104101392 -0.2579260676 -0.1252229161 0.0386979803 -0.8096032498 -0.2083323129 -0.4855464571 0.0372795936 -0.9948061515 -0.7744578480 0.9178258320 -0.2670756194 0.0641249786 0.0630745004
-0.1982215655 -0.2448428163 -0.1121856705 0.0504546917 -0.8007825600 -0.1928873751 -0.4725663205 0.0490092617 -0.9925443912 -0.7646121692 0.9139692454 -0.2538610601 0.0757456771 0.0746195701
-0.1861069080 -0.2317797126 -0.0992322051 0.0620160909 -0.7917676666 -0.1774034998 -0.4594842218 0.0605433200 -0.9898639320 -0.7545249774 0.9100488911 -0.2406574951 0.0871565134 0.0859527742
-0.1740710436 -0.2187409490 -0.0863676323 0.0733756071 -0.7825589346 -0.1618842795 -0.4463025218 0.0718751962 -0.9867600444 -0.7441944089 0.9060665038 -0.2274689973 0.0983507246 0.0970673294
-0.1621188488 -0.2057307177 -0.0735970644 0.0845266693 -0.7731567286 -0.1463333067 -0.4330235815 0.0829983179 -0.9832279989 -0.7336186000 0.9020238186 -0.2142996396 0.1093215482 0.1079564526
-0.1502552005 -0.1927532109 -0.0609256138 0.0954627066 -0.7635614134 -0.1307541740 -0.4196497617 0.0939061129 -0.9792630659 -0.7227956870 0.8979225704 -0.2011534950 0.1200622213 0.1186133604
-0.1384849752 -0.1798126210 -0.0483583929 0.1061771482 -0.7537733538 -0.1151504740 -0.4061834234 0.1045920088 -0.9748605161 -0.7117238063 0.8937644939 -0.1880346364 0.1305659812 0.1290312698
-0.1268130497 -0.1669131402 -0.0359005141 0.1166634231 -0.7437929147 -0.0995257991 -0.3926269275 0.1150494335 -0.9700156200 -0.7004010942 0.8895513240 -0.1749471366 0.1408260654 0.1392033976
-0.1152443007 -0.1540589607 -0.0235570897 0.1269149605 -0.7336204608 -0.0838837420 -0.3789826348 0.1252718145 -0.9647236480 -0.6888256870 0.8852847958 -0.1618950686 0.1508357109 0.1491229604
-0.1037836048 -0.1412542750 -0.0113332322 0.1369251894 -0.7232563570 -0.0682278951 -0.3652529063 0.1352525796 -0.9589798707 -0.6769957210 0.8809666440 -0.1488825053 0.1605881552 0.1587831751
-0.0924358388 -0.1285032751 0.0007659461 0.1466875390 -0.7127009679 -0.0525618512 -0.3514401028 0.1449851564 -0.9527795586 -0.6649093326 0.8765986035 -0.1359135196 0.1700766356 0.1681772586
-0.0812058793 -0.1158101535 0.0127353328 0.1561954383 -0.7019546584 -0.0368892026 -0.3375465853 0.1544629727 -0.9461179823 -0.6525646580 0.8721824093 -0.1229921843 0.1792943892 0.1772984275
-0.0700986030 -0.1031791024 0.0245698156 0.1654423164 -0.6910177932 -0.0212135420 -0.3235747147 0.1636794562 -0.9389904123 -0.6399598336 0.8677197961 -0.1101225725 0.1882346535 0.1861398987
-0.0591188866 -0.0906143140 0.0362642820 0.1744216026 -0.6798907373 -0.0055384618 -0.3095268518 0.1726280346 -0.9313921190 -0.6270929957 0.8632124989 -0.0973087571 0.1968906656 0.1946948890
-0.0482716068 -0.0781199807 0.0478136196 0.1831267258 -0.6685738553 0.0101324453 -0.2954053576 0.1813021356 -0.9233183730 -0.6139622807 0.8586622526 -0.0845548108 0.2052556630 0.2029566151
-0.0375616403 -0.0657002947 0.0592127162 0.1915511151 -0.6570675120 0.0257955867 -0.2812125930 0.1896951868 -0.9147644448 -0.6005658247 0.8540707921 -0.0718648067 0.2133228828 0.2109182939
-0.0269938638 -0.0533594482 0.0704564592 0.1996881998 -0.6453720723 0.0414473701 -0.2669509189 0.1978006160 -0.9057256051 -0.5869017643 0.8494398522 -0.0592428177 0.2210855625 0.2185731422
-0.0165731539 -0.0411016337 0.0815397364 0.2075314088 -0.6334879009 0.0570842027 -0.2526226961 0.2056118509 -0.8961971241 -0.5729682356 0.8447711678 -0.0466929166 0.2285369391 0.2259143767
