-0.2244675634 -0.3712196464 -0.3277352292 -0.0246206692 -0.4894245548 -0.3875385840 -0.2840070238 -0.0249224839 -0.5134037949 -0.3593040906 0.3195891412 -0.4207123885 -0.0043304722 0.0053765305
-0.2244225770 -0.3678245028 -0.3228869472 -0.0260238041 -0.4871329745 -0.3857643648 -0.2770845257 -0.0263116593 -0.5088637570 -0.3518247313 0.3201577391 -0.4171758028 -0.0061203462 0.0036359563
-0.2245384290 -0.3645923729 -0.3181753364 -0.0276112221 -0.4849763605 -0.3841405883 -0.2702559373 -0.0278852701 -0.5044159824 -0.3444027625 0.3208552345 -0.4137852593 -0.0080930600 0.0017094952
-0.2248178868 -0.3615265210 -0.3136034603 -0.0293857272 -0.4829575386 -0.3826701716 -0.2635239769 -0.0296461242 -0.5000630078 -0.3370405240 0.3216839505 -0.4105438403 -0.0102513427 -0.0004056229
-0.2252637178 -0.3586302111 -0.3091743823 -0.0313501233 -0.4810793348 -0.3813560316 -0.2568913626 -0.0315970293 -0.4958073703 -0.3297403555 0.3226462098 -0.4074546279 -0.0125979233 -0.0027121680
-0.2258786891 -0.3559067075 -0.3048911657 -0.0335072144 -0.4793445749 -0.3802010852 -0.2503608126 -0.0337407931 -0.4916516070 -0.3225045969 0.3237443354 -0.4045207043 -0.0151355309 -0.0052129102
-0.2266655684 -0.3533592745 -0.3007568741 -0.0358598044 -0.4777560849 -0.3792082494 -0.2439350449 -0.0360802235 -0.4875982547 -0.3153355878 0.3249806502 -0.4017451518 -0.0178668947 -0.0079106197
-0.2276271228 -0.3509911761 -0.2967745707 -0.0384106973 -0.4763166907 -0.3783804412 -0.2376167777 -0.0386181282 -0.4836498504 -0.3082356681 0.3263574772 -0.3991310524 -0.0207947438 -0.0108080665
-0.2287661198 -0.3488056767 -0.2929473190 -0.0411626970 -0.4750292181 -0.3777205776 -0.2314087291 -0.0413573149 -0.4798089312 -0.3012071776 0.3278771391 -0.3966814883 -0.0239218072 -0.0139080207
-0.2300853266 -0.3468060404 -0.2892781825 -0.0441186075 -0.4738964931 -0.3772315755 -0.2253136174 -0.0443005913 -0.4760780339 -0.2942524560 0.3295419591 -0.3943995418 -0.0272508140 -0.0172132524
-0.2315875108 -0.3449955314 -0.2857702245 -0.0472812328 -0.4729213416 -0.3769163519 -0.2193341605 -0.0474507654 -0.4724596957 -0.2873738430 0.3313542598 -0.3922882949 -0.0307844934 -0.0207265317
-0.2332754395 -0.3433774139 -0.2824265085 -0.0506533768 -0.4721065894 -0.3767778238 -0.2134730768 -0.0508106447 -0.4689564534 -0.2805736786 0.3333163643 -0.3903508300 -0.0345255745 -0.0244506287
-0.2351518802 -0.3419549522 -0.2792500978 -0.0542378434 -0.4714550626 -0.3768189082 -0.2077330843 -0.0543830371 -0.4655708440 -0.2738543023 0.3354305955 -0.3885902290 -0.0384767863 -0.0283883135
-0.2372196002 -0.3407314103 -0.2762440559 -0.0580374366 -0.4709695869 -0.3770425220 -0.2021169011 -0.0581707503 -0.4623054046 -0.2672180541 0.3376992763 -0.3870095744 -0.0426408579 -0.0325423561
-0.2394813669 -0.3397100526 -0.2734114461 -0.0620549603 -0.4706529883 -0.3774515822 -0.1966272454 -0.0621765921 -0.4591626721 -0.2606672736 0.3401247296 -0.3856119481 -0.0470205185 -0.0369155266
-0.2419399477 -0.3388941432 -0.2707553320 -0.0662932186 -0.4705080928 -0.3780490058 -0.1912668353 -0.0664033701 -0.4561451834 -0.2542043008 0.3427092783 -0.3844004324 -0.0516184971 -0.0415105952
-0.2445981098 -0.3382869463 -0.2682787768 -0.0707550153 -0.4705377261 -0.3788377097 -0.1860383890 -0.0708538923 -0.4532554756 -0.2478314752 0.3454552453 -0.3833781094 -0.0564375229 -0.0463303319
-0.2474586206 -0.3378917261 -0.2659848440 -0.0754431544 -0.4707447143 -0.3798206109 -0.1809446247 -0.0755309663 -0.4504960856 -0.2415511367 0.3483649535 -0.3825480614 -0.0614803249 -0.0513775068
-0.2505242476 -0.3377117468 -0.2638765971 -0.0803604399 -0.4711318831 -0.3810006265 -0.1759882603 -0.0804373999 -0.4478695504 -0.2353656251 0.3514407259 -0.3819133706 -0.0667496322 -0.0566548900
-0.2537977579 -0.3377502727 -0.2619570994 -0.0855096757 -0.4717020587 -0.3823806732 -0.1711720142 -0.0855760009 -0.4453784070 -0.2292772801 0.3546848853 -0.3814771190 -0.0722481740 -0.0621652517
