-0.7714308854 -0.1762366350 -0.0299676257 -0.6920407090 -0.4114485995 -0.5749654639 0.0350316289 -0.6977965633 -0.3200743835 -0.4655834877 0.4421178337 -0.2217714001 -0.5903878375 -0.5267377004
-0.7709122095 -0.1666272315 -0.0142725899 -0.6959422087 -0.4090279279 -0.5752379796 0.0479567941 -0.7015286910 -0.3168636307 -0.4661844912 0.4435057256 -0.2103407741 -0.5972421084 -0.5339819684
-0.7704804825 -0.1570857467 0.0014801429 -0.6998606560 -0.4068028794 -0.5756595315 0.0608429353 -0.7052793376 -0.3138529366 -0.4669716956 0.4450711775 -0.1989126823 -0.6040864698 -0.5412333419
-0.7701380068 -0.1476150247 0.0172887721 -0.7037967830 -0.4047772819 -0.5762330610 0.0736873095 -0.7090492815 -0.3110462367 -0.4679484478 0.4468173037 -0.1874893269 -0.6109208498 -0.5484918964
-0.7698870849 -0.1382179097 0.0331514971 -0.7077513215 -0.4029549632 -0.5769615092 0.0864871739 -0.7128393012 -0.3084474663 -0.4691180943 0.4487472185 -0.1760729100 -0.6177451765 -0.5557577073
-0.7697300193 -0.1288972457 0.0490665173 -0.7117250035 -0.4013397511 -0.5778478173 0.0992397852 -0.7166501751 -0.3060605610 -0.4704839821 0.4508640360 -0.1646656336 -0.6245593781 -0.5630308501
-0.7696691126 -0.1196558770 0.0650320323 -0.7157185610 -0.3999354737 -0.5788949265 0.1119424007 -0.7204826816 -0.3038894563 -0.4720494578 0.4531708706 -0.1532696998 -0.6313633826 -0.5703114002
-0.7697066672 -0.1104966476 0.0810462415 -0.7197327258 -0.3987459588 -0.5801057780 0.1245922772 -0.7243375991 -0.3019380876 -0.4738178682 0.4556708365 -0.1418873107 -0.6381571184 -0.5775994330
-0.7698449856 -0.1014224017 0.0971073442 -0.7237682299 -0.3977750342 -0.5814833131 0.1371866718 -0.7282157061 -0.3002103904 -0.4757925601 0.4583670479 -0.1305206684 -0.6449405134 -0.5848950241
-0.7700863703 -0.0924359835 0.1132135401 -0.7278258052 -0.3970265278 -0.5830304729 0.1497228414 -0.7321177810 -0.2987103001 -0.4779768801 0.4612626192 -0.1191719749 -0.6517134959 -0.5921982488
-0.7704331239 -0.0835402370 0.1293630284 -0.7319061838 -0.3965042675 -0.5847501987 0.1621980432 -0.7360446021 -0.2974417523 -0.4803741751 0.4643606645 -0.1078434324 -0.6584759940 -0.5995091827
-0.7708875488 -0.0747380064 0.1455540087 -0.7360100974 -0.3962120812 -0.5866454316 0.1746095340 -0.7399969480 -0.2964086824 -0.4829877918 0.4676642982 -0.0965372429 -0.6652279357 -0.6068279012
-0.7714519476 -0.0660321358 0.1617846804 -0.7401382782 -0.3961537967 -0.5887191128 0.1869545708 -0.7439755971 -0.2956150259 -0.4858210770 0.4711766344 -0.0852556085 -0.6719692494 -0.6141544797
-0.7721286227 -0.0574254694 0.1780532430 -0.7442914579 -0.3963332420 -0.5909741836 0.1992304108 -0.7479813277 -0.2950647183 -0.4888773773 0.4749007875 -0.0740007313 -0.6786998631 -0.6214889937
-0.7729198766 -0.0489208514 0.1943578958 -0.7484703685 -0.3967542449 -0.5934135851 0.2114343108 -0.7520149183 -0.2947616950 -0.4921600397 0.4788398717 -0.0627748133 -0.6854197049 -0.6288315187
-0.7738280119 -0.0405211257 0.2106968384 -0.7526757421 -0.3974206333 -0.5960402586 0.2235635280 -0.7560771473 -0.2947098914 -0.4956724107 0.4829970012 -0.0515800567 -0.6921287030 -0.6361821301
-0.7748553310 -0.0322291367 0.2270682702 -0.7569083104 -0.3983362350 -0.5988571453 0.2356153192 -0.7601687931 -0.2949132432 -0.4994178372 0.4873752904 -0.0404186635 -0.6988267855 -0.6435409033
-0.7760041365 -0.0240477284 0.2434703907 -0.7611688055 -0.3995048779 -0.6018671863 0.2475869415 -0.7642906342 -0.2953756857 -0.5033996659 0.4919778534 -0.0292928359 -0.7055138806 -0.6509079139
-0.7772767308 -0.0159797449 0.2599013992 -0.7654579593 -0.4009303900 -0.6050733229 0.2594756518 -0.7684434490 -0.2961011544 -0.5076212436 0.4968078046 -0.0182047758 -0.7121899165 -0.6582832372
-0.7786754165 -0.0080280304 0.2763594953 -0.7697765037 -0.4026165991 -0.6084784963 0.2712787073 -0.7726280159 -0.2970935848 -0.5120859170 0.5018682581 -0.0071566854 -0.7188548212 -0.6656669488
