-0.8154149971 -0.2711850179 -0.0347982221 -0.7869548192 -0.9043475595 0.1565753108 -0.0413895426 -0.7801012685 -0.8321583730 0.3841474286 0.9732219205 -0.3265230823 -0.8218597209 -0.8277086877
-0.7996986747 -0.2381572366 0.0014880987 -0.7701053978 -0.8942376393 0.1869636835 -0.0041919729 -0.7629265329 -0.8380118497 0.4087923604 0.9688059008 -0.2964490982 -0.8067433635 -0.8128497677
-0.7832793357 -0.2041533070 0.0387418029 -0.7525508476 -0.8835819592 0.2180684423 0.0339195811 -0.7450411019 -0.8440210704 0.4337439184 0.9640376253 -0.2654479339 -0.7909538387 -0.7973193671
-0.7661500888 -0.1691644400 0.0769713539 -0.7342844226 -0.8723752828 0.2498956879 0.0729528548 -0.7264381902 -0.8501880407 0.4590039424 0.9589139620 -0.2335111245 -0.7744846472 -0.7811109733
-0.7483040426 -0.1331818468 0.1161852149 -0.7152993770 -0.8606123743 0.2824515213 0.1129155837 -0.7071110124 -0.8565147659 0.4845742724 0.9534317789 -0.2006302052 -0.7573292896 -0.7642180737
-0.7297343058 -0.0961967384 0.1563918494 -0.6955889649 -0.8482879973 0.3157420433 0.1538155033 -0.6870527832 -0.8630032513 0.5104567481 0.9475879438 -0.1667967111 -0.7394812664 -0.7466341557
-0.7104339868 -0.0582003258 0.1975997208 -0.6751464404 -0.8353969159 0.3497733548 0.1956603491 -0.6662567174 -0.8696555023 0.5366532096 0.9413793246 -0.1320021773 -0.7209340783 -0.7283527065
-0.6903961944 -0.0191838201 0.2398172924 -0.6539650576 -0.8219338939 0.3845515565 0.2384578566 -0.6447160295 -0.8764735242 0.5631654967 0.9348027894 -0.0962381391 -0.7016812259 -0.7093672135
-0.6696140372 0.0208615677 0.2830530277 -0.6320380706 -0.8078936950 0.4200827495 0.2822157612 -0.6224239342 -0.8834593223 0.5899954494 0.9278552060 -0.0594961315 -0.6817162097 -0.6896711641
-0.6480806238 0.0619446264 0.3273153900 -0.6093587335 -0.7932710834 0.4563730344 0.3269417985 -0.5993736463 -0.8906149021 0.6171449073 0.9205334423 -0.0217676898 -0.6610325305 -0.6692580456
-0.6257890627 0.1040741451 0.3726128427 -0.5859203004 -0.7780608227 0.4934285122 0.3726437039 -0.5755583802 -0.8979422688 0.6446157106 0.9128343663 0.0169556511 -0.6396236888 -0.6481213455
-0.6027324626 0.1472589127 0.4189538492 -0.5617160255 -0.7622576768 0.5312552837 0.4193292129 -0.5509713508 -0.9054434279 0.6724096990 0.9047548459 0.0566823558 -0.6174831851 -0.6262545510
-0.5789039322 0.1915077181 0.4663468730 -0.5367391627 -0.7458564097 0.5698594498 0.4670060610 -0.5256057727 -0.9131203846 0.7005287125 0.8962917490 0.0974208893 -0.5946045202 -0.6036511494
-0.5542965799 0.2368293503 0.5148003772 -0.5109829663 -0.7288517853 0.6092471113 0.5156819837 -0.4994548606 -0.9209751443 0.7289745909 0.8874419436 0.1391797164 -0.5709811946 -0.5803046283
-0.5289035145 0.2832325983 0.5643228255 -0.4844406903 -0.7112385673 0.6494243691 0.5653647165 -0.4725118290 -0.9290097124 0.7577491741 0.8782022975 0.1819673020 -0.5466067089 -0.5562084748
-0.5027178445 0.3307262509 0.6149226810 -0.4571055889 -0.6930115196 0.6903973240 0.6160619948 -0.4447698928 -0.9372260942 0.7868543020 0.8685696787 0.2257921109 -0.5214745638 -0.5313561764
-0.4757326786 0.3793190971 0.6666084073 -0.4289709161 -0.6741654063 0.7321720769 0.6677815542 -0.4162222665 -0.9456262950 0.8162918145 0.8585409552 0.2706626080 -0.4955782597 -0.5057412204
-0.4479411254 0.4290199259 0.7193884677 -0.4000299261 -0.6546949910 0.7747547287 0.7205311302 -0.3868621648 -0.9542123203 0.8460635515 0.8481129947 0.3165872581 -0.4689112974 -0.4793570942
-0.4193362934 0.4798375263 0.7732713257 -0.3702758729 -0.6345950377 0.8181513801 0.7743184581 -0.3566828024 -0.9629861753 0.8761713529 0.8372826654 0.3635745261 -0.4414671774 -0.4521972851
-0.3899112913 0.5317806871 0.8282654445 -0.3397020107 -0.6138603102 0.8623681321 0.8291512736 -0.3256773940 -0.9719498655 0.9066170586 0.8260468350 0.4116328769 -0.4132394004 -0.4242552805
