-0.0280148261 -0.4810207635 -0.5135965462 0.2465351806 -0.9971430385 -0.5628182816 -0.9218491344 0.2448749863 -0.5994484254 -0.9716632157 -0.6121266967 -0.4442418347 0.3169166279 0.3163891303
-0.0137155212 -0.4689453602 -0.5018004820 0.2579513131 -0.9978294586 -0.5542949819 -0.9191460403 0.2562906999 -0.6074312574 -0.9726713774 -0.6101854724 -0.4320845940 0.3275227167 0.3270014063
0.0006044550 -0.4567956492 -0.4899229259 0.2693790677 -0.9984221042 -0.5457362755 -0.9163920356 0.2677186614 -0.6153905559 -0.9736853234 -0.6083292744 -0.4198652841 0.3381392279 0.3376241118
0.0149419734 -0.4445737360 -0.4779659946 0.2808156765 -0.9989208199 -0.5371428128 -0.9135868805 0.2791560948 -0.6233243281 -0.9747033830 -0.6065559469 -0.4075858514 0.3487634799 0.3482545646
0.0292939046 -0.4322817261 -0.4659318049 0.2922583716 -0.9993254499 -0.5285152440 -0.9107303353 0.2906002240 -0.6312305813 -0.9757238858 -0.6048633344 -0.3952482422 0.3593927912 0.3588900826
0.0436571196 -0.4199217250 -0.4538224736 0.3037043851 -0.9996358386 -0.5198542195 -0.9078221603 0.3020482731 -0.6391073227 -0.9767451610 -0.6032492809 -0.3828544028 0.3700244803 0.3695279836
0.0580284892 -0.4074958380 -0.4416401175 0.3151509491 -0.9998518303 -0.5111603897 -0.9048621157 0.3134974660 -0.6469525596 -0.9777655381 -0.6017116307 -0.3704062797 0.3806558655 0.3801655854
0.0724048841 -0.3950061707 -0.4293868533 0.3265952955 -0.9999732693 -0.5024344048 -0.9018499619 0.3249450269 -0.6547642992 -0.9787833464 -0.6002482282 -0.3579058192 0.3912842653 0.3908002058
0.0867831751 -0.3824548286 -0.4170647979 0.3380346566 -1.0000000000 -0.4936769152 -0.8987854591 0.3363881796 -0.6625405488 -0.9797969154 -0.5988569175 -0.3453549675 0.4019069983 0.4014291627
0.1011602332 -0.3698439172 -0.4046760679 0.3494662644 -0.9999318667 -0.4848885712 -0.8956683676 0.3478241483 -0.6702793155 -0.9808045744 -0.5975355429 -0.3327556711 0.4125213828 0.4120497738
0.1155329290 -0.3571755418 -0.3922227802 0.3608873509 -0.9997687138 -0.4760700231 -0.8924984477 0.3592501569 -0.6779786067 -0.9818046529 -0.5962819487 -0.3201098764 0.4231247373 0.4226593570
0.1298981335 -0.3444518080 -0.3797070515 0.3722951482 -0.9995103857 -0.4672219212 -0.8892754597 0.3706634294 -0.6856364295 -0.9827954801 -0.5950939791 -0.3074195296 0.4337143803 0.4332552301
0.1442527174 -0.3316748212 -0.3671309987 0.3836868885 -0.9991567265 -0.4583449160 -0.8859991638 0.3820611898 -0.6932507912 -0.9837753856 -0.5939694783 -0.2946865771 0.4442876301 0.4438347109
0.1585935515 -0.3188466869 -0.3544967385 0.3950598037 -0.9987075808 -0.4494396577 -0.8826693204 0.3934406622 -0.7008196991 -0.9847426988 -0.5929062906 -0.2819129652 0.4548418054 0.4543951173
0.1729175066 -0.3059695106 -0.3418063877 0.4064111260 -0.9981627927 -0.4405067966 -0.8792856897 0.4047990705 -0.7083411603 -0.9856957489 -0.5919022604 -0.2691006404 0.4653742244 0.4649337669
0.1872214537 -0.2930453978 -0.3290620630 0.4177380875 -0.9975222068 -0.4315469830 -0.8758480321 0.4161336388 -0.7158131822 -0.9866328654 -0.5909552317 -0.2562515489 0.4758822058 0.4754479777
0.2015022634 -0.2800764538 -0.3162658813 0.4290379201 -0.9967856672 -0.4225608674 -0.8723561077 0.4274415911 -0.7232337720 -0.9875523777 -0.5900630489 -0.2433676371 0.4863630678 0.4859350675
0.2157568065 -0.2670647843 -0.3034199592 0.4403078561 -0.9959530184 -0.4135491000 -0.8688096769 0.4387201513 -0.7306009368 -0.9884526151 -0.5892235562 -0.2304508514 0.4968141290 0.4963923541
0.2299819540 -0.2540124946 -0.2905264137 0.4515451274 -0.9950241046 -0.4045123311 -0.8652084999 0.4499665435 -0.7379126840 -0.9893319072 -0.5884345978 -0.2175031381 0.5072327079 0.5068171553
0.2441745766 -0.2409216902 -0.2775873614 0.4627469662 -0.9939987703 -0.3954512111 -0.8615523371 0.4611779917 -0.7451670208 -0.9901885832 -0.5876940181 -0.2045264436 0.5176161229 0.5172067889
