0.2959051999 0.2426432980 0.2829023866 0.1617680367 0.0323164504 0.2338304863 0.2749671702 0.1734410078 -0.0948922357 0.1540556569 0.2681151338 0.2648736993 0.1732932270 0.1830582591
0.3082978495 0.2576350551 0.2986537668 0.1795517796 0.0391620677 0.2490220433 0.2892601762 0.1909115827 -0.0896304113 0.1724096329 0.2661040622 0.2794630713 0.1904175709 0.2000097202
0.3215979781 0.2734988939 0.3151300682 0.1982275675 0.0470348711 0.2650945249 0.3043906548 0.2092655878 -0.0833353762 0.1916381510 0.2630910985 0.2948957323 0.2084478108 0.2178541827
0.3358230105 0.2902507047 0.3323440645 0.2178107723 0.0559557438 0.2820639285 0.3203740482 0.2285183290 -0.0759859286 0.2117560565 0.2590551063 0.3111871417 0.2273998033 0.2366073076
0.3509903718 0.3079063775 0.3503085295 0.2383167662 0.0659455694 0.2999462519 0.3372257989 0.2486851120 -0.0675608664 0.2327781947 0.2539749491 0.3283527589 0.2472894047 0.2562847562
0.3671174870 0.3264818024 0.3690362367 0.2597609212 0.0770252311 0.3187574925 0.3549613490 0.2697812427 -0.0580389876 0.2547194112 0.2478294904 0.3464080434 0.2681324714 0.2769021895
0.3842217812 0.3459928695 0.3885399598 0.2821586091 0.0892156125 0.3385136481 0.3735961410 0.2918220268 -0.0473990901 0.2775945511 0.2405975937 0.3653684546 0.2899448598 0.2984752686
0.4023206794 0.3664554689 0.4088324726 0.3055252021 0.1025375969 0.3592307161 0.3931456172 0.3148227701 -0.0356199720 0.3014184600 0.2322581225 0.3852494518 0.3127424263 0.3210196548
0.4214316065 0.3878854908 0.4299265486 0.3298760721 0.1170120678 0.3809246942 0.4136252198 0.3387987784 -0.0226804311 0.3262059832 0.2227899403 0.4060664946 0.3365410273 0.3445510092
0.4415719876 0.4102988251 0.4518349616 0.3552265911 0.1326599084 0.4036115800 0.4350503913 0.3637653576 -0.0085592656 0.3519719661 0.2121719107 0.4278350424 0.3613565192 0.3690849928
0.4627592477 0.4337113621 0.4745704852 0.3815921311 0.1495020023 0.4273073711 0.4574365740 0.3897378134 0.0067647267 0.3787312541 0.2003828972 0.4505705546 0.3872047583 0.3946372668
0.4850108119 0.4581389918 0.4981458931 0.4089880642 0.1675592328 0.4520280651 0.4807992101 0.4167314515 0.0233127477 0.4064986925 0.1874017632 0.4742884906 0.4141016012 0.4212234924
0.5083441051 0.4835976043 0.5225739590 0.4374297623 0.1868524833 0.4777896595 0.5051537420 0.4447615779 0.0411059995 0.4352891267 0.1732073723 0.4990043098 0.4420629040 0.4488593307
0.5327765524 0.5101030897 0.5478674565 0.4669325975 0.2074026373 0.5046081521 0.5305156121 0.4738434983 0.0601656841 0.4651174022 0.1577785881 0.5247334718 0.4711045233 0.4775604429
0.5583255787 0.5376713382 0.5740391593 0.4975119417 0.2292305781 0.5324995403 0.5569002626 0.5039925185 0.0805130034 0.4959983643 0.1410942739 0.5514914358 0.5012423155 0.5073424899
0.5850086092 0.5663182397 0.6011018411 0.5291831669 0.2523571891 0.5614798217 0.5843231359 0.5352239443 0.1021691596 0.5279468583 0.1231332934 0.5792936614 0.5324921369 0.5382211331
0.6128430687 0.5960596846 0.6290682755 0.5619616452 0.2768033538 0.5915649941 0.6127996743 0.5675530815 0.1251553546 0.5609777297 0.1038745100 0.6081556079 0.5648698439 0.5702120335
0.6418463824 0.6269115627 0.6579512363 0.5958627485 0.3025899554 0.6227710549 0.6423453202 0.6009952359 0.1494927905 0.5951058238 0.0832967872 0.6380927349 0.5983912929 0.6033308523
0.6720359752 0.6588897643 0.6877634971 0.6309018489 0.3297378776 0.6551140018 0.6729755158 0.6355657133 0.1752026693 0.6303459861 0.0613789886 0.6691205016 0.6330723403 0.6375932506
0.7034292722 0.6920101794 0.7185178316 0.6670943184 0.3582680036 0.6886098323 0.7047057036 0.6712798194 0.2023061929 0.6667130619 0.0380999777 0.7012543676 0.6689288425 0.6730148895
