-0.6944210300 -0.9123520264 -0.6265889336 -0.2217511182 -0.9732813386 -0.9564811301 -0.8963961519 -0.2281564844 -0.9385910978 -0.9213682452 0.9097590711 -0.9230052820 -0.1680535070 -0.1867658995
-0.6912472237 -0.9062834052 -0.6193053110 -0.2176440786 -0.9763983749 -0.9518287040 -0.8899122415 -0.2240531167 -0.9427142292 -0.9153849462 0.9144426828 -0.9172940153 -0.1643210242 -0.1830230479
-0.6878469242 -0.8999911366 -0.6118632016 -0.2134023797 -0.9793307670 -0.9469239834 -0.8832111059 -0.2198139689 -0.9467050866 -0.9091661091 0.9190138908 -0.9113530597 -0.1604576876 -0.1791463593
-0.6842178796 -0.8934733050 -0.6042613701 -0.2090246893 -0.9820767352 -0.9417647267 -0.8762910085 -0.2154376985 -0.9505624371 -0.9027100769 0.9234716369 -0.9051803831 -0.1564621627 -0.1751344735
-0.6803578381 -0.8867279953 -0.5964985808 -0.2045096754 -0.9846344997 -0.9363486921 -0.8691502124 -0.2109229629 -0.9542850476 -0.8960151924 0.9278148632 -0.8987739537 -0.1523331152 -0.1709860300
-0.6762645478 -0.8797532921 -0.5885735983 -0.1998560060 -0.9870022810 -0.9306736381 -0.8617869810 -0.2062684197 -0.9578716852 -0.8890797985 0.9320425115 -0.8921317396 -0.1480692106 -0.1666996687
-0.6719357569 -0.8725472801 -0.5804851871 -0.1950623490 -0.9891782995 -0.9247373229 -0.8541995778 -0.2014727263 -0.9613211169 -0.8819022382 0.9361535237 -0.8852517089 -0.1436691144 -0.1622740293
-0.6673692136 -0.8651080441 -0.5722321116 -0.1901273725 -0.9911607753 -0.9185375049 -0.8463862658 -0.1965345403 -0.9646321099 -0.8744808543 0.9401468418 -0.8781318299 -0.1391314923 -0.1577077513
-0.6625626661 -0.8574336686 -0.5638131364 -0.1850497444 -0.9929479290 -0.9120719424 -0.8383453086 -0.1914525192 -0.9678034310 -0.8668139897 0.9440214077 -0.8707700705 -0.1344550099 -0.1529994744
-0.6575138625 -0.8495222384 -0.5552270259 -0.1798281327 -0.9945379808 -0.9053383937 -0.8300749694 -0.1862253204 -0.9708338473 -0.8588999874 0.9477761632 -0.8631643989 -0.1296383327 -0.1481478385
-0.6522205510 -0.8413718382 -0.5464725446 -0.1744612053 -0.9959291510 -0.8983346171 -0.8215735116 -0.1808516016 -0.9737221259 -0.8507371902 0.9514100503 -0.8553127832 -0.1246801262 -0.1431514831
-0.6466804798 -0.8329805527 -0.5375484570 -0.1689476302 -0.9971196601 -0.8910583710 -0.8128391984 -0.1753300202 -0.9764670337 -0.8423239411 0.9549220109 -0.8472131916 -0.1195790561 -0.1380090479
-0.6408913970 -0.8243464666 -0.5284535277 -0.1632860755 -0.9981077284 -0.8835074136 -0.8038702931 -0.1696592336 -0.9790673379 -0.8336585828 0.9583109869 -0.8388635921 -0.1143337880 -0.1327191727
-0.6348510509 -0.8154676645 -0.5191865211 -0.1574752090 -0.9988915761 -0.8756795034 -0.7946650592 -0.1638378994 -0.9815218054 -0.8247394584 0.9615759202 -0.8302619529 -0.1089429874 -0.1272804971
-0.6285571897 -0.8063422313 -0.5097462016 -0.1515136988 -0.9994694238 -0.8675723986 -0.7852217598 -0.1578646752 -0.9838292033 -0.8155649108 0.9647157527 -0.8214062422 -0.1034053199 -0.1216916608
-0.6220075614 -0.7969682514 -0.5001313339 -0.1454002128 -0.9998394916 -0.8591838575 -0.7755386584 -0.1517382184 -0.9859882986 -0.8061332827 0.9677294264 -0.8122944280 -0.0977194511 -0.1159513035
-0.6151999142 -0.7873438097 -0.4903406823 -0.1391334190 -1.0000000000 -0.8505116385 -0.7656140183 -0.1454571865 -0.9879978584 -0.7964429172 0.9706158831 -0.8029244784 -0.0918840465 -0.1100580649
-0.6081319965 -0.7774669909 -0.4803730114 -0.1327119854 -0.9999491693 -0.8415534999 -0.7554461027 -0.1390202370 -0.9898566496 -0.7864921571 0.9733740648 -0.7932943616 -0.0858977717 -0.1040105846
-0.6008015562 -0.7673358796 -0.4702270856 -0.1261345799 -0.9996852198 -0.8323072000 -0.7450331750 -0.1324260274 -0.9915634393 -0.7762793453 0.9760029133 -0.7834020457 -0.0797592924 -0.0978075024
-0.5932063416 -0.7569485606 -0.4599016695 -0.1193998705 -0.9992063719 -0.8227704972 -0.7343734985 -0.1256732153 -0.9931169945 -0.7658028247 0.9785013706 -0.7732454988 -0.0734672741 -0.0914474579
