-0.8280882581 -0.6548509550 -0.4524917186 -0.8031898711 -0.5218497230 -0.7088044607 -0.4431419237 -0.8026545132 -0.4153609900 -0.3308263141 0.5437863519 -0.6670368889 -0.8037529645 -0.8047064451
-0.8348978247 -0.6652634637 -0.4559495451 -0.8008868145 -0.5420200039 -0.7204407751 -0.4580266792 -0.8004389259 -0.4401250622 -0.3494450482 0.5630768967 -0.6773704431 -0.7997694388 -0.8007303324
-0.8419400580 -0.6760562821 -0.4596728105 -0.7986238433 -0.5627172680 -0.7324634801 -0.4734222930 -0.7982661981 -0.4655238610 -0.3686688537 0.5828653348 -0.6880803922 -0.7957733648 -0.7967414857
-0.8492177897 -0.6872335956 -0.4636649146 -0.7964023495 -0.5839464700 -0.7448767376 -0.4893340022 -0.7961377464 -0.4915631485 -0.3885036936 0.6031563654 -0.6991708869 -0.7917656660 -0.7927408262
-0.8567338517 -0.6987995896 -0.4679292571 -0.7942237246 -0.6057125640 -0.7576847094 -0.5057670434 -0.7940549869 -0.5182486866 -0.4089555303 0.6239546877 -0.7106460781 -0.7877472659 -0.7887292748
-0.8644910756 -0.7107584494 -0.4724692376 -0.7920893605 -0.6280205045 -0.7708915571 -0.5227266535 -0.7920193361 -0.5455862374 -0.4300303267 0.6452650010 -0.7225101166 -0.7837190883 -0.7847077526
-0.8724922931 -0.7231143606 -0.4772882559 -0.7900006489 -0.6508752458 -0.7845014427 -0.5402180693 -0.7900322102 -0.5735815629 -0.4517340454 0.6670920044 -0.7347671533 -0.7796820565 -0.7806771805
-0.8807403362 -0.7358715083 -0.4823897117 -0.7879589816 -0.6742817423 -0.7985185278 -0.5582465275 -0.7880950257 -0.6022404250 -0.4740726491 0.6894403971 -0.7474213390 -0.7756370942 -0.7766384795
-0.8892380365 -0.7490340781 -0.4877770047 -0.7859657503 -0.6982449485 -0.8129469743 -0.5768172651 -0.7862091989 -0.6315685859 -0.4970521005 0.7123148785 -0.7604768244 -0.7715851250 -0.7725925707
-0.8979882258 -0.7626062554 -0.4934535347 -0.7840223469 -0.7227698186 -0.8277909438 -0.5959355188 -0.7843761461 -0.6615718074 -0.5206783624 0.7357201477 -0.7739377605 -0.7675270725 -0.7685403751
-0.9069937358 -0.7765922254 -0.4994227013 -0.7821301630 -0.7478613071 -0.8430545983 -0.6156065254 -0.7825972836 -0.6922558515 -0.5449573974 0.7596609040 -0.7878082980 -0.7634638601 -0.7644828136
-0.9162573983 -0.7909961737 -0.5056879043 -0.7802905904 -0.7735243682 -0.8587420994 -0.6358355218 -0.7808740279 -0.7236264804 -0.5698951682 0.7841418465 -0.8020925878 -0.7593964114 -0.7604208074
-0.9257820451 -0.8058222855 -0.5122525434 -0.7785050209 -0.7997639565 -0.8748576089 -0.6566277447 -0.7792077953 -0.7556894559 -0.5954976375 0.8091676746 -0.8167947807 -0.7553256501 -0.7563552773
-0.9355705079 -0.8210747464 -0.5191200182 -0.7767748462 -0.8265850262 -0.8914052886 -0.6779884310 -0.7776000021 -0.7884505402 -0.6217707681 0.8347430874 -0.8319190276 -0.7512524997 -0.7522871444
-0.9456256185 -0.8367577416 -0.5262937285 -0.7751014581 -0.8539925317 -0.9083893003 -0.6999228175 -0.7760520646 -0.8219154951 -0.6487205225 0.8608727841 -0.8474694792 -0.7471778838 -0.7482173297
-0.9559502087 -0.8528754566 -0.5337770741 -0.7734862483 -0.8819914275 -0.9258138056 -0.7224361409 -0.7745653992 -0.8560900827 -0.6763528636 0.8875614640 -0.8634502863 -0.7431027259 -0.7441467542
-0.9665471102 -0.8694320767 -0.5415734546 -0.7719306087 -0.9105866678 -0.9436829666 -0.7455336381 -0.7731414222 -0.8909800650 -0.7046737540 0.9148138264 -0.8798655999 -0.7390279495 -0.7400763389
-0.9774191547 -0.8864317874 -0.5496862697 -0.7704359309 -0.9397832071 -0.9620009447 -0.7692205459 -0.7717815501 -0.9265912039 -0.7336891564 0.9426345703 -0.8967195708 -0.7349544783 -0.7360070048
-0.9885691741 -0.9038787740 -0.5581189192 -0.7690036067 -0.9695859997 -0.9807719020 -0.7935021011 -0.7704871991 -0.9629292616 -0.7634050335 0.9710283951 -0.9140163496 -0.7308832359 -0.7319396730
-1.0000000000 -0.9217772219 -0.5668748028 -0.7676350279 -1.0000000000 -1.0000000000 -0.8183835405 -0.7692597856 -1.0000000000 -0.7938273480 1.0000000000 -0.9317600874 -0.7268151457 -0.7278752644
