0.3363537128 0.1031615682 0.0752221209 0.6834746229 0.0749492924 0.3106851187 -0.1867855749 0.6764338536 -0.4542745975 -0.1291281164 -0.8621830492 0.1295719750 0.7162737119 0.7220565254
0.3327849844 0.1005157491 0.0731856158 0.6800724006 0.0656201724 0.3067483578 -0.1884072131 0.6730150053 -0.4680087349 -0.1381645064 -0.8510331822 0.1270282862 0.7126948983 0.7185203761
0.3290332407 0.0977328527 0.0710212970 0.6764303932 0.0561083099 0.3026300982 -0.1901097400 0.6693574235 -0.4816281427 -0.1473473185 -0.8395267059 0.1243438752 0.7088694856 0.7147369827
0.3251041847 0.0948178264 0.0687338163 0.6725547948 0.0464213548 0.2983361526 -0.1918890970 0.6654672978 -0.4951302867 -0.1566693520 -0.8276724056 0.1215236900 0.7048037934 0.7107126565
0.3210035193 0.0917756176 0.0663278255 0.6684517995 0.0365669570 0.2938723338 -0.1937412252 0.6613508178 -0.5085126328 -0.1661234065 -0.8154790663 0.1185726785 0.7005041414 0.7064537091
0.3167369473 0.0886111736 0.0638079765 0.6641276016 0.0265527666 0.2892444548 -0.1956620660 0.6570141731 -0.5217726469 -0.1757022815 -0.8029554732 0.1154957888 0.6959768493 0.7019664519
0.3123101717 0.0853294418 0.0611789209 0.6595883950 0.0163864335 0.2844583283 -0.1976475607 0.6524635534 -0.5349077947 -0.1853987764 -0.7901104115 0.1122979688 0.6912282366 0.6972571962
0.3077288953 0.0819353697 0.0584453106 0.6548403741 0.0060756076 0.2795197671 -0.1996936505 0.6477051484 -0.5479155421 -0.1952056907 -0.7769526663 0.1089841664 0.6862646231 0.6923322535
0.3029988210 0.0784339045 0.0556117973 0.6498897329 -0.0043720611 0.2744345841 -0.2017962767 0.6427451476 -0.5607933550 -0.2051158240 -0.7634910227 0.1055593297 0.6810923284 0.6871979353
0.2981256517 0.0748299937 0.0526830329 0.6447426656 -0.0149489227 0.2692085921 -0.2039513807 0.6375897407 -0.5735386992 -0.2151219756 -0.7497342660 0.1020284066 0.6757176722 0.6818605530
0.2931150903 0.0711285847 0.0496636692 0.6394053663 -0.0256473271 0.2638476039 -0.2061549036 0.6322451173 -0.5861490406 -0.2252169451 -0.7356911812 0.0983963451 0.6701469740 0.6763264179
0.2879728397 0.0673346248 0.0465583579 0.6338840293 -0.0364596244 0.2583574323 -0.2084027868 0.6267174670 -0.5986218450 -0.2353935319 -0.7213705535 0.0946680932 0.6643865536 0.6706018416
0.2827046027 0.0634530614 0.0433717508 0.6281848485 -0.0473781648 0.2527438903 -0.2106909716 0.6210129796 -0.6109545782 -0.2456445356 -0.7067811680 0.0908485988 0.6584427306 0.6646931355
0.2773160823 0.0594888419 0.0401084997 0.6223140183 -0.0583952981 0.2470127905 -0.2130153992 0.6151378445 -0.6231447062 -0.2559627556 -0.6919318100 0.0869428099 0.6523218246 0.6586066110
0.2718129813 0.0554469137 0.0367732564 0.6162777327 -0.0695033745 0.2411699458 -0.2153720109 0.6090982515 -0.6351896947 -0.2663409913 -0.6768312645 0.0829556745 0.6460301553 0.6523485795
0.2662010026 0.0513322241 0.0333706727 0.6100821859 -0.0806947440 0.2352211691 -0.2177567479 0.6029003902 -0.6470870096 -0.2767720424 -0.6614883166 0.0788921405 0.6395740424 0.6459253524
0.2604858491 0.0471497206 0.0299054004 0.6037335721 -0.0919617566 0.2291722732 -0.2201655517 0.5965504502 -0.6588341167 -0.2872487082 -0.6459117517 0.0747571560 0.6329598054 0.6393432413
0.2546732238 0.0429043505 0.0263820912 0.5972380853 -0.1032967625 0.2230290708 -0.2225943634 0.5900546212 -0.6704284820 -0.2977637882 -0.6301103547 0.0705556689 0.6261937641 0.6326085575
0.2487688293 0.0386010612 0.0228053971 0.5906019198 -0.1146921115 0.2167973749 -0.2250391244 0.5834190927 -0.6818675711 -0.3083100819 -0.6140929109 0.0662926272 0.6192822381 0.6257276124
0.2427783688 0.0342448001 0.0191799696 0.5838312696 -0.1261401538 0.2104829983 -0.2274957759 0.5766500545 -0.6931488501 -0.3188803888 -0.5978682053 0.0619729788 0.6122315470 0.6187067176
