-0.3741769539 -0.9994122342 -0.8035057116 -0.8352659105 -0.9164931412 -0.7594502749 -0.9924815169 -0.8361396211 -0.8871791212 -0.1065597427 0.6587550844 -0.8511339548 -0.8444778308 -0.8239184515
-0.3698080124 -0.9989573579 -0.8032536342 -0.8429012913 -0.9264601277 -0.7625337087 -0.9939671092 -0.8438761605 -0.8978543350 -0.1175851725 0.6738434368 -0.8495666673 -0.8527899169 -0.8324392380
-0.3655498143 -0.9983669556 -0.8029901223 -0.8504502486 -0.9357579926 -0.7656830377 -0.9952994677 -0.8515166655 -0.9079391692 -0.1283983389 0.6885290506 -0.8479438409 -0.8609414392 -0.8408328817
-0.3613964000 -0.9976373982 -0.8027089920 -0.8579049776 -0.9443941899 -0.7688888064 -0.9964745991 -0.8590535305 -0.9174429381 -0.1390031559 0.7028160166 -0.8462608203 -0.8689261661 -0.8490922784
-0.3573418102 -0.9967650563 -0.8024040596 -0.8652576737 -0.9523761734 -0.7721415598 -0.9974885102 -0.8664791500 -0.9263749560 -0.1494035373 0.7167084257 -0.8445129503 -0.8767378662 -0.8572103242
-0.3533800855 -0.9957463008 -0.8020691413 -0.8725005320 -0.9597113968 -0.7754318424 -0.9983372078 -0.8737859185 -0.9347445368 -0.1596033972 0.7302103690 -0.8426955756 -0.8843703079 -0.8651799149
-0.3495052663 -0.9945775024 -0.8016980535 -0.8796257477 -0.9664073142 -0.7787501992 -0.9990166988 -0.8809662306 -0.9425609949 -0.1696066495 0.7433259373 -0.8408040412 -0.8918172599 -0.8729939466
-0.3457113935 -0.9932550319 -0.8012846124 -0.8866255161 -0.9724713792 -0.7820871747 -0.9995229900 -0.8880124806 -0.9498336445 -0.1794172082 0.7560592215 -0.8388336917 -0.8990724906 -0.8806453151
-0.3419925074 -0.9917752600 -0.8008226342 -0.8934920324 -0.9779110459 -0.7854333138 -0.9998520881 -0.8949170632 -0.9565717996 -0.1890389871 0.7684143127 -0.8367798719 -0.9061297685 -0.8881269165
-0.3383426487 -0.9901345575 -0.8003059353 -0.9002174917 -0.9827337679 -0.7887791613 -1.0000000000 -0.9016723728 -0.9627847745 -0.1984759004 0.7803953016 -0.8346379266 -0.9129828622 -0.8954316467
-0.3347558579 -0.9883292952 -0.7997283317 -0.9067940894 -0.9869469992 -0.7921152617 -0.9999627325 -0.9082708039 -0.9684818834 -0.2077318618 0.7920062793 -0.8324032006 -0.9196255402 -0.9025524017
-0.3312261758 -0.9863558438 -0.7990836399 -0.9132140206 -0.9905581935 -0.7954321600 -0.9997362923 -0.9147047511 -0.9736724404 -0.2168107855 0.8032513367 -0.8300710386 -0.9260515710 -0.9094820774
-0.3277476427 -0.9842105740 -0.7983656761 -0.9194694806 -0.9935748048 -0.7987204009 -0.9993166864 -0.9209666088 -0.9783657598 -0.2257165853 0.8141345646 -0.8276367855 -0.9322547232 -0.9162135697
-0.3243142994 -0.9818898567 -0.7975682565 -0.9255526645 -0.9960042869 -0.8019705290 -0.9986999214 -0.9270487716 -0.9825711556 -0.2344531752 0.8246600541 -0.8250957861 -0.9382287652 -0.9227397747
-0.3209201863 -0.9793900627 -0.7966851974 -0.9314557676 -0.9978540936 -0.8051730891 -0.9978820043 -0.9329436338 -0.9862979421 -0.2430244691 0.8348318960 -0.8224433850 -0.9439674656 -0.9290535883
-0.3175593442 -0.9767075626 -0.7957103150 -0.9371709852 -0.9991316788 -0.8083186261 -0.9968589418 -0.9386435902 -0.9895554334 -0.2514343811 0.8446541813 -0.8196749271 -0.9494645929 -0.9351479065
-0.3142258135 -0.9738387272 -0.7946374256 -0.9426905123 -0.9998444963 -0.8113976845 -0.9956267407 -0.9441410350 -0.9923529438 -0.2596868250 0.8541310009 -0.8167857571 -0.9547139156 -0.9410156251
-0.3109136349 -0.9707799273 -0.7934603455 -0.9480065443 -1.0000000000 -0.8144008093 -0.9941814078 -0.9494283630 -0.9946997874 -0.2677857148 0.8632664457 -0.8137712200 -0.9597092023 -0.9466496402
-0.3076168489 -0.9675275336 -0.7921728909 -0.9531112764 -0.9996056437 -0.8173185450 -0.9925189500 -0.9544979684 -0.9966052785 -0.2757349645 0.8720646067 -0.8106266603 -0.9644442214 -0.9520428478
-0.3043294961 -0.9640779170 -0.7907688781 -0.9579969038 -0.9986688812 -0.8201414366 -0.9906353740 -0.9593422459 -0.9980787310 -0.2835384881 0.8805295748 -0.8073474229 -0.9689127416 -0.9571881437
