0.0318711648 0.1884576774 0.1673467574 -0.1222706646 0.2728963974 0.2234459932 0.2769546235 -0.1208603638 0.3576892158 0.7974670551 -0.2207877496 0.1675227273 -0.1507609195 -0.1524087312
0.0023366968 0.1556726842 0.1348831340 -0.1491003138 0.2389640237 0.1901561998 0.2429219549 -0.1477192928 0.3228450761 0.7761022874 -0.1877501209 0.1353749263 -0.1768986543 -0.1784751387
-0.0278170713 0.1220904442 0.1016539163 -0.1763417574 0.2040984267 0.1560147815 0.2079510721 -0.1749915988 0.2869140611 0.7535598517 -0.1538509970 0.1024403951 -0.2034222610 -0.2049279627
-0.0585959740 0.0877029474 0.0676515469 -0.2039980002 0.1682896368 0.1210129514 0.1720321428 -0.2026803084 0.2498840668 0.7298251155 -0.1190813568 0.0687111375 -0.2303345018 -0.2317699950
-0.0900058460 0.0525021838 0.0328684685 -0.2320720470 0.1315276845 0.0851419228 0.1351553348 -0.2307884486 0.2117429891 0.7048834463 -0.0834321791 0.0341791567 -0.2576381388 -0.2590040275
-0.1220525219 0.0164801435 -0.0027028763 -0.2605669026 0.0938026003 0.0483929091 0.0973108158 -0.2593190459 0.1724787240 0.6787202116 -0.0468944427 -0.0011635437 -0.2853359341 -0.2866328519
-0.1547418361 -0.0203711837 -0.0390700450 -0.2894855716 0.0551044146 0.0107571234 0.0584887536 -0.2882751272 0.1320791676 0.6513207790 -0.0094591263 -0.0373249603 -0.3134306497 -0.3146592601
-0.1880796235 -0.0580598076 -0.0762405948 -0.3188310590 0.0154231579 -0.0277742210 0.0186793157 -0.3176597192 0.0905322159 0.6226705159 0.0288827911 -0.0743130896 -0.3419250479 -0.3430860440
-0.2220717185 -0.0965937383 -0.1142220832 -0.3486063694 -0.0252511395 -0.0672099107 -0.0221273299 -0.3474758487 0.0478257648 0.5927547898 0.0681403308 -0.1121359281 -0.3708218907 -0.3719159952
-0.2567239558 -0.1359809858 -0.1530220675 -0.3788145076 -0.0669284469 -0.1075587326 -0.0639410156 -0.3777265424 0.0039477103 0.5615589683 0.1083225140 -0.1508014723 -0.4001239403 -0.4011519057
-0.2920421699 -0.1762295600 -0.1926481051 -0.4094584785 -0.1096187341 -0.1488294734 -0.1067715737 -0.4084148270 -0.0411140514 0.5290684189 0.1494383619 -0.1903177189 -0.4298339588 -0.4307965672
-0.3280321955 -0.2173474710 -0.2331077534 -0.4405412867 -0.1533319705 -0.1910309198 -0.1506288364 -0.4395437293 -0.0873716245 0.4952685091 0.1914968956 -0.2306926642 -0.4599547082 -0.4608527717
-0.3646998672 -0.2593427287 -0.2744085698 -0.4720659372 -0.1980781257 -0.2341718585 -0.1955226360 -0.4711162760 -0.1348371130 0.4601446064 0.2345071363 -0.2719343050 -0.4904889507 -0.4913233108
-0.4020510196 -0.3022233432 -0.3165581116 -0.5040354345 -0.2438671692 -0.2782610763 -0.2414628047 -0.5031354940 -0.1835226208 0.4236820783 0.2784781053 -0.3140506376 -0.5214394485 -0.5222109764
-0.4400914872 -0.3459973244 -0.3595639363 -0.5364527836 -0.2907090706 -0.3233073599 -0.2884591749 -0.5356044099 -0.2334402519 0.3858662923 0.3234188236 -0.3570496586 -0.5528089636 -0.5535185604
-0.4788271047 -0.3906726823 -0.4034336011 -0.5693209891 -0.3386137994 -0.3693194961 -0.3365215788 -0.5685260505 -0.2846021104 0.3466826160 0.3693383126 -0.4009393646 -0.5846002581 -0.5852488546
-0.5182637067 -0.4362574270 -0.4481746635 -0.6026430560 -0.3875913252 -0.4163062715 -0.3856598486 -0.6019034425 -0.3370203002 0.3061164168 0.4162455934 -0.4457277521 -0.6168160942 -0.6174046507
-0.5584071277 -0.4827595683 -0.4937946809 -0.6364219888 -0.4376516175 -0.4642764730 -0.4358838167 -0.6357396127 -0.3907069254 0.2641530622 0.4641496871 -0.4914228175 -0.6494592340 -0.6499887407
-0.5992632024 -0.5301871164 -0.5403012106 -0.6706607925 -0.4888046459 -0.5132388872 -0.4872033153 -0.6700375879 -0.4456740899 0.2207779199 0.5130596150 -0.5380325575 -0.6825324396 -0.6830039163
-0.6408377655 -0.5785480812 -0.5877018100 -0.7053624718 -0.5410603799 -0.5632023009 -0.5396281767 -0.7048003947 -0.5019338977 0.1759763572 0.5629843983 -0.5855649686 -0.7160384731 -0.7164529693
