0.1808565805 -0.1072119424 0.0249499712 0.4062349402 0.1220116302 -0.1866360494 -0.2187698903 0.4054157896 0.0784445206 -0.6271389066 -0.6182028548 -0.0347247303 0.3968854213 0.3991418705
0.1537719039 -0.1255499326 0.0025265881 0.3710140212 0.1068999270 -0.2027693200 -0.2320285547 0.3701537238 0.0765217929 -0.6295021586 -0.5942575319 -0.0550362638 0.3612137097 0.3635813944
0.1270416794 -0.1436904949 -0.0196254726 0.3363215211 0.0918425843 -0.2187422885 -0.2451958121 0.3354216718 0.0743673135 -0.6319488193 -0.5704995649 -0.0751175234 0.3260905260 0.3285648362
0.1006645328 -0.1616338528 -0.0415069773 0.3021544383 0.0768406899 -0.2345549147 -0.2582710621 0.3012166164 0.0719843473 -0.6344770833 -0.5469287559 -0.0949689646 0.2915126120 0.2940889887
0.0746390899 -0.1793802297 -0.0631186927 0.2685097714 0.0618953315 -0.2502071588 -0.2712537045 0.2675355408 0.0693761594 -0.6370851451 -0.5235449069 -0.1145910424 0.2574767095 0.2601506447
0.0489639764 -0.1969298492 -0.0844613855 0.2353845189 0.0470075971 -0.2656989807 -0.2841431390 0.2343754277 0.0665460147 -0.6397711992 -0.5003478199 -0.1339842121 0.2239795604 0.2267465972
0.0236378180 -0.2142829346 -0.1055358223 0.2027756792 0.0321785744 -0.2810303404 -0.2969387651 0.2017332603 0.0634971782 -0.6425334403 -0.4773372971 -0.1531489288 0.1910179064 0.1938736391
-0.0013407593 -0.2314397095 -0.1263427696 0.1706802510 0.0174093513 -0.2962011980 -0.3096399827 0.1696060214 0.0602329150 -0.6453700627 -0.4545131404 -0.1720856479 0.1585884893 0.1615285631
-0.0259731299 -0.2484003972 -0.1468829942 0.1390952326 0.0027010156 -0.3112115135 -0.3222461914 0.1379906941 0.0567564900 -0.6482792611 -0.4318751520 -0.1907948245 0.1266880511 0.1297081622
-0.0502606680 -0.2651652213 -0.1671572627 0.1080176227 -0.0119453449 -0.3260612467 -0.3347567910 0.1068842614 0.0530711681 -0.6512592299 -0.4094231339 -0.2092769138 0.0953133335 0.0984092293
-0.0742047478 -0.2817344053 -0.1871663416 0.0774444196 -0.0265286423 -0.3407503579 -0.3471711810 0.0762837061 0.0491802145 -0.6543081638 -0.3871568882 -0.2275323711 0.0644610783 0.0676285571
-0.0978067435 -0.2981081725 -0.2069109977 0.0473726220 -0.0410477888 -0.3552788069 -0.3594887613 0.0461860113 0.0450868940 -0.6574242573 -0.3650762169 -0.2455616516 0.0341280274 0.0373629387
-0.1210680294 -0.3142867464 -0.2263919975 0.0177992283 -0.0555016966 -0.3696465537 -0.3717089315 0.0165881599 0.0407944717 -0.6606057049 -0.3431809221 -0.2633652104 0.0043109225 0.0076091667
-0.1439899796 -0.3302703506 -0.2456101077 -0.0112787629 -0.0698892778 -0.3838535585 -0.3838310912 -0.0125128650 0.0363062126 -0.6638507011 -0.3214708059 -0.2809435028 -0.0249934944 -0.0216359657
-0.1665739685 -0.3460592084 -0.2645660949 -0.0398643532 -0.0842094446 -0.3978997811 -0.3958546403 -0.0411200805 0.0316253816 -0.6671574405 -0.2999456703 -0.2982969840 -0.0537884816 -0.0503756659
-0.1888213701 -0.3616535433 -0.2832607258 -0.0679605441 -0.0984611092 -0.4117851815 -0.4077789784 -0.0692365037 0.0267552438 -0.6705241176 -0.2786053174 -0.3154261092 -0.0820772973 -0.0786131409
-0.2107335589 -0.3770535788 -0.3016947669 -0.0955703369 -0.1126431838 -0.4255097199 -0.4196035051 -0.0968651515 0.0216990641 -0.6739489270 -0.2574495492 -0.3323313337 -0.1098631996 -0.1063515979
-0.2323119089 -0.3922595384 -0.3198689849 -0.1226967333 -0.1267545805 -0.4390733561 -0.4313276203 -0.1240090411 0.0164601075 -0.6774300632 -0.2364781679 -0.3490131126 -0.1371494467 -0.1335942440
-0.2535577944 -0.4072716454 -0.3377841464 -0.1493427347 -0.1407942114 -0.4524760503 -0.4429507235 -0.1506711893 0.0110416391 -0.6809657207 -0.2156909754 -0.3654719012 -0.1639392968 -0.1603442863
-0.2744725897 -0.4220901234 -0.3554410181 -0.1755113426 -0.1547609889 -0.4657177623 -0.4544722145 -0.1768546133 0.0054469237 -0.6845540941 -0.1950877738 -0.3817081546 -0.1902360081 -0.1866049319
