-0.5576983764 -0.9811833858 -0.8402614077 -0.1021304635 -0.8936953578 -0.8331707482 -0.7295737440 -0.1021075789 -0.6416516943 -0.9484127459 0.9990219571 -0.9808217810 -0.0749768006 -0.0667504489
-0.5681109661 -0.9839311432 -0.8470059810 -0.1189059551 -0.8848566843 -0.8396843539 -0.7136881423 -0.1188842574 -0.6232640172 -0.9425508709 0.9995802571 -0.9835874642 -0.0920974266 -0.0839750122
-0.5785142719 -0.9864697470 -0.8536264976 -0.1358408337 -0.8756381347 -0.8460888765 -0.6973007289 -0.1358203019 -0.6043623667 -0.9363553421 0.9999069671 -0.9861455711 -0.1093888211 -0.1013738204
-0.5889077600 -0.9887971334 -0.8601214728 -0.1529357765 -0.8660367068 -0.8523830643 -0.6804076266 -0.1529163886 -0.5849429539 -0.9298234484 1.0000000000 -0.9884940573 -0.1268517518 -0.1189476688
-0.5992908967 -0.9909112385 -0.8664894217 -0.1701914605 -0.8560493982 -0.8585656658 -0.6630049584 -0.1701731940 -0.5650019895 -0.9229524784 0.9998572687 -0.9906308782 -0.1444869867 -0.1366973528
-0.6096631481 -0.9928099986 -0.8727288594 -0.1876085628 -0.8456732065 -0.8646354292 -0.6450888472 -0.1875913945 -0.5445356842 -0.9157397212 0.9994766859 -0.9925539895 -0.1622952934 -0.1546236675
-0.6200239803 -0.9944913498 -0.8788383012 -0.2051877607 -0.8349051295 -0.8705911029 -0.6266554160 -0.2051716665 -0.5235402491 -0.9081824655 0.9988561646 -0.9942613467 -0.1802774398 -0.1727274084
-0.6303728597 -0.9959532284 -0.8848162622 -0.2229297312 -0.8237421648 -0.8764314352 -0.6077007876 -0.2229146864 -0.5020118949 -0.9002780001 0.9979936176 -0.9957509054 -0.1984341937 -0.1910093708
-0.6407092524 -0.9971935704 -0.8906612576 -0.2408351514 -0.8121813101 -0.8821551746 -0.5882210849 -0.2408211307 -0.4799468323 -0.8920236139 0.9968869577 -0.9970206211 -0.2167663228 -0.2094703499
-0.6510326245 -0.9982103122 -0.8963718025 -0.2589046985 -0.8002195630 -0.8877610694 -0.5682124310 -0.2588916758 -0.4573412724 -0.8834165957 0.9955340977 -0.9980684494 -0.2352745949 -0.2281111411
-0.6613424423 -0.9990013898 -0.9019464122 -0.2771390495 -0.7878539213 -0.8932478679 -0.5476709486 -0.2771269981 -0.4341914259 -0.8744542344 0.9939329505 -0.9988923459 -0.2539597779 -0.2469325397
-0.6716381720 -0.9995647396 -0.9073836018 -0.2955388817 -0.7750813825 -0.8986143185 -0.5265927608 -0.2955277739 -0.4104935035 -0.8651338187 0.9920814290 -0.9994902662 -0.2728226396 -0.2659353410
-0.6819192797 -0.9998982976 -0.9126818865 -0.3141048721 -0.7618989445 -0.9038591696 -0.5049739904 -0.3140946798 -0.3862437163 -0.8554526375 0.9899774459 -0.9998601657 -0.2918639476 -0.2851203403
-0.6921852316 -1.0000000000 -0.9178397814 -0.3328376978 -0.7483036048 -0.9089811694 -0.4828107603 -0.3328283921 -0.3614382749 -0.8454079797 0.9876189141 -1.0000000000 -0.3110844699 -0.3044883329
-0.7024354939 -0.9998677831 -0.9228558018 -0.3517380360 -0.7342923611 -0.9139790664 -0.4600991936 -0.3517295873 -0.3360733903 -0.8349971340 0.9850037464 -0.9999077247 -0.3304849743 -0.3240401142
-0.7126695328 -0.9994995830 -0.9277284628 -0.3708065638 -0.7198622112 -0.9188516090 -0.4368354130 -0.3707989418 -0.3101452733 -0.8242173893 0.9821298558 -0.9995812955 -0.3500662284 -0.3437764793
-0.7228868145 -0.9988933359 -0.9324562796 -0.3900439583 -0.7050101526 -0.9235975454 -0.4130155415 -0.3900371320 -0.2836501346 -0.8130660345 0.9789951550 -0.9990186677 -0.3698290001 -0.3636982237
-0.7330868052 -0.9980469781 -0.9370377673 -0.4094508966 -0.6897331830 -0.9282156240 -0.3886357021 -0.4094448342 -0.2565841852 -0.8015403583 0.9755975568 -0.9982177970 -0.3897740572 -0.3838061427
-0.7432689711 -0.9969584456 -0.9414714411 -0.4290280559 -0.6740283002 -0.9327045932 -0.3636920176 -0.4290227250 -0.2289436359 -0.7896376496 0.9719349741 -0.9971766390 -0.4099021676 -0.4041010316
-0.7534327783 -0.9956256747 -0.9457558162 -0.4487761132 -0.6578925017 -0.9370632013 -0.3381806109 -0.4487714807 -0.2007246974 -0.7773551972 0.9680053198 -0.9958931492 -0.4302140989 -0.4245836856
