-0.8704739961 -0.4597194619 -0.7255569417 -0.9098622621 0.8210415832 -0.5172080793 0.1800414596 -0.9131161997 0.9462370866 0.1076740030 -0.9655906384 -0.4157831970 -0.8771053669 -0.8955903367
-0.8639595645 -0.4432221398 -0.7143633990 -0.9076749168 0.8286447188 -0.5023474378 0.1931025466 -0.9109588473 0.9499924464 0.1117694018 -0.9686385725 -0.3985212139 -0.8753984659 -0.8938792431
-0.8573381382 -0.4265941694 -0.7030111565 -0.9053851638 0.8361024237 -0.4873522975 0.2061332461 -0.9086987977 0.9536094165 0.1158470314 -0.9715567411 -0.3811320123 -0.8735928312 -0.8920676021
-0.8506137163 -0.4098412239 -0.6915042302 -0.9029958375 0.8434133386 -0.4722270253 0.2191314818 -0.9063388774 0.9570882790 0.1199077562 -0.9743433800 -0.3636214192 -0.8716911514 -0.8901581067
-0.8437902977 -0.3929689765 -0.6798466358 -0.9005097726 0.8505761043 -0.4569759881 0.2320951772 -0.9038819126 0.9604293160 0.1239524408 -0.9769967248 -0.3459952613 -0.8696961152 -0.8881534502
-0.8368718816 -0.3759831006 -0.6680423892 -0.8979298033 0.8575893616 -0.4416035527 0.2450222559 -0.9013307295 0.9636328096 0.1279819497 -0.9795150112 -0.3282593654 -0.8676104114 -0.8860563255
-0.8298624668 -0.3588892694 -0.6560955062 -0.8952587642 0.8644517511 -0.4261140860 0.2579106416 -0.8986881545 0.9666990419 0.1319971472 -0.9818964750 -0.3104195584 -0.8654367285 -0.8838694258
-0.8227660526 -0.3416931562 -0.6440100025 -0.8924994898 0.8711619137 -0.4105119548 0.2707582579 -0.8959570138 0.9696282949 0.1359988980 -0.9841393518 -0.2924816671 -0.8631777555 -0.8815954440
-0.8155866378 -0.3244004342 -0.6317898940 -0.8896548145 0.8777184899 -0.3948015260 0.2835630284 -0.8931401336 0.9724208508 0.1399880664 -0.9862418775 -0.2744515182 -0.8608361808 -0.8792370733
-0.8083282215 -0.3070167769 -0.6194391965 -0.8867275729 0.8841201207 -0.3789871665 0.2963228767 -0.8902403404 0.9750769917 0.1439655169 -0.9882022876 -0.2563349388 -0.8584146932 -0.8767970067
-0.8009948027 -0.2895478573 -0.6069619259 -0.8837205993 0.8903654466 -0.3630732431 0.3090357264 -0.8872604603 0.9775969997 0.1479321141 -0.9900188180 -0.2381377555 -0.8559159815 -0.8742779373
-0.7935903806 -0.2719993489 -0.5943620979 -0.8806367283 0.8964531084 -0.3470641228 0.3216995012 -0.8842033196 0.9799811568 0.1518887224 -0.9916897043 -0.2198657951 -0.8533427343 -0.8716825582
-0.7861189540 -0.2543769248 -0.5816437284 -0.8774787944 0.9023817469 -0.3309641723 0.3343121246 -0.8810717447 0.9822297451 0.1558362063 -0.9932131822 -0.2015248846 -0.8506976403 -0.8690135625
-0.7785845220 -0.2366862585 -0.5688108332 -0.8742496319 0.9081500028 -0.3147777585 0.3468715202 -0.8778685617 0.9843430468 0.1597754302 -0.9945874875 -0.1831208507 -0.8479833883 -0.8662736431
-0.7709910837 -0.2189330230 -0.5558674281 -0.8709520754 0.9137565168 -0.2985092484 0.3593756117 -0.8745965970 0.9863213440 0.1637072587 -0.9958108559 -0.1646595203 -0.8452026668 -0.8634654933
-0.7633426381 -0.2011228918 -0.5428175289 -0.8675889594 0.9191999297 -0.2821630087 0.3718223227 -0.8712586768 0.9881649187 0.1676325562 -0.9968815230 -0.1461467201 -0.8423581647 -0.8605918061
-0.7556431842 -0.1832615381 -0.5296651515 -0.8641631184 0.9244788822 -0.2657434063 0.3842095767 -0.8678576274 0.9898740530 0.1715521872 -0.9977977246 -0.1275882771 -0.8394525706 -0.8576552744
-0.7478967210 -0.1653546352 -0.5164143116 -0.8606773867 0.9295920149 -0.2492548081 0.3965352975 -0.8643962751 0.9914490291 0.1754670161 -0.9985576964 -0.1089900179 -0.8364885732 -0.8546585915
-0.7401072476 -0.1474078563 -0.5030690251 -0.8571345989 0.9345379688 -0.2327015810 0.4087974086 -0.8608774461 0.9928901290 0.1793779076 -0.9991596742 -0.0903577695 -0.8334688612 -0.8516044504
-0.7322787629 -0.1294268748 -0.4896333078 -0.8535375895 0.9393153844 -0.2160880918 0.4209938336 -0.8573039668 0.9941976349 0.1832857259 -0.9996018935 -0.0716973586 -0.8303961233 -0.8484955441
