0.0960824597 0.1586189985 0.1517842634 0.1447866947 0.2152398894 0.1475706754 0.1979465103 0.1378611263 0.2586678673 0.2061768974 -0.0623034924 0.1477096819 0.2169969017 0.2184588755
0.1229577319 0.1817993854 0.1757121636 0.1723525562 0.2337588445 0.1703269548 0.2187695931 0.1655642839 0.2744653899 0.2212483181 -0.0768634704 0.1712256758 0.2431023626 0.2445418166
0.1504173575 0.2056499570 0.2002770386 0.2003242012 0.2531169436 0.1938129189 0.2403191736 0.1936823656 0.2911689062 0.2372215275 -0.0923557920 0.1954183024 0.2695200861 0.2709346960
0.1784672001 0.2301787445 0.2254862242 0.2287041766 0.2733259349 0.2180376518 0.2626046909 0.2222180661 0.3087918183 0.2541099377 -0.1087943219 0.2202956264 0.2962511396 0.2976385347
0.2071131235 0.2553937789 0.2513470565 0.2574950288 0.2943975668 0.2430102376 0.2856355840 0.2511740802 0.3273475284 0.2719269608 -0.1261929250 0.2458657129 0.3232965909 0.3246543537
0.2363609914 0.2813030914 0.2778668715 0.2866993046 0.3163435874 0.2687397603 0.3094212921 0.2805531027 0.3468494386 0.2906860089 -0.1445654660 0.2721366269 0.3506575075 0.3519831740
0.2662166674 0.3079147131 0.3050530051 0.3163195506 0.3391757451 0.2952353039 0.3339712541 0.3103578285 0.3673109511 0.3104004943 -0.1639258096 0.2991164333 0.3783349570 0.3796260169
0.2966860152 0.3352366752 0.3329127933 0.3463583133 0.3629057881 0.3225059525 0.3592949092 0.3405909522 0.3887454680 0.3310838290 -0.1842878206 0.3268131970 0.4063300071 0.4075839031
0.3277748987 0.3632770086 0.3614535721 0.3768181394 0.3875454647 0.3505607901 0.3854016964 0.3712551688 0.4111663914 0.3527494253 -0.2056653637 0.3552349830 0.4346437254 0.4358578540
0.3594891813 0.3920437446 0.3906826775 0.4077015756 0.4131065231 0.3794089008 0.4123010549 0.4023531729 0.4345871235 0.3754106952 -0.2280723037 0.3843898563 0.4632771795 0.4644488904
0.3918347270 0.4215449143 0.4206074455 0.4390111683 0.4396007116 0.4090593686 0.4400024236 0.4338876594 0.4590210663 0.3990810509 -0.2515225053 0.4142858819 0.4922314371 0.4933580334
0.4248173993 0.4517885487 0.4512352120 0.4707494644 0.4670397784 0.4395212775 0.4685152416 0.4658613231 0.4844816220 0.4237739046 -0.2760298334 0.4449311246 0.5215075656 0.5225863041
0.4584430620 0.4827826791 0.4825733130 0.5029190103 0.4954354718 0.4708037117 0.4978489480 0.4982768588 0.5109821928 0.4495026684 -0.3016081526 0.4763336495 0.5511066329 0.5521347235
0.4927175787 0.5145353364 0.5146290844 0.5355223528 0.5247995401 0.5029157551 0.5280129819 0.5311369612 0.5385361808 0.4762807545 -0.3282713276 0.5085015215 0.5810297064 0.5820043128
0.5276468132 0.5470545520 0.5474098624 0.5685620383 0.5551437316 0.5358664917 0.5590167824 0.5644443252 0.5671569880 0.5041215750 -0.3560332234 0.5414428055 0.6112778538 0.6121960928
0.5632366292 0.5803483567 0.5809229828 0.6020406137 0.5864797944 0.5696650057 0.5908697885 0.5982016456 0.5968580167 0.5330385421 -0.3849077045 0.5751655666 0.6418521428 0.6427110847
0.5994928903 0.6144247819 0.6151757817 0.6359606254 0.6188194769 0.6043203811 0.6235814392 0.6324116171 0.6276526690 0.5630450678 -0.4149086358 0.6096778697 0.6727536408 0.6735503096
0.6364214603 0.6492918585 0.6501755950 0.6703246201 0.6521745273 0.6398417019 0.6571611737 0.6670769345 0.6595543470 0.5941545645 -0.4460498820 0.6449877797 0.7039834156 0.7047147884
0.6740282029 0.6849576178 0.6859297587 0.7051351444 0.6865566939 0.6762380521 0.6916184311 0.7022002927 0.6925764528 0.6263804442 -0.4783453078 0.6811033616 0.7355425348 0.7362055423
0.7123189817 0.7214300908 0.7224456087 0.7403947450 0.7219777249 0.7135185159 0.7269626503 0.7377843864 0.7267323886 0.6597361190 -0.5118087781 0.7180326803 0.7674320660 0.7680235922
