-0.1547305524 -0.2223956265 -0.9378892186 -0.4572944039 0.5349624696 0.2778234915 -0.6442685177 -0.4622985704 0.7637634700 0.5879211215 -0.5265803724 -0.3295083402 -0.4531943472 -0.4469607290
-0.1591242138 -0.2324159636 -0.9526281549 -0.4629421218 0.5244130008 0.2681833456 -0.6779675034 -0.4680494447 0.7499686292 0.5745291847 -0.5137837764 -0.3447493622 -0.4568640983 -0.4514040898
-0.1621908800 -0.2408365926 -0.9652880280 -0.4670223422 0.5143030637 0.2596395230 -0.7097808416 -0.4722255835 0.7358889813 0.5612885371 -0.5013169499 -0.3581156403 -0.4590487175 -0.4543349182
-0.1639632604 -0.2476944215 -0.9759119283 -0.4695721613 0.5046215240 0.2521655511 -0.7397409597 -0.4748642025 0.7215313829 0.5481958864 -0.4891722743 -0.3696483735 -0.4597840904 -0.4557894813
-0.1644740648 -0.2530263588 -0.9845429461 -0.4706286755 0.4953572476 0.2457349578 -0.7678802852 -0.4760025174 0.7069026906 0.5352479402 -0.4773421307 -0.3793887608 -0.4591061021 -0.4558040461
-0.1637560028 -0.2568693126 -0.9912241719 -0.4702289812 0.4864991001 0.2403212708 -0.7942312458 -0.4756777439 0.6920097608 0.5224414061 -0.4658189005 -0.3873780012 -0.4570506382 -0.4544148795
-0.1618417838 -0.2592601911 -0.9959986959 -0.4684101746 0.4780359474 0.2358980176 -0.8188262688 -0.4739270979 0.6768594501 0.5097729915 -0.4545949649 -0.3936572936 -0.4536535839 -0.4516582485
-0.1587641177 -0.2602359027 -0.9989096085 -0.4652093522 0.4699566552 0.2324387261 -0.8416977819 -0.4707877950 0.6614586151 0.4972394042 -0.4436627051 -0.3982678370 -0.4489508248 -0.4475704201
-0.1545557138 -0.2598333556 -1.0000000000 -0.4606636103 0.4622500893 0.2299169238 -0.8628782125 -0.4662970511 0.6458141124 0.4848373517 -0.4330145025 -0.4012508304 -0.4429782460 -0.4421876612
-0.1492492819 -0.2580894580 -0.9993129608 -0.4548100452 0.4549051155 0.2283061385 -0.8823999882 -0.4604920818 0.6299327983 0.4725635415 -0.4226427382 -0.4026474728 -0.4357717331 -0.4355462389
-0.1428775315 -0.2550411182 -0.9968915813 -0.4476857532 0.4479105996 0.2275798979 -0.9002955365 -0.4534101029 0.6138215296 0.4604146813 -0.4125397935 -0.4024989630 -0.4273671714 -0.4276824201
-0.1354731723 -0.2507252444 -0.9927789518 -0.4393278308 0.4412554073 0.2277117296 -0.9165972850 -0.4450883302 0.5974871628 0.4483874785 -0.4026980497 -0.4008465002 -0.4178004462 -0.4186324718
-0.1270689139 -0.2451787449 -0.9870181626 -0.4297733742 0.4349284044 0.2286751614 -0.9313376611 -0.4355639793 0.5809365544 0.4364786409 -0.3931098881 -0.3977312832 -0.4071074430 -0.4084326609
-0.1176974657 -0.2384385279 -0.9796523042 -0.4190594798 0.4289184566 0.2304437210 -0.9445490924 -0.4248742662 0.5641765609 0.4246848760 -0.3837676898 -0.3931945111 -0.3953240471 -0.3971192545
-0.1073915376 -0.2305415016 -0.9707244668 -0.4072232440 0.4232144299 0.2329909359 -0.9562640065 -0.4130564064 0.5472140390 0.4130028913 -0.3746638361 -0.3872773828 -0.3824861438 -0.3847285194
-0.0961838390 -0.2215245743 -0.9602777408 -0.3943017631 0.4178051898 0.2362903340 -0.9665148307 -0.4001476157 0.5300558450 0.4014293944 -0.3657907084 -0.3800210973 -0.3686296187 -0.3712967228
-0.0841070795 -0.2114246544 -0.9483552166 -0.3803321333 0.4126796022 0.2403154429 -0.9753339928 -0.3861851100 0.5127088357 0.3899610930 -0.3571406878 -0.3714668535 -0.3537903570 -0.3568601316
-0.0711939689 -0.2002786499 -0.9349999844 -0.3653514512 0.4078265329 0.2450397903 -0.9827539202 -0.3712061048 0.4951798676 0.3785946945 -0.3487061556 -0.3616558505 -0.3380042441 -0.3414550127
-0.0574772165 -0.1881234691 -0.9202551348 -0.3493968130 0.4032348477 0.2504369039 -0.9888070404 -0.3552478161 0.4774757971 0.3673269067 -0.3404794931 -0.3506292872 -0.3213071653 -0.3251176331
-0.0429895322 -0.1749960204 -0.9041637579 -0.3325053150 0.3988934122 0.2564803113 -0.9935257809 -0.3383474595 0.4596034808 0.3561544369 -0.3324530815 -0.3384283625 -0.3037350062 -0.3078842598
