-0.6122354403 -0.5111974173 -0.3956902904 -0.6354852750 -0.9371223078 -0.6947115947 -0.7113405939 -0.6334052819 -0.3761111081 -0.7324322194 0.9991330430 -0.5254350079 -0.6389868297 -0.6442736581
-0.5992076568 -0.4901202074 -0.3737393043 -0.6260333592 -0.9259953495 -0.6797941139 -0.6932022259 -0.6239210783 -0.3732343295 -0.7303375797 1.0000000000 -0.5043780625 -0.6297527699 -0.6348163506
-0.5860676409 -0.4686117036 -0.3514452504 -0.6166302297 -0.9138837848 -0.6645406391 -0.6744270747 -0.6144861720 -0.3695406387 -0.7271574428 0.9997538276 -0.4828644597 -0.6205749049 -0.6253982434
-0.5728208494 -0.4466727454 -0.3288107267 -0.6072837630 -0.9007707086 -0.6489525548 -0.6550080632 -0.6051084562 -0.3650117338 -0.7228682512 0.9983729087 -0.4608942232 -0.6114612114 -0.6160270271
-0.5594727391 -0.4243041722 -0.3058383315 -0.5980018361 -0.8866392155 -0.6330312457 -0.6349381140 -0.5957958242 -0.3596293131 -0.7174464475 0.9958356261 -0.4384673765 -0.6024196662 -0.6067103921
-0.5460287669 -0.4015068235 -0.2825306629 -0.5887923254 -0.8714724004 -0.6167780964 -0.6142101499 -0.5865561690 -0.3533750746 -0.7108684744 0.9921203627 -0.4155839431 -0.5934582460 -0.5974560290
-0.5324943896 -0.3782815390 -0.2588903190 -0.5796631077 -0.8552533582 -0.6001944916 -0.5928170938 -0.5773973839 -0.3462307165 -0.7031107745 0.9872055015 -0.3922439467 -0.5845849276 -0.5882716282
-0.5188750641 -0.3546291581 -0.2349198980 -0.5706220596 -0.8379651835 -0.5832818159 -0.5707518685 -0.5683273621 -0.3381779369 -0.6941497904 0.9810694252 -0.3684474109 -0.5758076877 -0.5791648803
-0.5051762472 -0.3305505203 -0.2106219980 -0.5616770579 -0.8195909713 -0.5660414539 -0.5480073966 -0.5593539966 -0.3291984341 -0.6839619647 0.9736905167 -0.3441943591 -0.5671345032 -0.5701434758
-0.4914033958 -0.3060464652 -0.1859992172 -0.5528359791 -0.8001138163 -0.5484747903 -0.5245766011 -0.5504851808 -0.3192739061 -0.6725237400 0.9650471590 -0.3194848151 -0.5585733507 -0.5612151051
-0.4775619668 -0.2811178323 -0.1610541538 -0.5441067000 -0.7795168133 -0.5305832098 -0.5004524046 -0.5417288077 -0.3083860511 -0.6598115589 0.9551177348 -0.2943188024 -0.5501322071 -0.5523874588
-0.4636574169 -0.2557654610 -0.1357894058 -0.5354970973 -0.7577830572 -0.5123680968 -0.4756277300 -0.5330927706 -0.2965165674 -0.6458018641 0.9438806271 -0.2686963446 -0.5418190490 -0.5436682274
-0.4496952031 -0.2299901910 -0.1102075715 -0.5270150476 -0.7348956427 -0.4938308362 -0.4500955001 -0.5245849626 -0.2836471529 -0.6304710981 0.9313142187 -0.2426174652 -0.5336418533 -0.5350651014
-0.4356807821 -0.2037928616 -0.0843112489 -0.5186684276 -0.7108376646 -0.4749728125 -0.4238486376 -0.5162132769 -0.2697595059 -0.6137957036 0.9173968925 -0.2160821878 -0.5256085967 -0.5265857713
-0.4216196109 -0.1771743125 -0.0581030363 -0.5104651140 -0.6855922177 -0.4557954104 -0.3968800654 -0.5079856067 -0.2548353245 -0.5957521231 0.9021070314 -0.1890905361 -0.5177272560 -0.5182379275
-0.4075171462 -0.1501353832 -0.0315855318 -0.5024129834 -0.6591423969 -0.4363000145 -0.3691827062 -0.4999098452 -0.2388563068 -0.5763167993 0.8854230183 -0.1616425336 -0.5100058079 -0.5100292607
-0.3933788450 -0.1226769131 -0.0047613334 -0.4945199126 -0.6314712969 -0.4164880095 -0.3407494828 -0.4919938856 -0.2218041511 -0.5554661748 0.8673232360 -0.1337382038 -0.5024522293 -0.5019674612
-0.3792101641 -0.0947997418 0.0223669605 -0.4867937781 -0.6025620126 -0.3963607800 -0.3115733180 -0.4842456209 -0.2036605555 -0.5331766923 0.8477860673 -0.1053775704 -0.4950744967 -0.4940602197
-0.3650165602 -0.0665047088 0.0497967519 -0.4792424567 -0.5723976387 -0.3759197106 -0.2816471346 -0.4766729445 -0.1844072181 -0.5094247942 0.8267898953 -0.0765606570 -0.4878805871 -0.4863152266
-0.3508034904 -0.0377926536 0.0775254427 -0.4718738251 -0.5409612700 -0.3551661860 -0.2509638554 -0.4692837494 -0.1640258371 -0.4841869232 0.8043131027 -0.0472874871 -0.4808784772 -0.4787401724
