0.0237375337 -0.2642479667 -0.1839425673 0.3875800812 -0.0265539709 0.5351618882 -0.2750431247 0.3806571869 -0.0557844108 0.9326362366 -0.8064325750 -0.2163735512 0.3664222860 0.3456367604
0.0374913448 -0.2454077139 -0.1632783380 0.3940767339 -0.0216453796 0.5484132312 -0.2653779502 0.3871709659 -0.0552690652 0.9383662615 -0.8161680864 -0.1955372846 0.3719151506 0.3511237565
0.0512954161 -0.2264845232 -0.1425501631 0.4005600190 -0.0167495040 0.5616257925 -0.2556824342 0.3936723471 -0.0547712334 0.9438524931 -0.8256929266 -0.1746221475 0.3773955083 0.3566010434
0.0651410095 -0.2074848960 -0.1217662127 0.4070242524 -0.0118650403 0.5747917010 -0.2459572789 0.4001556366 -0.0542878746 0.9490933804 -0.8350037057 -0.1536366598 0.3828580655 0.3620633203
0.0790193872 -0.1884153339 -0.1009346570 0.4134637503 -0.0069906844 0.5879030853 -0.2362031864 0.4066151404 -0.0538159483 0.9540873722 -0.8440970337 -0.1325893410 0.3882975283 0.3675052865
0.0929218110 -0.1692823386 -0.0800636663 0.4198728287 -0.0021251322 0.6009520743 -0.2264208591 0.4130451647 -0.0533524140 0.9588329173 -0.8529695208 -0.1114887110 0.3937086031 0.3729216412
0.1068395429 -0.1500924116 -0.0591614108 0.4262458035 0.0027329203 0.6139307967 -0.2166109990 0.4194400154 -0.0528942310 0.9633284645 -0.8616177771 -0.0903432896 0.3990859962 0.3783070837
0.1207638448 -0.1308520545 -0.0382360606 0.4325769908 0.0075847770 0.6268313813 -0.2067743085 0.4257939987 -0.0524383588 0.9675724626 -0.8700384128 -0.0691615964 0.4044244137 0.3836563133
0.1346859788 -0.1115677690 -0.0172957860 0.4388607066 0.0124317419 0.6396459569 -0.1969114898 0.4321014207 -0.0519817568 0.9715633604 -0.8782280378 -0.0479521511 0.4097185621 0.3889640293
0.1485972071 -0.0922460562 0.0036512430 0.4450912669 0.0172751194 0.6523666529 -0.1870232449 0.4383565875 -0.0515213843 0.9752996086 -0.8861832621 -0.0267234734 0.4149631475 0.3942249309
0.1624887907 -0.0728934189 0.0245968557 0.4512629876 0.0221162127 0.6649855962 -0.1771102764 0.4445538050 -0.0510542011 0.9787796508 -0.8939006966 -0.0054840836 0.4201528762 0.3994337173
0.1763519927 -0.0535163575 0.0455328823 0.4573701850 0.0269563266 0.6774949175 -0.1671732863 0.4506873794 -0.0505771663 0.9820019409 -0.9013769505 0.0157574992 0.4252824546 0.4045850879
0.1901780745 -0.0341213741 0.0664511526 0.4634071748 0.0317967647 0.6898867448 -0.1572129767 0.4567516168 -0.0500872393 0.9849649260 -0.9086086343 0.0369927550 0.4303465889 0.4096737418
0.2039582982 -0.0147149701 0.0873434962 0.4693682733 0.0366388312 0.7021532070 -0.1472300501 0.4627408233 -0.0495813797 0.9876670550 -0.9155923581 0.0582131641 0.4353399854 0.4146943784
0.2176839258 0.0046963527 0.1082017431 0.4752477963 0.0414838300 0.7142864329 -0.1372252084 0.4686493049 -0.0490565469 0.9901067768 -0.9223247319 0.0794102069 0.4402573503 0.4196416970
0.2313462192 0.0241060929 0.1290177230 0.4810400599 0.0463330652 0.7262785512 -0.1271991541 0.4744713677 -0.0485097002 0.9922825400 -0.9288023659 0.1005753634 0.4450933899 0.4245103967
0.2449364404 0.0435077488 0.1497832656 0.4867393801 0.0511878407 0.7381216906 -0.1171525892 0.4802013178 -0.0479377992 0.9941927937 -0.9350218702 0.1217001140 0.4498428106 0.4292951768
0.2584458514 0.0628948188 0.1704902008 0.4923400729 0.0560494605 0.7498079801 -0.1070862161 0.4858334613 -0.0473378032 0.9958359865 -0.9409798549 0.1427759389 0.4545003186 0.4339907367
0.2718657141 0.0822608012 0.1911303584 0.4978364544 0.0609192288 0.7613295482 -0.0970007369 0.4913621042 -0.0467066716 0.9972105672 -0.9466729301 0.1637943185 0.4590606201 0.4385917755
0.2851872905 0.1015991947 0.2116955682 0.5032228405 0.0657984494 0.7726785239 -0.0868968539 0.4967815527 -0.0460413639 0.9983149849 -0.9520977059 0.1847467329 0.4635184215 0.4430929925
