0.9244679678 0.6573930006 0.5293384811 0.9017281419 0.9130508522 0.9135682893 0.5598379000 0.9018374268 0.8437866081 0.7833473224 -0.9967252386 0.6798588913 0.8926917453 0.8810055820
0.9302516489 0.6609583833 0.5325876087 0.9083086876 0.9156255842 0.9174290069 0.5625248248 0.9084123315 0.8454294008 0.7847776915 -0.9980183412 0.6835538781 0.8996023083 0.8881896535
0.9357814485 0.6642946912 0.5356273069 0.9146397199 0.9179127691 0.9210173452 0.5649900749 0.9147377939 0.8467862423 0.7859306322 -0.9989879443 0.6870172231 0.9062635021 0.8951302668
0.9410602675 0.6674050971 0.5384605961 0.9207235300 0.9199164190 0.9243368931 0.5672369173 0.9208161124 0.8478613131 0.7868102737 -0.9996384722 0.6902521015 0.9126773140 0.9018293130
0.9460910067 0.6702927739 0.5410904968 0.9265624089 0.9216405456 0.9273912397 0.5692686187 0.9266495854 0.8486587934 0.7874207451 -0.9999743493 0.6932616885 0.9188457315 0.9082886831
0.9508765669 0.6729608945 0.5435200292 0.9321586477 0.9230891611 0.9301839741 0.5710884461 0.9322405112 0.8491828635 0.7877661757 -1.0000000000 0.6960491594 0.9247707419 0.9145102681
0.9554198492 0.6754126318 0.5457522140 0.9375145378 0.9242662773 0.9327186852 0.5726996663 0.9375911882 0.8494377039 0.7878506947 -0.9997198487 0.6986176891 0.9304543326 0.9204959592
0.9597237543 0.6776511585 0.5477900713 0.9426323701 0.9251759061 0.9349989622 0.5741055464 0.9427039148 0.8494274947 0.7876784312 -0.9991383199 0.7009704529 0.9358984909 0.9262476472
0.9637911831 0.6796796475 0.5496366218 0.9475144359 0.9258220596 0.9370283939 0.5753093531 0.9475809893 0.8491564164 0.7872535145 -0.9982598378 0.7031106261 0.9411052042 0.9317672234
0.9676250365 0.6815012717 0.5512948858 0.9521630262 0.9262087496 0.9388105695 0.5763143534 0.9522247102 0.8486286492 0.7865800738 -0.9970888269 0.7050413836 0.9460764600 0.9370565787
0.9712282153 0.6831192039 0.5527678836 0.9565804322 0.9263399881 0.9403490780 0.5771238141 0.9566373758 0.8478483736 0.7856622382 -0.9956297117 0.7067659007 0.9508142455 0.9421176042
0.9746036205 0.6845366171 0.5540586358 0.9607689451 0.9262197870 0.9416475084 0.5777410022 0.9608212844 0.8468197698 0.7845041370 -0.9938869163 0.7082873526 0.9553205482 0.9469521910
0.9777541530 0.6857566840 0.5551701627 0.9647308560 0.9258521583 0.9427094497 0.5781691845 0.9647787346 0.8455470181 0.7831098993 -0.9918648654 0.7096089144 0.9595973554 0.9515622300
0.9806827135 0.6867825775 0.5561054848 0.9684684560 0.9252411140 0.9435384910 0.5784116280 0.9685120245 0.8440342989 0.7814836544 -0.9895679832 0.7107337613 0.9636466544 0.9559496124
0.9833922030 0.6876174705 0.5568676224 0.9719840363 0.9243906659 0.9441382213 0.5784715995 0.9720234526 0.8422857924 0.7796295314 -0.9870006942 0.7116650685 0.9674704327 0.9601162292
0.9858855223 0.6882645358 0.5574595960 0.9752798880 0.9233048260 0.9445122297 0.5783523659 0.9753153173 0.8403056791 0.7775516596 -0.9841674227 0.7124060111 0.9710706777 0.9640639714
0.9881655723 0.6887269463 0.5578844260 0.9783583023 0.9219876063 0.9446641051 0.5780571942 0.9783899170 0.8380981393 0.7752541682 -0.9810725932 0.7129597642 0.9744493767 0.9677947301
0.9902352539 0.6890078748 0.5581451328 0.9812215702 0.9204430187 0.9445974365 0.5775893512 0.9812495500 0.8356673533 0.7727411862 -0.9777206300 0.7133295031 0.9776085170 0.9713103963
0.9920974680 0.6891104942 0.5582447369 0.9838719831 0.9186750751 0.9443158131 0.5769521039 0.9838965146 0.8330175013 0.7700168431 -0.9741159575 0.7135184030 0.9805500861 0.9746128611
0.9937551155 0.6890379773 0.5581862585 0.9863118319 0.9166877875 0.9438228239 0.5761487190 0.9863331094 0.8301527638 0.7670852678 -0.9702630001 0.7135296389 0.9832760713 0.9777040155
