0.0672419502 -0.4604052042 -0.3241926092 0.0842425947 0.0256449778 -0.6437841482 -0.3705666607 0.0826759531 -0.0037981421 -0.4423129940 -0.3474920438 -0.4212284023 0.0844933640 0.0819731759
0.0841952212 -0.4519882413 -0.3124430168 0.1016850388 0.0092469417 -0.6386612984 -0.3843813775 0.1001044976 -0.0204201812 -0.4538156050 -0.3371358610 -0.4121512295 0.1019441590 0.0994053159
0.1009508775 -0.4436711702 -0.3007813759 0.1189308548 -0.0069994823 -0.6336152482 -0.3980408274 0.1173370897 -0.0368772545 -0.4652062967 -0.3268967148 -0.4031803118 0.1191983591 0.1166420351
0.1175099953 -0.4354530671 -0.2892072580 0.1359808476 -0.0230947510 -0.6286449771 -0.4115450772 0.1343745288 -0.0531699711 -0.4764848128 -0.3167736981 -0.3943147253 0.1362567631 0.1336841198
0.1338736506 -0.4273330080 -0.2777202348 0.1528358216 -0.0390393213 -0.6237494646 -0.4248941936 0.1512176141 -0.0692989402 -0.4876508970 -0.3067659040 -0.3855535460 0.1531201701 0.1505323566
0.1500429194 -0.4193100691 -0.2663198779 0.1694965815 -0.0548336499 -0.6189276900 -0.4380882435 0.1678671450 -0.0852647711 -0.4987042928 -0.2968724255 -0.3768958497 0.1697893789 0.1671875319
0.1660188777 -0.4113833265 -0.2550057589 0.1859639320 -0.0704781937 -0.6141786328 -0.4511272936 0.1843239207 -0.1010680730 -0.5096447439 -0.2870923557 -0.3683407124 0.1862651886 0.1836504324
0.1818026015 -0.4035518563 -0.2437774494 0.2022386776 -0.0859734096 -0.6095012725 -0.4640114106 0.2005887404 -0.1167094550 -0.5204719940 -0.2774247876 -0.3598872101 0.2025483980 0.1999218444
0.1973951669 -0.3958147347 -0.2326345212 0.2183216231 -0.1013197542 -0.6048945885 -0.4767406614 0.2166624035 -0.1321895264 -0.5311857868 -0.2678688142 -0.3515344187 0.2186398063 0.2160025546
0.2127976500 -0.3881710378 -0.2215765457 0.2342135731 -0.1165176844 -0.6003575604 -0.4893151127 0.2325457093 -0.1475088963 -0.5417858658 -0.2584235287 -0.3432814143 0.2345402122 0.2318933493
0.2280111267 -0.3806198418 -0.2106030947 0.2499153321 -0.1315676570 -0.5958891674 -0.5017348313 0.2482394570 -0.1626681741 -0.5522719748 -0.2490880241 -0.3351272727 0.2502504147 0.2475950151
0.2430366730 -0.3731602227 -0.1997137397 0.2654277048 -0.1464701289 -0.5914883892 -0.5139998840 0.2637444458 -0.1776679688 -0.5626438574 -0.2398613933 -0.3270710700 0.2657712129 0.2631083385
0.2578753651 -0.3657912567 -0.1889080525 0.2807514959 -0.1612255568 -0.5871542051 -0.5261103375 0.2790614752 -0.1925088897 -0.5729012572 -0.2307427295 -0.3191118820 0.2811034056 0.2784341060
0.2725282788 -0.3585120199 -0.1781856045 0.2958875099 -0.1758343976 -0.5828855946 -0.5380662587 0.2941913443 -0.2071915460 -0.5830439180 -0.2217311258 -0.3112487848 0.2962477918 0.2935731041
0.2869964904 -0.3513215885 -0.1675459676 0.3108365516 -0.1902971080 -0.5786815372 -0.5498677142 0.3091348525 -0.2217165469 -0.5930715833 -0.2128256751 -0.3034808542 0.3112051706 0.3085261193
0.3012810757 -0.3442190386 -0.1569887131 0.3255994255 -0.2046141450 -0.5745410123 -0.5615147710 0.3238927990 -0.2360845016 -0.6029839967 -0.2040254704 -0.2958071664 0.3259763407 0.3232939382
0.3153831109 -0.3372034463 -0.1465134129 0.3401769363 -0.2187859652 -0.5704629993 -0.5730074956 0.3384659831 -0.2502960193 -0.6127809021 -0.1953296050 -0.2882267971 0.3405621012 0.3378773471
0.3293036719 -0.3302738877 -0.1361196386 0.3545698885 -0.2328130255 -0.5664464777 -0.5843459550 0.3528552041 -0.2643517092 -0.6224620430 -0.1867371717 -0.2807388224 0.3549632510 0.3522771326
0.3430438348 -0.3234294391 -0.1258069616 0.3687790869 -0.2466957827 -0.5624904271 -0.5955302159 0.3670612613 -0.2782521805 -0.6320271630 -0.1782472636 -0.2733423183 0.3691805892 0.3664940812
0.3566046756 -0.3166691764 -0.1155749538 0.3828053361 -0.2604346936 -0.5585938267 -0.6065603450 0.3810849539 -0.2919980424 -0.6414760058 -0.1698589739 -0.2660363607 0.3832149145 0.3805289795
