0.2150534514 0.0001266361 -0.0408510545 0.4879588519 0.1815771031 0.2057331572 -0.2633438133 0.4828279097 0.2414154477 0.0092062291 -0.8523853226 0.0181591099 0.5196171408 0.5229456982
0.2256228947 0.0087698351 -0.0323213429 0.5017579065 0.1883891033 0.2159801157 -0.2571246850 0.4965583410 0.2251413258 0.0142113671 -0.8663754999 0.0270690724 0.5336761239 0.5370678666
0.2357526929 0.0170533246 -0.0241287754 0.5150384393 0.1946741128 0.2257839982 -0.2511690878 0.5097715053 0.2088678967 0.0187460598 -0.8796137363 0.0356156539 0.5472041236 0.5506587765
0.2454485489 0.0249820520 -0.0162687003 0.5278066443 0.2004397818 0.2351506176 -0.2454729629 0.5224735921 0.1925976945 0.0228175076 -0.8921088169 0.0438038023 0.5602074596 0.5637247393
0.2547161655 0.0325609648 -0.0087364659 0.5400687157 0.2056937600 0.2440857868 -0.2400322517 0.5346707913 0.1763332533 0.0264329111 -0.9038695269 0.0516384657 0.5726924516 0.5762720664
0.2635612457 0.0397950102 -0.0015274202 0.5518308477 0.2104436974 0.2525953185 -0.2348428953 0.5463692922 0.1600771074 0.0295994707 -0.9149046515 0.0591245920 0.5846654193 0.5883070692
0.2719894924 0.0466891357 0.0053630884 0.5630992344 0.2146972441 0.2606850256 -0.2299008351 0.5575752847 0.1438317907 0.0323243870 -0.9252229757 0.0662671292 0.5961326822 0.5998360592
0.2800066084 0.0532482887 0.0119397118 0.5738800699 0.2184620500 0.2683607210 -0.2252020124 0.5682949584 0.1275998376 0.0346148606 -0.9348332847 0.0730710253 0.6071005600 0.6108653478
0.2876182966 0.0594774165 0.0182071018 0.5841795485 0.2217457649 0.2756282173 -0.2207423685 0.5785345028 0.1113837821 0.0364780919 -0.9437443637 0.0795412282 0.6175753724 0.6214012465
0.2948302600 0.0653814665 0.0241699101 0.5940038642 0.2245560390 0.2824933275 -0.2165178445 0.5883001076 0.0951861585 0.0379212815 -0.9519649979 0.0856826860 0.6275634390 0.6314500666
0.3016482013 0.0709653861 0.0298327886 0.6033592112 0.2269005221 0.2889618644 -0.2125243819 0.5975979624 0.0790095008 0.0389516298 -0.9595039723 0.0915003465 0.6370710795 0.6410181197
0.3080778235 0.0762341226 0.0352003889 0.6122517837 0.2287868641 0.2950396408 -0.2087579219 0.6064342570 0.0628563432 0.0395763374 -0.9663700721 0.0969991578 0.6461046136 0.6501117171
0.3141248295 0.0811926236 0.0402773630 0.6206877757 0.2302227152 0.3007324696 -0.2052144057 0.6148151808 0.0467292198 0.0398026049 -0.9725720825 0.1021840678 0.6546703608 0.6587371702
0.3197949221 0.0858458362 0.0450683626 0.6286733816 0.2312157251 0.3060461634 -0.2018897747 0.6227469236 0.0306306649 0.0396376326 -0.9781187886 0.1070600245 0.6627746408 0.6669007905
0.3250938043 0.0901987080 0.0495780395 0.6362147953 0.2317735439 0.3109865353 -0.1987799702 0.6302356749 0.0145632126 0.0390886213 -0.9830189755 0.1116319759 0.6704237733 0.6746088895
0.3300271789 0.0942561863 0.0538110455 0.6433182111 0.2319038216 0.3155593980 -0.1958809333 0.6372876244 -0.0014706031 0.0381627713 -0.9872814285 0.1159048700 0.6776240778 0.6818677785
0.3346007488 0.0980232184 0.0577720323 0.6499898231 0.2316142080 0.3197705643 -0.1931886055 0.6439089618 -0.0174682478 0.0368672831 -0.9909149326 0.1198836547 0.6843818742 0.6886837690
0.3388202170 0.1015047518 0.0614656518 0.6562358254 0.2309123532 0.3236258471 -0.1906989279 0.6501058766 -0.0334271875 0.0352093574 -0.9939282730 0.1235732780 0.6907034820 0.6950631725
0.3426912862 0.1047057339 0.0648965557 0.6620624123 0.2298059070 0.3271310592 -0.1884078419 0.6558845585 -0.0493448881 0.0331961947 -0.9963302349 0.1269786879 0.6965952208 0.7010123003
0.3462196594 0.1076311120 0.0680693959 0.6674757778 0.2283025195 0.3302920134 -0.1863112888 0.6612511972 -0.0652188153 0.0308349953 -0.9981296034 0.1301048323 0.7020634104 0.7065374638
