0.5443590602 0.5238139882 0.6452183200 0.5836778376 0.1836286081 0.9679656254 0.1489568167 0.5781951736 -0.0143133551 0.9455838478 -0.9950201701 0.6288504793 0.5255822500 0.5068784812
0.5527003564 0.5405397651 0.6615337203 0.5847191397 0.1891258893 0.9728110144 0.1592917267 0.5792857783 -0.0119156480 0.9397389963 -0.9929887934 0.6456638078 0.5259919310 0.5073937547
0.5607249155 0.5570754131 0.6775699176 0.5855083468 0.1946652231 0.9772870303 0.1696274851 0.5801248405 -0.0094077504 0.9335852022 -0.9906043700 0.6621981777 0.5261667688 0.5076766879
0.5684239996 0.5734144305 0.6933187418 0.5860397749 0.2002479137 0.9813858018 0.1799633896 0.5807066663 -0.0067866217 0.9271209144 -0.9878635100 0.6784450692 0.5261014697 0.5077219803
0.5757888705 0.5895503157 0.7087720226 0.5863077400 0.2058752648 0.9850994579 0.1902987382 0.5810255617 -0.0040492213 0.9203445817 -0.9847628237 0.6943959625 0.5257907400 0.5075243309
0.5828107903 0.6054765672 0.7239215898 0.5863065582 0.2115485807 0.9884201271 0.2006328285 0.5810758329 -0.0011925088 0.9132546528 -0.9812989210 0.7100423379 0.5252292858 0.5070784392
0.5894810209 0.6211866833 0.7387592733 0.5860305455 0.2172691653 0.9913399384 0.2109649583 0.5808517859 0.0017865566 0.9058495766 -0.9774684120 0.7253756757 0.5244118136 0.5063790043
0.5957908243 0.6366741625 0.7532769028 0.5854740178 0.2230383226 0.9938510205 0.2212944254 0.5803477268 0.0048910153 0.8981278020 -0.9732679070 0.7403874561 0.5233330296 0.5054207255
0.6017314624 0.6519325031 0.7674663080 0.5846312913 0.2288573567 0.9959455022 0.2316205276 0.5795579616 0.0081239080 0.8900877777 -0.9686940159 0.7550691593 0.5219876400 0.5041983021
0.6072941973 0.6669552037 0.7813193189 0.5834966819 0.2347275714 0.9976155122 0.2419425627 0.5784767965 0.0114882752 0.8817279527 -0.9637433490 0.7694122657 0.5203703511 0.5027064333
0.6124702909 0.6817357625 0.7948277652 0.5820645056 0.2406502709 0.9988531793 0.2522598285 0.5770985375 0.0149871575 0.8730467756 -0.9584125162 0.7834082555 0.5184758693 0.5009398185
0.6172510052 0.6962676779 0.8079834767 0.5803290785 0.2466267592 0.9996506323 0.2625716227 0.5754174907 0.0186235955 0.8640426954 -0.9526981278 0.7970486090 0.5162989007 0.4988931568
0.6216276021 0.7105444485 0.8207782831 0.5782847165 0.2526583402 1.0000000000 0.2728772431 0.5734279622 0.0224006297 0.8547141608 -0.9465967938 0.8103248064 0.5138341517 0.4965611476
0.6255913436 0.7245595725 0.8332040144 0.5759257357 0.2587463180 0.9998934111 0.2831759875 0.5711242581 0.0263213008 0.8450596207 -0.9401051244 0.8232283279 0.5110763286 0.4939384900
0.6291334917 0.7383065484 0.8452525002 0.5732464520 0.2648919966 0.9993229945 0.2934671537 0.5685006844 0.0303886492 0.8350775239 -0.9332197296 0.8357506539 0.5080201376 0.4910198834
0.6322453084 0.7517788747 0.8569155704 0.5702411816 0.2710966800 0.9982808789 0.3037500395 0.5655515472 0.0346057157 0.8247663192 -0.9259372195 0.8478832645 0.5046602850 0.4878000270
0.6349180555 0.7649700496 0.8681850548 0.5669042404 0.2773616722 0.9967591930 0.3140239426 0.5622711526 0.0389755407 0.8141244555 -0.9182542044 0.8596176401 0.5009914770 0.4842736201
0.6371429952 0.7778735716 0.8790527831 0.5632299445 0.2836882772 0.9947500657 0.3242881609 0.5586538067 0.0435011648 0.8031503816 -0.9101672942 0.8709452610 0.4970084200 0.4804353619
0.6389113893 0.7904829391 0.8895105852 0.5592126098 0.2900777990 0.9922456257 0.3345419920 0.5546938156 0.0481856286 0.7918425463 -0.9016730991 0.8818576072 0.4927058203 0.4762799518
0.6402144998 0.8027916506 0.8995502908 0.5548465523 0.2965315417 0.9892380018 0.3447847339 0.5503854853 0.0530319727 0.7801993984 -0.8927682291 0.8923461592 0.4880783841 0.4718020889
