0.6378814942 -0.0835371596 -0.1415054935 0.8953714780 -0.9610348870 -0.1482395640 -0.9465257205 0.8803499321 -0.9316415350 -0.9074410397 0.9128097284 -0.1129150253 0.9328701696 0.9289531861
0.6277513123 -0.0864210308 -0.1436724824 0.8859061184 -0.9539959845 -0.1523189740 -0.9423633601 0.8709848586 -0.9216707937 -0.8978092857 0.9020026672 -0.1160299306 0.9233081345 0.9190944506
0.6171481467 -0.0895012106 -0.1460120252 0.8759058048 -0.9464166895 -0.1565907559 -0.9380445480 0.8610900197 -0.9110972729 -0.8877576914 0.8906380835 -0.1193358296 0.9131947360 0.9086832284
0.6060872887 -0.0927693759 -0.1485164403 0.8653863454 -0.9383067812 -0.1610460933 -0.9335692329 0.8506811091 -0.8999351516 -0.8772942828 0.8787281093 -0.1228243643 0.9025457697 0.8977355272
0.5945840298 -0.0962172036 -0.1511780462 0.8543635483 -0.9296760392 -0.1656761695 -0.9289373638 0.8397738205 -0.8881986082 -0.8664270861 0.8662848765 -0.1264871764 0.8913770313 0.8862673548
0.5826536614 -0.0998363706 -0.1539891612 0.8428532216 -0.9205342428 -0.1704721680 -0.9241488895 0.8283838475 -0.8759018217 -0.8551641274 0.8533205171 -0.1303159078 0.8797043161 0.8742947191
0.5703114749 -0.1036185539 -0.1569421039 0.8308711734 -0.9108911713 -0.1754252722 -0.9192037588 0.8165268839 -0.8630589706 -0.8435134327 0.8398471630 -0.1343022003 0.8675434198 0.8618336278
0.5575727616 -0.1075554303 -0.1600291925 0.8184332118 -0.9007566043 -0.1805266655 -0.9141019207 0.8042186234 -0.8496842338 -0.8314830281 0.8258769462 -0.1384376956 0.8549101380 0.8489000888
0.5444528129 -0.1116386769 -0.1632427457 0.8055551450 -0.8901403209 -0.1857675315 -0.9088433240 0.7914747596 -0.8357917899 -0.8190809397 0.8114219985 -0.1427140357 0.8418202662 0.8355101099
0.5309669204 -0.1158599704 -0.1665750817 0.7922527810 -0.8790521008 -0.1911390534 -0.9034279176 0.7783109863 -0.8213958176 -0.8063151937 0.7964944519 -0.1471228623 0.8282895999 0.8216796988
0.5171303752 -0.1202109878 -0.1700185191 0.7785419281 -0.8675017231 -0.1966324149 -0.8978556503 0.7647429970 -0.8065104956 -0.7931938160 0.7811064384 -0.1516558173 0.8143339347 0.8074248635
0.5029584689 -0.1246834061 -0.1735653762 0.7644383943 -0.8554989674 -0.2022387992 -0.8921264711 0.7507864856 -0.7911500028 -0.7797248329 0.7652700899 -0.1563045425 0.7999690661 0.7927616116
0.4884664929 -0.1292689020 -0.1772079714 0.7499579877 -0.8430536130 -0.2079493898 -0.8862403288 0.7364571457 -0.7753285177 -0.7659162703 0.7489975382 -0.1610606796 0.7852107898 0.7777059510
0.4736697385 -0.1339591527 -0.1809386233 0.7351165164 -0.8301754392 -0.2137553702 -0.8801971723 0.7217706710 -0.7590602190 -0.7517761545 0.7323009154 -0.1659158706 0.7700749012 0.7622738895
0.4585834971 -0.1387458349 -0.1847496502 0.7199297887 -0.8168742256 -0.2196479238 -0.8739969504 0.7067427551 -0.7423592856 -0.7373125114 0.7151923534 -0.1708617572 0.7545771959 0.7464814350
0.4432230601 -0.1436206255 -0.1886333705 0.7044136125 -0.8031597514 -0.2256182341 -0.8676396121 0.6913890918 -0.7252398962 -0.7225333671 0.6976839841 -0.1758899812 0.7387334695 0.7303445951
0.4276037190 -0.1485752016 -0.1925821027 0.6885837960 -0.7890417961 -0.2316574844 -0.8611251061 0.6757253748 -0.7077162293 -0.7074467479 0.6797879394 -0.1809921845 0.7225595176 0.7138793778
0.4117407650 -0.1536012399 -0.1965881652 0.6724561474 -0.7745301390 -0.2377568582 -0.8544533814 0.6597672978 -0.6898024638 -0.6920606796 0.6615163513 -0.1861600089 0.7060711356 0.6971017908
0.3956494897 -0.1586904175 -0.2006438764 0.6560464748 -0.7596345596 -0.2439075389 -0.8476243869 0.6435305544 -0.6715127784 -0.6763831886 0.6428813517 -0.1913850962 0.6892841192 0.6800278420
0.3793451844 -0.1638344112 -0.2047415548 0.6393705862 -0.7443648371 -0.2501007101 -0.8406380713 0.6270308383 -0.6528613518 -0.6604223007 0.6238950726 -0.1966590882 0.6722142638 0.6626735390
