-0.5465815994 -0.7510858094 -0.7277384955 -0.3177829283 -0.9521536646 -0.7116286532 -0.8991970702 -0.3196054954 -0.9889065885 -0.9871929820 0.6029806312 -0.7578837076 -0.2767385566 -0.2761729885
-0.5363404703 -0.7403547084 -0.7158405651 -0.3071478540 -0.9462604081 -0.7017264118 -0.8901490675 -0.3089772063 -0.9912331795 -0.9840342375 0.5985733082 -0.7473627903 -0.2662023917 -0.2656562224
-0.5258618534 -0.7293461269 -0.7036628631 -0.2963147527 -0.9400795195 -0.6915585241 -0.8807918307 -0.2981505961 -0.9932772127 -0.9805499643 0.5939509407 -0.7365643331 -0.2554762297 -0.2549496709
-0.5151563038 -0.7180711635 -0.6912170309 -0.2852940369 -0.9336199789 -0.6811356204 -0.8711353947 -0.2871360770 -0.9950425710 -0.9767463620 0.5891212800 -0.7254993406 -0.2445703736 -0.2440636268
-0.5042343761 -0.7065409169 -0.6785147101 -0.2740961194 -0.9268907665 -0.6704683312 -0.8611897947 -0.2759440610 -0.9965331375 -0.9726296296 0.5840920774 -0.7141788175 -0.2334951268 -0.2330083828
-0.4931066254 -0.6947664855 -0.6655675423 -0.2627314129 -0.9199008623 -0.6595672866 -0.8509650656 -0.2645849599 -0.9977527953 -0.9682059665 0.5788710843 -0.7026137683 -0.2222607925 -0.2217942318
-0.4817836063 -0.6827589681 -0.6523871689 -0.2512103299 -0.9126592466 -0.6484431170 -0.8404712425 -0.2530691859 -0.9987054274 -0.9634815719 0.5734660520 -0.6908151977 -0.2108776740 -0.2104314667
-0.4702758737 -0.6705294631 -0.6389852316 -0.2395432831 -0.9051748994 -0.6371064528 -0.8297183604 -0.2414071508 -0.9993949168 -0.9584626451 0.5678847319 -0.6787941103 -0.1993560744 -0.1989303801
-0.4585939826 -0.6580890692 -0.6253733719 -0.2277406852 -0.8974568009 -0.6255679242 -0.8187164544 -0.2296092667 -0.9998251467 -0.9531553853 0.5621348753 -0.6665615106 -0.1877062971 -0.1873012650
-0.4467484876 -0.6454488850 -0.6115632312 -0.2158129489 -0.8895139313 -0.6138381617 -0.8074755595 -0.2176859456 -1.0000000000 -0.9475659918 0.5562242335 -0.6541284033 -0.1759386453 -0.1755544142
-0.4347499437 -0.6326200090 -0.5975664513 -0.2037704868 -0.8813552707 -0.6019277955 -0.7960057107 -0.2056475995 -0.9999233599 -0.9417006640 0.5501605579 -0.6415057930 -0.1640634222 -0.1637001204
-0.4226089057 -0.6196135398 -0.5833946735 -0.1916237116 -0.8729897993 -0.5898474561 -0.7843169430 -0.1935046403 -0.9995991093 -0.9355656009 0.5439515998 -0.6287046842 -0.1520909312 -0.1517486766
-0.4103359284 -0.6064405761 -0.5690595394 -0.1793830359 -0.8644264971 -0.5776077736 -0.7724192915 -0.1812674800 -0.9990311314 -0.9291670020 0.5376051105 -0.6157360817 -0.1400314753 -0.1397103754
-0.3979415667 -0.5931122164 -0.5545726907 -0.1670588725 -0.8556743443 -0.5652193784 -0.7603227912 -0.1689465307 -0.9982233092 -0.9225110664 0.5311288415 -0.6026109899 -0.1278953579 -0.1275955097
-0.3854363754 -0.5796395593 -0.5399457687 -0.1546616339 -0.8467423211 -0.5526929009 -0.7480374772 -0.1565522043 -0.9971795257 -0.9156039935 0.5245305440 -0.5893404136 -0.1156928823 -0.1154143724
-0.3728309093 -0.5660337034 -0.5251904152 -0.1422017328 -0.8376394076 -0.5400389714 -0.7355733844 -0.1440949128 -0.9959036640 -0.9084519824 0.5178179694 -0.5759353572 -0.1034343516 -0.1031772563
-0.3601357233 -0.5523057472 -0.5103182715 -0.1296895820 -0.8283745839 -0.5272682203 -0.7229405479 -0.1315850682 -0.9943996072 -0.9010612325 0.5109988690 -0.5624068254 -0.0911300692 -0.0908944541
-0.3473613723 -0.5384667894 -0.4953409793 -0.1171355939 -0.8189568303 -0.5143912778 -0.7101490028 -0.1190330825 -0.9926712383 -0.8934379431 0.5040809942 -0.5487658229 -0.0787903382 -0.0785762586
-0.3345184110 -0.5245279286 -0.4802701800 -0.1045501814 -0.8093951268 -0.5014187743 -0.6972087840 -0.1064493676 -0.9907224403 -0.8855883133 0.4970720964 -0.5350233542 -0.0664254619 -0.0662329628
-0.3216173943 -0.5105002633 -0.4651175153 -0.0919437571 -0.7996984535 -0.4883613401 -0.6841299267 -0.0938443357 -0.9885570964 -0.8775185424 0.4899799267 -0.5211904238 -0.0540457437 -0.0538748594
