0.0500923177 -0.0348996315 -0.1085603579 0.1762016004 0.4872492553 -0.3636870362 -0.2416616325 0.1749899408 0.5201184637 -0.9215714169 -0.9273848927 -0.0455749701 0.1981992344 0.1790418732
0.0880734485 0.0081464886 -0.0689547059 0.2109292579 0.5115958669 -0.3353053597 -0.2083143132 0.2098138488 0.4965065531 -0.9184554857 -0.9343569267 -0.0028553759 0.2319717202 0.2133016404
0.1251656852 0.0501385104 -0.0303367125 0.2448037426 0.5352786931 -0.3076165944 -0.1758399072 0.2437810402 0.4732021339 -0.9154579425 -0.9409577070 0.0388360172 0.2649160131 0.2467284670
0.1613759193 0.0910852229 0.0073020855 0.2778318003 0.5583029702 -0.2806146394 -0.1442306789 0.2768983001 0.4502032009 -0.9125769474 -0.9471903657 0.0795076740 0.2970386126 0.2793288657
0.1967110422 0.1309954149 0.0439701515 0.3100201769 0.5806739343 -0.2542933939 -0.1134788929 0.3091724140 0.4275077486 -0.9098106605 -0.9530580350 0.1191680593 0.3283460180 0.3111093490
0.2311779452 0.1698778756 0.0796759489 0.3413756183 0.6023968215 -0.2286467570 -0.0835768136 0.3406101671 0.4051137719 -0.9071572419 -0.9585638468 0.1578256380 0.3588447287 0.3420764297
0.2647835197 0.2077413937 0.1144279412 0.3719048705 0.6234768680 -0.2036686279 -0.0545167057 0.3712183449 0.3830192652 -0.9046148518 -0.9637109333 0.1954888750 0.3885412441 0.3722366204
0.2975346571 0.2445947582 0.1482345916 0.4016146793 0.6439193098 -0.1793529057 -0.0262908336 0.4010037326 0.3612222233 -0.9021816503 -0.9685024265 0.2321662350 0.4174420636 0.4015964337
0.3294382488 0.2804467582 0.1811043636 0.4305117906 0.6637293832 -0.1556934896 0.0011085382 0.4299731156 0.3397206408 -0.8998557975 -0.9729414585 0.2678661831 0.4455536866 0.4301623823
0.3605011862 0.3153061824 0.2130457206 0.4586029503 0.6829123241 -0.1326842787 0.0276891452 0.4581332792 0.3185125123 -0.8976354534 -0.9770311614 0.3025971839 0.4728826125 0.4579409788
0.3907303606 0.3491818200 0.2440671259 0.4858949044 0.7014733688 -0.1103191721 0.0534587228 0.4854910087 0.2975958326 -0.8955187782 -0.9807746672 0.3363677024 0.4994353407 0.4849387358
0.4201326635 0.3820824598 0.2741770429 0.5123943986 0.7194177534 -0.0885920691 0.0784250065 0.5120530895 0.2769685962 -0.8935039321 -0.9841751081 0.3691862035 0.5252183706 0.5111621661
0.4487149863 0.4140168907 0.3033839350 0.5381081789 0.7367507140 -0.0674968687 0.1025957319 0.5378263069 0.2566287978 -0.8915890750 -0.9872356160 0.4010611519 0.5502382016 0.5366177822
0.4764842203 0.4449939018 0.3316962657 0.5630429912 0.7534774867 -0.0470274701 0.1259786343 0.5628174463 0.2365744320 -0.8897723672 -0.9899593232 0.4320010126 0.5745013330 0.5613120968
0.5034472569 0.4750222820 0.3591224982 0.5872055814 0.7696033077 -0.0271777725 0.1485814494 0.5870332929 0.2168034936 -0.8880519688 -0.9923493616 0.4620142503 0.5980142643 0.5852516226
0.5296109875 0.5041108201 0.3856710960 0.6106026953 0.7851334130 -0.0079416749 0.1704119126 0.6104806321 0.1973139771 -0.8864260398 -0.9944088634 0.4911093300 0.6207834949 0.6084428721
0.5549823035 0.5322683053 0.4113505224 0.6332410789 0.8000730389 0.0106869234 0.1914777593 0.6331662493 0.1781038773 -0.8848927403 -0.9961409605 0.5192947165 0.6428155241 0.6308923581
0.5795680963 0.5595035263 0.4361692409 0.6551274781 0.8144274214 0.0287141234 0.2117867251 0.6550969298 0.1591711887 -0.8834502306 -0.9975487851 0.5465788746 0.6641168514 0.6526065932
0.6033752573 0.5858252722 0.4601357148 0.6762686388 0.8282017966 0.0461460258 0.2313465454 0.6762794589 0.1405139060 -0.8820966706 -0.9986354693 0.5729702693 0.6846939761 0.6735920900
0.6264106778 0.6112423319 0.4832584076 0.6966713068 0.8414014008 0.0629887315 0.2501649557 0.6967206219 0.1221300238 -0.8808302205 -0.9994041452 0.5984773653 0.7045533977 0.6938553612
