0.9967161334 0.8399291435 0.8015688087 0.9977975669 0.6208553650 0.9051864269 0.4669921174 0.9979302200 0.4257719663 0.7124746010 -0.7086934328 0.8656981558 0.9932555619 0.9890334104
0.9984186160 0.8519208993 0.8126811510 0.9958619872 0.6434073740 0.9163611092 0.4896545439 0.9960441632 0.4532237427 0.7306645880 -0.7280275608 0.8767251454 0.9900456033 0.9850118422
0.9995105071 0.8634535301 0.8234318109 0.9933493022 0.6655131391 0.9268712217 0.5120177226 0.9935837518 0.4804097472 0.7484870822 -0.7468923892 0.8872790597 0.9862511017 0.9804070352
1.0000000000 0.8745260747 0.8338243950 0.9902736796 0.6871470203 0.9367092056 0.5340674757 0.9905632121 0.5072948805 0.7659165744 -0.7652652801 0.8973600088 0.9818874059 0.9752353252
0.9998952880 0.8851375719 0.8438625099 0.9866492867 0.7082833776 0.9458675019 0.5557896255 0.9869967703 0.5338440433 0.7829275554 -0.7831235956 0.9069681028 0.9769698647 0.9695130480
0.9992045643 0.8952870605 0.8535497620 0.9824902910 0.7288965710 0.9543385517 0.5771699943 0.9828986527 0.5600221362 0.7994945162 -0.8004446980 0.9161034518 0.9715138269 0.9632565395
0.9979360222 0.9049735792 0.8628897580 0.9778108601 0.7489609605 0.9621147964 0.5981944044 0.9782830856 0.5857940599 0.8155919476 -0.8172059493 0.9247661659 0.9655346414 0.9564821353
0.9960978551 0.9141961669 0.8718861045 0.9726251614 0.7684509060 0.9691886768 0.6188486781 0.9731642953 0.6111247151 0.8311943403 -0.8333847118 0.9329563554 0.9590476569 0.9492061714
0.9936982560 0.9229538622 0.8805424078 0.9669473624 0.7873407675 0.9755526342 0.6391186376 0.9675565080 0.6359790024 0.8462761854 -0.8489583476 0.9406741302 0.9520682224 0.9414449835
0.9907454184 0.9312457040 0.8888622747 0.9607916306 0.8056049051 0.9811991098 0.6589901053 0.9614739500 0.6603218227 0.8608119735 -0.8639042189 0.9479196005 0.9446116866 0.9332149075
0.9872475355 0.9390707311 0.8968493117 0.9541721334 0.8232176787 0.9861205445 0.6784489033 0.9549308476 0.6841180765 0.8747761956 -0.8781996879 0.9546928764 0.9366933984 0.9245322791
0.9832128006 0.9464279822 0.9045071253 0.9471030384 0.8401534483 0.9903093797 0.6974808541 0.9479414270 0.7073326645 0.8881433425 -0.8918221167 0.9609940681 0.9283287065 0.9154134341
0.9786494069 0.9533164961 0.9118393220 0.9395985131 0.8563865739 0.9937580562 0.7160717798 0.9405199146 0.7299304874 0.9008879051 -0.9047488674 0.9668232857 0.9195329599 0.9058747083
0.9735655477 0.9597353116 0.9188495085 0.9316727249 0.8718914154 0.9964590155 0.7342075028 0.9326805365 0.7518764459 0.9129843742 -0.9169573024 0.9721806393 0.9103215074 0.8959324376
0.9679694163 0.9656834675 0.9255412913 0.9233398413 0.8866423329 0.9984046984 0.7518738453 0.9244375191 0.7731354407 0.9244072406 -0.9284247836 0.9770662390 0.9007096977 0.8856029577
0.9618692060 0.9711600025 0.9319182769 0.9146140299 0.9006136864 0.9995875462 0.7690566296 0.9158050887 0.7936723724 0.9351309953 -0.9391286733 0.9814801950 0.8907128796 0.8749026045
0.9552731100 0.9761639554 0.9379840719 0.9055094580 0.9137798357 1.0000000000 0.7857416780 0.9067974714 0.8134521417 0.9451301290 -0.9490463337 0.9854226173 0.8803464022 0.8638477137
0.9481893215 0.9806943649 0.9437422828 0.8960402932 0.9261151410 0.9996345009 0.8019148128 0.8974288937 0.8324396494 0.9543791326 -0.9581551269 0.9888936162 0.8696256140 0.8524546212
0.9406260340 0.9847502700 0.9491965162 0.8862207029 0.9375939622 0.9984834901 0.8175618562 0.8877135817 0.8505997960 0.9628524969 -0.9664324151 0.9918933016 0.8585658641 0.8407396627
0.9325914406 0.9883307092 0.9543503787 0.8760648547 0.9481906592 0.9965394086 0.8326686306 0.8776657618 0.8678974823 0.9705247129 -0.9738555604 0.9944217838 0.8471825011 0.8287191741
