-0.8453799770 -0.6231158832 -0.6360968564 -0.5260421007 -0.6535178229 -0.6658732478 -0.5306706356 -0.5401002177 -0.5996651169 -0.5726745687 0.5095605811 -0.6938002914 -0.2800802586 -0.2138789504
-0.8433150299 -0.6133337532 -0.6247230324 -0.5299225215 -0.6462793342 -0.6624999576 -0.5187439847 -0.5437881515 -0.5915479002 -0.5683960153 0.5062189469 -0.6844382175 -0.2872994107 -0.2208852765
-0.8412357215 -0.6034943998 -0.6132122872 -0.5337876846 -0.6390680421 -0.6591462907 -0.5067356659 -0.5474603536 -0.5834575814 -0.5641564057 0.5029178454 -0.6749817863 -0.2945118151 -0.2278953881
-0.8391443544 -0.5936006672 -0.6015664212 -0.5376383221 -0.6318877742 -0.6558151884 -0.4946484221 -0.5511176024 -0.5753980960 -0.5599590868 0.4996603908 -0.6654331999 -0.3017173997 -0.2349093606
-0.8370432310 -0.5836553996 -0.5897872352 -0.5414751659 -0.6247423586 -0.6525095918 -0.4824849964 -0.5547606764 -0.5673733795 -0.5558074052 0.4964496975 -0.6557946603 -0.3089160928 -0.2419272696
-0.8349346538 -0.5736614411 -0.5778765295 -0.5452989479 -0.6176356231 -0.6492324422 -0.4702481317 -0.5583903540 -0.5593873672 -0.5517047077 0.4932888797 -0.6460683697 -0.3161078225 -0.2489491904
-0.8328209254 -0.5636216358 -0.5658361049 -0.5491104000 -0.6105713957 -0.6459866807 -0.4579405710 -0.5620074135 -0.5514439948 -0.5476543410 0.4901810515 -0.6362565301 -0.3232925170 -0.2559751985
-0.8307043482 -0.5535388278 -0.5536677617 -0.5529102542 -0.6035535040 -0.6427752486 -0.4455650574 -0.5656126336 -0.5435471975 -0.5436596520 0.4871293274 -0.6263613436 -0.3304701044 -0.2630053694
-0.8285872248 -0.5434158613 -0.5413733006 -0.5566992424 -0.5965857762 -0.6396010871 -0.4331243338 -0.5692067924 -0.5357009111 -0.5397239874 0.4841368215 -0.6163850124 -0.3376405128 -0.2700397786
-0.8264718576 -0.5332555805 -0.5289545222 -0.5604780966 -0.5896720399 -0.6364671373 -0.4206211432 -0.5727906686 -0.5279090708 -0.5358506939 0.4812066481 -0.6063297383 -0.3448036704 -0.2770785014
-0.8243605492 -0.5230608294 -0.5164132269 -0.5642475487 -0.5828161231 -0.6333763406 -0.4080582286 -0.5763650404 -0.5201756122 -0.5320431182 0.4783419215 -0.5961977236 -0.3519595053 -0.2841216133
-0.8222556021 -0.5128344522 -0.5037512154 -0.5680083306 -0.5760218538 -0.6303316380 -0.3954383331 -0.5799306864 -0.5125044707 -0.5283046072 0.4755457559 -0.5859911704 -0.3591079457 -0.2911691898
-0.8201593187 -0.5025792930 -0.4909702882 -0.5717611743 -0.5692930596 -0.6273359707 -0.3827641995 -0.5834883849 -0.5048995818 -0.5246385075 0.4728212655 -0.5757122807 -0.3662489197 -0.2982213064
-0.8180740016 -0.4922981961 -0.4780722458 -0.5755068117 -0.5626335687 -0.6243922801 -0.3700385710 -0.5870389144 -0.4973648810 -0.5210481660 0.4701715647 -0.5653632565 -0.3733823555 -0.3052780385
-0.8160019532 -0.4819940054 -0.4650588888 -0.5792459748 -0.5560472087 -0.6215035072 -0.3572641905 -0.5905830533 -0.4899043038 -0.5175369294 0.4675997677 -0.5549463000 -0.3805081812 -0.3123394615
-0.8139454761 -0.4716695652 -0.4519320177 -0.5829793954 -0.5495378076 -0.6186725934 -0.3444438010 -0.5941215800 -0.4825217856 -0.5141081443 0.4651089887 -0.5444636133 -0.3876263249 -0.3194056510
-0.8119068728 -0.4613277195 -0.4386934331 -0.5867078056 -0.5431091932 -0.6159024797 -0.3315801455 -0.5976552729 -0.4752212620 -0.5107651577 0.4627023420 -0.5339173985 -0.3947367147 -0.3264766823
-0.8098884457 -0.4509713126 -0.4253449356 -0.5904319372 -0.5367651936 -0.6131961074 -0.3186759671 -0.6011849105 -0.4680066683 -0.5075113162 0.4603829419 -0.5233098575 -0.4018392789 -0.3335526309
-0.8078924974 -0.4406031885 -0.4118883257 -0.5941525223 -0.5305096364 -0.6105564178 -0.3057340086 -0.6047112712 -0.4608819400 -0.5043499666 0.4581539026 -0.5126431926 -0.4089339456 -0.3406335723
-0.8059213304 -0.4302261914 -0.3983254039 -0.5978702927 -0.5243463496 -0.6079863519 -0.2927570131 -0.6082351333 -0.4538510127 -0.5012844556 0.4560183384 -0.5019196057 -0.4160206429 -0.3477195819
