-0.8062964989 -0.9376302233 -0.9636700803 -0.5877254432 -0.9703983577 -0.9894934706 -0.9939928873 -0.6009969502 -0.9996412182 -0.9429939731 0.9269648140 -0.9515529661 -0.4748867341 -0.4966059778
-0.8136990512 -0.9435895440 -0.9686251327 -0.5971339372 -0.9749272409 -0.9921490142 -0.9962199573 -0.6104759903 -1.0000000000 -0.9365439802 0.9345992091 -0.9569060648 -0.4840229721 -0.5058300543
-0.8209796372 -0.9492721219 -0.9732358724 -0.6064677304 -0.9790973785 -0.9944275801 -0.9979413027 -0.6198757058 -0.9998311523 -0.9297125936 0.9418466140 -0.9619655934 -0.4931184129 -0.5150062919
-0.8281368670 -0.9546742416 -0.9774976063 -0.6157255444 -0.9829039171 -0.9963244327 -0.9991498242 -0.6291947363 -0.9991272332 -0.9224946096 0.9487006877 -0.9667276841 -0.5021723032 -0.5241338188
-0.8351693507 -0.9597921879 -0.9814056408 -0.6249061007 -0.9863420032 -0.9978348365 -0.9998384230 -0.6384317213 -0.9978808008 -0.9148848244 0.9551550887 -0.9711884692 -0.5111838894 -0.5332117631
-0.8420756981 -0.9646222454 -0.9849552829 -0.6340081209 -0.9894067834 -0.9989540561 -1.0000000000 -0.6475853004 -0.9960844133 -0.9068780343 0.9612034760 -0.9753440808 -0.5201524180 -0.5422392527
-0.8488545194 -0.9691606986 -0.9881418390 -0.6430303266 -0.9920934046 -0.9996773557 -0.9996274561 -0.6566541131 -0.9937306288 -0.8984690355 0.9668395082 -0.9791906511 -0.5290771357 -0.5512154159
-0.8555044246 -0.9734038323 -0.9909606160 -0.6519714393 -0.9943970132 -1.0000000000 -0.9987136922 -0.6656367990 -0.9908120054 -0.8896526244 0.9720568442 -0.9827243122 -0.5379572889 -0.5601393806
-0.8620240236 -0.9773479310 -0.9934069205 -0.6608301806 -0.9963127558 -0.9999172533 -0.9972516093 -0.6745319976 -0.9873211011 -0.8804235972 0.9768491428 -0.9859411964 -0.5467921241 -0.5690102751
-0.8684119265 -0.9809892795 -0.9954760592 -0.6696052721 -0.9978357792 -0.9994243802 -0.9952341084 -0.6833383485 -0.9832504741 -0.8707767502 0.9812100627 -0.9888374357 -0.5555808879 -0.5778272273
-0.8746667434 -0.9843241623 -0.9971633388 -0.6782954353 -0.9989612300 -0.9985166450 -0.9926540904 -0.6920544911 -0.9785926826 -0.8607068795 0.9851332627 -0.9914091625 -0.5643228268 -0.5865893655
-0.8807870841 -0.9873488641 -0.9984640660 -0.6868993919 -0.9996842547 -0.9971893123 -0.9895044563 -0.7006790651 -0.9733402846 -0.8502087816 0.9886124016 -0.9936525089 -0.5730171873 -0.5952958176
-0.8867715589 -0.9900596695 -0.9993735474 -0.6954158633 -1.0000000000 -0.9954376465 -0.9857781070 -0.7092107100 -0.9674858382 -0.8392772526 0.9916411382 -0.9955636070 -0.5816632160 -0.6039457118
-0.8926187776 -0.9924528632 -0.9998870899 -0.7038435712 -0.9999036126 -0.9932569120 -0.9814679435 -0.7176480653 -0.9610219017 -0.8279070889 0.9942131312 -0.9971385890 -0.5902601594 -0.6125381761
-0.8983273504 -0.9945247298 -1.0000000000 -0.7121812371 -0.9993902390 -0.9906423734 -0.9765668666 -0.7259897705 -0.9539410329 -0.8160930866 0.9963220394 -0.9983735871 -0.5988072640 -0.6210723388
-0.9038958871 -0.9962715539 -0.9997075845 -0.7204275826 -0.9984550259 -0.9875892951 -0.9710677775 -0.7342344653 -0.9462357902 -0.8038300422 0.9979615216 -0.9992647336 -0.6073037764 -0.6295473277
-0.9093229979 -0.9976896202 -0.9990051500 -0.7285813293 -0.9970931200 -0.9840929415 -0.9649635769 -0.7423807891 -0.9378987316 -0.7911127517 0.9991252366 -0.9998081605 -0.6157489430 -0.6379622712
-0.9146072928 -0.9987752133 -0.9978880033 -0.7366411987 -0.9952996678 -0.9801485772 -0.9582471660 -0.7504273815 -0.9289224152 -0.7779360116 0.9998068431 -1.0000000000 -0.6241420105 -0.6463162971
-0.9197473817 -0.9995246179 -0.9963514510 -0.7446059124 -0.9930698160 -0.9757514665 -0.9509114455 -0.7583728820 -0.9192993991 -0.7642946180 1.0000000000 -0.9998363844 -0.6324822253 -0.6546085337
-0.9247418748 -0.9999341186 -0.9943907998 -0.7524741920 -0.9903987112 -0.9708968740 -0.9429493166 -0.7662159302 -0.9090222415 -0.7501833672 0.9996983660 -0.9993134457 -0.6407688339 -0.6628381090
