0.8099038088 0.6933685725 0.7196365232 0.9595522561 0.5477627029 0.6391530944 0.4225021288 0.9602212315 0.2638131891 -0.8866118311 -0.6253681841 0.6914686775 0.9832933065 0.9825966812
0.8061055741 0.6877603074 0.7148771202 0.9602769604 0.5385601625 0.6321438726 0.4156063121 0.9608981128 0.2518866269 -0.9012544681 -0.6173329197 0.6850386949 0.9836139915 0.9827180382
0.8025865682 0.6825883345 0.7105159590 0.9610526056 0.5299597093 0.6256361828 0.4092864507 0.9616277364 0.2407372052 -0.9148213699 -0.6098254232 0.6790534482 0.9839741706 0.9828829190
0.7993409562 0.6778446439 0.7065454823 0.9618761869 0.5219513736 0.6196212385 0.4035327123 0.9624070755 0.2303528200 -0.9273271691 -0.6028366734 0.6735049409 0.9843710815 0.9830885318
0.7963629037 0.6735212257 0.7029581327 0.9627446996 0.5145251858 0.6140902529 0.3983352647 0.9632331034 0.2207213672 -0.9387864981 -0.5963576492 0.6683851763 0.9848019621 0.9833320848
0.7936465761 0.6696100697 0.6997463528 0.9636551388 0.5076711766 0.6090344391 0.3936842755 0.9641027934 0.2118307429 -0.9492139895 -0.5903793294 0.6636861580 0.9852640504 0.9836107862
0.7911861387 0.6661031661 0.6969025853 0.9646044999 0.5013793762 0.6044450106 0.3895699125 0.9650131187 0.2036688431 -0.9586242757 -0.5848926927 0.6593998894 0.9857545842 0.9839218442
0.7889757570 0.6629925047 0.6944192727 0.9655897779 0.4956398152 0.6003131805 0.3859823435 0.9659610525 0.1962235638 -0.9670319892 -0.5798887180 0.6555183740 0.9862708014 0.9842624669
0.7870095962 0.6602700757 0.6922888576 0.9666079682 0.4904425239 0.5966301622 0.3829117361 0.9669435681 0.1894828009 -0.9744517625 -0.5753583841 0.6520336153 0.9868099399 0.9846298625
0.7852818220 0.6579278690 0.6905037828 0.9676560660 0.4857775329 0.5933871689 0.3803482581 0.9679576388 0.1834344506 -0.9808982280 -0.5712926698 0.6489376168 0.9873692375 0.9850212392
0.7837865995 0.6559578747 0.6890564908 0.9687310665 0.4816348727 0.5905754138 0.3782820773 0.9690002377 0.1780664087 -0.9863860184 -0.5676825540 0.6462223818 0.9879459322 0.9854338052
0.7825180943 0.6543520827 0.6879394242 0.9698299649 0.4780045735 0.5881861103 0.3767033613 0.9700683383 0.1733665713 -0.9909297660 -0.5645190153 0.6438799140 0.9885372618 0.9858647686
0.7814704717 0.6531024831 0.6871450257 0.9709497564 0.4748766660 0.5862104715 0.3756022778 0.9711589136 0.1693228345 -0.9945441034 -0.5617930327 0.6419022166 0.9891404643 0.9863113377
0.7806378972 0.6522010658 0.6866657379 0.9720874363 0.4722411806 0.5846397108 0.3749689948 0.9722689370 0.1659230940 -0.9972436629 -0.5594955850 0.6402812933 0.9897527774 0.9867707206
0.7800145360 0.6516398209 0.6864940034 0.9732399999 0.4700881476 0.5834650414 0.3747936797 0.9733953816 0.1631552461 -0.9990430773 -0.5576176509 0.6390091475 0.9903714391 0.9872401255
0.7795945537 0.6514107383 0.6866222649 0.9744044422 0.4684075976 0.5826776766 0.3750665004 0.9745352209 0.1610071867 -0.9999569788 -0.5561502093 0.6380777826 0.9909936873 0.9877167606
0.7793721157 0.6515058081 0.6870429649 0.9755777586 0.4671895611 0.5822688297 0.3757776247 0.9756854280 0.1594668118 -1.0000000000 -0.5550842390 0.6374792021 0.9916167598 0.9881978340
0.7793413872 0.6519170203 0.6877485461 0.9767569442 0.4664240684 0.5822297139 0.3769172202 0.9768429761 0.1585220173 -0.9991867734 -0.5544107188 0.6372054095 0.9922378946 0.9886805540
0.7794965338 0.6526363649 0.6887314511 0.9779389944 0.4661011500 0.5825515425 0.3784754546 0.9780048385 0.1581606994 -0.9975319315 -0.5541206275 0.6372484083 0.9928543295 0.9891621287
0.7798317208 0.6536558318 0.6899841225 0.9791209043 0.4662108364 0.5832255287 0.3804424958 0.9791679885 0.1583707539 -0.9950501067 -0.5542049439 0.6376002019 0.9934633024 0.9896397663
