0.6710324519 0.5963038419 0.5574991806 0.7464258185 -0.1018289313 0.6077178002 0.0722049582 0.7486574073 -0.7555533083 -0.6484709421 0.4849564223 0.5844470915 0.7190627525 0.7471387581
0.6958523598 0.6235788202 0.5853148635 0.7669861274 -0.0784918281 0.6352722970 0.0970276296 0.7693221292 -0.7501873994 -0.6388883900 0.4671459913 0.6121627316 0.7374634370 0.7654353457
0.7196895465 0.6501837110 0.6125225793 0.7865345279 -0.0551045392 0.6621131998 0.1217967546 0.7889722082 -0.7442299141 -0.6288324726 0.4490479484 0.6392144787 0.7549001390 0.7827567643
0.7425011139 0.6760847932 0.6390898063 0.8050299828 -0.0316779110 0.6882046382 0.1464986065 0.8075664853 -0.7376657351 -0.6182931365 0.4306630542 0.6655679910 0.7713342002 0.7990642406
0.7642441640 0.7012483456 0.6649840225 0.8224314552 -0.0082227901 0.7135107417 0.1711194590 0.8250638014 -0.7304797453 -0.6072603282 0.4119920694 0.6911889268 0.7867269625 0.8143190014
0.7848757986 0.7256406472 0.6901727064 0.8386979079 0.0152499769 0.7379956398 0.1956455856 0.8414229971 -0.7226568277 -0.5957239943 0.3930357547 0.7160429443 0.8010397675 0.8284822736
0.8043531197 0.7492279769 0.7146233360 0.8537883040 0.0387295437 0.7616234622 0.2200632598 0.8566029135 -0.7141818649 -0.5836740813 0.3737948707 0.7400957019 0.8142339571 0.8415152838
0.8226332292 0.7719766137 0.7383033897 0.8676616065 0.0622050636 0.7843583384 0.2443587550 0.8705623914 -0.7050397399 -0.5711005356 0.3542701782 0.7633128577 0.8262708728 0.8533792590
0.8396732290 0.7938528363 0.7611803457 0.8802767782 0.0856656901 0.8061643979 0.2685183448 0.8832602715 -0.6952153356 -0.5579933038 0.3344624377 0.7856600702 0.8371118564 0.8640354258
0.8554302211 0.8148229238 0.7832216822 0.8915927821 0.1091005768 0.8270057703 0.2925283028 0.8946553949 -0.6846935347 -0.5443423325 0.3143724099 0.8071029975 0.8467182498 0.8734450110
0.8698613074 0.8348531551 0.8043948775 0.9015685812 0.1324988771 0.8468465851 0.3163749023 0.9047066022 -0.6734592202 -0.5301375681 0.2940008555 0.8276072979 0.8550513946 0.8815692414
0.8829235899 0.8539098090 0.8246674098 0.9101631384 0.1558497445 0.8656509720 0.3400444170 0.9133727344 -0.6614972749 -0.5153689572 0.2733485352 0.8471386297 0.8620726325 0.8883693438
0.8945741704 0.8719591645 0.8440067573 0.9173354167 0.1791423325 0.8833830604 0.3635231204 0.9206126323 -0.6487925816 -0.5000264462 0.2524162096 0.8656626512 0.8677433053 0.8938065451
0.9047701508 0.8889675005 0.8623803983 0.9230443790 0.2023657945 0.9000069799 0.3867972858 0.9263851367 -0.6353300232 -0.4840999818 0.2312046394 0.8831450206 0.8720247547 0.8978420718
0.9134686332 0.9049010960 0.8797558110 0.9272489884 0.2255092841 0.9154868601 0.4098531870 0.9306490886 -0.6210944826 -0.4675795103 0.2097145852 0.8995513962 0.8748783225 0.9004371510
0.9206267195 0.9197262297 0.8961004736 0.9299082077 0.2485619548 0.9297868306 0.4326770973 0.9333633287 -0.6060708426 -0.4504549784 0.1879468078 0.9148474364 0.8762653504 0.9015530092
0.9262015115 0.9334091807 0.9113818645 0.9309809999 0.2715129599 0.9428710208 0.4552552903 0.9344866979 -0.5902439861 -0.4327163325 0.1659020677 0.9289987993 0.8761471801 0.9011508734
0.9301501112 0.9459162279 0.9255674617 0.9304263280 0.2943514531 0.9547035604 0.4775740395 0.9339780371 -0.5735987959 -0.4143535192 0.1435811258 0.9419711432 0.8744851533 0.8991919702
0.9324296206 0.9572136501 0.9386247437 0.9282031549 0.3170665878 0.9652485789 0.4996196185 0.9317961871 -0.5561201548 -0.3953564850 0.1209847425 0.9537301264 0.8712406119 0.8956375266
0.9329971415 0.9672677263 0.9505211885 0.9242704436 0.3396475174 0.9744702058 0.5213783006 0.9278999887 -0.5377929458 -0.3757151764 0.0981136786 0.9642414072 0.8663748974 0.8904487691
