-0.9839410272 -0.9876001211 -0.9941271258 -0.9386632411 -0.9921130578 -0.9812705825 -0.9984612063 -0.9393660780 -0.9955168390 -0.9665674976 0.9690936974 -0.9956182908 -0.9301658779 -0.9358808697
-0.9873528724 -0.9907705160 -0.9961888323 -0.9448181332 -0.9946065122 -0.9849058758 -0.9994857617 -0.9454883122 -0.9974152211 -0.9714339562 0.9738169681 -0.9973946001 -0.9365250117 -0.9419817416
-0.9903545222 -0.9934750083 -0.9978055855 -0.9506391928 -0.9966282245 -0.9881450015 -0.9999987038 -0.9512763373 -0.9987958446 -0.9759144766 0.9781462842 -0.9987161283 -0.9425685218 -0.9477649872
-0.9929473980 -0.9957133427 -0.9989787730 -0.9561278822 -0.9981783119 -0.9909896599 -1.0000000000 -0.9567316350 -0.9996577556 -0.9800100089 0.9820824579 -0.9995841651 -0.9482982537 -0.9532326383
-0.9951329213 -0.9974852643 -0.9997097820 -0.9612856637 -0.9992568920 -0.9934415512 -0.9994896174 -0.9618556867 -1.0000000000 -0.9837215031 0.9856263010 -1.0000000000 -0.9537160531 -0.9583867268
-0.9969125135 -0.9987905177 -1.0000000000 -0.9661139998 -0.9998640822 -0.9955023756 -0.9984675232 -0.9666499740 -0.9998216240 -0.9870499094 0.9887786256 -0.9999649228 -0.9588237656 -0.9632292845
-0.9982875961 -0.9996288480 -0.9998508145 -0.9706143528 -1.0000000000 -0.9971738332 -0.9969336848 -0.9711159785 -0.9991216737 -0.9899961777 0.9915402437 -0.9994802230 -0.9636232368 -0.9677623433
-0.9992595904 -1.0000000000 -0.9992636128 -0.9747881851 -0.9996647628 -0.9984576242 -0.9948880692 -0.9752551816 -0.9978991951 -0.9925612581 0.9939119675 -0.9985471903 -0.9681163125 -0.9719879349
-0.9998299179 -0.9999037186 -0.9982397824 -0.9786369590 -0.9988584880 -0.9993554489 -0.9923306438 -0.9790690649 -0.9961532344 -0.9947461008 0.9958946088 -0.9971671144 -0.9723048381 -0.9759080912
-1.0000000000 -0.9993397486 -0.9967807107 -0.9821621370 -0.9975812931 -0.9998690074 -0.9892613758 -0.9825591100 -0.9938828375 -0.9965516557 0.9974889797 -0.9953412848 -0.9761906594 -0.9795248441
-0.9997712581 -0.9983078350 -0.9948877851 -0.9853651815 -0.9958332956 -1.0000000000 -0.9856802324 -0.9857267983 -0.9910870507 -0.9979788731 0.9986958922 -0.9930709913 -0.9797756220 -0.9828402254
-0.9991451137 -0.9968077227 -0.9925623931 -0.9882475546 -0.9936146129 -0.9997501268 -0.9815871809 -0.9885736114 -0.9877649199 -0.9990287028 0.9995161585 -0.9903575234 -0.9830615714 -0.9858562670
-0.9981229882 -0.9948391564 -0.9898059221 -0.9908107190 -0.9909253625 -0.9991210880 -0.9769821885 -0.9911010309 -0.9839154913 -0.9997020951 0.9999505904 -0.9872021708 -0.9860503534 -0.9885750006
-0.9967063029 -0.9924018812 -0.9866197595 -0.9930561369 -0.9877656617 -0.9981145839 -0.9718652224 -0.9933105383 -0.9795378109 -1.0000000000 1.0000000000 -0.9836062231 -0.9887438135 -0.9909984581
-0.9948964794 -0.9894956418 -0.9830052926 -0.9949852706 -0.9841356280 -0.9967323146 -0.9662362498 -0.9952036151 -0.9746309248 -0.9999233675 0.9996651994 -0.9795709700 -0.9911437974 -0.9931286714
-0.9926949391 -0.9861201831 -0.9789639091 -0.9965995827 -0.9800353790 -0.9949759803 -0.9600952381 -0.9967817429 -0.9691938792 -0.9994731478 0.9989470005 -0.9750977011 -0.9932521507 -0.9949676723
-0.9901031033 -0.9822752501 -0.9744969961 -0.9979005354 -0.9754650320 -0.9928472812 -0.9534421543 -0.9980464032 -0.9632257200 -0.9986502909 0.9978462154 -0.9701877060 -0.9950707191 -0.9965174926
-0.9871223936 -0.9779605876 -0.9696059413 -0.9988895911 -0.9704247045 -0.9903479175 -0.9462769658 -0.9989990775 -0.9567254934 -0.9974557468 0.9963636562 -0.9648422744 -0.9966013481 -0.9977801642
-0.9837542312 -0.9731759405 -0.9642921320 -0.9995682122 -0.9649145139 -0.9874795895 -0.9385996398 -0.9996412474 -0.9496922454 -0.9958904657 0.9945001347 -0.9590626959 -0.9978458834 -0.9987577189
-0.9800000378 -0.9679210537 -0.9585569556 -0.9999378610 -0.9589345777 -0.9842439972 -0.9304101435 -0.9999743944 -0.9421250222 -0.9939553976 0.9922564632 -0.9528502602 -0.9988061706 -0.9994521885
