-0.3741019823 -0.4074460844 -0.3159567442 -0.0607040570 -0.6547116327 -0.3992524944 -0.3754207219 -0.0644004442 -0.7043320762 -0.4529029765 0.6572970389 -0.4117266832 -0.0298639598 -0.0350972985
-0.3710415239 -0.4004665877 -0.3088750617 -0.0594604465 -0.6485154706 -0.3915607032 -0.3660484497 -0.0631112346 -0.6952347632 -0.4401342059 0.6550572202 -0.4051092098 -0.0290447266 -0.0342606040
-0.3681459327 -0.3935904096 -0.3019271799 -0.0584281568 -0.6423421603 -0.3839531646 -0.3567167861 -0.0620331624 -0.6860191104 -0.4272276165 0.6529031706 -0.3986046553 -0.0284376833 -0.0336351295
-0.3654191895 -0.3868212236 -0.2951171752 -0.0576113530 -0.6361942385 -0.3764333673 -0.3474288003 -0.0611703994 -0.6766860118 -0.4141835352 0.6508377760 -0.3922167860 -0.0280469202 -0.0332249575
-0.3628652748 -0.3801627034 -0.2884491243 -0.0570141998 -0.6300742419 -0.3690047999 -0.3381875616 -0.0605271174 -0.6672363614 -0.4010022891 0.6488639227 -0.3859493681 -0.0278765279 -0.0330341706
-0.3604881692 -0.3736185225 -0.2819271036 -0.0566408622 -0.6239847073 -0.3616709513 -0.3289961393 -0.0601074883 -0.6576710533 -0.3876842051 0.6469844965 -0.3798061679 -0.0279305968 -0.0330668512
-0.3582918534 -0.3671923545 -0.2755551898 -0.0564955050 -0.6179281715 -0.3544353101 -0.3198576026 -0.0599156838 -0.6479909814 -0.3742296103 0.6452023835 -0.3737909517 -0.0282132175 -0.0333270820
-0.3562803079 -0.3608878729 -0.2693374593 -0.0565822932 -0.6119071711 -0.3473013651 -0.3107750207 -0.0599558758 -0.6381970397 -0.3606388317 0.6435204698 -0.3679074857 -0.0287284802 -0.0338189454
-0.3544575133 -0.3547087513 -0.2632779888 -0.0569053917 -0.6059242429 -0.3402726049 -0.3017514630 -0.0602322361 -0.6282901223 -0.3469121963 0.6419416413 -0.3621595361 -0.0294804757 -0.0345465240
-0.3528274503 -0.3486586634 -0.2573808548 -0.0574689652 -0.5999819236 -0.3333525184 -0.2927899986 -0.0607489367 -0.6182711231 -0.3330500310 0.6404687842 -0.3565508693 -0.0304732942 -0.0355139004
-0.3513940994 -0.3427412825 -0.2516501337 -0.0582771788 -0.5940827500 -0.3265445941 -0.2838936969 -0.0615101492 -0.6081409363 -0.3190526630 0.6391047844 -0.3510852515 -0.0317110263 -0.0367251570
-0.3501614412 -0.3369602824 -0.2460899022 -0.0593341974 -0.5882292589 -0.3198523210 -0.2750656271 -0.0625200455 -0.5979004556 -0.3049204192 0.6378525281 -0.3457664489 -0.0331977624 -0.0381843765
-0.3491334565 -0.3313193366 -0.2407042369 -0.0606441857 -0.5824239869 -0.3132791875 -0.2663088584 -0.0637827975 -0.5875505753 -0.2906536267 0.6367149011 -0.3405982278 -0.0349375931 -0.0398956413
-0.3483141256 -0.3258221187 -0.2354972142 -0.0622113088 -0.5766694708 -0.3068286826 -0.2576264601 -0.0653025769 -0.5770921892 -0.2762526124 0.6356947896 -0.3355843545 -0.0369346088 -0.0418630340
-0.3477074293 -0.3204723022 -0.2304729107 -0.0640397314 -0.5709682474 -0.3005042949 -0.2490215014 -0.0670835557 -0.5665261915 -0.2617177033 0.6347950796 -0.3307285951 -0.0391928999 -0.0440906372
-0.3473173482 -0.3152735607 -0.2256354029 -0.0661336186 -0.5653228533 -0.2943095131 -0.2404970516 -0.0691299056 -0.5558534760 -0.2470492266 0.6340186571 -0.3260347161 -0.0417165570 -0.0465825333
-0.3471478628 -0.3102295677 -0.2209887675 -0.0684971351 -0.5597358254 -0.2882478260 -0.2320561801 -0.0714457985 -0.5450749368 -0.2322475091 0.6333684082 -0.3215064835 -0.0445096704 -0.0493428050
-0.3472029538 -0.3053439969 -0.2165370809 -0.0711344460 -0.5542097003 -0.2823227223 -0.2237019559 -0.0740354061 -0.5341914679 -0.2173128779 0.6328472189 -0.3171476638 -0.0475763307 -0.0523755347
-0.3474866018 -0.3006205219 -0.2122844196 -0.0740497160 -0.5487470148 -0.2765376906 -0.2154374484 -0.0769029005 -0.5232039634 -0.2022456600 0.6324579752 -0.3129620230 -0.0509206284 -0.0556848050
-0.3480027873 -0.2960628161 -0.2082348603 -0.0772471101 -0.5433503057 -0.2708962198 -0.2072657268 -0.0800524532 -0.5121133171 -0.1870461824 0.6322035631 -0.3089533276 -0.0545466538 -0.0592746984
