-0.6186944963 -0.8256134904 -0.8114531729 -0.3944850286 -0.9878673419 -0.7800076781 -0.9592444591 -0.3962428158 -0.9596558086 -1.0000000000 0.6295674499 -0.8307390592 -0.3529515850 -0.3522397029
-0.6107332426 -0.8175017823 -0.8022125114 -0.3858090267 -0.9845984277 -0.7726132990 -0.9530315906 -0.3875759259 -0.9643826530 -0.9996686571 0.6271595316 -0.8228346264 -0.3443063150 -0.3436117618
-0.6024500626 -0.8090238049 -0.7925989460 -0.3768516964 -0.9809700403 -0.7648682309 -0.9464292078 -0.3786274191 -0.9687958749 -0.9989621916 0.6244745581 -0.8145646170 -0.3353886217 -0.3347116927
-0.5938555110 -0.8001906570 -0.7826241181 -0.3676234504 -0.9769911597 -0.7567831042 -0.9394473456 -0.3694077074 -0.9728993576 -0.9978868028 0.6215202806 -0.8059400355 -0.3262088085 -0.3255497885
-0.5849601427 -0.7910134371 -0.7722996693 -0.3581347014 -0.9726707661 -0.7483685492 -0.9320960390 -0.3599272028 -0.9766969840 -0.9964486898 0.6183044506 -0.7969718864 -0.3167771786 -0.3161363419
-0.5757745126 -0.7815032438 -0.7616372410 -0.3483958621 -0.9680178396 -0.7396351963 -0.9243853232 -0.3501963174 -0.9801926373 -0.9946540520 0.6148348193 -0.7876711745 -0.3071040352 -0.3064816458
-0.5663091754 -0.7716711757 -0.7506484750 -0.3384173450 -0.9630413605 -0.7305936758 -0.9163252331 -0.3402254630 -0.9833902004 -0.9925090886 0.6111191380 -0.7780489044 -0.2971996815 -0.2965959930
-0.5565746861 -0.7615283314 -0.7393450126 -0.3282095628 -0.9577503087 -0.7212546180 -0.9079258037 -0.3300250517 -0.9862935564 -0.9900199988 0.6071651582 -0.7681160805 -0.2870744209 -0.2864896763
-0.5465815994 -0.7510858094 -0.7277384955 -0.3177829283 -0.9521536646 -0.7116286532 -0.8991970702 -0.3196054954 -0.9889065885 -0.9871929820 0.6029806312 -0.7578837076 -0.2767385566 -0.2761729885
-0.5363404703 -0.7403547084 -0.7158405651 -0.3071478540 -0.9462604081 -0.7017264118 -0.8901490675 -0.3089772063 -0.9912331795 -0.9840342375 0.5985733082 -0.7473627903 -0.2662023917 -0.2656562224
-0.5258618534 -0.7293461269 -0.7036628631 -0.2963147527 -0.9400795195 -0.6915585241 -0.8807918307 -0.2981505961 -0.9932772127 -0.9805499643 0.5939509407 -0.7365643331 -0.2554762297 -0.2549496709
-0.5151563038 -0.7180711635 -0.6912170309 -0.2852940369 -0.9336199789 -0.6811356204 -0.8711353947 -0.2871360770 -0.9950425710 -0.9767463620 0.5891212800 -0.7254993406 -0.2445703736 -0.2440636268
-0.5042343761 -0.7065409169 -0.6785147101 -0.2740961194 -0.9268907665 -0.6704683312 -0.8611897947 -0.2759440610 -0.9965331375 -0.9726296296 0.5840920774 -0.7141788175 -0.2334951268 -0.2330083828
-0.4931066254 -0.6947664855 -0.6655675423 -0.2627314129 -0.9199008623 -0.6595672866 -0.8509650656 -0.2645849599 -0.9977527953 -0.9682059665 0.5788710843 -0.7026137683 -0.2222607925 -0.2217942318
-0.4817836063 -0.6827589681 -0.6523871689 -0.2512103299 -0.9126592466 -0.6484431170 -0.8404712425 -0.2530691859 -0.9987054274 -0.9634815719 0.5734660520 -0.6908151977 -0.2108776740 -0.2104314667
-0.4702758737 -0.6705294631 -0.6389852316 -0.2395432831 -0.9051748994 -0.6371064528 -0.8297183604 -0.2414071508 -0.9993949168 -0.9584626451 0.5678847319 -0.6787941103 -0.1993560744 -0.1989303801
-0.4585939826 -0.6580890692 -0.6253733719 -0.2277406852 -0.8974568009 -0.6255679242 -0.8187164544 -0.2296092667 -0.9998251467 -0.9531553853 0.5621348753 -0.6665615106 -0.1877062971 -0.1873012650
-0.4467484876 -0.6454488850 -0.6115632312 -0.2158129489 -0.8895139313 -0.6138381617 -0.8074755595 -0.2176859456 -1.0000000000 -0.9475659918 0.5562242335 -0.6541284033 -0.1759386453 -0.1755544142
-0.4347499437 -0.6326200090 -0.5975664513 -0.2037704868 -0.8813552707 -0.6019277955 -0.7960057107 -0.2056475995 -0.9999233599 -0.9417006640 0.5501605579 -0.6415057930 -0.1640634222 -0.1637001204
-0.4226089057 -0.6196135398 -0.5833946735 -0.1916237116 -0.8729897993 -0.5898474561 -0.7843169430 -0.1935046403 -0.9995991093 -0.9355656009 0.5439515998 -0.6287046842 -0.1520909312 -0.1517486766
