0.8182529488 0.7950091632 0.6658495915 0.8395959858 0.9060050515 0.5940878685 0.7792232635 0.8396563275 0.9438876201 -0.1843976528 -0.9260996113 0.7581221217 0.8477875416 0.8498320946
0.8303709440 0.8085173394 0.6834030014 0.8510722650 0.9145245738 0.6142710563 0.7932896026 0.8511457104 0.9504356108 -0.1742203908 -0.9333089368 0.7727998094 0.8588660628 0.8608638468
0.8421724296 0.8216622695 0.7006417863 0.8622088639 0.9226948449 0.6340807445 0.8069971980 0.8622937874 0.9566104611 -0.1640505234 -0.9402008055 0.7871350196 0.8696104656 0.8715574109
0.8536456642 0.8344329345 0.7175514686 0.8729950874 0.9305070595 0.6535049750 0.8203346104 0.8730899069 0.9624052448 -0.1538861108 -0.9467661443 0.8011155114 0.8800100912 0.8819022785
0.8647789061 0.8468183154 0.7341175707 0.8834202404 0.9379524127 0.6725317893 0.8332904002 0.8835234168 0.9678130358 -0.1437252126 -0.9529958805 0.8147290434 0.8900542810 0.8918879410
0.8755604139 0.8588073932 0.7503256148 0.8934736277 0.9450220995 0.6911492291 0.8458531280 0.8935836656 0.9728269080 -0.1335658889 -0.9588809410 0.8279633746 0.8997323762 0.9015038900
0.8859784461 0.8703891490 0.7661611234 0.9031445540 0.9517073148 0.7093453362 0.8580113543 0.9032600013 0.9774399354 -0.1234061996 -0.9644122528 0.8408062637 0.9090337182 0.9107396170
0.8960212610 0.8815525637 0.7816096187 0.9124223243 0.9579992535 0.7271081521 0.8697536397 0.9125417722 0.9816451918 -0.1132442046 -0.9695807432 0.8532454696 0.9179476481 0.9195846137
0.9056771173 0.8922866184 0.7966566231 0.9212962433 0.9638891107 0.7444257185 0.8810685447 0.9214183263 0.9854357511 -0.1030779637 -0.9743773390 0.8652687511 0.9264635074 0.9280283714
0.9149342733 0.9025802940 0.8112876588 0.9297556159 0.9693680812 0.7612860772 0.8919446299 0.9298790121 0.9888046873 -0.0929055370 -0.9787929675 0.8768638670 0.9345706372 0.9360603818
0.9237809876 0.9124225717 0.8254882483 0.9377897469 0.9744273601 0.7776772698 0.9023704558 0.9379131775 0.9917450742 -0.0827249842 -0.9828185557 0.8880185761 0.9422583789 0.9436701363
0.9322055185 0.9218024324 0.8392439139 0.9453879411 0.9790581423 0.7935873379 0.9123345830 0.9455101709 0.9942499858 -0.0725343654 -0.9864450305 0.8987206373 0.9495160737 0.9508471265
0.9401961247 0.9307088571 0.8525401779 0.9525395033 0.9832516228 0.8090043233 0.9218255719 0.9526593404 0.9963124959 -0.0623317404 -0.9896633192 0.9089578093 0.9563330629 0.9575808440
0.9477410644 0.9391308268 0.8653625626 0.9592337385 0.9869989965 0.8239162677 0.9308319832 0.9593500343 0.9979256785 -0.0521151692 -0.9924643488 0.9187178511 0.9626986879 0.9638607803
0.9548285964 0.9470573226 0.8776965903 0.9654599513 0.9902914585 0.8383112126 0.9393423773 0.9655716006 0.9990826074 -0.0418827115 -0.9948390462 0.9279885214 0.9686022898 0.9696764269
0.9614469789 0.9544773254 0.8895277835 0.9712074466 0.9931202035 0.8521771998 0.9473453148 0.9713133877 0.9997763566 -0.0316324275 -0.9967783387 0.9367575791 0.9740332101 0.9750172754
0.9675844705 0.9613798164 0.9008416644 0.9764655293 0.9954764267 0.8655022709 0.9548293563 0.9765647436 1.0000000000 -0.0213623769 -0.9982731533 0.9450127830 0.9789807898 0.9798728173
0.9732293296 0.9677537764 0.9116237553 0.9812235041 0.9973513230 0.8782744677 0.9617830623 0.9813150167 0.9997466114 -0.0110706197 -0.9993144170 0.9527418918 0.9834343705 0.9842325440
0.9783698148 0.9735881866 0.9218595786 0.9854706760 0.9987360874 0.8904818317 0.9681949933 0.9855535550 0.9990092648 -0.0007552158 -0.9998930568 0.9599326645 0.9873832932 0.9880859473
0.9829941844 0.9788720278 0.9315346566 0.9891963496 0.9996219147 0.9021124048 0.9740537100 0.9892697069 0.9977810341 0.0095857749 -1.0000000000 0.9665728598 0.9908168994 0.9914225185
