-0.9300297294 -0.9401245768 -0.9739292944 -0.8721248642 -0.8897164978 -0.9226406541 -0.9686892199 -0.8746338810 -0.8461514686 -0.8650625851 0.6775863288 -0.9629854662 -0.8466561308 -0.8393915759
-0.9361846682 -0.9454933446 -0.9767583084 -0.8787812375 -0.8968398405 -0.9289800176 -0.9721331765 -0.8812410491 -0.8539547731 -0.8713411575 0.6872894020 -0.9672679798 -0.8538935834 -0.8469560024
-0.9420411037 -0.9505992066 -0.9794223782 -0.8852576463 -0.9037021255 -0.9350309421 -0.9753711821 -0.8876670469 -0.8615241558 -0.8773660033 0.6968141237 -0.9712776910 -0.8609557454 -0.8543364383
-0.9476012539 -0.9554437822 -0.9819219756 -0.8915542623 -0.9103057361 -0.9407957785 -0.9784042540 -0.8939120707 -0.8688620103 -0.8831401830 0.7061618207 -0.9750165306 -0.8678426427 -0.8615329985
-0.9528673368 -0.9600286906 -0.9842575723 -0.8976712571 -0.9166530556 -0.9462768777 -0.9812334093 -0.8999763169 -0.8759707299 -0.8886667572 0.7153338201 -0.9784864295 -0.8745543010 -0.8685457979
-0.9578415704 -0.9643555512 -0.9864296400 -0.9036088024 -0.9227464673 -0.9514765904 -0.9838596654 -0.9058599818 -0.8828527082 -0.8939487863 0.7243314488 -0.9816893183 -0.8810907462 -0.8753749512
-0.9625261725 -0.9684259833 -0.9884386503 -0.9093670697 -0.9285883545 -0.9563972675 -0.9862840394 -0.9115632619 -0.8895103387 -0.8989893309 0.7331560336 -0.9846271278 -0.8874520041 -0.8820205733
-0.9669233612 -0.9722416063 -0.9902850750 -0.9149462307 -0.9341811004 -0.9610412599 -0.9885075486 -0.9170863533 -0.8959460147 -0.9037914513 0.7418089014 -0.9873017888 -0.8936381003 -0.8884827790
-0.9710353544 -0.9758040394 -0.9919693857 -0.9203464571 -0.9395270885 -0.9654109184 -0.9905312102 -0.9224294526 -0.9021621298 -0.9083582082 0.7502913792 -0.9897152320 -0.8996490607 -0.8947616833
-0.9748643700 -0.9791149021 -0.9934920542 -0.9255679206 -0.9446287019 -0.9695085938 -0.9923560414 -0.9275927561 -0.9081610775 -0.9126926620 0.7586047939 -0.9918693883 -0.9054849111 -0.9008574009
-0.9784126261 -0.9821758136 -0.9948535522 -0.9306107926 -0.9494883240 -0.9733366371 -0.9939830595 -0.9325764601 -0.9139452511 -0.9167978731 0.7667504723 -0.9937661884 -0.9111456773 -0.9067700466
-0.9816823405 -0.9849883934 -0.9960543513 -0.9354752450 -0.9541083381 -0.9768973991 -0.9954132817 -0.9373807610 -0.9195170442 -0.9206769021 0.7747297415 -0.9954075630 -0.9166313850 -0.9124997354
-0.9846757311 -0.9875542606 -0.9970949233 -0.9401614494 -0.9584911274 -0.9801932305 -0.9966477253 -0.9420058551 -0.9248788502 -0.9243328095 0.7825439283 -0.9967954430 -0.9219420601 -0.9180465820
-0.9873950161 -0.9898750347 -0.9979757398 -0.9446695773 -0.9626390753 -0.9832264823 -0.9976874075 -0.9464519388 -0.9300330626 -0.9277686558 0.7901943596 -0.9979317591 -0.9270777282 -0.9234107013
-0.9898424133 -0.9919523350 -0.9986972726 -0.9489998004 -0.9665545651 -0.9859995053 -0.9985333454 -0.9507192085 -0.9349820749 -0.9309875014 0.7976823623 -0.9988184421 -0.9320384152 -0.9285922082
-0.9920201406 -0.9937877808 -0.9992599933 -0.9531522905 -0.9702399801 -0.9885146504 -0.9991865564 -0.9548078605 -0.9397282805 -0.9339924069 0.8050092634 -0.9994574227 -0.9368241469 -0.9335912175
-0.9939304161 -0.9953829915 -0.9996643736 -0.9571272190 -0.9736977035 -0.9907742683 -0.9996480577 -0.9587180911 -0.9442740729 -0.9367864327 0.8121763898 -0.9998506318 -0.9414349491 -0.9384078439
-0.9955754576 -0.9967395863 -0.9999108853 -0.9609247578 -0.9769301187 -0.9927807100 -0.9999188665 -0.9624500968 -0.9486218455 -0.9393726393 0.8191850683 -1.0000000000 -0.9458708475 -0.9430422025
-0.9969574832 -0.9978591847 -1.0000000000 -0.9645450783 -0.9799396089 -0.9945363263 -1.0000000000 -0.9660040739 -0.9527739919 -0.9417540873 0.8260366259 -0.9999074582 -0.9501318679 -0.9474944079
-0.9980787108 -0.9987434059 -0.9999321894 -0.9679883523 -0.9827285575 -0.9960434680 -0.9998924755 -0.9693802188 -0.9567329055 -0.9439338370 0.8327323895 -0.9995749371 -0.9542180361 -0.9517645751
