-0.2952625619 -0.7326326468 -0.8846565354 0.1887491818 -0.5987357238 -0.9446099762 -0.9524835392 0.1660033370 -0.3910226317 -0.7980629451 0.0576113215 -0.9715538942 0.4337016410 0.4547946956
-0.2773592507 -0.7276542744 -0.8817422020 0.2064535898 -0.6121012023 -0.9426367100 -0.9556472721 0.1832397103 -0.4078800508 -0.8040925150 0.0765241374 -0.9704380780 0.4557551902 0.4767763447
-0.2594636248 -0.7227140531 -0.8787961386 0.2237036834 -0.6252917537 -0.9406084829 -0.9587238257 0.2000268021 -0.4245826170 -0.8101138716 0.0954276090 -0.9692716599 0.4772735136 0.4982025820
-0.2415785947 -0.7178095190 -0.8758164674 0.2405052726 -0.6383045497 -0.9385235280 -0.9617107025 0.2163704857 -0.4411265378 -0.8161224481 0.1143150700 -0.9680525116 0.4982621762 0.5190795122
-0.2237070705 -0.7129382082 -0.8728013104 0.2568641679 -0.6511367622 -0.9363800781 -0.9646054055 0.2322766342 -0.4575080203 -0.8221136781 0.1331798541 -0.9667785047 0.5187267429 0.5394132401
-0.2058519625 -0.7080976571 -0.8697487897 0.2727861792 -0.6637855629 -0.9341763661 -0.9674054374 0.2477511207 -0.4737232718 -0.8280829950 0.1520152949 -0.9654475109 0.5386727787 0.5592098701
-0.1880161810 -0.7032854017 -0.8666570275 0.2882771169 -0.6762481236 -0.9319106251 -0.9701083010 0.2627998185 -0.4897684996 -0.8340258322 0.1708147262 -0.9640574018 0.5581058484 0.5784755070
-0.1702026362 -0.6984989782 -0.8635241457 0.3033427911 -0.6885216162 -0.9295810879 -0.9727114991 0.2774286007 -0.5056399111 -0.8399376230 0.1895714817 -0.9626060492 0.5770315171 0.5972162554
-0.1524142384 -0.6937359228 -0.8603482665 0.3179890121 -0.7006032123 -0.9271859875 -0.9752125345 0.2916433404 -0.5213337134 -0.8458138010 0.2082788950 -0.9610913246 0.5954553495 0.6154382200
-0.1346538978 -0.6889937718 -0.8571275119 0.3322215900 -0.7124900839 -0.9247235569 -0.9776089100 0.3054499108 -0.5368461139 -0.8516497996 0.2269302999 -0.9595110997 0.6133829107 0.6331475055
-0.1169245247 -0.6842700612 -0.8538600042 0.3460463351 -0.7241794027 -0.9221920288 -0.9798981283 0.3188541851 -0.5521733199 -0.8574410522 0.2455190301 -0.9578632462 0.6308197655 0.6503502165
-0.0992290294 -0.6795623272 -0.8505438652 0.3594690575 -0.7356683405 -0.9195896363 -0.9820776922 0.3318620365 -0.5673115386 -0.8631829922 0.2640384192 -0.9561456358 0.6477714790 0.6670524576
-0.0815703220 -0.6748681060 -0.8471772172 0.3724955675 -0.7469540691 -0.9169146124 -0.9841451046 0.3444793381 -0.5822569774 -0.8688710530 0.2824818010 -0.9543561400 0.6642436160 0.6832603336
-0.0639513130 -0.6701849339 -0.8437581823 0.3851316752 -0.7580337603 -0.9141651898 -0.9860978683 0.3567119630 -0.5970058435 -0.8745006682 0.3008425091 -0.9524926306 0.6802417414 0.6989799490
-0.0463749124 -0.6655103469 -0.8402848825 0.3973831908 -0.7689045859 -0.9113396017 -0.9879334859 0.3685657845 -0.6115543441 -0.8800672710 0.3191138773 -0.9505529792 0.6957714202 0.7142174085
-0.0288440306 -0.6608418813 -0.8367554398 0.4092559246 -0.7795637177 -0.9084360808 -0.9896494604 0.3800466757 -0.6258986867 -0.8855662949 0.3372892393 -0.9485350574 0.7108382173 0.7289788168
-0.0113615778 -0.6561770732 -0.8331679765 0.4207556868 -0.7900083274 -0.9054528602 -0.9912432944 0.3911605098 -0.6400350784 -0.8909931734 0.3553619287 -0.9464367370 0.7254476977 0.7432702786
0.0060695356 -0.6515134588 -0.8295206146 0.4318882875 -0.8002355869 -0.9023881728 -0.9927124908 0.4019131599 -0.6539597267 -0.8963433398 0.3733252793 -0.9442558896 0.7396054262 0.7570978985
0.0234463995 -0.6468485742 -0.8258114761 0.4426595370 -0.8102426679 -0.8992402515 -0.9940545525 0.4123104991 -0.6676688386 -0.9016122277 0.3911726247 -0.9419903868 0.7533169677 0.7704677811
0.0407661037 -0.6421799558 -0.8220386832 0.4530752454 -0.8200267423 -0.8960073292 -0.9952669820 0.4223584008 -0.6811586216 -0.9067952703 0.4088972986 -0.9396381003 0.7665878873 0.7833860311
