0.4811181015 0.6428321614 0.7018582236 0.4146528066 0.3149961557 0.5338465852 0.7102694474 0.4137220408 0.2054644206 0.6890042019 -0.0307850883 0.6073555693 0.3954479160 0.3905102344
0.4720135122 0.6351483773 0.6937171480 0.4001601130 0.3079072170 0.5267405831 0.7075321217 0.3992166098 0.2011881423 0.6867175533 -0.0122242091 0.6015495307 0.3803191090 0.3754452300
0.4617350462 0.6262734532 0.6843479650 0.3843484622 0.2997740899 0.5185037774 0.7037345121 0.3833921748 0.1960033130 0.6833932481 0.0076364989 0.5946255540 0.3638585971 0.3590524196
0.4502620660 0.6161863345 0.6737291226 0.3671956680 0.2905778453 0.5091159459 0.6988569514 0.3662265504 0.1898927198 0.6790119055 0.0288184766 0.5865634610 0.3460440767 0.3413095502
0.4375739341 0.6048659664 0.6618390686 0.3486795444 0.2802995542 0.4985568660 0.6928797725 0.3476975512 0.1828391500 0.6735541444 0.0513431650 0.5773430737 0.3268532437 0.3221943686
0.4236500132 0.5922912940 0.6486562513 0.3287779051 0.2689202873 0.4868063152 0.6857833081 0.3277829920 0.1748253908 0.6670005839 0.0752320050 0.5669442140 0.3062637946 0.3016846218
0.4084696658 0.5784412625 0.6341591185 0.3074685641 0.2564211156 0.4738440712 0.6775478909 0.3064606872 0.1658342293 0.6593318429 0.1005064378 0.5553467038 0.2842534256 0.2797580567
0.3920122546 0.5632948171 0.6183261182 0.2847293353 0.2427831099 0.4596499114 0.6681538539 0.2837084515 0.1558484529 0.6505285404 0.1271879042 0.5425303649 0.2607998328 0.2563924201
0.3742571420 0.5468309031 0.6011356986 0.2605380325 0.2279873411 0.4442036134 0.6575815298 0.2595040995 0.1448508486 0.6405712956 0.1552978453 0.5284750194 0.2358807125 0.2315654591
0.3551836907 0.5290284655 0.5825663075 0.2348724696 0.2120148801 0.4274849547 0.6458112513 0.2338254459 0.1328242038 0.6294407274 0.1848577020 0.5131604890 0.2094737609 0.2052549205
0.3347712632 0.5098664496 0.5625963930 0.2077104606 0.1948467977 0.4094737129 0.6328233512 0.2066503053 0.1197513056 0.6171174548 0.2158889154 0.4965665958 0.1815566743 0.1774385512
0.3129992221 0.4893238006 0.5412044032 0.1790298192 0.1764641648 0.3901496656 0.6185981624 0.1779564923 0.1056149412 0.6035820969 0.2484129263 0.4786731615 0.1521071488 0.1480940981
0.2898469301 0.4673794637 0.5183687859 0.1488083595 0.1568480523 0.3694925902 0.6031160177 0.1477218215 0.0903978979 0.5888152726 0.2824511759 0.4594600081 0.1211028807 0.1171993081
0.2652937496 0.4440123840 0.4940679893 0.1170238951 0.1359795310 0.3474822644 0.5863572497 0.1159241075 0.0740829628 0.5727976010 0.3180251050 0.4389069575 0.0885215662 0.0847319283
0.2393190432 0.4192015068 0.4682804613 0.0836542402 0.1138396719 0.3240984656 0.5683021914 0.0825411650 0.0566529232 0.5555097011 0.3551561547 0.4169938317 0.0543409015 0.0506697054
0.2119021735 0.3929257773 0.4409846500 0.0486772084 0.0904095458 0.2993209714 0.5489311755 0.0475508086 0.0380905662 0.5369321919 0.3938657659 0.3937004524 0.0185385829 0.0149903863
0.1830225032 0.3651641405 0.4121590033 0.0120706138 0.0656702235 0.2731295594 0.5282245347 0.0109308528 0.0183786791 0.5170456924 0.4341753796 0.3690066416 -0.0189076934 -0.0223282820
0.1526593947 0.3358955418 0.3817819693 -0.0261877299 0.0396027760 0.2455040071 0.5061626019 -0.0273408876 -0.0024999509 0.4958308217 0.4761064369 0.3428922213 -0.0580202312 -0.0613085525
0.1207922107 0.3050989263 0.3498319959 -0.0661200087 0.0121882741 0.2164240920 0.4827257099 -0.0672865980 -0.0245625367 0.4732681987 0.5196803787 0.3153370132 -0.0988213343 -0.1019726785
0.0874003136 0.2727532393 0.3162875313 -0.1077484087 -0.0165922113 0.1858695917 0.4578941914 -0.1089284639 -0.0478262909 0.4493384425 0.5649186460 0.2863208394 -0.1413333064 -0.1443429129
