-0.1604675076 0.1250360130 0.4135032391 -0.2321625950 0.0493159165 0.4868180762 0.3159794216 -0.2274243297 -0.0060008033 0.9967673906 0.0640758640 0.1786954469 -0.2495916670 -0.2512378089
-0.1815743118 0.0970955596 0.3885490463 -0.2515484199 0.0216021417 0.4632994290 0.2884594108 -0.2469365429 -0.0327418437 0.9954707411 0.0893105946 0.1495392089 -0.2686307783 -0.2702462541
-0.2031256970 0.0685365774 0.3629818862 -0.2713354537 -0.0065845913 0.4391846282 0.2603189873 -0.2668520371 -0.0599007942 0.9939528767 0.1149342983 0.1197274429 -0.2880560551 -0.2896393135
-0.2251248494 0.0393546916 0.3367973109 -0.2915265874 -0.0352472790 0.4144693183 0.2315538498 -0.2871737144 -0.0874801121 0.9922120435 0.1409493593 0.0892555051 -0.3078702691 -0.3094197459
-0.2475749550 0.0095455271 0.3099908728 -0.3121247118 -0.0643889179 0.3891491441 0.2021596972 -0.3079044767 -0.1154822550 0.9902464875 0.1673581613 0.0581187520 -0.3280761920 -0.3295903106
-0.2704792001 -0.0208952910 0.2825581241 -0.3331327176 -0.0940125045 0.3632197503 0.1721322280 -0.3290472259 -0.1439096802 0.9880544546 0.1941630885 0.0263125396 -0.3486765954 -0.3501537664
-0.2938407706 -0.0519721378 0.2544946172 -0.3545534958 -0.1241210355 0.3366767816 0.1414671411 -0.3506048641 -0.1727648451 0.9856341909 0.2213665246 -0.0061677758 -0.3696742511 -0.3711128724
-0.3176628527 -0.0836893881 0.2257959043 -0.3763899371 -0.1547175072 0.3095158828 0.1101601350 -0.3725802932 -0.2020502071 0.9829839425 0.2489708538 -0.0393268378 -0.3910719307 -0.3924703877
-0.3419486325 -0.1160514171 0.1964575377 -0.3986449323 -0.1858049162 0.2817326985 0.0782069087 -0.3949764152 -0.2317682237 0.9801019552 0.2769784599 -0.0731692904 -0.4128724059 -0.4142290714
-0.3667012961 -0.1490625996 0.1664750697 -0.4213213723 -0.2173862590 0.2533228735 0.0456031607 -0.4177961321 -0.2619213523 0.9769864751 0.3053917269 -0.1076997772 -0.4350784482 -0.4363916824
-0.3919240297 -0.1827273107 0.1358440526 -0.4444221479 -0.2494645321 0.2242820524 0.0123445898 -0.4410423458 -0.2925120503 0.9736357482 0.3342130388 -0.1429229420 -0.4576928295 -0.4589609799
-0.4176200193 -0.2170499253 0.1045600387 -0.4679501499 -0.2820427321 0.1946058800 -0.0215731053 -0.4647179583 -0.3235427750 0.9700480206 0.3634447795 -0.1788434285 -0.4807183214 -0.4819397228
-0.4437924511 -0.2520348184 0.0726185802 -0.4919082691 -0.3151238554 0.1642900010 -0.0561542258 -0.4888258717 -0.3550159840 0.9662215381 0.3930893330 -0.2154658805 -0.5041576955 -0.5053306701
-0.4704445111 -0.2876863650 0.0400152295 -0.5162993964 -0.3487108987 0.1333300601 -0.0914030731 -0.5133689878 -0.3869341346 0.9621545469 0.4231490833 -0.2527949418 -0.5280137236 -0.5291365811
-0.4975793856 -0.3240089401 0.0067455388 -0.5411264226 -0.3828068583 0.1017217020 -0.1273239484 -0.5383502086 -0.4192996843 0.9578452929 0.4536264143 -0.2908352561 -0.5522891772 -0.5533602146
-0.5252002605 -0.3610069187 -0.0271949395 -0.5663922385 -0.4174147308 0.0694605715 -0.1639211530 -0.5637724362 -0.4521150904 0.9532920222 0.4845237100 -0.3295914672 -0.5769868281 -0.5780043297
-0.5533103220 -0.3986846757 -0.0618106532 -0.5920997349 -0.4525375128 0.0365423132 -0.2011989883 -0.5896385725 -0.4853828104 0.9484929806 0.5158433543 -0.3690682188 -0.6021094480 -0.6030716855
-0.5819127563 -0.4370465861 -0.0971060500 -0.6182518027 -0.4881782007 0.0029625718 -0.2391617553 -0.6159515195 -0.5191053017 0.9434464143 0.5475877312 -0.4092701547 -0.6276598084 -0.6285650410
-0.6110107494 -0.4760970250 -0.1330855777 -0.6448513326 -0.5243397911 -0.0312830079 -0.2778137556 -0.6427141791 -0.5532850218 0.9381505693 0.5797592247 -0.4502019186 -0.6536406812 -0.6544871552
-0.6406074874 -0.5158403672 -0.1697536838 -0.6719012155 -0.5610252804 -0.0661987813 -0.3171592903 -0.6699294533 -0.5879244279 0.9326036915 0.6123602187 -0.4918681543 -0.6800548379 -0.6808407872
