-0.1603620952 -0.3873079896 -0.3301119217 -0.0359362077 -0.2427638313 -0.3548210620 -0.4832213603 -0.0400949159 -0.2938508761 -0.5375989953 0.2035966233 -0.3834101788 0.0456500064 0.0463757974
-0.1803281237 -0.4095896928 -0.3522546296 -0.0555466215 -0.2610098269 -0.3765483723 -0.5056748539 -0.0597502187 -0.3118346855 -0.5599680714 0.2214677171 -0.4056759728 0.0269488263 0.0276842621
-0.1999378128 -0.4313811449 -0.3739556359 -0.0749076352 -0.2787522963 -0.3977964249 -0.5275499496 -0.0791537811 -0.3292547252 -0.5817019777 0.2388592655 -0.4274547898 0.0084522966 0.0091970301
-0.2191939943 -0.4526865311 -0.3952183404 -0.0940206404 -0.2959961938 -0.4185693816 -0.5488518841 -0.0983070196 -0.3461167570 -0.6028066769 0.2557759675 -0.4487507805 -0.0098405065 -0.0090868197
-0.2380995000 -0.4735100369 -0.4160461428 -0.1128870289 -0.3127464738 -0.4388714041 -0.5695858943 -0.1172113506 -0.3624265430 -0.6232881316 0.2722225226 -0.4695680958 -0.0279305064 -0.0271682082
-0.2566571616 -0.4938558477 -0.4364424428 -0.1315081926 -0.3290080907 -0.4587066541 -0.5897572169 -0.1358681903 -0.3781898451 -0.6431523047 0.2882036299 -0.4899108865 -0.0458186268 -0.0450480565
-0.2748698109 -0.5137281488 -0.4564106401 -0.1498855231 -0.3447859989 -0.4780792935 -0.6093710888 -0.1542789550 -0.3934124255 -0.6624051587 0.3037239886 -0.5097833034 -0.0635057912 -0.0627272855
-0.2927402797 -0.5331311257 -0.4759541345 -0.1680204122 -0.3600851527 -0.4969934839 -0.6284327468 -0.1724450613 -0.4081000461 -0.6810526564 0.3187882980 -0.5291894973 -0.0809929232 -0.0802068163
-0.3102713996 -0.5520689638 -0.4950763255 -0.1859142516 -0.3749105065 -0.5154533873 -0.6469474277 -0.1903679253 -0.4222584688 -0.6991007605 0.3334012572 -0.5481336191 -0.0982809463 -0.0974875699
-0.3274660026 -0.5705458484 -0.5137806131 -0.2035684332 -0.3892670146 -0.5334631653 -0.6649203682 -0.2080489635 -0.4358934557 -0.7165554336 0.3475675655 -0.5666198196 -0.1153707841 -0.1145704672
-0.3443269202 -0.5885659649 -0.5320703967 -0.2209843487 -0.4031596315 -0.5510269798 -0.6823568053 -0.2254895921 -0.4490107689 -0.7334226386 0.3612919222 -0.5846522497 -0.1322633602 -0.1314564294
-0.3608569843 -0.6061334987 -0.5499490763 -0.2381633898 -0.4165933116 -0.5681489925 -0.6992619757 -0.2426912276 -0.4616161702 -0.7497083380 0.3745790265 -0.6022350600 -0.1489595982 -0.1481463773
-0.3770590267 -0.6232526353 -0.5674200515 -0.2551069484 -0.4295730091 -0.5848333651 -0.7156411162 -0.2596552862 -0.4737154217 -0.7654184946 0.3874335775 -0.6193724016 -0.1654604215 -0.1646412320
-0.3929358791 -0.6399275599 -0.5844867220 -0.2718164161 -0.4421036784 -0.6010842595 -0.7314994636 -0.2763831844 -0.4853142855 -0.7805590710 0.3998602745 -0.6360684252 -0.1817667538 -0.1809419146
-0.4084903733 -0.6561624580 -0.6011524875 -0.2882931847 -0.4541902741 -0.6169058373 -0.7468422548 -0.2928763384 -0.4964185234 -0.7951360300 0.4118638168 -0.6523272816 -0.1978795187 -0.1970493459
-0.4237253410 -0.6719615149 -0.6174207477 -0.3045386459 -0.4658377503 -0.6323022605 -0.7616747266 -0.3091361647 -0.5070338975 -0.8091553343 0.4234489035 -0.6681531216 -0.2137996397 -0.2129644471
-0.4386436139 -0.6873289161 -0.6332949024 -0.3205541916 -0.4770510615 -0.6472776907 -0.7760021157 -0.3251640795 -0.5171661699 -0.8226229466 0.4346202338 -0.6835500962 -0.2295280403 -0.2286881391
-0.4532480239 -0.7022688470 -0.6487783512 -0.3363412135 -0.4878351620 -0.6618362898 -0.7898296590 -0.3409614992 -0.5268211025 -0.8355448296 0.4453825071 -0.6985223561 -0.2450656442 -0.2442213429
-0.4675414028 -0.7167854929 -0.6638744939 -0.3519011034 -0.4981950063 -0.6759822195 -0.8031625933 -0.3565298401 -0.5360044572 -0.8479269459 0.4557404225 -0.7130740521 -0.2604133749 -0.2595649796
-0.4815265821 -0.7308830392 -0.6785867303 -0.3672352529 -0.5081355487 -0.6897196415 -0.8160061554 -0.3718705187 -0.5447219962 -0.8597752582 0.4656986793 -0.7272093350 -0.2755721560 -0.2747199701
