0.5756492602 0.3504169590 0.1924446999 0.5316101698 0.6509312303 0.1601771436 0.1949167847 0.5309899284 0.3277659857 -0.8158597916 -0.5617060789 0.3624971878 0.5410359002 0.5494376906
0.5589577539 0.3368976750 0.1798887450 0.5183109074 0.6459060534 0.1455147855 0.1859887995 0.5177303157 0.3480301950 -0.8020198400 -0.5665069122 0.3471000159 0.5275672689 0.5356590873
0.5428045619 0.3238878063 0.1678483870 0.5054853752 0.6411487633 0.1314171873 0.1774994761 0.5049436929 0.3679471058 -0.7884016937 -0.5713539995 0.3322496816 0.5145743526 0.5223613689
0.5271840766 0.3113818740 0.1563180385 0.4931284379 0.6366558791 0.1178783814 0.1694438090 0.4926249301 0.3875184067 -0.7750032649 -0.5762456391 0.3179404292 0.5020520050 0.5095393531
0.5120906905 0.2993743995 0.1452921122 0.4812349602 0.6324239204 0.1048924000 0.1618167923 0.4807688973 0.4067457862 -0.7618224658 -0.5811801291 0.3041665030 0.4899950792 0.4971878574
0.4975187960 0.2878599039 0.1347650207 0.4697998067 0.6284494065 0.0924532751 0.1546134205 0.4693704647 0.4256309330 -0.7488572085 -0.5861557676 0.2909221471 0.4783984289 0.4853016991
0.4834627854 0.2768329085 0.1247311768 0.4588178420 0.6247288567 0.0805550391 0.1478286879 0.4584245023 0.4441755357 -0.7361054053 -0.5911708526 0.2782016060 0.4672569073 0.4738756958
0.4699170514 0.2662879344 0.1151849930 0.4482839310 0.6212587906 0.0691917242 0.1414575888 0.4479258801 0.4623812829 -0.7235649682 -0.5962236823 0.2659991237 0.4565653679 0.4629046650
0.4568759861 0.2562195029 0.1061208821 0.4381929382 0.6180357273 0.0583573624 0.1354951175 0.4378694682 0.4802498631 -0.7112338095 -0.6013125547 0.2543089447 0.4463186641 0.4523834242
0.4443339822 0.2466221353 0.0975332567 0.4285397283 0.6150561864 0.0480459861 0.1299362685 0.4282501366 0.4977829650 -0.6991098413 -0.6064357681 0.2431253131 0.4365116493 0.4423067908
0.4322854320 0.2374903527 0.0894165295 0.4193191661 0.6123166871 0.0382516275 0.1247760360 0.4190627554 0.5149822771 -0.6871909758 -0.6115916204 0.2324424733 0.4271391769 0.4326695824
0.4207247279 0.2288186763 0.0817651132 0.4105261161 0.6098137490 0.0289683187 0.1200094143 0.4103021947 0.5318494882 -0.6754751251 -0.6167784098 0.2222546694 0.4181961004 0.4234666163
0.4096462623 0.2206016275 0.0745734204 0.4021554430 0.6075438913 0.0201900919 0.1156313979 0.4019633246 0.5483862867 -0.6639602014 -0.6219944343 0.2125561457 0.4096772732 0.4146927102
0.3990444278 0.2128337273 0.0678358639 0.3942020116 0.6055036334 0.0119109794 0.1116369810 0.3940410150 0.5645943613 -0.6526441169 -0.6272379922 0.2033411465 0.4015775486 0.4063426815
0.3889136166 0.2055094971 0.0615468562 0.3866606864 0.6036894947 0.0041250134 0.1080211580 0.3865301360 0.5804754006 -0.6415247838 -0.6325073814 0.1946039161 0.3938917801 0.3984113476
0.3792482213 0.1986234580 0.0557008102 0.3795263323 0.6020979947 -0.0031737740 0.1047789232 0.3794255577 0.5960310932 -0.6306001141 -0.6378009001 0.1863386986 0.3866148212 0.3908935262
0.3700426343 0.1921701313 0.0502921383 0.3727938137 0.6007256526 -0.0099913506 0.1019052709 0.3727221502 0.6112631276 -0.6198680202 -0.6431168465 0.1785397385 0.3797415251 0.3837840345
0.3612912479 0.1861440382 0.0453152534 0.3664579955 0.5995689879 -0.0163336841 0.0993951956 0.3664147834 0.6261731925 -0.6093264140 -0.6484535185 0.1712012798 0.3732667454 0.3770776902
0.3529884546 0.1805396999 0.0407645680 0.3605137423 0.5986245198 -0.0222067423 0.0972436914 0.3604983276 0.6407629766 -0.5989732079 -0.6538092143 0.1643175670 0.3671853355 0.3707693107
0.3451286469 0.1753516376 0.0366344949 0.3549559187 0.5978887680 -0.0276164931 0.0954457528 0.3549676526 0.6550341683 -0.5888063140 -0.6591822320 0.1578828441 0.3614921487 0.3648537135
