-0.2419383819 -0.2499278519 -0.2611785416 -0.2368893852 -0.4391782463 -0.3495915383 -0.2715079887 -0.2388096653 -0.8384494687 -0.9773114617 0.9727841207 -0.2562827825 -0.2769379424 -0.2692088486
-0.2052653091 -0.2132009922 -0.2243669891 -0.2001253857 -0.4052703490 -0.3115981834 -0.2345937673 -0.2020239908 -0.8228758817 -0.9817797009 0.9664640637 -0.2194613776 -0.2418892158 -0.2348161733
-0.1675812268 -0.1754450132 -0.1865011602 -0.1623671370 -0.3702311043 -0.2723679146 -0.1966031498 -0.1642400865 -0.8065205155 -0.9857775555 0.9594534849 -0.1815986181 -0.2058931298 -0.1995218572
-0.1288766530 -0.1366499060 -0.1475703561 -0.1236061545 -0.3340494152 -0.2318882607 -0.1575249477 -0.1254493878 -0.7893751084 -0.9892979805 0.9517438459 -0.1426843556 -0.1689418901 -0.1633187690
-0.0891421056 -0.0968056615 -0.1075638784 -0.0838339535 -0.2967141846 -0.1901467507 -0.1173479724 -0.0856433299 -0.7714313986 -0.9923339312 0.9433266083 -0.1027084417 -0.1310277022 -0.1261997775
-0.0483681026 -0.0559022708 -0.0664710283 -0.0430420494 -0.2582143154 -0.1471309135 -0.0760610354 -0.0448133481 -0.7526811244 -0.9948783627 0.9341932335 -0.0616607281 -0.0921427718 -0.0881577515
-0.0065451618 -0.0139297251 -0.0242811073 -0.0012219577 -0.2185387105 -0.1028282780 -0.0336529482 -0.0029508777 -0.7331160242 -0.9969242302 0.9243351831 -0.0195310663 -0.0522793044 -0.0491855596
0.0363361987 0.0291219847 0.0190165832 0.0416348065 -0.1776762730 -0.0572263731 0.0098874778 0.0399526461 -0.7127278360 -0.9984644887 0.9137439187 0.0236906920 -0.0114295057 -0.0092760706
0.0802854609 0.0732628674 0.0634327418 0.0855367275 -0.1356159057 -0.0103127279 0.0545714311 0.0839057881 -0.6915082983 -0.9994920936 0.9024109018 0.0680146951 0.0304144187 0.0315778467
0.1253121071 0.1185029320 0.1089780670 0.1304922902 -0.0923465115 0.0379251289 0.1004101003 0.1289171129 -0.6694491492 -1.0000000000 0.8903275939 0.1134510916 0.0732602634 0.0733833237
0.1714256191 0.1648521875 0.1556632576 0.1765099790 -0.0478569935 0.0874996683 0.1474146738 0.1749951853 -0.6465421271 -0.9999811630 0.8774854567 0.1600100297 0.1171158226 0.1161474914
0.2186354790 0.2123206428 0.2034990121 0.2235982787 -0.0021362546 0.1384233613 0.1955963401 0.2221485700 -0.6227789702 -0.9994285378 0.8638759515 0.2077016578 0.1619888908 0.1598774813
0.2669511690 0.2609183068 0.2524960291 0.2717656738 0.0448268024 0.1907086790 0.2449662879 0.2703858318 -0.5981514168 -0.9983350796 0.8494905401 0.2565361244 0.2078872624 0.2045804246
0.3163821709 0.3106551885 0.3026650072 0.3210206490 0.0930432745 0.2443680926 0.2955357057 0.3197155353 -0.5726512051 -0.9966937434 0.8343206838 0.3065235778 0.2548187317 0.2502634524
0.3669379670 0.3615412967 0.3540166450 0.3713716889 0.1425242587 0.2994140730 0.3473157819 0.3701462454 -0.5462700734 -0.9944974846 0.8183578444 0.3576741663 0.3027910933 0.2969336962
0.4186280392 0.4135866405 0.4065616411 0.4228272782 0.1932808520 0.3558590914 0.4003177052 0.4216865267 -0.5189997599 -0.9917392583 0.8015934832 0.4099980385 0.3518121414 0.3445982870
0.4714618696 0.4668012288 0.4603106940 0.4753959013 0.2453241517 0.4137156189 0.4545526639 0.4743449440 -0.4908320030 -0.9884120196 0.7840190619 0.4635053425 0.4018896706 0.3932643563
0.5254489403 0.5211950705 0.5152745025 0.5290860430 0.2986652546 0.4729961264 0.5100318468 0.5281300620 -0.4617585409 -0.9845087236 0.7656260420 0.5182062269 0.4530314751 0.4429390352
0.5805987332 0.5767781746 0.5714637651 0.5839061880 0.3533152580 0.5337130851 0.5667664423 0.5830504455 -0.4317711119 -0.9800223257 0.7464058850 0.5741108401 0.5052453494 0.4936294549
0.6369207305 0.6335605500 0.6288891803 0.6398648207 0.4092852587 0.5958789662 0.6247676389 0.6391146591 -0.4008614542 -0.9749457808 0.7263500526 0.6312293303 0.5585390880 0.5453427469
