0.0375348605 -0.0990331095 -0.1731758086 0.0386500565 -0.2215198265 -0.2156122200 -0.2867337248 0.0376801058 -0.9889464718 -0.6902361162 0.3994643185 -0.1095900721 0.0562956736 0.0619524613
0.0403759872 -0.0954093269 -0.1685055854 0.0407877325 -0.2199843998 -0.2103988401 -0.2819707859 0.0398264826 -0.9928894128 -0.6805249171 0.4002194957 -0.1056272751 0.0585398244 0.0642946264
0.0434772620 -0.0914800310 -0.1635155698 0.0431967934 -0.2180563084 -0.2048565662 -0.2768410399 0.0422445144 -0.9959875765 -0.6703567667 0.4004677745 -0.1013600957 0.0610460418 0.0668948071
0.0468483733 -0.0872352612 -0.1581962079 0.0458875473 -0.2157228584 -0.1989760273 -0.2713342090 0.0449445080 -0.9982196225 -0.6597229344 0.4001931536 -0.0967788007 0.0638244134 0.0697629633
0.0504990094 -0.0826650570 -0.1525379461 0.0488703022 -0.2129713562 -0.1927478528 -0.2654400152 0.0479367707 -0.9995642104 -0.6486146895 0.3993796317 -0.0918736572 0.0668850267 0.0729090550
0.0544388588 -0.0777594581 -0.1465312305 0.0521553658 -0.2097891082 -0.1861626719 -0.2591481808 0.0512316095 -1.0000000000 -0.6370233015 0.3980112075 -0.0866349321 0.0702379693 0.0763430421
0.0586776097 -0.0725085038 -0.1401665075 0.0557530463 -0.2061634207 -0.1792111140 -0.2524484277 0.0548393315 -0.9995056508 -0.6249400398 0.3960718797 -0.0810528922 0.0738933289 0.0800748847
0.0632249505 -0.0669022338 -0.1334342232 0.0596736515 -0.2020815999 -0.1718838081 -0.2453304782 0.0587702438 -0.9980598225 -0.6123561739 0.3935456469 -0.0751178046 0.0778611930 0.0841145426
0.0680905696 -0.0609306876 -0.1263248239 0.0639274894 -0.1975309523 -0.1641713837 -0.2377840544 0.0630346534 -0.9956411748 -0.5992629731 0.3904165079 -0.0688199362 0.0821516492 0.0884719759
0.0732841552 -0.0545839046 -0.1188287558 0.0685248679 -0.1924987842 -0.1560644699 -0.2297988784 0.0676428674 -0.9922283672 -0.5856517069 0.3866684613 -0.0621495540 0.0867747852 0.0931571445
0.0788153958 -0.0478519245 -0.1109364651 0.0734760950 -0.1869724018 -0.1475536961 -0.2213646723 0.0726051929 -0.9878000594 -0.5715136448 0.3822855058 -0.0550969248 0.0917406884 0.0981800085
0.0846939797 -0.0407247867 -0.1026383981 0.0787914786 -0.1809391115 -0.1386296914 -0.2124711582 0.0779319370 -0.9823349111 -0.5568400561 0.3772516402 -0.0476523156 0.0970594466 0.1035505277
0.0909295953 -0.0331925308 -0.0939250011 0.0844813267 -0.1743862197 -0.1292830851 -0.2031080584 0.0836334067 -0.9758115819 -0.5416222104 0.3715508631 -0.0398059934 0.1027411473 0.1092786621
0.0975319308 -0.0252451962 -0.0847867202 0.0905559472 -0.1673010327 -0.1195045066 -0.1932650948 0.0897199091 -0.9682087314 -0.5258513769 0.3651671732 -0.0315482250 0.1087958780 0.1153743717
0.1045106747 -0.0168728226 -0.0752140017 0.0970256480 -0.1596708567 -0.1092845850 -0.1829319897 0.0962017514 -0.9595050193 -0.5095188251 0.3580845692 -0.0228692775 0.1152337265 0.1218476164
0.1118755153 -0.0080654494 -0.0651972918 0.1039007372 -0.1514829982 -0.0986139496 -0.1720984651 0.1030892405 -0.9496791052 -0.4926158245 0.3502870498 -0.0137594177 0.1220647802 0.1287083564
0.1196361410 0.0011868838 -0.0547270368 0.1111915226 -0.1427247634 -0.0874832296 -0.1607542432 0.1103926835 -0.9387096488 -0.4751336445 0.3417586137 -0.0042089127 0.1292991269 0.1359665514
0.1278022400 0.0108941376 -0.0437936829 0.1189083122 -0.1333834587 -0.0758830544 -0.1488890461 0.1181223876 -0.9265753096 -0.4570635546 0.3324832596 0.0057919707 0.1369468539 0.1436321614
0.1363835007 0.0210662723 -0.0323876764 0.1270614140 -0.1234463904 -0.0638040532 -0.1364925959 0.1262886597 -0.9132547474 -0.4383968240 0.3224449861 0.0162529655 0.1450180491 0.1517151466
0.1453896116 0.0317132485 -0.0204994634 0.1356611359 -0.1129008648 -0.0512368552 -0.1235546148 0.1349018071 -0.8987266218 -0.4191247223 0.3116277920 0.0271838047 0.1535227999 0.1602254667
