-0.7896758971 -0.3369032147 -0.2717721661 -0.6313243367 -0.4736605361 -0.5884741292 -0.1748399837 -0.6399659004 -0.3954430608 -0.4785598096 0.4415184911 -0.4032091812 -0.4794304390 -0.4117341886
-0.7880791803 -0.3265939150 -0.2572451563 -0.6350542171 -0.4686304866 -0.5867620676 -0.1616634831 -0.6435075909 -0.3895665936 -0.4766367564 0.4404889617 -0.3920374897 -0.4864334902 -0.4188750305
-0.7865325724 -0.3163070278 -0.2426316407 -0.6387893342 -0.4637348140 -0.5851519831 -0.1484821186 -0.6470553455 -0.3838272176 -0.4748463560 0.4395871643 -0.3808330991 -0.4934277815 -0.4260217706
-0.7850383758 -0.3060453972 -0.2279334199 -0.6425304199 -0.4589773464 -0.5836468168 -0.1352986330 -0.6506099427 -0.3782288681 -0.4731919554 0.4388162130 -0.3695982116 -0.5004132411 -0.4331744844
-0.7835988929 -0.2958118674 -0.2131522944 -0.6462782062 -0.4543619116 -0.5822495100 -0.1221157693 -0.6541721609 -0.3727754806 -0.4716769011 0.4381792221 -0.3583350293 -0.5073897972 -0.4403332473
-0.7822164264 -0.2856092825 -0.1982900648 -0.6500334249 -0.4498923375 -0.5809630039 -0.1089362707 -0.6577427785 -0.3674709907 -0.4703045400 0.4376793059 -0.3470457542 -0.5143573779 -0.4474981348
-0.7808932786 -0.2754404866 -0.1833485316 -0.6537968081 -0.4455724519 -0.5797902396 -0.0957628800 -0.6613225740 -0.3623193338 -0.4690782188 0.4373195786 -0.3357325884 -0.5213159113 -0.4546692224
-0.7796317522 -0.2653083240 -0.1683294954 -0.6575690876 -0.4414060827 -0.5787341583 -0.0825983403 -0.6649123257 -0.3573244454 -0.4680012843 0.4371031546 -0.3243977339 -0.5282653256 -0.4618465854
-0.7784341495 -0.2552156386 -0.1532347568 -0.6613509954 -0.4373970579 -0.5777977014 -0.0694453945 -0.6685128122 -0.3524902609 -0.4670770832 0.4370331479 -0.3130433930 -0.5352055490 -0.4690302995
-0.7773027732 -0.2451652746 -0.1380661163 -0.6651432634 -0.4335492052 -0.5769838099 -0.0563067858 -0.6721248117 -0.3478207158 -0.4663089623 0.4371126730 -0.3016717676 -0.5421365095 -0.4762204399
-0.7762399256 -0.2351600763 -0.1228253744 -0.6689466236 -0.4298663526 -0.5762954251 -0.0431852569 -0.6757491028 -0.3433197456 -0.4657002683 0.4373448440 -0.2902850598 -0.5490581353 -0.4834170821
-0.7752479094 -0.2252028876 -0.1075143317 -0.6727618080 -0.4263523280 -0.5757354882 -0.0300835511 -0.6793864639 -0.3389912858 -0.4652543479 0.4377327752 -0.2788854718 -0.5559703545 -0.4906203017
-0.7743290270 -0.2152965528 -0.0921347888 -0.6765895483 -0.4230109592 -0.5753069403 -0.0170044112 -0.6830376733 -0.3348392718 -0.4649745480 0.4382795809 -0.2674752055 -0.5628730954 -0.4978301741
-0.7734855808 -0.2054439160 -0.0766885462 -0.6804305767 -0.4198460740 -0.5750127228 -0.0039505802 -0.6867035095 -0.3308676391 -0.4648642153 0.4389883754 -0.2560564631 -0.5697662859 -0.5050467747
-0.7727198735 -0.1956478214 -0.0611774044 -0.6842856249 -0.4168615004 -0.5748557767 0.0090751988 -0.6903847510 -0.3270803231 -0.4649266965 0.4398622728 -0.2446314467 -0.5766498544 -0.5122701790
-0.7720342076 -0.1859111130 -0.0456031641 -0.6881554251 -0.4140610663 -0.5748390434 0.0220701828 -0.6940821761 -0.3234812594 -0.4651653384 0.4409043875 -0.2332023584 -0.5835237289 -0.5195004624
-0.7714308854 -0.1762366350 -0.0299676257 -0.6920407090 -0.4114485995 -0.5749654639 0.0350316289 -0.6977965633 -0.3200743835 -0.4655834877 0.4421178337 -0.2217714001 -0.5903878375 -0.5267377004
-0.7709122095 -0.1666272315 -0.0142725899 -0.6959422087 -0.4090279279 -0.5752379796 0.0479567941 -0.7015286910 -0.3168636307 -0.4661844912 0.4435057256 -0.2103407741 -0.5972421084 -0.5339819684
-0.7704804825 -0.1570857467 0.0014801429 -0.6998606560 -0.4068028794 -0.5756595315 0.0608429353 -0.7052793376 -0.3138529366 -0.4669716956 0.4450711775 -0.1989126823 -0.6040864698 -0.5412333419
-0.7701380068 -0.1476150247 0.0172887721 -0.7037967830 -0.4047772819 -0.5762330610 0.0736873095 -0.7090492815 -0.3110462367 -0.4679484478 0.4468173037 -0.1874893269 -0.6109208498 -0.5484918964
