0.4305554658 0.3523953928 0.1464564318 0.4570223707 0.5907555523 -0.0225978643 0.3250550976 0.4560293398 0.6653574444 -0.4579577480 -0.6569527154 0.2963947881 0.4773883825 0.4787282392
0.4467814332 0.3714803040 0.1671084278 0.4735763287 0.6052650413 0.0030989383 0.3444335213 0.4726538906 0.6791760277 -0.4469072517 -0.6692313200 0.3156802338 0.4934127730 0.4948644113
0.4629961708 0.3904884627 0.1878222183 0.4900686810 0.6196542099 0.0287331578 0.3637506272 0.4892140826 0.6928015491 -0.4359145924 -0.6814283640 0.3349414728 0.5093801717 0.5109356154
0.4791879370 0.4094088499 0.2085833256 0.5064887325 0.6339142532 0.0542928360 0.3829949761 0.5056992639 0.7062270824 -0.4249778301 -0.6935347744 0.3541662639 0.5252799199 0.5269313430
0.4953449903 0.4282304467 0.2293772720 0.5228257880 0.6480363660 0.0797660145 0.4021551282 0.5220987826 0.7194457015 -0.4140950246 -0.7055414784 0.3733423658 0.5411013589 0.5428410856
0.5114555891 0.4469422340 0.2501895799 0.5390691523 0.6620117433 0.1051407349 0.4212196443 0.5384019871 0.7324504804 -0.4032642360 -0.7174394030 0.3924575375 0.5568338300 0.5586543348
0.5275079921 0.4655331929 0.2710057716 0.5552081302 0.6758315801 0.1304050391 0.4401770848 0.5545982254 0.7452344929 -0.3924835240 -0.7292194752 0.4114995377 0.5724666744 0.5743605820
0.5434904575 0.4839923044 0.2918113694 0.5712320266 0.6894870714 0.1555469685 0.4590160103 0.5706768458 0.7577908130 -0.3817509487 -0.7408726221 0.4304561252 0.5879892334 0.5899493189
0.5593912440 0.5023085495 0.3125918957 0.5871301464 0.7029694121 0.1805545650 0.4777249814 0.5866271965 0.7701125145 -0.3710645698 -0.7523897709 0.4493150590 0.6033908484 0.6054100370
0.5751986099 0.5204709092 0.3333328727 0.6028917942 0.7162697972 0.2054158701 0.4962925585 0.6024386256 0.7821926714 -0.3604224474 -0.7637618485 0.4680640977 0.6186608605 0.6207322278
0.5909008137 0.5384683645 0.3540198229 0.6185062750 0.7293794216 0.2301189256 0.5147073022 0.6181004815 0.7940243576 -0.3498226413 -0.7749797820 0.4866910003 0.6337886111 0.6359053829
0.6064861140 0.5562898965 0.3746382685 0.6339628936 0.7422894803 0.2546517731 0.5329577731 0.6336021121 0.8056006469 -0.3392632115 -0.7860344985 0.5051835255 0.6487634415 0.6509189937
0.6219427691 0.5739244862 0.3951737318 0.6492509548 0.7549911683 0.2790024543 0.5510325317 0.6489328658 0.8169146132 -0.3287422178 -0.7969169251 0.5235294322 0.6635746929 0.6657625519
0.6372590376 0.5913611145 0.4156117353 0.6643597634 0.7674756805 0.3031590110 0.5689201385 0.6640820908 0.8279593306 -0.3182577202 -0.8076179888 0.5417164791 0.6782117067 0.6804255489
0.6524231779 0.6085887625 0.4359378012 0.6792786242 0.7797342119 0.3271094846 0.5866091541 0.6790391352 0.8387278728 -0.3078077786 -0.8181286167 0.5597324252 0.6926638240 0.6948974763
0.6674234486 0.6255964112 0.4561374520 0.6939968421 0.7917579574 0.3508419170 0.6040881390 0.6937933472 0.8492133138 -0.2973904528 -0.8284397359 0.5775650293 0.7069203863 0.7091678256
0.6822481080 0.6423730416 0.4761962098 0.7085037219 0.8035381121 0.3743443498 0.6213456538 0.7083340751 0.8594087274 -0.2870038029 -0.8385422734 0.5952020501 0.7209707347 0.7232260884
0.6968854146 0.6589076347 0.4960995970 0.7227885685 0.8150658708 0.3976048247 0.6383702590 0.7226506670 0.8693071877 -0.2766458887 -0.8484271563 0.6126312465 0.7348042107 0.7370617562
0.7113236270 0.6751891716 0.5158331360 0.7368406865 0.8263324286 0.4206113833 0.6551505151 0.7367324711 0.8789017684 -0.2663147701 -0.8580853117 0.6298403774 0.7484101553 0.7506643205
0.7255510036 0.6912066333 0.5353823491 0.7506493810 0.8373289804 0.4433520674 0.6716749828 0.7505688357 0.8881855435 -0.2560085070 -0.8675076666 0.6468172014 0.7617779100 0.7640232729
