-0.4048496681 -0.2170571560 -0.1931244230 -0.2583073407 0.5822222625 -0.3214411263 -0.0466247279 -0.2577208668 0.6561849627 0.6004315261 -0.7825274182 -0.2439705252 -0.2873297378 -0.2998616099
-0.4014046764 -0.2074166708 -0.1830079749 -0.2576017269 0.6005631961 -0.3109452364 -0.0291421821 -0.2568780307 0.6673621714 0.6173509107 -0.7978744419 -0.2339922900 -0.2881429894 -0.3003260195
-0.3971481911 -0.1972733548 -0.1724188284 -0.2561031851 0.6186230538 -0.2999011270 -0.0114988896 -0.2552466900 0.6779511475 0.6340159439 -0.8127599056 -0.2235029614 -0.2881807777 -0.2999982600
-0.3920649210 -0.1866188852 -0.1613493022 -0.2537959070 0.6363920561 -0.2882999815 0.0063052005 -0.2528111511 0.6879377122 0.6504185996 -0.8271716774 -0.2124941812 -0.2874273072 -0.2988623238
-0.3861395745 -0.1754449387 -0.1497917145 -0.2506640845 0.6538604236 -0.2761329835 0.0242701395 -0.2495557203 0.6973076867 0.6665508518 -0.8410976252 -0.2009575913 -0.2858667824 -0.2969022029
-0.3793568603 -0.1637431923 -0.1377383839 -0.2466919096 0.6710183771 -0.2633913162 0.0423959785 -0.2454647038 0.7060468925 0.6824046742 -0.8545256173 -0.1888848333 -0.2834834076 -0.2941018896
-0.3717014870 -0.1515053230 -0.1251816287 -0.2418635741 0.6878561370 -0.2500661632 0.0606827686 -0.2405224080 0.7141411507 0.6979720409 -0.8674435215 -0.1762675492 -0.2802613873 -0.2904453761
-0.3631581631 -0.1387230075 -0.1121137673 -0.2361632699 0.7043639239 -0.2361487078 0.0791305609 -0.2347131392 0.7215762827 0.7132449257 -0.8798392061 -0.1630973808 -0.2761849260 -0.2859166545
-0.3537115974 -0.1253879229 -0.0985271183 -0.2295751888 0.7205319586 -0.2216301336 0.0977394066 -0.2280212037 0.7283381098 0.7282153026 -0.8917005391 -0.1493659698 -0.2712382281 -0.2804997171
-0.3433464983 -0.1114917461 -0.0844140000 -0.2220835228 0.7363504616 -0.2065016239 0.1165093568 -0.2204309078 0.7344124531 0.7428751454 -0.9030153885 -0.1350649582 -0.2654054980 -0.2741785561
-0.3320475746 -0.0970261539 -0.0697667309 -0.2136724637 0.7518096536 -0.1907543622 0.1354404626 -0.2119265579 0.7397851341 0.7572164280 -0.9137716224 -0.1201859877 -0.2586709403 -0.2669371635
-0.3197995347 -0.0819828233 -0.0545776293 -0.2043262034 0.7668997550 -0.1743795319 0.1545327752 -0.2024924602 0.7444419740 0.7712311244 -0.9239571089 -0.1047207001 -0.2510187592 -0.2587595318
-0.3065870874 -0.0663534312 -0.0388390137 -0.1940289337 0.7816109866 -0.1573683165 0.1737863456 -0.1921129211 0.7483687940 0.7849112085 -0.9335597160 -0.0886607373 -0.2424331594 -0.2496296529
-0.2923949411 -0.0501296545 -0.0225432026 -0.1827648467 0.7959335690 -0.1397118994 0.1932012250 -0.1807722468 0.7515514155 0.7982486542 -0.9425673119 -0.0719977410 -0.2328983452 -0.2395315192
-0.2772078046 -0.0333031701 -0.0056825143 -0.1705181341 0.8098577228 -0.1214014640 0.2127774646 -0.1684547436 0.7539756598 0.8112354353 -0.9509677645 -0.0547233532 -0.2223985211 -0.2284491227
-0.2610103864 -0.0158656549 0.0117507327 -0.1572729878 0.8233736685 -0.1024281937 0.2325151154 -0.1551447180 0.7556273481 0.8238635259 -0.9587489419 -0.0368292155 -0.2109178915 -0.2163664558
-0.2437873951 0.0021912141 0.0297642200 -0.1430135997 0.8364716268 -0.0827832721 0.2524142286 -0.1408264761 0.7564923018 0.8361248997 -0.9658987123 -0.0183069700 -0.1984406609 -0.2032675106
-0.2255235394 0.0208757600 0.0483656291 -0.1277241617 0.8491418184 -0.0624578825 0.2724748553 -0.1254843244 0.7565563420 0.8480115308 -0.9724049436 0.0008517418 -0.1849510337 -0.1891362793
-0.2062035277 0.0401963059 0.0675626417 -0.1113888657 0.8613744638 -0.0414432083 0.2926970467 -0.1091025690 0.7558052901 0.8595153930 -0.9782555039 0.0206552779 -0.1704332143 -0.1739567540
-0.1858120688 0.0601611750 0.0873629393 -0.0939919035 0.8731597836 -0.0197304330 0.3130808538 -0.0916655164 0.7542249675 0.8706284602 -0.9834382614 0.0411119964 -0.1548714073 -0.1577129270
