-0.3615991691 -0.1859991926 0.0937657306 -0.4048116512 -0.2097401636 -0.3093033906 0.2423666618 -0.4038575008 -0.0098414245 -0.1242189453 0.1972804715 -0.1389132483 -0.4116542127 -0.4192262177
-0.3829653260 -0.2071346127 0.0768729325 -0.4245450263 -0.2366602128 -0.3326630175 0.2244947879 -0.4236050621 -0.0437923172 -0.1543823063 0.2248704187 -0.1611609626 -0.4313804332 -0.4386514323
-0.4051693947 -0.2291980779 0.0590910212 -0.4450758899 -0.2645768908 -0.3569078947 0.2056737038 -0.4441529835 -0.0789741042 -0.1856212204 0.2534506309 -0.1843761306 -0.4518749904 -0.4588392489
-0.4282217136 -0.2522011744 0.0404085680 -0.4664142534 -0.2935019622 -0.3820487304 0.1858913413 -0.4655113163 -0.1154008474 -0.2179480818 0.2830326681 -0.2085707255 -0.4731474668 -0.4797992146
-0.4521326210 -0.2761554888 0.0208141442 -0.4885701279 -0.3234471914 -0.4080962328 0.1651356324 -0.4876901115 -0.1530866082 -0.2513752849 0.3136280905 -0.2337567205 -0.4952074446 -0.5015408767
-0.4769124554 -0.3010726075 0.0002963210 -0.5115535245 -0.3544243428 -0.4350611100 0.1433945090 -0.5106994204 -0.1920454484 -0.2859152237 0.3452484583 -0.2599460890 -0.5180645061 -0.5240737826
-0.5025715551 -0.3269641168 -0.0211563302 -0.5353744545 -0.3864451810 -0.4629540702 0.1206559029 -0.5345492942 -0.2322914296 -0.3215802926 0.3779053316 -0.2871508042 -0.5417282335 -0.5474074794
-0.5291202586 -0.3538416031 -0.0435552383 -0.5600429289 -0.4195214704 -0.4917858217 0.0969077460 -0.5592497840 -0.2738386135 -0.3583828857 0.4116102707 -0.3153828394 -0.5662082091 -0.5715515145
-0.5565689042 -0.3817166529 -0.0669118319 -0.5855689591 -0.4536649754 -0.5215670725 0.0721379702 -0.5848109412 -0.3167010618 -0.3963353973 0.4463748355 -0.3446541677 -0.5915140152 -0.5965154352
-0.5849278304 -0.4106008525 -0.0912375398 -0.6119625560 -0.4888874606 -0.5523085309 0.0463345074 -0.6112428168 -0.3608928360 -0.4354502216 0.4822105864 -0.3749767626 -0.6176552340 -0.6223087886
-0.6142073754 -0.4405057883 -0.1165437906 -0.6392337310 -0.5252006904 -0.5840209050 0.0194852895 -0.6385554621 -0.4064279979 -0.4757397528 0.5191290834 -0.4063625972 -0.6446414479 -0.6489411222
-0.6444178778 -0.4714430468 -0.1428420132 -0.6673924952 -0.5626164293 -0.6167149031 -0.0084217516 -0.6667589282 -0.4533206092 -0.5172163851 0.5571418867 -0.4388236447 -0.6724822390 -0.6764219832
-0.6755696759 -0.5034242143 -0.1701436362 -0.6964488598 -0.6011464417 -0.6504012333 -0.0373986840 -0.6958632664 -0.5015847314 -0.5598925128 0.5962605564 -0.4723718786 -0.7011871897 -0.7047609188
-0.7076731081 -0.5364608772 -0.1984600884 -0.7264128359 -0.6408024921 -0.6850906037 -0.0674575760 -0.7258785279 -0.5512344263 -0.6037805300 0.6364966528 -0.5070192719 -0.7307658822 -0.7339674764
-0.7407385127 -0.5705646220 -0.2278027984 -0.7572944346 -0.6815963451 -0.7207937227 -0.0986104954 -0.7568147638 -0.6022837555 -0.6488928311 0.6778617359 -0.5427777980 -0.7612278987 -0.7640512031
-0.7747762283 -0.6057470350 -0.2581831951 -0.7891036673 -0.7235397649 -0.7575212983 -0.1308695106 -0.7886820253 -0.6547467807 -0.6952418102 0.7203673660 -0.5796594301 -0.7925828217 -0.7950216464
-0.8097965931 -0.6420197027 -0.2896127071 -0.8218505450 -0.7666445162 -0.7952840388 -0.1642466895 -0.8214903637 -0.7086375635 -0.7428398616 0.7640251031 -0.6176761415 -0.8248402333 -0.8268883535
-0.8458099456 -0.6793942114 -0.3221027631 -0.8555450789 -0.8109223633 -0.8340926522 -0.1987541003 -0.8552498301 -0.7639701655 -0.7916993794 0.8088465074 -0.6568399055 -0.8580097157 -0.8596608716
-0.8828266241 -0.7178821475 -0.3556647920 -0.8901972801 -0.8563850708 -0.8739578469 -0.2344038112 -0.8899704757 -0.8207586486 -0.8418327580 0.8548431391 -0.6971626953 -0.8921008514 -0.8933487480
-0.9208569671 -0.7574950975 -0.3903102223 -0.9258171600 -0.9030444031 -0.9148903310 -0.2712078901 -0.9256623518 -0.8790170742 -0.8932523914 0.9020265583 -0.7386564841 -0.9271232225 -0.9279615300
