-0.0208758556 -0.0598868340 -0.1221068783 -0.1072046038 0.0750181289 -0.1482257802 -0.0718708289 -0.1048079510 0.2076342596 0.1804726883 -0.0010292314 -0.0401465766 -0.1112624800 -0.1060114019
-0.0240911015 -0.0602925715 -0.1210371257 -0.1094322563 0.0746256321 -0.1461679416 -0.0692501440 -0.1070130615 0.2120811203 0.2032121538 -0.0020156519 -0.0405924134 -0.1137157803 -0.1084870662
-0.0277280748 -0.0611649486 -0.1204334654 -0.1120554294 0.0736881610 -0.1445848203 -0.0671618503 -0.1096156200 0.2157900927 0.2258584119 -0.0024667707 -0.0415153426 -0.1165568354 -0.1113529850
-0.0317982107 -0.0625175513 -0.1203101727 -0.1150855483 0.0721906944 -0.1434913170 -0.0656221674 -0.1126270975 0.2187403430 0.2484006331 -0.0023670896 -0.0429291221 -0.1197968219 -0.1146203698
-0.0363129447 -0.0643639656 -0.1206815228 -0.1185340382 0.0701182109 -0.1429023325 -0.0646473149 -0.1160589650 0.2209110370 0.2708279878 -0.0017011102 -0.0448475096 -0.1234469164 -0.1183004323
-0.0412837120 -0.0667177775 -0.1215617908 -0.1224123244 0.0674556890 -0.1428327675 -0.0642535125 -0.1199226938 0.2222813408 0.2931296466 -0.0004533342 -0.0472842627 -0.1275182955 -0.1224043840
-0.0467219480 -0.0695925731 -0.1229652519 -0.1267318320 0.0641881074 -0.1432975228 -0.0644569798 -0.1242297547 0.2228304204 0.3152947799 0.0013917369 -0.0502531391 -0.1320221359 -0.1269434366
-0.0526390880 -0.0730019383 -0.1249061813 -0.1315039863 0.0603004447 -0.1443114991 -0.0652739365 -0.1289916188 0.2225374419 0.3373125584 0.0038496012 -0.0537678966 -0.1369696141 -0.1319288018
-0.0590465673 -0.0769594591 -0.1273988542 -0.1367402124 0.0557776795 -0.1458895973 -0.0667206021 -0.1342197572 0.2213815711 0.3591721524 0.0069357571 -0.0578422928 -0.1423719067 -0.1373716911
-0.0659558214 -0.0814787215 -0.1304575459 -0.1424519356 0.0506047905 -0.1480467180 -0.0688131965 -0.1399256410 0.2193419742 0.3808627325 0.0106657030 -0.0624900855 -0.1482401903 -0.1432833161
-0.0733782854 -0.0865733116 -0.1340965314 -0.1486505811 0.0447667562 -0.1507977621 -0.0715679391 -0.1461207412 0.2163978172 0.4023734693 0.0150549372 -0.0677250323 -0.1545856416 -0.1496748884
-0.0813253949 -0.0922568154 -0.1383300861 -0.1553475741 0.0382485553 -0.1541576302 -0.0750010496 -0.1528165289 0.2125282659 0.4236935331 0.0201189581 -0.0735608909 -0.1614194372 -0.1565576197
-0.0898085850 -0.0985428188 -0.1431724850 -0.1625543398 0.0310351664 -0.1581412232 -0.0791287478 -0.1600244750 0.2077124866 0.4448120945 0.0258732639 -0.0800114192 -0.1687527537 -0.1639427216
-0.0988392911 -0.1054449078 -0.1486380035 -0.1702823034 0.0231115681 -0.1627634417 -0.0839672531 -0.1677560508 0.2019296451 0.4657183241 0.0323333529 -0.0870903746 -0.1765967677 -0.1718414057
-0.1084289486 -0.1129766685 -0.1547409166 -0.1785428901 0.0144627391 -0.1680391866 -0.0895327853 -0.1760227271 0.1951589074 0.4864013923 0.0395147236 -0.0948115151 -0.1849626557 -0.1802648836
-0.1185889928 -0.1211516869 -0.1614954996 -0.1873475252 0.0050736579 -0.1739833587 -0.0958415641 -0.1848359751 0.1873794397 0.5068504696 0.0474328742 -0.1031885982 -0.1938615944 -0.1892243669
-0.1293308591 -0.1299835489 -0.1689160277 -0.1967076339 -0.0050706967 -0.1806108585 -0.1029098090 -0.1942072659 0.1785704078 0.5270547266 0.0561033032 -0.1122353816 -0.2033047605 -0.1987310673
-0.1406659827 -0.1394858406 -0.1770167760 -0.2066346412 -0.0159853463 -0.1879365870 -0.1107537396 -0.2041480704 0.1687109778 0.5470033337 0.0655415087 -0.1219656231 -0.2133033305 -0.2087961963
-0.1526057990 -0.1496721480 -0.1858120198 -0.2171399726 -0.0276853122 -0.1959754449 -0.1193895758 -0.2146698598 0.1577803157 0.5666854614 0.0757629891 -0.1323930804 -0.2238684810 -0.2194309655
-0.1651617433 -0.1605560571 -0.1953160343 -0.2282350531 -0.0401856158 -0.2047423330 -0.1288335370 -0.2257841050 0.1457575875 0.5860902803 0.0867832429 -0.1435315112 -0.2350113886 -0.2306465867
