-0.8314310075 -0.4990957475 -0.5906049163 -0.6607991805 0.3240382151 -0.4493715811 -0.3585589914 -0.6547723129 0.5618074308 0.4465422055 -0.3255072674 -0.5231227464 -0.6710116938 -0.6974433770
-0.8411020624 -0.5060289001 -0.5963796623 -0.6707284294 0.3021457919 -0.4631110991 -0.3648095217 -0.6646352228 0.5436095262 0.4268190744 -0.3030383026 -0.5309183837 -0.6813283537 -0.7079898510
-0.8505929359 -0.5128496457 -0.6020264750 -0.6805122903 0.2802138293 -0.4767398551 -0.3709741961 -0.6743539242 0.5252246116 0.4070050359 -0.2804930799 -0.5385962546 -0.6914973248 -0.7183835311
-0.8598929917 -0.5195488085 -0.6075367971 -0.6901399079 0.2582590812 -0.4902449415 -0.3770442425 -0.6839175994 0.5066645911 0.3871148906 -0.2578876397 -0.5461467043 -0.7015075367 -0.7286132152
-0.8689915933 -0.5261172126 -0.6129020713 -0.6996004268 0.2362983017 -0.5036134508 -0.3830108887 -0.6933154306 0.4879413685 0.3671634392 -0.2352380225 -0.5535600782 -0.7113479190 -0.7386677011
-0.8778781044 -0.5325456826 -0.6181137402 -0.7088829916 0.2143482444 -0.5168324755 -0.3888653626 -0.7025366001 0.4690668478 0.3471654824 -0.2125602689 -0.5608267214 -0.7210074012 -0.7485357868
-0.8865418885 -0.5388250425 -0.6231632466 -0.7179767468 0.1924256635 -0.5298891080 -0.3945988920 -0.7115702903 0.4500529327 0.3271358211 -0.1898704192 -0.5679369793 -0.7304749130 -0.7582062702
-0.8949723093 -0.5449461167 -0.6280420331 -0.7268708372 0.1705473126 -0.5427704408 -0.4002027048 -0.7204056833 0.4309115272 0.3070892558 -0.1671845140 -0.5748811973 -0.7397393837 -0.7676679491
-0.9031587304 -0.5508997294 -0.6327415425 -0.7355544072 0.1487299458 -0.5554635665 -0.4056680288 -0.7290319615 0.4116545352 0.2870405874 -0.1445185936 -0.5816497204 -0.7487897431 -0.7769096214
-0.9110905153 -0.5566767050 -0.6372532173 -0.7440166014 0.1269903168 -0.5679555774 -0.4109860919 -0.7374383072 0.3922938607 0.2670046166 -0.1218886987 -0.5882328942 -0.7576149207 -0.7859200851
-0.9187570277 -0.5622678677 -0.6415685003 -0.7522465646 0.1053451797 -0.5802335660 -0.4161481219 -0.7456139026 0.3728414074 0.2469961441 -0.0993108697 -0.5946210637 -0.7662038459 -0.7946881379
-0.9261476312 -0.5676640418 -0.6456788342 -0.7602334412 0.0838112883 -0.5922846249 -0.4211453468 -0.7535479299 0.3533090793 0.2270299706 -0.0768011470 -0.6008045743 -0.7745454485 -0.8032025779
-0.9332516894 -0.5728560515 -0.6495756616 -0.7679663758 0.0624053965 -0.6040958465 -0.4259689943 -0.7612295716 0.3337087804 0.2071208968 -0.0543755711 -0.6067737714 -0.7826286579 -0.8114522029
-0.9400585659 -0.5778347212 -0.6532504252 -0.7754345131 0.0411442581 -0.6156543232 -0.4306102923 -0.7686480098 0.3140524144 0.1872837236 -0.0320501824 -0.6125190001 -0.7904424037 -0.8194258109
-0.9465576243 -0.5825908751 -0.6566945677 -0.7826269976 0.0200446271 -0.6269471476 -0.4350604687 -0.7757924269 0.2943518853 0.1675332515 -0.0098410216 -0.6180306058 -0.7979756154 -0.8271121996
-0.9527382282 -0.5871153374 -0.6598995319 -0.7895329740 -0.0008767426 -0.6379614121 -0.4393107513 -0.7826520051 0.2746190970 0.1478842815 0.0122358710 -0.6232989337 -0.8052172227 -0.8345001670
-0.9585897412 -0.5913989325 -0.6628567602 -0.7961415868 -0.0216030971 -0.6486842091 -0.4433523679 -0.7892159267 0.2548659534 0.1283516140 0.0341644549 -0.6283143292 -0.8121561550 -0.8415785109
-0.9641015270 -0.5954324847 -0.6655576956 -0.8024419807 -0.0421176827 -0.6591026313 -0.4471765466 -0.7954733739 0.2351043584 0.1089500500 0.0559286897 -0.6330671374 -0.8187813420 -0.8483360294
-0.9692629491 -0.5992068182 -0.6679937805 -0.8084233001 -0.0624037452 -0.6692037709 -0.4507745149 -0.8014135291 0.2153462159 0.0896943901 0.0775125347 -0.6375477038 -0.8250817132 -0.8547615203
-0.9740633711 -0.6027127572 -0.6701564578 -0.8140746898 -0.0824445310 -0.6789747206 -0.4541375010 -0.8070255746 0.1956034297 0.0705994351 0.0988999497 -0.6417463735 -0.8310461981 -0.8608437814
