-0.9586132275 -0.9904211822 -0.9716637250 -0.9094184354 -0.9069659299 -0.9955675568 -0.9820406992 -0.9081037567 -0.3318284282 -0.9475449042 0.4150214946 -0.9910356698 -0.9046201654 -0.9020347987
-0.9488772972 -0.9856683052 -0.9636889702 -0.8945251244 -0.9164262055 -0.9925282596 -0.9868532461 -0.8930888033 -0.3499095732 -0.9517213942 0.4220013949 -0.9864283736 -0.8893132963 -0.8864915172
-0.9382142944 -0.9800145097 -0.9547952207 -0.8786512254 -0.9253135247 -0.9887305225 -0.9908978697 -0.8770918578 -0.3677866994 -0.9557668479 0.4285816081 -0.9809160767 -0.8730265026 -0.8699660834
-0.9266516030 -0.9734809708 -0.9450033716 -0.8618287501 -0.9336389319 -0.9841878266 -0.9941859374 -0.8601450295 -0.3854578794 -0.9596753185 0.4347716704 -0.9745195213 -0.8557923901 -0.8524913166
-0.9142166070 -0.9660888639 -0.9343343174 -0.8440897105 -0.9414134716 -0.9789136528 -0.9967288168 -0.8422804277 -0.4029211859 -0.9634408589 0.4405811177 -0.9672594498 -0.8376435646 -0.8341000364
-0.9009366900 -0.9578593641 -0.9228089529 -0.8254661183 -0.9486481882 -0.9729214821 -0.9985378753 -0.8235301619 -0.4201746915 -0.9670575222 0.4460194860 -0.9591566046 -0.8186126317 -0.8148250621
-0.8868392361 -0.9488136468 -0.9104481731 -0.8059899854 -0.9553541263 -0.9662247954 -0.9996244806 -0.8039263414 -0.4372164689 -0.9705193615 0.4510963115 -0.9502317278 -0.7987321971 -0.7946992134
-0.8719516292 -0.9389728870 -0.8972728726 -0.7856933235 -0.9615423302 -0.9588370738 -1.0000000000 -0.7835010756 -0.4540445907 -0.9738204297 0.4558211300 -0.9405055620 -0.7780348666 -0.7737553096
-0.8563012530 -0.9283582600 -0.8833039462 -0.7646081445 -0.9672238444 -0.9507717980 -0.9996758011 -0.7622864738 -0.4706571296 -0.9769547800 0.4602034777 -0.9299988493 -0.7565532458 -0.7520261702
-0.8399154915 -0.9169909412 -0.8685622886 -0.7427664602 -0.9724097135 -0.9420424492 -0.9986632515 -0.7403146454 -0.4870521581 -0.9799164654 0.4642528905 -0.9187323322 -0.7343199406 -0.7295446147
-0.8228217285 -0.9048921056 -0.8530687948 -0.7202002823 -0.9771109818 -0.9326625083 -0.9969737186 -0.7176176998 -0.5032277489 -0.9826995389 0.4679789045 -0.9067267529 -0.7113675566 -0.7063434626
-0.8050473479 -0.8920829286 -0.8368443594 -0.6969416228 -0.9813386938 -0.9226454563 -0.9946185699 -0.6942277463 -0.5191819748 -0.9852980535 0.4713910557 -0.8940028538 -0.6877286995 -0.6824555333
-0.7866197336 -0.8785845854 -0.8199098772 -0.6730224935 -0.9851038940 -0.9120047740 -0.9916091729 -0.6701768943 -0.5349129082 -0.9877060623 0.4744988802 -0.8805813773 -0.6634359752 -0.6579136464
-0.7675662694 -0.8644182511 -0.8022862431 -0.6484749061 -0.9884176268 -0.9007539425 -0.9879568952 -0.6454972532 -0.5504186219 -0.9899176183 0.4773119139 -0.8664830656 -0.6385219891 -0.6327506212
-0.7479143393 -0.8496051011 -0.7839943517 -0.6233308725 -0.9912909367 -0.8889064428 -0.9836731042 -0.6202209323 -0.5656971885 -0.9919267747 0.4798396929 -0.8517286611 -0.6130193472 -0.6069992773
-0.7276913271 -0.8341663105 -0.7650550979 -0.5976224044 -0.9937348683 -0.8764757557 -0.9787691675 -0.5943800409 -0.5807466807 -0.9937275843 0.4820917532 -0.8363389060 -0.5869606551 -0.5806924341
-0.7069246167 -0.8181230547 -0.7454893764 -0.5713815138 -0.9957604658 -0.8634753623 -0.9732564526 -0.5680066886 -0.5955651710 -0.9953141003 0.4840776309 -0.8203345429 -0.5603785186 -0.5538629112
-0.6856415919 -0.8014965087 -0.7253180821 -0.5446402124 -0.9973787738 -0.8499187436 -0.9671463269 -0.5411329845 -0.6101507322 -0.9966803757 0.4858068619 -0.8037363139 -0.5333055433 -0.5265435279
-0.6638696367 -0.7843078479 -0.7045621096 -0.5174305120 -0.9986008368 -0.8358193804 -0.9604501580 -0.5137910382 -0.6245014368 -0.9978204635 0.4872889823 -0.7865649613 -0.5057743350 -0.4987671038
-0.6416361349 -0.7665782475 -0.6832423539 -0.4897844245 -0.9994376992 -0.8211907538 -0.9531793135 -0.4860129588 -0.6386153576 -0.9987284168 0.4885335281 -0.7688412277 -0.4778174993 -0.4705664583
