-0.2089776283 -0.5451346696 -0.6162466540 0.0468359380 -0.4507778952 -0.6249514807 -0.6687053022 0.0438752714 -0.5866705752 -0.8183961109 0.2085822106 -0.5447595717 0.0974735853 0.0828569447
-0.1658480325 -0.5203905751 -0.5952864644 0.0910183641 -0.4207773961 -0.6046285496 -0.6505866943 0.0876535728 -0.5640610084 -0.8086131739 0.1654238081 -0.5198902146 0.1407164539 0.1267081883
-0.1238595228 -0.4963071407 -0.5748730818 0.1339518445 -0.3915613120 -0.5848586666 -0.6329367275 0.1301915739 -0.5420368355 -0.7991021702 0.1234062243 -0.4956699115 0.1827450111 0.1693299558
-0.0830015870 -0.4728778597 -0.5550010155 0.1756480443 -0.3631221652 -0.5656361866 -0.6157505803 0.1715008742 -0.5205922642 -0.7898598236 0.0825189542 -0.4720923191 0.2235704457 0.2107335946
-0.0432637133 -0.4500962250 -0.5356647748 0.2161186285 -0.3354524782 -0.5469554643 -0.5990234312 0.2115930735 -0.4997215024 -0.7808828578 0.0427514925 -0.4491510937 0.2632039460 0.2509304520
-0.0046353897 -0.4279557298 -0.5168588689 0.2553752621 -0.3085447732 -0.5288108544 -0.5827504586 0.2504797712 -0.4794187580 -0.7721679966 0.0040933341 -0.4268398918 0.3016567008 0.2899318752
0.0328938958 -0.4064498672 -0.4985778073 0.2934296103 -0.2823915725 -0.5111967116 -0.5669268410 0.2881725669 -0.4596782388 -0.7637119638 -0.0334660262 -0.4051523701 0.3389398984 0.3277492115
0.0693346550 -0.3855721303 -0.4808160992 0.3302933379 -0.2569853985 -0.4941073908 -0.5515477568 0.3246830603 -0.4404941527 -0.7555114832 -0.0699370934 -0.3840821849 0.3750647275 0.3643938084
0.1046974000 -0.3653160122 -0.4635682540 0.3659781102 -0.2323187735 -0.4775372467 -0.5366083846 0.3600228509 -0.4218607074 -0.7475632785 -0.1053303728 -0.3636229927 0.4100423766 0.3998770131
0.1389926426 -0.3456750059 -0.4468287809 0.4004955920 -0.2083842198 -0.4614806340 -0.5221039028 0.3942035384 -0.4037721110 -0.7398640735 -0.1396563695 -0.3437684501 0.4438840343 0.4342101730
0.1722308948 -0.3266426047 -0.4305921893 0.4338574486 -0.1851742598 -0.4459319075 -0.5080294899 0.4272367222 -0.3862225711 -0.7324105919 -0.1729255887 -0.3245122136 0.4766008891 0.4674046352
0.2044226686 -0.3082123015 -0.4148529885 0.4660753448 -0.1626814158 -0.4308854219 -0.4943803242 0.4591340020 -0.3692062956 -0.7251995575 -0.2051485354 -0.3058479396 0.5082041296 0.4994717473
0.2355784760 -0.2903775896 -0.3996056878 0.4971609458 -0.1408982102 -0.4163355320 -0.4811515844 0.4899069773 -0.3527174924 -0.7182276942 -0.2363357149 -0.2877692847 0.5387049442 0.5304228564
0.2657088287 -0.2731319619 -0.3848447964 0.5271259165 -0.1198171652 -0.4022765925 -0.4683384489 0.5195672479 -0.3367503694 -0.7114917256 -0.2664976323 -0.2702699052 0.5681145216 0.5602693099
0.2948242389 -0.2564689117 -0.3705648238 0.5559819221 -0.0994308032 -0.3887029582 -0.4559360960 0.5481264131 -0.3212991343 -0.7049883755 -0.2956447927 -0.2533434579 0.5964440503 0.5890224551
0.3229352184 -0.2403819319 -0.3567602793 0.5837406276 -0.0797316465 -0.3756089838 -0.4439397044 0.5755960727 -0.3063579951 -0.6987143677 -0.3237877013 -0.2369835990 0.6237047189 0.6166936394
0.3500522792 -0.2248645157 -0.3434256721 0.6104136979 -0.0607122175 -0.3629890241 -0.4323444524 0.6019878263 -0.2919211595 -0.6926664260 -0.3509368633 -0.2211839852 0.6499077158 0.6432942100
0.3761859332 -0.2099101563 -0.3305555115 0.6360127983 -0.0423650384 -0.3508374338 -0.4211455185 0.6273132733 -0.2779828355 -0.6868412741 -0.3771027837 -0.2059382729 0.6750642297 0.6688355142
0.4013466924 -0.1955123466 -0.3181443069 0.6605495936 -0.0246826317 -0.3391485676 -0.4103380813 0.6515840134 -0.2645372308 -0.6812356358 -0.4022959678 -0.1912401187 0.6991854491 0.6933288994
0.4255450687 -0.1816645798 -0.3061865676 0.6840357490 -0.0076575196 -0.3279167804 -0.3999173190 0.6748116463 -0.2515785533 -0.6758462349 -0.4265269207 -0.1770831790 0.7222825625 0.7167857129
