-0.9998836631 -0.9985816453 -0.9909708429 -1.0000000000 -0.9808034703 -0.9990821516 -0.9910257462 -1.0000000000 -0.9137752950 -0.9837210575 0.9242227731 -0.9979795656 -0.9999175074 -0.9999306089
-1.0000000000 -0.9966952952 -0.9869820277 -0.9996626625 -0.9860454744 -0.9999699881 -0.9870635879 -0.9995914190 -0.9250109804 -0.9884817368 0.9334636012 -0.9957985220 -1.0000000000 -1.0000000000
-0.9992614811 -0.9940060720 -0.9822373394 -0.9985365765 -0.9904800451 -1.0000000000 -0.9823501184 -0.9983923323 -0.9355313719 -0.9924434035 0.9421529256 -0.9928192295 -0.9993087330 -0.9992975672
-0.9976536772 -0.9905004072 -0.9767246873 -0.9966092353 -0.9940917138 -0.9991574820 -0.9768729628 -0.9963902183 -0.9453200323 -0.9955910603 0.9502799168 -0.9890284147 -0.9978313962 -0.9978110516
-0.9951621591 -0.9861647321 -0.9704319805 -0.9938681320 -0.9968650121 -0.9974277287 -0.9706197459 -0.9935725555 -0.9543605244 -0.9979097101 0.9578337458 -0.9844128042 -0.9955556796 -0.9955281940
-0.9917724974 -0.9809854783 -0.9633471282 -0.9903007598 -0.9987844716 -0.9947960347 -0.9635780926 -0.9899268223 -0.9626364110 -0.9993843557 0.9648035833 -0.9789591247 -0.9924692729 -0.9924367355
-0.9874702630 -0.9749490771 -0.9554580398 -0.9858946119 -0.9998346237 -0.9912476946 -0.9557356279 -0.9854404973 -0.9701312548 -1.0000000000 0.9711786001 -0.9726541025 -0.9885598662 -0.9885244170
-0.9822410265 -0.9680419602 -0.9467526243 -0.9806371815 -1.0000000000 -0.9867680030 -0.9470799766 -0.9801010590 -0.9768286187 -0.9997416458 0.9769479670 -0.9654844645 -0.9838151491 -0.9837789795
-0.9760703588 -0.9602505590 -0.9372187911 -0.9745159617 -0.9992651320 -0.9813422545 -0.9375987637 -0.9738959857 -0.9827120653 -0.9985942958 0.9821008548 -0.9574369370 -0.9782228117 -0.9781881640
-0.9689438304 -0.9515613048 -0.9268444493 -0.9675184457 -0.9976145513 -0.9749557437 -0.9272796141 -0.9668127560 -0.9877651575 -0.9965429531 0.9866264342 -0.9484982467 -0.9717705437 -0.9717397113
-0.9608470123 -0.9419606293 -0.9156175082 -0.9596321268 -0.9950327894 -0.9675937653 -0.9161101526 -0.9588388483 -0.9919714582 -0.9935726203 0.9905138761 -0.9386551202 -0.9644460350 -0.9644213626
-0.9517654751 -0.9314349638 -0.9035258769 -0.9508444980 -0.9915043778 -0.9592416138 -0.9040780043 -0.9499617412 -0.9953145299 -0.9896683003 0.9937523513 -0.9278942841 -0.9562369755 -0.9562208586
-0.9416847896 -0.9199707398 -0.8905574648 -0.9411430525 -0.9870138480 -0.9498845839 -0.8911707940 -0.9401689131 -0.9977779356 -0.9848149959 0.9963310305 -0.9162024649 -0.9471310551 -0.9471259405
-0.9305905265 -0.9075543889 -0.8767001809 -0.9305152836 -0.9815457316 -0.9395079701 -0.8773761465 -0.9294478425 -0.9993452381 -0.9789977100 0.9982390844 -0.9035663892 -0.9371159636 -0.9371243492
-0.9184682565 -0.8941723424 -0.8619419346 -0.9189486844 -0.9750845602 -0.9280970671 -0.8626816869 -0.9177860078 -1.0000000000 -0.9722014454 0.9994656840 -0.8899727836 -0.9261793910 -0.9262038256
-0.9053035505 -0.8798110318 -0.8462706350 -0.9064307481 -0.9676148651 -0.9156371695 -0.8470750400 -0.9051708876 -0.9997257842 -0.9644112050 1.0000000000 -0.8754083747 -0.9143090269 -0.9143521107
-0.8910819791 -0.8644568886 -0.8296741914 -0.8929489678 -0.9591211780 -0.9021135719 -0.8305438308 -0.8915899603 -0.9985061535 -0.9556119915 0.9998312032 -0.8598598890 -0.9014925614 -0.9015569454
-0.8757891131 -0.8480963443 -0.8121405130 -0.8784908368 -0.9495880305 -0.8875115689 -0.8130756841 -0.8770307043 -0.9963246706 -0.9457888078 0.9989484643 -0.8433140532 -0.8877176843 -0.8878060708
-0.8594105232 -0.8307158304 -0.7936575089 -0.8630438483 -0.9389999539 -0.8718164551 -0.7946582248 -0.8614805983 -0.9931648984 -0.9349266567 0.9973409541 -0.8257575937 -0.8729720855 -0.8730872278
-0.8419317802 -0.8123017782 -0.7742130885 -0.8465954953 -0.9273414799 -0.8550135251 -0.7752790779 -0.8449271206 -0.9890103996 -0.9230105411 0.9949978435 -0.8071772373 -0.8572434548 -0.8573881573
