-0.5150749374 -0.5083976196 -0.5905146382 -0.4582227795 -0.2482172080 -0.4959970949 -0.4305770181 -0.4609905558 -0.0395242384 -0.3461949836 0.2287453287 -0.5259143118 -0.4432499766 -0.4415532232
-0.5204256658 -0.5122955789 -0.5950229598 -0.4659413416 -0.2492704914 -0.4999326658 -0.4324787112 -0.4686720314 -0.0372625358 -0.3469596119 0.2323818131 -0.5297132916 -0.4513302310 -0.4496220381
-0.5259628701 -0.5163746647 -0.5996963269 -0.4737886540 -0.2505405186 -0.5040539766 -0.4345529000 -0.4764821417 -0.0352287503 -0.3479046764 0.2362847817 -0.5336861093 -0.4595338261 -0.4578155448
-0.5316800702 -0.5206288169 -0.6045287320 -0.4817588405 -0.2520215366 -0.5083548917 -0.4367942124 -0.4844150174 -0.0334179133 -0.3490250164 0.2404470486 -0.5378268352 -0.4678549246 -0.4661278863
-0.5375707861 -0.5250519751 -0.6095141675 -0.4898460253 -0.2537077923 -0.5128292751 -0.4391972766 -0.4924647889 -0.0318250561 -0.3503154713 0.2448614276 -0.5421295395 -0.4762876894 -0.4745532057
-0.5436285379 -0.5296380790 -0.6146466258 -0.4980443323 -0.2555935325 -0.5174709910 -0.4417567205 -0.5006255868 -0.0304452100 -0.3517708804 0.2495207328 -0.5465882925 -0.4848262832 -0.4830856458
-0.5498468455 -0.5343810683 -0.6199200994 -0.5063478855 -0.2576730042 -0.5222739035 -0.4444671720 -0.5088915416 -0.0292734062 -0.3533860830 0.2544177780 -0.5511971646 -0.4934648687 -0.4917193499
-0.5562192290 -0.5392748827 -0.6253285807 -0.5147508089 -0.2599404542 -0.5272318769 -0.4473232593 -0.5172567839 -0.0283046761 -0.3551559183 0.2595453774 -0.5559502259 -0.5021976088 -0.5004484607
-0.5627392083 -0.5443134619 -0.6308660622 -0.5232472265 -0.2623901295 -0.5323387753 -0.4503196103 -0.5257154443 -0.0275340510 -0.3570752257 0.2648963447 -0.5608415468 -0.5110186662 -0.5092671215
-0.5694003034 -0.5494907457 -0.6365265362 -0.5318312623 -0.2650162768 -0.5375884629 -0.4534508530 -0.5342616532 -0.0269565622 -0.3591388446 0.2704634941 -0.5658651976 -0.5199222037 -0.5181694751
-0.5761960344 -0.5548006737 -0.6423039952 -0.5404970402 -0.2678131433 -0.5429748038 -0.4567116155 -0.5428895412 -0.0265672410 -0.3613416141 0.2762396394 -0.5710152485 -0.5289023839 -0.5271496645
-0.5831199212 -0.5602371857 -0.6481924317 -0.5492386843 -0.2707749756 -0.5484916622 -0.4600965256 -0.5515932388 -0.0263611188 -0.3636783736 0.2822175946 -0.5762857698 -0.5379533698 -0.5362018329
-0.5901654839 -0.5657942213 -0.6541858380 -0.5580503186 -0.2738960208 -0.5541329022 -0.4636002115 -0.5603668767 -0.0263332267 -0.3661439625 0.2883901737 -0.5816708319 -0.5470693240 -0.5453201231
-0.5973262424 -0.5714657202 -0.6602782065 -0.5669260671 -0.2771705257 -0.5598923880 -0.4672173011 -0.5692045853 -0.0264785961 -0.3687332199 0.2947501907 -0.5871645049 -0.5562444094 -0.5544986783
-0.6045957167 -0.5772456222 -0.6664635298 -0.5758600537 -0.2805927372 -0.5657639839 -0.4709424223 -0.5781004951 -0.0267922584 -0.3714409853 0.3012904595 -0.5927608593 -0.5654727886 -0.5637316413
-0.6119674268 -0.5831278669 -0.6727358003 -0.5848464025 -0.2841569023 -0.5717415539 -0.4747702034 -0.5870487368 -0.0272692448 -0.3742620980 0.3080037940 -0.5984539651 -0.5747486244 -0.5730131552
-0.6194348928 -0.5891063941 -0.6790890103 -0.5938792374 -0.2878572677 -0.5778189622 -0.4786952721 -0.5960434408 -0.0279045867 -0.3771913972 0.3148830084 -0.6042378929 -0.5840660797 -0.5823373631
-0.6269916347 -0.5951751435 -0.6855171523 -0.6029526825 -0.2916880804 -0.5839900729 -0.4827122566 -0.6050787378 -0.0286933152 -0.3802237222 0.3219209164 -0.6101067127 -0.5934193171 -0.5916984079
-0.6346311723 -0.6013280547 -0.6920142188 -0.6120608617 -0.2956435874 -0.5902487504 -0.4868157848 -0.6141487581 -0.0296304619 -0.3833539124 0.3291103321 -0.6160544950 -0.6028024995 -0.6010904327
-0.6423470258 -0.6075590675 -0.6985742021 -0.6211978990 -0.2997180354 -0.5965888586 -0.4910004847 -0.6232476325 -0.0307110579 -0.3865768071 0.3364440694 -0.6220753100 -0.6122097896 -0.6105075804
