-0.9498156202 -0.9293931870 -0.8927566991 -0.9398527559 -0.9096234632 -0.9189721427 -0.8969410410 -0.9387815918 -0.8799250654 -0.8884768809 0.7529638597 -0.9258283079 -0.9428010257 -0.9453202437
-0.9600538791 -0.9413348519 -0.9069653360 -0.9509221407 -0.9227376365 -0.9317224039 -0.9109005416 -0.9499328162 -0.8945691898 -0.8993441873 0.7679052760 -0.9380295415 -0.9536331481 -0.9559293453
-0.9690663997 -0.9521032300 -0.9200878659 -0.9608000447 -0.9347435800 -0.9433151897 -0.9237671005 -0.9598959585 -0.9081722069 -0.9096275936 0.7819255704 -0.9490658979 -0.9632650270 -0.9653308184
-0.9768778487 -0.9617198839 -0.9321422117 -0.9695101982 -0.9456622470 -0.9537699323 -0.9355592347 -0.9686946517 -0.9207528161 -0.9193315575 0.7950415929 -0.9589584625 -0.9717207351 -0.9735490964
-0.9835128930 -0.9702063763 -0.9431462967 -0.9770763309 -0.9555145908 -0.9631060633 -0.9462954616 -0.9763525289 -0.9323297163 -0.9284605367 0.8072701935 -0.9677283207 -0.9790243447 -0.9806086129
-0.9889961993 -0.9775842695 -0.9531180437 -0.9835221730 -0.9643215648 -0.9713430150 -0.9559942983 -0.9828932232 -0.9429216067 -0.9370189889 0.8186282222 -0.9753965579 -0.9851999286 -0.9865338015
-0.9933524345 -0.9838751261 -0.9620753759 -0.9888714543 -0.9721041225 -0.9785002190 -0.9646742621 -0.9883403677 -0.9525471863 -0.9450113716 0.8291325291 -0.9819842593 -0.9902715592 -0.9913490957
-0.9966062654 -0.9891005087 -0.9700362162 -0.9931479049 -0.9788832171 -0.9845971075 -0.9723538703 -0.9927175954 -0.9612251543 -0.9524421426 0.8387999641 -0.9875125105 -0.9942633091 -0.9950789291
-0.9987823587 -0.9932819798 -0.9770184878 -0.9963752548 -0.9846798022 -0.9896531124 -0.9790516401 -0.9960485394 -0.9689742099 -0.9593157596 0.8476473772 -0.9920023968 -0.9971992508 -0.9977477352
-0.9999053813 -0.9964411020 -0.9830401137 -0.9985772340 -0.9895148310 -0.9936876655 -0.9847860886 -0.9983568328 -0.9758130520 -0.9656366802 0.8556916185 -0.9954750035 -0.9991034569 -0.9993799477
-1.0000000000 -0.9985994377 -0.9881190170 -0.9997775724 -0.9934092569 -0.9967201989 -0.9895757332 -0.9996661086 -0.9817603799 -0.9714093620 0.8629495379 -0.9979514160 -1.0000000000 -1.0000000000
-0.9990908816 -0.9997785495 -0.9922731206 -1.0000000000 -0.9963840334 -0.9987701445 -0.9934390911 -1.0000000000 -0.9868348926 -0.9766382628 0.8694379855 -0.9994527197 -0.9999129525 -0.9996323257
-0.9972026929 -1.0000000000 -0.9955203477 -0.9992682468 -0.9984601139 -0.9998569342 -0.9963946795 -0.9993821399 -0.9910552892 -0.9813278402 0.8751738113 -1.0000000000 -0.9988663871 -0.9983013585
-0.9943601007 -0.9992853517 -0.9978786212 -0.9976060429 -0.9996584516 -1.0000000000 -0.9984610156 -0.9978361615 -0.9944402688 -0.9854825519 0.8801738653 -0.9996143422 -0.9968843762 -0.9960315317
-0.9905877718 -0.9976561670 -0.9993658643 -0.9950371181 -1.0000000000 -0.9992187738 -0.9996566167 -0.9953856978 -0.9970085306 -0.9891068556 0.8844549975 -0.9983168318 -0.9939909925 -0.9928472791
-0.9859103731 -0.9951340086 -1.0000000000 -0.9915852025 -0.9995057125 -0.9975326876 -1.0000000000 -0.9920543819 -0.9987787737 -0.9922052089 0.8880340579 -0.9961285540 -0.9902103085 -0.9887730341
-0.9803525713 -0.9917404390 -0.9997989513 -0.9872740260 -0.9981965424 -0.9949611732 -0.9995096827 -0.9878658469 -0.9997696971 -0.9947820694 0.8909278965 -0.9930705944 -0.9855663966 -0.9838332304
-0.9739390332 -0.9874970208 -0.9987806413 -0.9821273188 -0.9960934432 -0.9915236627 -0.9982041822 -0.9828437258 -1.0000000000 -0.9968418950 0.8931533633 -0.9891640381 -0.9800833296 -0.9780523014
-0.9666944257 -0.9824253163 -0.9969629930 -0.9761688106 -0.9932173682 -0.9872395880 -0.9961020155 -0.9770116517 -0.9994883815 -0.9983891431 0.8947273083 -0.9844299707 -0.9737851798 -0.9714546808
-0.9586434155 -0.9765468883 -0.9943639294 -0.9694222316 -0.9895892708 -0.9821283810 -0.9932217000 -0.9703932577 -0.9982535407 -0.9994282716 0.8956665816 -0.9788894775 -0.9666960199 -0.9640648020
