-0.9948405597 -0.9835140205 -0.9994248505 -0.9990604858 -0.9057228659 -0.9808095407 -0.9489086458 -0.9991271353 -0.6852310046 -0.8818418651 0.9522993462 -0.9847955328 -0.9977426638 -0.9982237765
-0.9919591697 -0.9784788873 -0.9982322879 -0.9998265161 -0.8945598334 -0.9754490329 -0.9402348650 -0.9998602168 -0.6645645646 -0.8702867436 0.9449782732 -0.9799560946 -0.9990936063 -0.9994115977
-0.9884495143 -0.9727886080 -0.9964216508 -1.0000000000 -0.8828654644 -0.9694463903 -0.9309214517 -1.0000000000 -0.6435143033 -0.8582412288 0.9372096137 -0.9744637481 -0.9998456503 -1.0000000000
-0.9843157672 -0.9664481332 -0.9939922777 -0.9995829692 -0.8706545500 -0.9628064192 -0.9209769300 -0.9995485209 -0.6221070790 -0.8457117895 0.9290081873 -0.9683231383 -1.0000000000 -0.9999903328
-0.9795621016 -0.9594624137 -0.9909435069 -0.9985774553 -0.8579418814 -0.9555339258 -0.9104098236 -0.9985078155 -0.6003697500 -0.8327048942 0.9203888136 -0.9615389101 -0.9995578596 -0.9993839455
-0.9741926909 -0.9518364001 -0.9872746770 -0.9969854899 -0.8447422498 -0.9476337163 -0.8992286564 -0.9968799198 -0.5783291746 -0.8192270115 0.9113663122 -0.9541157082 -0.9985204334 -0.9981821874
-0.9682117085 -0.9435750432 -0.9829851264 -0.9948091046 -0.8310704465 -0.9391105972 -0.8874419524 -0.9946668699 -0.5560122112 -0.8052846102 0.9019555027 -0.9460581777 -0.9968889255 -0.9963864080
-0.9616233278 -0.9346832937 -0.9780741936 -0.9920503312 -0.8169412625 -0.9299693745 -0.8750582354 -0.9918707016 -0.5334457183 -0.7908841588 0.8921712047 -0.9373709633 -0.9946645401 -0.9939979565
-0.9544317221 -0.9251661023 -0.9725412170 -0.9887112011 -0.8023694891 -0.9202148546 -0.8620860292 -0.9884934511 -0.5106565540 -0.7760321261 0.8820282378 -0.9280587100 -0.9918484815 -0.9910181824
-0.9466410650 -0.9150284197 -0.9663855351 -0.9847937461 -0.7873699175 -0.9098518437 -0.8485338578 -0.9845371543 -0.4876715768 -0.7607349806 0.8715414217 -0.9181260627 -0.9884419539 -0.9874484350
-0.9382555296 -0.9042751966 -0.9596064863 -0.9802999978 -0.7719573388 -0.8988851481 -0.8344102450 -0.9800038473 -0.4645176450 -0.7449991910 0.8607255758 -0.9075776661 -0.9844461615 -0.9832900637
-0.9292792895 -0.8929113837 -0.9522034092 -0.9752319878 -0.7561465443 -0.8873195740 -0.8197237147 -0.9748955659 -0.4412216169 -0.7288312259 0.8495955199 -0.8964181653 -0.9798623085 -0.9785444179
-0.9197165180 -0.8809419318 -0.9441756422 -0.9695917477 -0.7399523252 -0.8751599276 -0.8044827907 -0.9692143464 -0.4178103510 -0.7122375540 0.8381660735 -0.8846522051 -0.9746915991 -0.9732128469
-0.9095713886 -0.8683717915 -0.9355225237 -0.9633813092 -0.7233894726 -0.8624110154 -0.7886959970 -0.9629622245 -0.3943107055 -0.6952246440 0.8264520563 -0.8722844304 -0.9689352375 -0.9672967000
-0.8988480745 -0.8552059136 -0.9262433923 -0.9566027039 -0.7064727778 -0.8490776434 -0.7723718575 -0.9561412364 -0.3707495388 -0.6777989644 0.8144682878 -0.8593194860 -0.9625944280 -0.9607973268
-0.8875507491 -0.8414492488 -0.9163375863 -0.9492579634 -0.6892170319 -0.8351646180 -0.7555188959 -0.9487534181 -0.3471537093 -0.6599669839 0.8022295876 -0.8457620169 -0.9556703747 -0.9537160765
-0.8756835860 -0.8271067478 -0.9058044442 -0.9413491194 -0.6716370261 -0.8206767454 -0.7381456361 -0.9408008055 -0.3235500752 -0.6417351712 0.7897507755 -0.8316166679 -0.9481642819 -0.9460542984
-0.8632507583 -0.8121833612 -0.8946433045 -0.9328782035 -0.6537475516 -0.8056188319 -0.7202606021 -0.9322854346 -0.2999654950 -0.6231099949 0.7770466709 -0.8168880838 -0.9400773537 -0.9378133421
-0.8502564396 -0.7966840399 -0.8828535057 -0.9238472473 -0.6355633996 -0.7899956837 -0.7018723178 -0.9232093415 -0.2764268270 -0.6040979237 0.7641320934 -0.8015809097 -0.9314107945 -0.9289945568
-0.8367048032 -0.7806137345 -0.8704343863 -0.9142582825 -0.6170993613 -0.7738121071 -0.6829893069 -0.9135745622 -0.2529609295 -0.5847054261 0.7510218628 -0.7856997904 -0.9221658083 -0.9195992919
