-0.5375233541 -0.7793272367 -0.7240220190 0.1020337107 -0.8163393612 -0.5564218678 -0.7959561172 0.0795131870 -0.8314868919 -0.5846222249 0.4775966100 -0.7274395231 0.4936917984 0.5086668238
-0.5495236378 -0.7910253177 -0.7367190200 0.0925701161 -0.8271726481 -0.5670667221 -0.8074997024 0.0699389703 -0.8420599715 -0.5945667753 0.4870434186 -0.7399139742 0.4861632176 0.5016422080
-0.5612701000 -0.8023703851 -0.7490918423 0.0831979008 -0.8376350322 -0.5774253146 -0.8186763479 0.0604614412 -0.8522506598 -0.6042022073 0.4962068772 -0.7520650515 0.4786339115 0.4946216539
-0.5727650433 -0.8133652831 -0.7611422865 0.0739163327 -0.8477303415 -0.5875005864 -0.8294887967 0.0510798213 -0.8620628924 -0.6135318678 0.5050901000 -0.7638949570 0.4711039518 0.4876050861
-0.5840107702 -0.8240128559 -0.7728721532 0.0647246799 -0.8574624038 -0.5972954788 -0.8399397917 0.0417933323 -0.8715006048 -0.6225591034 0.5136962013 -0.7754058930 0.4635734104 0.4805924292
-0.5950095831 -0.8343159476 -0.7842832427 0.0556222104 -0.8668350469 -0.6068129329 -0.8500320760 0.0326011956 -0.8805677324 -0.6312872609 0.5220282953 -0.7866000614 0.4560423592 0.4735836076
-0.6057637846 -0.8442774023 -0.7953773558 0.0466081924 -0.8758520988 -0.6160558901 -0.8597683925 0.0235026329 -0.8892682107 -0.6397196871 0.5300894963 -0.7974796643 0.4485108700 0.4665785461
-0.6162756771 -0.8539000642 -0.8061562930 0.0376818939 -0.8845173874 -0.6250272914 -0.8691514843 0.0144968657 -0.8976059751 -0.6478597287 0.5378829185 -0.8080469038 0.4409790146 0.4595771690
-0.6265475632 -0.8631867774 -0.8166218548 0.0288425830 -0.8928347404 -0.6337300780 -0.8781840943 0.0055831156 -0.9055849612 -0.6557107326 0.5454116763 -0.8183039821 0.4334468651 0.4525794010
-0.6365817454 -0.8721403861 -0.8267758418 0.0200895276 -0.9008079859 -0.6421671913 -0.8868689656 -0.0032393958 -0.9132091044 -0.6632760453 0.5526788838 -0.8282531011 0.4259144931 0.4455851666
-0.6463805261 -0.8807637343 -0.8366200545 0.0114219959 -0.9084409516 -0.6503415724 -0.8952088411 -0.0119714470 -0.9204823401 -0.6705590137 0.5596876553 -0.8378964630 0.4183819706 0.4385943903
-0.6559462079 -0.8890596662 -0.8461562934 0.0028392560 -0.9157374655 -0.6582561624 -0.9032064639 -0.0206138163 -0.9274086040 -0.6775629846 0.5664411052 -0.8472362699 0.4108493694 0.4316069966
-0.6652810933 -0.8970310260 -0.8553863593 -0.0056594241 -0.9227013554 -0.6659139026 -0.9108645769 -0.0291672821 -0.9339918313 -0.6842913046 0.5729423475 -0.8562747238 0.4033167614 0.4246229103
-0.6743874848 -0.9046806577 -0.8643120525 -0.0140747764 -0.9293364491 -0.6733177343 -0.9181859232 -0.0376326230 -0.9402359577 -0.6907473206 0.5791944966 -0.8650140268 0.3957842185 0.4176420556
-0.6832676848 -0.9120114056 -0.8729351736 -0.0224075327 -0.9356465747 -0.6804705985 -0.9251732457 -0.0460106173 -0.9461449185 -0.6969343793 0.5852006668 -0.8734563809 0.3882518124 0.4106643573
-0.6919239959 -0.9190261137 -0.8812575232 -0.0306584251 -0.9416355599 -0.6873754366 -0.9318292874 -0.0543020435 -0.9517226492 -0.7028558274 0.5909639723 -0.8816039884 0.3807196151 0.4036897399
-0.7003587206 -0.9257276262 -0.8892809019 -0.0388281854 -0.9473072327 -0.6940351896 -0.9381567914 -0.0625076799 -0.9569730854 -0.7085150117 0.5964875273 -0.8894590512 0.3731876983 0.3967181279
-0.7085741613 -0.9321187873 -0.8970071101 -0.0469175456 -0.9526654208 -0.7004527989 -0.9441585006 -0.0706283051 -0.9619001624 -0.7139152790 0.6017744462 -0.8970237714 0.3656561341 0.3897494458
-0.7165726207 -0.9382024410 -0.9044379485 -0.0549272377 -0.9577139523 -0.7066312056 -0.9498371580 -0.0786646973 -0.9665078158 -0.7190599760 0.6068278432 -0.9043003512 0.3581249941 0.3827836182
-0.7243564011 -0.9439814316 -0.9115752177 -0.0628579935 -0.9624566549 -0.7125733509 -0.9551955067 -0.0866176351 -0.9707999811 -0.7239524494 0.6116508324 -0.9112909926 0.3505943504 0.3758205697
