0.8778203133 0.8422280368 0.7489056270 0.9446895573 0.9756105929 0.8866157496 0.4354825377 0.9438200597 0.6905250421 -0.8100252925 -0.9993615414 0.8851854894 0.9618422342 0.9563465457
0.8858222316 0.8507983863 0.7560686837 0.9504294288 0.9778924214 0.8942749901 0.4427633693 0.9496172930 0.6886382975 -0.8097706580 -0.9990247999 0.8928796447 0.9665068177 0.9613438753
0.8935337401 0.8591044230 0.7629707982 0.9558396484 0.9800593653 0.9016440340 0.4498550777 0.9550835189 0.6867757074 -0.8095396200 -0.9986175275 0.9002844770 0.9708550817 0.9660244348
0.9009568768 0.8671482678 0.7696144483 0.9609229235 0.9821118732 0.9087253036 0.4567594034 0.9602214565 0.6849365767 -0.8093313019 -0.9981398840 0.9074023959 0.9748896740 0.9703908412
0.9080936797 0.8749320420 0.7760021116 0.9656819612 0.9840503940 0.9155212217 0.4634780865 0.9650338248 0.6831202099 -0.8091448273 -0.9975920293 0.9142358108 0.9786132423 0.9744457116
0.9149461867 0.8824578664 0.7821362660 0.9701194689 0.9858753762 0.9220342106 0.4700128675 0.9695233429 0.6813259118 -0.8089793194 -0.9969741233 0.9207871313 0.9820284346 0.9781916630
0.9215164359 0.8897278621 0.7880193892 0.9742381539 0.9875872687 0.9282666929 0.4763654867 0.9736927299 0.6795529872 -0.8088339016 -0.9962863260 0.9270587670 0.9851378985 0.9816313124
0.9278064653 0.8967441502 0.7936539590 0.9780407234 0.9891865201 0.9342210911 0.4825376843 0.9775447048 0.6778007407 -0.8087076975 -0.9955287970 0.9330531274 0.9879442820 0.9847672768
0.9338183129 0.9035088516 0.7990424530 0.9815298847 0.9906735791 0.9398998278 0.4885312006 0.9810819867 0.6760684771 -0.8085998302 -0.9947016965 0.9387726221 0.9904502328 0.9876021734
0.9395540165 0.9100240875 0.8041873491 0.9847083451 0.9920488944 0.9453053255 0.4943477760 0.9843072946 0.6743555012 -0.8085094233 -0.9938051841 0.9442196605 0.9926583987 0.9901386192
0.9450156144 0.9162919789 0.8090911250 0.9875788118 0.9933129147 0.9504400066 0.4999891508 0.9872233476 0.6726611176 -0.8084356002 -0.9928394200 0.9493966523 0.9945714276 0.9923792311
0.9502051443 0.9223146467 0.8137562585 0.9901439922 0.9944660888 0.9553062939 0.5054570653 0.9898328648 0.6709846310 -0.8083774842 -0.9918045638 0.9543060069 0.9961919672 0.9943266263
0.9551246444 0.9280942121 0.8181852272 0.9924065935 0.9955088653 0.9599066097 0.5107532598 0.9921385652 0.6693253462 -0.8083341987 -0.9907007755 0.9589501340 0.9975226654 0.9959834218
0.9597761526 0.9336327960 0.8223805090 0.9943693230 0.9964416930 0.9642433766 0.5158794746 0.9941431680 0.6676825680 -0.8083048671 -0.9895282150 0.9633314430 0.9985661699 0.9973522346
0.9641617069 0.9389325195 0.8263445817 0.9960348880 0.9972650205 0.9683190171 0.5208374501 0.9958493921 0.6660556010 -0.8082886128 -0.9882870422 0.9674523435 0.9993251287 0.9984356818
0.9682833453 0.9439955037 0.8300799228 0.9974059958 0.9979792966 0.9721359538 0.5256289264 0.9972599566 0.6644437499 -0.8082845593 -0.9869774170 0.9713152451 0.9998021894 0.9992363804
0.9721431058 0.9488238695 0.8335890103 0.9984853536 0.9985849699 0.9756966091 0.5302556440 0.9983775805 0.6628463195 -0.8082918298 -0.9855994992 0.9749225573 1.0000000000 0.9997569475
0.9757430264 0.9534197379 0.8368743218 0.9992756687 0.9990824892 0.9790034057 0.5347193432 0.9992049831 0.6612626145 -0.8083095478 -0.9841534487 0.9782766896 0.9999212082 1.0000000000
0.9790851451 0.9577852302 0.8399383351 0.9997796484 0.9994723031 0.9820587660 0.5390217642 0.9997448832 0.6596919397 -0.8083368367 -0.9826394254 0.9813800515 0.9995684618 0.9999681551
0.9821714999 0.9619224672 0.8427835280 1.0000000000 0.9997548604 0.9848651126 0.5431646474 1.0000000000 0.6581335997 -0.8083728200 -0.9810575893 0.9842350527 0.9989444086 0.9996640297
