0.0029406015 -0.0761047441 -0.0176728655 0.1036042323 -0.0490974876 -0.1816902420 -0.0614802516 0.1031579313 -0.1162334193 -0.3868022803 -0.2327958991 -0.0606363828 0.1253121663 0.1171430748
0.0024014107 -0.0783427782 -0.0190323789 0.1035028429 -0.0572344434 -0.1830891057 -0.0654872547 0.1030501929 -0.1303741403 -0.3893114870 -0.2209742252 -0.0624487633 0.1253915148 0.1170505891
0.0019043947 -0.0805177662 -0.0203431598 0.1034221482 -0.0652963370 -0.1844062297 -0.0694289169 0.1029632575 -0.1444085946 -0.3916945411 -0.2091819733 -0.0642024575 0.1254866706 0.1169760568
0.0014557665 -0.0826224312 -0.0215984947 0.1033680262 -0.0732724257 -0.1856347533 -0.0732969269 0.1029030072 -0.1583224404 -0.3939437708 -0.1974318507 -0.0658904517 0.1256033888 0.1169253405
0.0010617390 -0.0846494965 -0.0227916702 0.1033463553 -0.0811519669 -0.1867678160 -0.0770829736 0.1028753243 -0.1721013358 -0.3960515042 -0.1857365647 -0.0675057324 0.1257474242 0.1169043029
0.0007285252 -0.0865916852 -0.0239159730 0.1033630135 -0.0889242177 -0.1877985571 -0.0807787457 0.1028860910 -0.1857309391 -0.3980100693 -0.1741088228 -0.0690412862 0.1259245319 0.1169188067
0.0004623382 -0.0884417207 -0.0249646897 0.1034238790 -0.0965784355 -0.1887201159 -0.0843759319 0.1029411897 -0.1991969085 -0.3998117943 -0.1625613324 -0.0704900994 0.1261404667 0.1169747145
0.0002693909 -0.0901923260 -0.0259311067 0.1035348299 -0.1041038774 -0.1895256319 -0.0878662211 0.1030465026 -0.2124849022 -0.4014490072 -0.1511068009 -0.0718451586 0.1264009836 0.1170778890
0.0001558964 -0.0918362244 -0.0268085108 0.1037017446 -0.1114898008 -0.1902082444 -0.0912413020 0.1032079120 -0.2255805784 -0.4029140362 -0.1397579356 -0.0730994502 0.1267118375 0.1172341929
0.0001280676 -0.0933661391 -0.0275901885 0.1039305010 -0.1187254630 -0.1907610927 -0.0944928635 0.1034313000 -0.2384695951 -0.4041992093 -0.1285274441 -0.0742459607 0.1270787834 0.1174494888
0.0001921176 -0.0947747933 -0.0282694264 0.1042269773 -0.1258001211 -0.1911773163 -0.0976125942 0.1037225489 -0.2511376108 -0.4052968547 -0.1174280336 -0.0752776765 0.1275075762 0.1177296394
0.0003542593 -0.0960549103 -0.0288395112 0.1045970519 -0.1327030324 -0.1914500545 -0.1005921829 0.1040875411 -0.2635702835 -0.4061993005 -0.1064724115 -0.0761875842 0.1280039709 0.1180805074
0.0006207058 -0.0971992132 -0.0292937293 0.1050466027 -0.1394234543 -0.1915724467 -0.1034233185 0.1045321587 -0.2757532714 -0.4068988748 -0.0956732854 -0.0769686701 0.1285737223 0.1185079555
0.0009976700 -0.0982004253 -0.0296253675 0.1055815079 -0.1459506440 -0.1915376322 -0.1060976896 0.1050622840 -0.2876722328 -0.4073879056 -0.0850433624 -0.0776139208 0.1292225854 0.1190178463
0.0014913649 -0.0990512697 -0.0298277122 0.1062076458 -0.1522738587 -0.1913387504 -0.1086069852 0.1056837993 -0.2993128257 -0.4076587211 -0.0745953502 -0.0781163228 0.1299563152 0.1196160424
0.0021080036 -0.0997444697 -0.0298940502 0.1069308945 -0.1583823557 -0.1909689406 -0.1109428938 0.1064025868 -0.3106607086 -0.4077036493 -0.0643419560 -0.0784688625 0.1307806666 0.1203084066
0.0028537990 -0.1002727485 -0.0298176680 0.1077571321 -0.1642653922 -0.1904213423 -0.1130971044 0.1072245288 -0.3217015394 -0.4075150185 -0.0542958872 -0.0786645263 0.1317013945 0.1211008016
0.0037349641 -0.1006288293 -0.0295918521 0.1086922369 -0.1699122256 -0.1896890949 -0.1150613057 0.1081555075 -0.3324209764 -0.4070851566 -0.0444698513 -0.0786963008 0.1327242539 0.1219990899
0.0047577120 -0.1008054352 -0.0292098892 0.1097420869 -0.1753121131 -0.1887653375 -0.1168271865 0.1092014051 -0.3428046778 -0.4064063918 -0.0348765557 -0.0785571724 0.1338549997 0.1230091343
0.0059282556 -0.1007952896 -0.0286650660 0.1109125604 -0.1804543119 -0.1876432098 -0.1183864354 0.1103681040 -0.3528383018 -0.4054710522 -0.0255287077 -0.0782401276 0.1350993868 0.1241367974
