0.3797925168 0.4133204595 0.3953719676 0.3691406501 0.4866007426 0.3970784849 0.4321460524 0.3687672758 0.5374144627 0.4252400489 -0.4101142360 0.4104868184 0.3555386017 0.3581452046
0.3993674062 0.4322637888 0.4154228679 0.3890123366 0.5019861570 0.4169541036 0.4506754035 0.3886606017 0.5509430296 0.4452651278 -0.4231793014 0.4296302588 0.3755795221 0.3780882167
0.4198536985 0.4520305420 0.4362757445 0.4098148120 0.5181966814 0.4376399712 0.4699840675 0.4094843952 0.5652435128 0.4659659894 -0.4370626821 0.4495914877 0.3965946724 0.3990029667
0.4412647323 0.4726327123 0.4579419838 0.4315616764 0.5352451222 0.4591476525 0.4900833842 0.4312522461 0.5803282304 0.4873518962 -0.4517774379 0.4703823588 0.4185983488 0.4209037304
0.4636138459 0.4940822924 0.4804329725 0.4542665301 0.5531442857 0.4814887124 0.5109846934 0.4539777445 0.5962095006 0.5094321103 -0.4673366289 0.4920147256 0.4416048473 0.4438047832
0.4869143779 0.5163912753 0.5037600971 0.4779429733 0.5719069784 0.5046747158 0.5326993348 0.4776744804 0.6128996417 0.5322158942 -0.4837533150 0.5145004418 0.4656284640 0.4677204009
0.5111796668 0.5395716539 0.5279347441 0.5026046061 0.5915460065 0.5287172275 0.5552386480 0.5023560438 0.6304109719 0.5557125103 -0.5010405562 0.5378513611 0.4906834949 0.4926648590
0.5364230511 0.5636354211 0.5529683001 0.5282650288 0.6120741764 0.5536278124 0.5786139730 0.5280360247 0.6487558094 0.5799312208 -0.5192114124 0.5620793372 0.5167842362 0.5186524332
0.5626578692 0.5885945699 0.5788721517 0.5549378416 0.6335042944 0.5794180352 0.6028366493 0.5547280131 0.6679464724 0.6048812881 -0.5382789437 0.5871962236 0.5439449838 0.5456973990
0.5898974597 0.6144610931 0.6056576854 0.5826366447 0.6558491670 0.6060994609 0.6279180167 0.5824455990 0.6879952792 0.6305719746 -0.5582562099 0.6132138740 0.5721800340 0.5738140321
0.6181551611 0.6412469837 0.6333362877 0.6113750383 0.6791216004 0.6336836544 0.6538694151 0.6112023725 0.7089145478 0.6570125426 -0.5791562710 0.6401441421 0.6015036827 0.6030166081
0.6474443117 0.6689642345 0.6619193453 0.6411666226 0.7033344009 0.6621821804 0.6807021840 0.6410119235 0.7307165966 0.6842122544 -0.6009921871 0.6679988815 0.6319302261 0.6333194025
0.6777782502 0.6976248386 0.6914182446 0.6720249978 0.7285003751 0.6916066039 0.7084276633 0.6718878420 0.7534137438 0.7121803724 -0.6237770180 0.6967899458 0.6634739601 0.6647366911
0.7091703151 0.7272407887 0.7218443723 0.7039637642 0.7546323291 0.7219684896 0.7370571927 0.7038437181 0.7770183076 0.7409261590 -0.6475238237 0.7265291888 0.6961491809 0.6972827494
0.7416338447 0.7578240779 0.7532091148 0.7369965218 0.7817430694 0.7532794025 0.7666021120 0.7368931418 0.8015426061 0.7704588764 -0.6722456642 0.7572284640 0.7299701846 0.7309718531
0.7751821776 0.7893866991 0.7855238588 0.7711368710 0.8098454023 0.7855509073 0.7970737608 0.7710497030 0.8269989577 0.8007877871 -0.6979555994 0.7888996251 0.7649512671 0.7658182777
0.8098286523 0.8219406451 0.8187999908 0.8063984119 0.8389521342 0.8187945690 0.8284834789 0.8063269918 0.8533996804 0.8319221533 -0.7246666893 0.8215545258 0.8011067247 0.8018362989
0.8455866073 0.8554979089 0.8530488973 0.8427947448 0.8690760714 0.8530219524 0.8608426060 0.8427385983 0.8807570926 0.8638712374 -0.7523919939 0.8552050197 0.8384508534 0.8390401923
0.8824693811 0.8900704833 0.8882819650 0.8803394699 0.9002300202 0.8882446223 0.8941624820 0.8802981123 0.9090835125 0.8966443018 -0.7811445732 0.8898629604 0.8769979491 0.8774442335
0.9204903121 0.9256703614 0.9245105802 0.9190461873 0.9324267870 0.9244741437 0.9284544465 0.9190191239 0.9383912582 0.9302506088 -0.8109374870 0.9255402016 0.9167623081 0.9170626981
