-0.8718503006 -0.9048954965 -0.9559876714 -0.7088749473 -0.6507956054 -0.9683396919 -0.8481614400 -0.7046193887 -0.5817284770 -0.9907081736 0.4589519956 -0.8939929493 -0.6599570992 -0.6379061380
-0.8775908928 -0.9110593173 -0.9595682027 -0.7104546138 -0.6632776936 -0.9721545039 -0.8568935161 -0.7062043719 -0.5963007170 -0.9889489168 0.4694504425 -0.9003029077 -0.6615652844 -0.6394864927
-0.8832148527 -0.9170374588 -0.9630046933 -0.7120095973 -0.6755945846 -0.9757372969 -0.8654030852 -0.7077651033 -0.6106976414 -0.9870276278 0.4798896944 -0.9064403138 -0.6631539384 -0.6410498814
-0.8887210882 -0.9228276606 -0.9662960716 -0.7135408872 -0.6877425777 -0.9790853309 -0.8736866749 -0.7093025742 -0.6249143738 -0.9849420893 0.4902683275 -0.9124030840 -0.6647240815 -0.6425973496
-0.8941085076 -0.9284276618 -0.9694412661 -0.7150494725 -0.6997179723 -0.9821958658 -0.8817408123 -0.7108177757 -0.6389460377 -0.9826900841 0.5005849184 -0.9181891351 -0.6662767339 -0.6441299427
-0.8993760189 -0.9338352019 -0.9724392054 -0.7165363424 -0.7115170675 -0.9850661616 -0.8895620249 -0.7123116987 -0.6527877567 -0.9802693950 0.5108380436 -0.9237963837 -0.6678129157 -0.6456487059
-0.9045225304 -0.9390480200 -0.9752888181 -0.7180024862 -0.7231361629 -0.9876934785 -0.8971468399 -0.7137853346 -0.6664346542 -0.9776778047 0.5210262793 -0.9292227464 -0.6693336472 -0.6471546848
-0.9095469500 -0.9440638555 -0.9779890326 -0.7194488929 -0.7345715576 -0.9900750763 -0.9044917847 -0.7152396742 -0.6798818538 -0.9749130961 0.5311482021 -0.9344661399 -0.6708399487 -0.6486489247
-0.9144481861 -0.9488804478 -0.9805387775 -0.7208765518 -0.7458195510 -0.9922082150 -0.9115933865 -0.7166757088 -0.6931244790 -0.9719730518 0.5412023884 -0.9395244806 -0.6723328401 -0.6501324710
-0.9192251466 -0.9534955360 -0.9829369814 -0.7222864521 -0.7568764424 -0.9940901547 -0.9184481728 -0.7180944294 -0.7061576534 -0.9688554547 0.5511874147 -0.9443956853 -0.6738133419 -0.6516063692
-0.9238767397 -0.9579068596 -0.9851825727 -0.7236795829 -0.7677385310 -0.9957181554 -0.9250526708 -0.7194968271 -0.7189765004 -0.9655580876 0.5611018573 -0.9490776706 -0.6752824742 -0.6530716645
-0.9284018736 -0.9621121579 -0.9872744799 -0.7250569334 -0.7784021164 -0.9970894771 -0.9314034079 -0.7208838930 -0.7315761435 -0.9620787331 0.5709442927 -0.9535683530 -0.6767412571 -0.6545294024
-0.9327994564 -0.9661091700 -0.9892116317 -0.7264194929 -0.7888634976 -0.9982013797 -0.9374969114 -0.7222566182 -0.7439517064 -0.9584151741 0.5807132973 -0.9578656492 -0.6781907109 -0.6559806283
-0.9370683961 -0.9698956354 -0.9909929566 -0.7277682503 -0.7991189741 -0.9990511233 -0.9433297085 -0.7236159939 -0.7560983125 -0.9545651933 0.5904074477 -0.9619674759 -0.6796318557 -0.6574263875
-0.9412076011 -0.9734692934 -0.9926173830 -0.7291041951 -0.8091648452 -0.9996359679 -0.9488983267 -0.7249630110 -0.7680110853 -0.9505265735 0.6000253201 -0.9658717496 -0.6810657119 -0.6588677256
-0.9452159792 -0.9768278833 -0.9940838396 -0.7304283162 -0.8189974101 -0.9999531735 -0.9541992933 -0.7262986607 -0.7796851485 -0.9462970975 0.6095654910 -0.9695763869 -0.6824932995 -0.6603056878
-0.9490924389 -0.9799691443 -0.9953912548 -0.7317416030 -0.8286129683 -1.0000000000 -0.9592291355 -0.7276239342 -0.7911156254 -0.9418745480 0.6190265369 -0.9730793045 -0.6839156388 -0.6617413195
-0.9528358880 -0.9828908158 -0.9965385572 -0.7330450445 -0.8380078189 -0.9997737075 -0.9639843807 -0.7289398224 -0.8022976396 -0.9372567078 0.6284070343 -0.9763784190 -0.6853337500 -0.6631756662
-0.9564452348 -0.9855906371 -0.9975246753 -0.7343396300 -0.8471782614 -0.9992715560 -0.9684615563 -0.7302473165 -0.8132263146 -0.9324413597 0.6377055594 -0.9794716470 -0.6867486532 -0.6646097732
-0.9599193874 -0.9880663475 -0.9983485376 -0.7356263487 -0.8561205950 -0.9984908055 -0.9726571895 -0.7315474076 -0.8238967740 -0.9274262865 0.6469206888 -0.9823569051 -0.6881613688 -0.6660446860
