-0.4271236442 -0.6082624093 -0.5852018082 -0.3621771828 -0.5732831296 -0.6213594300 -0.8742801432 -0.3622222742 -0.4200680881 -0.0984017208 0.4409910747 -0.5870675476 -0.3459568336 -0.3346483766
-0.3759881675 -0.5712860602 -0.5469410766 -0.3064000923 -0.5687190407 -0.5845729312 -0.8585194186 -0.3064546110 -0.4372564765 -0.1025433075 0.4331708987 -0.5484137685 -0.2890014535 -0.2768915364
-0.3259384920 -0.5347130850 -0.5092512075 -0.2520218212 -0.5631140747 -0.5480125876 -0.8422356341 -0.2520864262 -0.4526748763 -0.1055728562 0.4245070281 -0.5102394518 -0.2335208484 -0.2206654115
-0.2769664245 -0.4985444450 -0.4721285943 -0.1990282021 -0.5564938719 -0.5116859580 -0.8254429675 -0.1991034936 -0.4663583868 -0.1075158761 0.4150221006 -0.4725444875 -0.1794996695 -0.1659536662
-0.2290637718 -0.4627811014 -0.4355696304 -0.1474050673 -0.5488840721 -0.4756006014 -0.8081555965 -0.1474915869 -0.4783421074 -0.1083978764 0.4047387541 -0.4353287653 -0.1269225678 -0.1127399646
-0.1822223405 -0.4274240155 -0.3995707093 -0.0971382494 -0.5403103153 -0.4397640765 -0.7903876988 -0.0972364798 -0.4886611373 -0.1082443662 0.3936796264 -0.3985921753 -0.0757741947 -0.0610079710
-0.1364339373 -0.3924741484 -0.3641282244 -0.0482135810 -0.5307982417 -0.4041839423 -0.7721534522 -0.0483239460 -0.4973505758 -0.1070808547 0.3818673554 -0.3623346072 -0.0260392012 -0.0107413495
-0.0916903690 -0.3579324615 -0.3292385692 -0.0006168946 -0.5203734912 -0.3688677576 -0.7534670343 -0.0007397593 -0.5044455223 -0.1049328509 0.3693245789 -0.3265559509 0.0222977614 0.0380762357
-0.0479834424 -0.3237999158 -0.2948981371 0.0456659774 -0.5090617038 -0.3338230813 -0.7343426228 0.0455303066 -0.5099810762 -0.1018258642 0.3560739348 -0.2912560964 0.0692520420 0.0854611203
-0.0053049641 -0.2900774727 -0.2611033216 0.0906492024 -0.4968885195 -0.2990574723 -0.7147943956 0.0905004780 -0.5139923366 -0.0977854035 0.3421380608 -0.2564349334 0.1148389894 0.1314296402
0.0363532591 -0.2567660933 -0.2278505161 0.1343469479 -0.4838795784 -0.2645784895 -0.6948365302 0.1341849812 -0.5165144030 -0.0928369782 0.3275395947 -0.2220923519 0.1590739525 0.1759981312
0.0769994205 -0.2238667390 -0.1951361141 0.1767733814 -0.4700605204 -0.2303936917 -0.6744832045 0.1765980424 -0.5175823747 -0.0870060972 0.3123011745 -0.1882282417 0.2019722800 0.2191829290
0.1166417134 -0.1913803708 -0.1629565090 0.2179426704 -0.4554569857 -0.1965106378 -0.6537485961 0.2177538878 -0.5172313509 -0.0803182698 0.2964454380 -0.1548424928 0.2435493208 0.2610003696
0.1552883310 -0.1593079501 -0.1313080942 0.2578689824 -0.4400946141 -0.1629368866 -0.6326468828 0.2576667439 -0.5154964310 -0.0727990052 0.2799950230 -0.1219349950 0.2838204237 0.3014667886
0.1929474667 -0.1276504380 -0.1001872633 0.2965664848 -0.4239990458 -0.1296799971 -0.6111922423 0.2963508367 -0.5124127144 -0.0644738124 0.2629725673 -0.0895056381 0.3228009375 0.3405985218
0.2296273136 -0.0964087958 -0.0695904096 0.3340493451 -0.4071959206 -0.0967475281 -0.5893988523 0.3338203927 -0.5080153003 -0.0553682006 0.2454007087 -0.0575543121 0.3605062112 0.3784119052
0.2653360650 -0.0655839847 -0.0395139266 0.3703317309 -0.3897108787 -0.0641470385 -0.5672808904 0.3700896381 -0.5023392880 -0.0455076790 0.2273020852 -0.0260809068 0.3969515934 0.4149232744
0.3000819143 -0.0351769660 -0.0099542077 0.4054278095 -0.3715695601 -0.0318860871 -0.5448525346 0.4051727992 -0.4954197769 -0.0349177567 0.2086993345 0.0049146878 0.4321524330 0.4501489654
0.3338730547 -0.0051887008 0.0190923535 0.4393517486 -0.3527976047 0.0000277671 -0.5221279624 0.4390841022 -0.4872918663 -0.0236239430 0.1896150944 0.0354325820 0.4661240789 0.4841053138
0.3667176795 0.0243798497 0.0476293638 0.4721177155 -0.3334206526 0.0315869653 -0.4991213515 0.4718377734 -0.4779906556 -0.0116517468 0.1700720029 0.0654728858 0.4988818798 0.5168086555
