-0.8302633314 -0.8220876910 -0.8290380181 -0.8742043354 -0.8556221129 -0.8503607768 -0.8207449634 -0.8733251658 -0.8324040439 -0.8836623898 0.9477176570 -0.8241442244 -0.8845076932 -0.8815027125
-0.8226935942 -0.8137598154 -0.8203158887 -0.8677476228 -0.8495237673 -0.8432842253 -0.8121123138 -0.8668471067 -0.8270051943 -0.8773888037 0.9443894341 -0.8159729762 -0.8784141665 -0.8753033647
-0.8150292801 -0.8053024044 -0.8114242300 -0.8611856354 -0.8433814253 -0.8361083181 -0.8033323735 -0.8602641427 -0.8215918284 -0.8710019133 0.9410065751 -0.8076787676 -0.8722185723 -0.8690010388
-0.8072752403 -0.7967197656 -0.8023666135 -0.8545227319 -0.8372006347 -0.8288376888 -0.7944091550 -0.8535806454 -0.8161698590 -0.8645058630 0.9375737124 -0.7992660052 -0.8659252463 -0.8626000779
-0.7994363259 -0.7880162070 -0.7931466106 -0.8477632709 -0.8309869436 -0.8214769710 -0.7853466708 -0.8468009863 -0.8107451992 -0.8579047976 0.9340954785 -0.7907390957 -0.8595385242 -0.8561048247
-0.7915173881 -0.7791960364 -0.7837677927 -0.8409116108 -0.8247458996 -0.8140307982 -0.7761489335 -0.8399295370 -0.8053237620 -0.8512028617 0.9305765060 -0.7821024459 -0.8530627419 -0.8495196222
-0.7835232779 -0.7702635615 -0.7742337310 -0.8339721104 -0.8184830509 -0.8065038040 -0.7668199553 -0.8329706690 -0.7999114602 -0.8444042001 0.9270214274 -0.7733604624 -0.8465022351 -0.8428488135
-0.7754588466 -0.7612230901 -0.7645479971 -0.8269491282 -0.8122039451 -0.7989006219 -0.7573637489 -0.8259287540 -0.7945142068 -0.8375129575 0.9234348752 -0.7645175518 -0.8398613396 -0.8360967414
-0.7673289451 -0.7520789301 -0.7547141623 -0.8198470228 -0.8059141303 -0.7912258855 -0.7477843267 -0.8188081635 -0.7891379148 -0.8305332784 0.9198214818 -0.7555781209 -0.8331443912 -0.8292677488
-0.7591384248 -0.7428353893 -0.7447357981 -0.8126701527 -0.7996191542 -0.7834842284 -0.7380857011 -0.8116132691 -0.7837884972 -0.8234693076 0.9161858799 -0.7465465763 -0.8263557255 -0.8223661787
-0.7508921368 -0.7334967755 -0.7346164757 -0.8054228766 -0.7933245648 -0.7756802842 -0.7282718848 -0.8043484423 -0.7784718669 -0.8163251898 0.9125327019 -0.7374273247 -0.8194996785 -0.8153963741
-0.7425949320 -0.7240673965 -0.7243597665 -0.7981095530 -0.7870359099 -0.7678186863 -0.7183468900 -0.7970180548 -0.7731939369 -0.8091050696 0.9088665803 -0.7282247728 -0.8125805858 -0.8083626778
-0.7342516618 -0.7145515601 -0.7139692421 -0.7907345406 -0.7807587374 -0.7599040684 -0.7083147294 -0.7896264781 -0.7679606201 -0.8018130917 0.9051921477 -0.7189433272 -0.8056027833 -0.8012694329
-0.7258671772 -0.7049535742 -0.7034484737 -0.7833021978 -0.7744985953 -0.7519410640 -0.6981794153 -0.7821780837 -0.7627778295 -0.7944534009 0.9015140365 -0.7095873947 -0.7985706067 -0.7941209822
-0.7174463294 -0.6952777465 -0.6928010327 -0.7758168833 -0.7682610313 -0.7439343068 -0.6879449604 -0.7746772433 -0.7576514780 -0.7870301417 0.8978368793 -0.7001613819 -0.7914883917 -0.7869216687
-0.7089939696 -0.6855283848 -0.6820304905 -0.7682829557 -0.7620515934 -0.7358884301 -0.6776153769 -0.7671283284 -0.7525874786 -0.7795474588 0.8941653086 -0.6906696955 -0.7843604742 -0.7796758353
-0.7005149487 -0.6757097969 -0.6711404186 -0.7607047736 -0.7558758294 -0.7278080677 -0.6671946775 -0.7595357106 -0.7475917443 -0.7720094970 0.8905039568 -0.6811167422 -0.7771911899 -0.7723878251
-0.6920141181 -0.6658262908 -0.6601343882 -0.7530866955 -0.7497392873 -0.7196978531 -0.6566868746 -0.7519037615 -0.7426701880 -0.7644204009 0.8868574566 -0.6715069287 -0.7699848746 -0.7650619808
-0.6834963288 -0.6558821741 -0.6490159709 -0.7454330800 -0.7436475149 -0.7115624199 -0.6460959806 -0.7442368526 -0.7378287227 -0.7567843151 0.8832304404 -0.6618446616 -0.7627458640 -0.7577026454
-0.6749664319 -0.6458817547 -0.6377887379 -0.7377482858 -0.7376060601 -0.7034064015 -0.6354260081 -0.7365393556 -0.7330732613 -0.7491053845 0.8796275407 -0.6521343476 -0.7554784940 -0.7503141620
