-0.8778137554 -0.8338866579 -0.8794139267 -0.9755846149 -0.6839119544 -0.8480026418 -0.7889714023 -0.9750631487 -0.4463552859 -0.7382001563 0.8263568449 -0.8398451362 -0.9817696561 -0.9786324679
-0.8673725811 -0.8211483895 -0.8687945260 -0.9713319211 -0.6678003470 -0.8360562194 -0.7762785388 -0.9707642894 -0.4307753147 -0.7237565766 0.8136836443 -0.8273930794 -0.9781275716 -0.9746841537
-0.8565782276 -0.8080209177 -0.8577942193 -0.9667705513 -0.6513996485 -0.8237410938 -0.7632901511 -0.9661564117 -0.4150795019 -0.7090178338 0.8006618437 -0.8145574106 -0.9741818628 -0.9704316041
-0.8454396701 -0.7945130809 -0.8464212437 -0.9619074839 -0.6347183220 -0.8110665363 -0.7500128138 -0.9612465105 -0.3992723217 -0.6939914529 0.7873016695 -0.8013472111 -0.9699393077 -0.9658817576
-0.8339658833 -0.7806337176 -0.8346838361 -0.9567496975 -0.6177648306 -0.7980418184 -0.7364531013 -0.9560415801 -0.3833582485 -0.6786849590 0.7736133480 -0.7877715620 -0.9654066843 -0.9610415526
-0.8221658422 -0.7663916661 -0.8225902333 -0.9513041707 -0.6005476375 -0.7846762116 -0.7226175881 -0.9505486154 -0.3673417565 -0.6631058771 0.7596071055 -0.7738395443 -0.9605907706 -0.9559179275
-0.8100485218 -0.7517957648 -0.8101486724 -0.9455778821 -0.5830752059 -0.7709789875 -0.7085128487 -0.9447746108 -0.3512273200 -0.6472617325 0.7452931684 -0.7595602392 -0.9554983447 -0.9505178208
-0.7976228970 -0.7368548521 -0.7973673902 -0.9395778102 -0.5653559989 -0.7569594173 -0.6941454574 -0.9387265609 -0.3350194131 -0.6311600501 0.7306817631 -0.7449427279 -0.9501361846 -0.9448481710
-0.7848979427 -0.7215777664 -0.7842546237 -0.9333109337 -0.5473984796 -0.7426267726 -0.6795219887 -0.9324114605 -0.3187225101 -0.6148083551 0.7157831158 -0.7299960914 -0.9445110682 -0.9389159164
-0.7718826340 -0.7059733461 -0.7708186098 -0.9267842310 -0.5292111112 -0.7279903249 -0.6646490172 -0.9258363040 -0.3023410854 -0.5982141725 0.7006074529 -0.7147294108 -0.9386297737 -0.9327279954
-0.7585859456 -0.6900504295 -0.7570675854 -0.9200046809 -0.5108023569 -0.7130593455 -0.6495331172 -0.9190080861 -0.2858796131 -0.5813850275 0.6851650007 -0.6991517674 -0.9324990789 -0.9262913466
-0.7450168526 -0.6738178551 -0.7430097875 -0.9129792618 -0.4921806798 -0.6978431060 -0.6341808632 -0.9119338014 -0.2693425676 -0.5643284452 0.6694659856 -0.6832722422 -0.9261257620 -0.9196129083
-0.7311843300 -0.6572844612 -0.7286534531 -0.9057149523 -0.4733545430 -0.6823508779 -0.6185988296 -0.9046204446 -0.2527344230 -0.5470519506 0.6535206340 -0.6670999164 -0.9195166010 -0.9126996190
-0.7170973526 -0.6404590862 -0.7140068189 -0.8982187310 -0.4543324098 -0.6665919325 -0.6027935910 -0.8970750101 -0.2360596536 -0.5295630688 0.6373391720 -0.6506438710 -0.9126783738 -0.9055584171
-0.7027648953 -0.6233505686 -0.6990781221 -0.8904975765 -0.4351227431 -0.6505755414 -0.5867717218 -0.8893044927 -0.2193227336 -0.5118693250 0.6209318261 -0.6339131873 -0.9056178585 -0.8981962410
-0.6881959332 -0.6059677466 -0.6838755994 -0.8825584674 -0.4157340063 -0.6343109760 -0.5705397963 -0.8813158869 -0.2025281374 -0.4939782442 0.6043088227 -0.6169169463 -0.8983418331 -0.8906200292
-0.6733994412 -0.5883194588 -0.6684074879 -0.8744083822 -0.3961746624 -0.6178075077 -0.5541043892 -0.8731161873 -0.1856803392 -0.4758973515 0.5874803880 -0.5996642292 -0.8908570756 -0.8828367201
-0.6583843942 -0.5704145434 -0.6526820244 -0.8660542995 -0.3764531746 -0.6010744081 -0.5374720747 -0.8647123885 -0.1687838132 -0.4576341720 0.5704567483 -0.5821641170 -0.8831703640 -0.8748532521
-0.6431597671 -0.5522618389 -0.6367074459 -0.8575031979 -0.3565780060 -0.5841209485 -0.5206494275 -0.8561114852 -0.1518430337 -0.4391962308 0.5532481301 -0.5644256910 -0.8752884764 -0.8666765637
-0.6277345349 -0.5338701836 -0.6204919894 -0.8487620560 -0.3365576198 -0.5669564005 -0.5036430219 -0.8473204720 -0.1348624750 -0.4205910531 0.5358647597 -0.5464580322 -0.8672181908 -0.8583135932
