0.1678158377 0.0743228638 0.1548775847 0.3262578061 -0.3183643505 0.0503948775 -0.0400876418 0.3247872614 -0.6415059842 -0.2655507176 0.1990921105 0.0582722889 0.3449893750 0.3442167377
0.1665788630 0.0750664165 0.1554531126 0.3228497755 -0.3158185785 0.0507214249 -0.0356942914 0.3213963518 -0.6334162087 -0.2551802888 0.2000664187 0.0590709185 0.3411838218 0.3404048501
0.1647877630 0.0752550556 0.1554352965 0.3188588224 -0.3136586851 0.0505163438 -0.0317443342 0.3174228639 -0.6253351043 -0.2449492761 0.2014070330 0.0593217426 0.3367955222 0.3360107868
0.1624319829 0.0748776825 0.1548124950 0.3142745340 -0.3118936504 0.0497690039 -0.0282478053 0.3128563858 -0.6172665541 -0.2348638790 0.2031217047 0.0590137567 0.3318141731 0.3310242550
0.1595009679 0.0739231984 0.1535730664 0.3090864979 -0.3105324545 0.0484687749 -0.0252147397 0.3076865055 -0.6092144413 -0.2249302965 0.2052181851 0.0581359560 0.3262294712 0.3254349618
0.1559841630 0.0723805050 0.1517053693 0.3032843012 -0.3095840775 0.0466050264 -0.0226551725 0.3019028110 -0.6011826488 -0.2151547281 0.2077042255 0.0566773361 0.3200311133 0.3192326145
0.1518710136 0.0702385035 0.1491977620 0.2968575313 -0.3090574997 0.0441671282 -0.0205791386 0.2954948902 -0.5931750597 -0.2055433730 0.2105875774 0.0546268923 0.3132087961 0.3124069203
0.1471509646 0.0674860954 0.1460386031 0.2897957756 -0.3089617011 0.0411444498 -0.0189966730 0.2884523313 -0.5851955571 -0.1961024304 0.2138759921 0.0519736200 0.3057522163 0.3049475862
0.1418134614 0.0641121821 0.1422162509 0.2820886214 -0.3093056619 0.0375263610 -0.0179178109 0.2807647222 -0.5772480239 -0.1868380995 0.2175772209 0.0487065146 0.2976510708 0.2968443196
0.1358479491 0.0601056651 0.1377190641 0.2737256561 -0.3100983622 0.0333022314 -0.0173525873 0.2724216509 -0.5693363434 -0.1777565798 0.2216990151 0.0448145715 0.2888950562 0.2880868276
0.1292438727 0.0554554456 0.1325354009 0.2646964669 -0.3113487822 0.0284614307 -0.0173110371 0.2634127055 -0.5614643985 -0.1688640703 0.2262491261 0.0402867861 0.2794738693 0.2786648174
0.1219906775 0.0501504252 0.1266536199 0.2549906413 -0.3130659021 0.0229933286 -0.0178031955 0.2537274739 -0.5536360722 -0.1601667705 0.2312353053 0.0351121538 0.2693772070 0.2685679961
0.1140778087 0.0441795052 0.1200620795 0.2445977665 -0.3152587019 0.0168872947 -0.0188390974 0.2433555442 -0.5458552477 -0.1516708794 0.2366653039 0.0292796700 0.2585947658 0.2577860710
0.1054947114 0.0375315871 0.1127491382 0.2335074299 -0.3179361618 0.0101326987 -0.0204287779 0.2322865043 -0.5381258080 -0.1433825965 0.2425468733 0.0227783301 0.2471162426 0.2463087492
0.0962308307 0.0301955723 0.1047031545 0.2217092189 -0.3211072619 0.0027189102 -0.0225822720 0.2205099424 -0.5304516361 -0.1353081210 0.2488877649 0.0155971294 0.2349313342 0.2341257379
0.0862756119 0.0221603621 0.0959124867 0.2091927207 -0.3247809825 -0.0053647010 -0.0253096148 0.2080154463 -0.5228366151 -0.1274536521 0.2556957300 0.0077250634 0.2220297372 0.2212267444
0.0756185000 0.0134148581 0.0863654934 0.1959475227 -0.3289663036 -0.0141287652 -0.0286208412 0.1947926041 -0.5152846280 -0.1198253891 0.2629785199 -0.0008488725 0.2084011485 0.2076014757
0.0642489403 0.0039479615 0.0760505331 0.1819632123 -0.3336722053 -0.0235839129 -0.0325259863 0.1808310039 -0.5077995580 -0.1124295312 0.2707438860 -0.0101356829 0.1940352648 0.1932396391
0.0521563779 -0.0062514261 0.0649559641 0.1672293768 -0.3389076679 -0.0337407744 -0.0370350852 0.1661202336 -0.5003852880 -0.1052722778 0.2789995796 -0.0201463725 0.1789217828 0.1781309418
0.0393302579 -0.0171944034 0.0530701450 0.1517356035 -0.3446816714 -0.0446099799 -0.0421581728 0.1506498812 -0.4930457011 -0.0983598281 0.2877533521 -0.0308919458 0.1630503993 0.1622650909
