-0.1794915413 -0.6753078560 -0.3707455332 0.5437869184 -0.8376636532 -0.4050975097 -0.9158610378 0.5425385375 -0.6619799456 0.1158274041 -0.2466443168 -0.6742110914 0.5701168520 0.5680115138
-0.2159093153 -0.6979656304 -0.4049962079 0.4916127379 -0.8386714200 -0.4444305432 -0.9267633940 0.4902358820 -0.6543585448 0.1077374218 -0.2355138422 -0.6968361213 0.5206553641 0.5183417135
-0.2513844478 -0.7197209015 -0.4381655333 0.4404908431 -0.8389715591 -0.4822508115 -0.9368673804 0.4389914306 -0.6463054609 0.1002883193 -0.2250702293 -0.7185643036 0.4721223198 0.4696118699
-0.2859247863 -0.7405829175 -0.4702638781 0.3904134227 -0.8385751578 -0.5185757697 -0.9461827386 0.3887973097 -0.6378290081 0.0934704084 -0.2153034538 -0.7394047927 0.4245113253 0.4218153860
-0.3195381785 -0.7605609266 -0.5013016106 0.3413726655 -0.8374933034 -0.5534228727 -0.9547192103 0.3396456453 -0.6289374999 0.0872740004 -0.2062034915 -0.7593667430 0.3778159865 0.3749456648
-0.3522324720 -0.7796641772 -0.5312890994 0.2933607601 -0.8357370832 -0.5868095756 -0.9624865372 0.2915285635 -0.6196392505 0.0816894070 -0.1977603185 -0.7784593087 0.3320299096 0.3289961092
-0.3840155142 -0.7979019174 -0.5602367131 0.2463698954 -0.8333175845 -0.6187533335 -0.9694944608 0.2444381905 -0.6099425735 0.0767069396 -0.1899639104 -0.7966916444 0.2871467006 0.2839601223
-0.4148951529 -0.8152833955 -0.5881548201 0.2003922599 -0.8302458947 -0.6492716013 -0.9757527229 0.1983666523 -0.5998557829 0.0723169098 -0.1828042433 -0.8140729042 0.2431599655 0.2398311069
-0.4448792357 -0.8318178597 -0.6150537890 0.1554200425 -0.8265331011 -0.6783818341 -0.9812710650 0.1533060752 -0.5893871926 0.0685096290 -0.1762712929 -0.8306122427 0.2000633106 0.1966024661
-0.4739756100 -0.8475145583 -0.6409439883 0.1114454319 -0.8221902909 -0.7061014869 -0.9860592289 0.1092485852 -0.5785451164 0.0652754088 -0.1703550350 -0.8463188141 0.1578503417 0.1542676029
-0.5021921235 -0.8623827395 -0.6658357866 0.0684606169 -0.8172285514 -0.7324480148 -0.9901269561 0.0661863085 -0.5673378682 0.0626045608 -0.1650454457 -0.8612017728 0.1165146649 0.1128199202
-0.5295366237 -0.8764316515 -0.6897395524 0.0264577860 -0.8116589700 -0.7574388728 -0.9934839883 0.0241113712 -0.5557737618 0.0604873964 -0.1603325007 -0.8752702732 0.0760498864 0.0722528210
-0.5560169584 -0.8896705426 -0.7126656541 -0.0145708718 -0.8054926340 -0.7810915159 -0.9961400672 -0.0169841006 -0.5438611111 0.0589142272 -0.1562061759 -0.8885334697 0.0364496122 0.0325597083
-0.5816409749 -0.9021086610 -0.7346244604 -0.0546331680 -0.7987406306 -0.8034233991 -0.9981049343 -0.0571079807 -0.5316082301 0.0578753646 -0.1526564471 -0.9010005165 -0.0022925516 -0.0062660149
-0.6064165211 -0.9137552550 -0.7556263397 -0.0937369138 -0.7914140472 -0.8244519775 -0.9993883314 -0.0962681431 -0.5190234325 0.0573611203 -0.1496732902 -0.9126805681 -0.0401829991 -0.0442309457
-0.6303514443 -0.9246195728 -0.7756816606 -0.1318899203 -0.7835239711 -0.8441947061 -1.0000000000 -0.1344724615 -0.5061150322 0.0573618056 -0.1472466812 -0.9235827789 -0.0772281240 -0.0813416810
-0.6534535923 -0.9347108627 -0.7948007916 -0.1690999991 -0.7750814896 -0.8626690400 -0.9999496819 -0.1717288100 -0.4928913432 0.0578677323 -0.1453665957 -0.9337163031 -0.1134343205 -0.1176048179
-0.6757308125 -0.9440383728 -0.8129941012 -0.2053749612 -0.7660976900 -0.8798924342 -0.9992471186 -0.2080450622 -0.4793606792 0.0588692117 -0.1440230098 -0.9430902951 -0.1488079823 -0.1530269535
-0.6971909526 -0.9526113515 -0.8302719580 -0.2407226179 -0.7565836595 -0.8958823436 -0.9979020518 -0.2434290922 -0.4655313541 0.0603565554 -0.1432058992 -0.9517139094 -0.1833555035 -0.1876146846
-0.7178418603 -0.9604390469 -0.8466447304 -0.2751507806 -0.7465504856 -0.9106562234 -0.9959242232 -0.2778887738 -0.4514116818 0.0623200749 -0.1429052398 -0.9595963002 -0.2170832779 -0.2213746085
