0.8677852487 0.9474359498 0.9786479291 0.9235838587 0.9797433146 0.9493807670 0.9980283417 0.9265129919 0.7683895206 -0.5611641839 -0.9739632713 0.9452789454 0.9117170122 0.9153464387
0.8576576081 0.9414842795 0.9744830238 0.9172156234 0.9756333298 0.9431465710 0.9992281293 0.9202943275 0.7719958089 -0.5537840944 -0.9789726476 0.9391240794 0.9048505713 0.9086558545
0.8474462168 0.9352594784 0.9699678215 0.9107328813 0.9711637919 0.9365884930 0.9998829824 0.9139536398 0.7750283274 -0.5467927637 -0.9834305131 0.9326903458 0.8979134137 0.9018840669
0.8371524647 0.9287652619 0.9651070155 0.9041369106 0.9663395542 0.9297112685 1.0000000000 0.9074922894 0.7774945183 -0.5401849882 -0.9873432093 0.9259816126 0.8909062931 0.8950319479
0.8267777418 0.9220053453 0.9599052992 0.8974289898 0.9611654702 0.9225196330 0.9995862812 0.9009116367 0.7794018232 -0.5339555640 -0.9907170771 0.9190017475 0.8838299628 0.8881003694
0.8163234381 0.9149834440 0.9543673658 0.8906103974 0.9556463932 0.9150183222 0.9986489250 0.8942130421 0.7807576842 -0.5280992875 -0.9935584580 0.9117546184 0.8766851763 0.8810902033
0.8057909436 0.9077032735 0.9484979086 0.8836824117 0.9497871766 0.9072120716 0.9971950304 0.8873978662 0.7815695431 -0.5226109549 -0.9958736931 0.9042440930 0.8694726872 0.8740023215
0.7951816482 0.9001685489 0.9423016210 0.8766463112 0.9435926737 0.8991056166 0.9952316966 0.8804674693 0.7818448419 -0.5174853625 -0.9976691236 0.8964740392 0.8621932488 0.8668375958
0.7844969420 0.8923829857 0.9357831963 0.8695033744 0.9370677379 0.8907036929 0.9927660225 0.8734232120 0.7815910222 -0.5127173065 -0.9989510908 0.8884483248 0.8548476146 0.8595968983
0.7737382149 0.8843502993 0.9289473277 0.8622548796 0.9302172226 0.8820110359 0.9898051072 0.8662664546 0.7808155262 -0.5083015832 -0.9997259358 0.8801708176 0.8474365381 0.8522811007
0.7629068569 0.8760742050 0.9217987086 0.8549021053 0.9230459811 0.8730323813 0.9863560498 0.8589985577 0.7795257956 -0.5042329889 -1.0000000000 0.8716453855 0.8399607729 0.8448910751
0.7520042579 0.8675584182 0.9143420323 0.8474463299 0.9155588669 0.8637724645 0.9824259493 0.8516208817 0.7777292724 -0.5005063198 -0.9997796245 0.8628758963 0.8324210723 0.8374276934
0.7410318080 0.8588066543 0.9065819920 0.8398888319 0.9077607333 0.8542360211 0.9780219047 0.8441347871 0.7754333984 -0.4971163722 -0.9990711505 0.8538662178 0.8248181898 0.8298918273
0.7299908972 0.8498226285 0.8985232812 0.8322308897 0.8996564336 0.8444277866 0.9731510152 0.8365416343 0.7726456155 -0.4940579425 -0.9978809193 0.8446202177 0.8171528789 0.8222843489
0.7188829153 0.8406100563 0.8901705931 0.8244737817 0.8912508213 0.8343524965 0.9678203797 0.8288427838 0.7693733656 -0.4913258267 -0.9962152720 0.8351417640 0.8094258930 0.8146061300
0.7077092524 0.8311726530 0.8815286210 0.8166187863 0.8825487496 0.8240148865 0.9620370973 0.8210395960 0.7656240906 -0.4889148213 -0.9940805500 0.8254347245 0.8016379857 0.8068580426
0.6964712986 0.8215141340 0.8726020582 0.8086671820 0.8735550721 0.8134196920 0.9558082670 0.8131334313 0.7614052323 -0.4868197224 -0.9914830944 0.8155029670 0.7937899104 0.7990409586
0.6851704436 0.8116382147 0.8633955981 0.8006202472 0.8642746420 0.8025716486 0.9491409880 0.8051256504 0.7567242327 -0.4850353264 -0.9884292464 0.8053503592 0.7858824206 0.7911557498
0.6738080776 0.8015486103 0.8539139339 0.7924792604 0.8547123126 0.7914754918 0.9420423591 0.7970176135 0.7515885337 -0.4835564295 -0.9849253473 0.7949807691 0.7779162697 0.7832032881
0.6623855905 0.7912490363 0.8441617590 0.7842454999 0.8448729375 0.7801359572 0.9345194796 0.7888106813 0.7460055771 -0.4823778280 -0.9809777383 0.7843980644 0.7698922113 0.7751844456
