0.1552883310 -0.1593079501 -0.1313080942 0.2578689824 -0.4400946141 -0.1629368866 -0.6326468828 0.2576667439 -0.5154964310 -0.0727990052 0.2799950230 -0.1219349950 0.2838204237 0.3014667886
0.1929474667 -0.1276504380 -0.1001872633 0.2965664848 -0.4239990458 -0.1296799971 -0.6111922423 0.2963508367 -0.5124127144 -0.0644738124 0.2629725673 -0.0895056381 0.3228009375 0.3405985218
0.2296273136 -0.0964087958 -0.0695904096 0.3340493451 -0.4071959206 -0.0967475281 -0.5893988523 0.3338203927 -0.5080153003 -0.0553682006 0.2454007087 -0.0575543121 0.3605062112 0.3784119052
0.2653360650 -0.0655839847 -0.0395139266 0.3703317309 -0.3897108787 -0.0641470385 -0.5672808904 0.3700896381 -0.5023392880 -0.0455076790 0.2273020852 -0.0260809068 0.3969515934 0.4149232744
0.3000819143 -0.0351769660 -0.0099542077 0.4054278095 -0.3715695601 -0.0318860871 -0.5448525346 0.4051727992 -0.4954197769 -0.0349177567 0.2086993345 0.0049146878 0.4321524330 0.4501489654
0.3338730547 -0.0051887008 0.0190923535 0.4393517486 -0.3527976047 0.0000277671 -0.5221279624 0.4390841022 -0.4872918663 -0.0236239430 0.1896150944 0.0354325820 0.4661240789 0.4841053138
0.3667176795 0.0243798497 0.0476293638 0.4721177155 -0.3334206526 0.0315869653 -0.4991213515 0.4718377734 -0.4779906556 -0.0116517468 0.1700720029 0.0654728858 0.4988818798 0.5168086555
0.3986239819 0.0535277241 0.0756604295 0.5037398778 -0.3134643438 0.0627839486 -0.4758468798 0.5034480390 -0.4675512439 0.0009733226 0.1500926977 0.0950357094 0.5304411847 0.5482753263
0.4296001552 0.0822539613 0.1031891573 0.5342324029 -0.2929543184 0.0936111582 -0.4523187248 0.5339291255 -0.4560087307 0.0142257560 0.1296998166 0.1241211629 0.5608173422 0.5785216621
0.4596543927 0.1105576000 0.1302191537 0.5636094584 -0.2719162162 0.1240610351 -0.4285510644 0.5632952589 -0.4433982153 0.0280800444 0.1089159976 0.1527293563 0.5900257013 0.6075639985
0.4887948876 0.1384376791 0.1567540253 0.5918852116 -0.2503756774 0.1541260206 -0.4045580763 0.5915606657 -0.4297547970 0.0425106785 0.0877638784 0.1808603999 0.6180816108 0.6354186714
0.5170298333 0.1658932373 0.1827973786 0.6190738302 -0.2283583419 0.1837985557 -0.3803539381 0.6187395720 -0.4151135751 0.0574921493 0.0662660968 0.2085144037 0.6450004195 0.6621020167
0.5443674230 0.1929233134 0.2083528202 0.6451894816 -0.2058898498 0.2130710815 -0.3559528276 0.6448462041 -0.3995096489 0.0729989475 0.0444452907 0.2356914779 0.6707974763 0.6876303700
0.5708158500 0.2195269461 0.2334239567 0.6702463333 -0.1829958411 0.2419360393 -0.3313689225 0.6698947884 -0.3829781177 0.0890055640 0.0223240980 0.2623917326 0.6954881299 0.7120200673
0.5963833075 0.2457031742 0.2580143945 0.6942585527 -0.1597019558 0.2703858700 -0.3066164005 0.6938995511 -0.3655540810 0.1054864897 -0.0000748435 0.2886152780 0.7190877291 0.7352874442
0.6210779888 0.2714510366 0.2821277402 0.7172403074 -0.1360338339 0.2984130149 -0.2817094394 0.7168747184 -0.3472726379 0.1224162154 -0.0227288961 0.3143622240 0.7416116229 0.7574488367
0.6449080873 0.2967695719 0.3057676005 0.7392057648 -0.1120171154 0.3260099150 -0.2566622168 0.7388345167 -0.3281688878 0.1397692319 -0.0456154218 0.3396326809 0.7630751600 0.7785205806
0.6678817960 0.3216578190 0.3289375818 0.7601690924 -0.0876774404 0.3531690116 -0.2314889106 0.7597931722 -0.3082779301 0.1575200302 -0.0687117829 0.3644267588 0.7834936893 0.7985190115
0.6900073085 0.3461148167 0.3516412907 0.7801444577 -0.0630404488 0.3798827456 -0.2062036983 0.7797649111 -0.2876348640 0.1756431010 -0.0919953414 0.3887445678 0.8028825596 0.8174604654
0.7112928178 0.3701396036 0.3738823337 0.7991460283 -0.0381317807 0.4061435583 -0.1808207577 0.7987639599 -0.2662747888 0.1941129353 -0.1154434596 0.4125862180 0.8212571196 0.8353612780
