0.4629469001 0.9771846360 0.7769151484 -0.1533232696 1.0000000000 0.6815018006 0.9327198901 -0.1490969457 0.9866069449 0.9836614429 -0.4840964259 0.8629422595 -0.2136543624 -0.2056037550
0.4608795155 0.9819928311 0.7820720531 -0.1551866806 0.9996578464 0.6809350952 0.9401514667 -0.1509671366 0.9895668994 0.9875151766 -0.4768116617 0.8655207105 -0.2155477634 -0.2080188682
0.4582139664 0.9862533604 0.7867367489 -0.1574811446 0.9987076901 0.6797543184 0.9471816752 -0.1532697375 0.9921684244 0.9908664136 -0.4687915058 0.8675201742 -0.2178560098 -0.2108652198
0.4549412777 0.9899573856 0.7909009990 -0.1602136400 0.9971410681 0.6779501986 0.9538039411 -0.1560117431 0.9944070458 0.9937076289 -0.4600257319 0.8689315692 -0.2205858796 -0.2141497484
0.4510524746 0.9930960682 0.7945565664 -0.1633911455 0.9949495172 0.6755134644 0.9600116900 -0.1592001479 0.9962782894 0.9960312973 -0.4505041136 0.8697458144 -0.2237441510 -0.2178793922
0.4465385821 0.9956605700 0.7976952142 -0.1670206396 0.9921245743 0.6724348444 0.9657983474 -0.1628419466 0.9977776809 0.9978298936 -0.4402164247 0.8699538289 -0.2273376019 -0.2220610898
0.4413906252 0.9976420524 0.8003087055 -0.1711091009 0.9886577761 0.6687050670 0.9711573389 -0.1669441338 0.9989007460 0.9990958930 -0.4291524388 0.8695465313 -0.2313730103 -0.2267017796
0.4355996290 0.9990316772 0.8023888034 -0.1756635080 0.9845406596 0.6643148609 0.9760820900 -0.1715137040 0.9996430104 0.9998217701 -0.4173019295 0.8685148406 -0.2358571542 -0.2318084000
0.4291566187 0.9998206058 0.8039272708 -0.1806908395 0.9797647616 0.6592549544 0.9805660263 -0.1765576519 1.0000000000 1.0000000000 -0.4046546705 0.8668496757 -0.2407968117 -0.2373878894
0.4220526191 1.0000000000 0.8049158710 -0.1861980739 0.9743216189 0.6535160763 0.9846025733 -0.1820829721 0.9999672404 0.9996230575 -0.3912004355 0.8645419554 -0.2461987607 -0.2434471863
0.4142786555 0.9995610213 0.8053463669 -0.1921921898 0.9682027685 0.6470889550 0.9881851565 -0.1880966592 0.9995402575 0.9986834177 -0.3769289982 0.8615825987 -0.2520697793 -0.2499932291
0.4058257528 0.9984948314 0.8052105216 -0.1986801659 0.9613997470 0.6399643191 0.9913072015 -0.1946057078 0.9987145769 0.9971735552 -0.3618301322 0.8579625243 -0.2584166456 -0.2570329563
0.3966849361 0.9967925919 0.8045000982 -0.2056689805 0.9539040915 0.6321328971 0.9939621339 -0.2016171125 0.9974857244 0.9950859452 -0.3458936111 0.8536726512 -0.2652461375 -0.2645733062
0.3868472305 0.9944454643 0.8032068597 -0.2131656125 0.9457073388 0.6235854176 0.9961433792 -0.2091378680 0.9958492257 0.9924130624 -0.3291092087 0.8487038982 -0.2725650330 -0.2726212173
0.3763036611 0.9914446104 0.8013225693 -0.2211770402 0.9368010256 0.6143126090 0.9978443629 -0.2171749687 0.9938006067 0.9891473818 -0.3114666985 0.8430471842 -0.2803801101 -0.2811836281
0.3650452528 0.9877811916 0.7988389900 -0.2297102423 0.9271766889 0.6043052000 0.9990585105 -0.2257354094 0.9913353930 0.9852813783 -0.2929558544 0.8366934281 -0.2886981469 -0.2902674769
0.3530630308 0.9834463697 0.7957478848 -0.2387721974 0.9168258656 0.5935539190 0.9997792477 -0.2348261846 0.9884491103 0.9808075268 -0.2735664498 0.8296335488 -0.2975259215 -0.2998797023
0.3403480201 0.9784313062 0.7920410169 -0.2483698841 0.9057400923 0.5820494946 1.0000000000 -0.2444542890 0.9851372845 0.9757183022 -0.2532882586 0.8218584650 -0.3068702117 -0.3100272425
0.3268912457 0.9727271627 0.7877101493 -0.2585102808 0.8939109061 0.5697826555 0.9997141929 -0.2546267171 0.9813954413 0.9700061794 -0.2321110543 0.8133590958 -0.3167377956 -0.3207170361
0.3126837328 0.9663251009 0.7827470450 -0.2692003663 0.8813298438 0.5567441299 0.9989152519 -0.2653504635 0.9772191064 0.9636636333 -0.2100246106 0.8041263600 -0.3271354513 -0.3319560216
