0.2169692061 0.0279915036 0.1509762136 0.3999017277 -0.0635490446 0.2305600484 0.0623465868 0.3956762724 0.0085077570 0.2553717488 -0.1676185284 0.0828653004 0.4192064365 0.4461199622
0.2298891519 0.0535250502 0.1797327152 0.4056877658 -0.0398754890 0.2437080786 0.0904885092 0.4015640267 0.0353884515 0.2697021026 -0.1786035820 0.1091617564 0.4230186539 0.4505277835
0.2425402739 0.0788153287 0.2082760756 0.4112066876 -0.0164360585 0.2565819734 0.1185662945 0.4071850776 0.0621255979 0.2837431296 -0.1893470380 0.1351906831 0.4265726943 0.4546658769
0.2549039400 0.1038366511 0.2365803594 0.4164447034 0.0067443455 0.2691628980 0.1465599758 0.4125255704 0.0886955033 0.2974750563 -0.1998318223 0.1609255789 0.4298561851 0.4585213614
0.2669615184 0.1285633293 0.2646196312 0.4213880234 0.0296408222 0.2814320177 0.1744495863 0.4175716505 0.1150744746 0.3108781092 -0.2100408605 0.1863399423 0.4328567537 0.4620813559
0.2786943771 0.1529696753 0.2923679558 0.4260228582 0.0522284703 0.2933704975 0.2022151591 0.4223094630 0.1412388188 0.3239325147 -0.2199570786 0.2114072719 0.4355620275 0.4653329793
0.2900838840 0.1770300009 0.3197993977 0.4303354179 0.0744823888 0.3049595028 0.2298367274 0.4267251534 0.1671648430 0.3366184993 -0.2295634024 0.2361010659 0.4379596341 0.4682633508
0.3011114071 0.2007186182 0.3468880216 0.4343119130 0.0963776765 0.3161801985 0.2572943244 0.4308048668 0.1928288540 0.3489162895 -0.2388427576 0.2603948230 0.4400372009 0.4708595892
0.3117583146 0.2240098390 0.3736078920 0.4379385538 0.1178894323 0.3270137500 0.2845679830 0.4345347486 0.2182071589 0.3608061117 -0.2477780702 0.2842620416 0.4417823554 0.4731088135
0.3220059743 0.2468779754 0.3999330737 0.4412015506 0.1389927552 0.3374413224 0.3116377366 0.4379009440 0.2432760646 0.3722681925 -0.2563522659 0.3076762201 0.4431827249 0.4749981427
0.3318357543 0.2692973391 0.4258376313 0.4440871137 0.1596627439 0.3474440809 0.3384836181 0.4408895985 0.2680118781 0.3832827582 -0.2645482706 0.3306108570 0.4442259371 0.4765146957
0.3412290226 0.2912422423 0.4512956293 0.4465814535 0.1798744974 0.3570031906 0.3650856609 0.4434868571 0.2923909065 0.3938300354 -0.2723490100 0.3530394508 0.4448996192 0.4776455916
0.3501671473 0.3126869967 0.4762811325 0.4486707804 0.1996031146 0.3660998168 0.3914238980 0.4456788653 0.3163894567 0.4038902505 -0.2797374101 0.3749354999 0.4451913989 0.4783779492
0.3586314963 0.3336059145 0.5007682054 0.4503413046 0.2188236944 0.3747151246 0.4174783625 0.4474517683 0.3399838357 0.4134436300 -0.2866963966 0.3962725028 0.4450889035 0.4786988877
0.3666034376 0.3539733074 0.5247309128 0.4515792366 0.2375113356 0.3828302792 0.4432290876 0.4487917115 0.3631503504 0.4224704003 -0.2932088953 0.4170239580 0.4445797604 0.4785955259
0.3740643393 0.3737634874 0.5481433192 0.4523707865 0.2556411372 0.3904264457 0.4686561065 0.4496848400 0.3858653079 0.4309507880 -0.2992578321 0.4371633640 0.4436515972 0.4780549827
0.3809955693 0.3929507665 0.5709794892 0.4527021649 0.2731881980 0.3974847894 0.4937394523 0.4501172992 0.4081050151 0.4388650195 -0.3048261329 0.4566642191 0.4422920414 0.4770643773
0.3873784958 0.4115094566 0.5932134875 0.4525595820 0.2901276169 0.4039864754 0.5184591581 0.4500752344 0.4298457791 0.4461933213 -0.3098967233 0.4755000219 0.4404887203 0.4756108286
0.3931944866 0.4294138697 0.6148193788 0.4519292482 0.3064344928 0.4099126689 0.5427952570 0.4495447909 0.4510639067 0.4529159198 -0.3144525293 0.4936442708 0.4382292614 0.4736814555
0.3984249099 0.4466383176 0.6357712277 0.4507973737 0.3220839246 0.4152445351 0.5667277823 0.4485121140 0.4717357050 0.4590130415 -0.3184764767 0.5110704643 0.4355012921 0.4712633769
