-0.7771629595 -0.7809570573 -0.7888355216 -0.6903043789 -0.7957851785 -0.7354772786 -0.8270711506 -0.6892856219 -0.5196868899 -0.4484580672 0.5676759449 -0.8016315400 -0.6825309262 -0.6723641325
-0.7906667249 -0.7922942308 -0.7996971622 -0.7069776262 -0.8046069712 -0.7487061886 -0.8352120923 -0.7058788115 -0.5232697790 -0.4606955205 0.5800712618 -0.8125032110 -0.7000738998 -0.6901066612
-0.8038095048 -0.8034405605 -0.8103857979 -0.7232648009 -0.8133994691 -0.7617085163 -0.8433000259 -0.7220948008 -0.5270686742 -0.4732644025 0.5926154242 -0.8231664045 -0.7171814199 -0.7074233213
-0.8165850805 -0.8143860907 -0.8208911789 -0.7391591167 -0.8221493616 -0.7744745333 -0.8513225368 -0.7379265971 -0.5310674986 -0.4861409209 0.6052892017 -0.8336118220 -0.7338476871 -0.7243079802
-0.8289872337 -0.8251208657 -0.8312030553 -0.7546537877 -0.8308433382 -0.7869945110 -0.8592672105 -0.7533672075 -0.5352501753 -0.4993012833 0.6180733641 -0.8438301652 -0.7500669024 -0.7407545053
-0.8410097458 -0.8356349298 -0.8413111773 -0.7697420277 -0.8394680882 -0.7992587212 -0.8671216323 -0.7684096394 -0.5396006275 -0.5127216972 0.6309486811 -0.8538121357 -0.7658332664 -0.7567567639
-0.8526463981 -0.8459183272 -0.8512052950 -0.7844170506 -0.8480103013 -0.8112574352 -0.8748733877 -0.7830468999 -0.5441027784 -0.5263783704 0.6438959225 -0.8635484349 -0.7811409799 -0.7723086234
-0.8638909724 -0.8559611024 -0.8608751588 -0.7986720704 -0.8564566668 -0.8229809248 -0.8825100621 -0.7972719962 -0.5487405511 -0.5402475104 0.6568958579 -0.8730297645 -0.7959842437 -0.7874039510
-0.8747372499 -0.8657532997 -0.8703105186 -0.8125003009 -0.8647938742 -0.8344194614 -0.8900192410 -0.8110779357 -0.5534978687 -0.5543053247 0.6699292572 -0.8822468261 -0.8103572586 -0.8020366140
-0.8851790122 -0.8752849632 -0.8795011247 -0.8258949560 -0.8730086129 -0.8455633165 -0.8973885096 -0.8244577255 -0.5583586544 -0.5685280211 0.6829768900 -0.8911903212 -0.8242542253 -0.8162004800
-0.8952100407 -0.8845461374 -0.8884367273 -0.8388492496 -0.8810875725 -0.8564027619 -0.9046054536 -0.8374043729 -0.5633068313 -0.5828918071 0.6960195260 -0.8998509515 -0.8376693447 -0.8298894160
-0.9048241170 -0.8935268666 -0.8971070765 -0.8513563957 -0.8890174423 -0.8669280689 -0.9116576582 -0.8499108852 -0.5683263226 -0.5973728902 0.7090379350 -0.9082194184 -0.8505968174 -0.8430972896
-0.9140150225 -0.9022171951 -0.9055019224 -0.8634096081 -0.8967849119 -0.8771295093 -0.9185327089 -0.8619702695 -0.5734010514 -0.6119474782 0.7220128867 -0.9162864237 -0.8630308443 -0.8558179680
-0.9227765387 -0.9106071671 -0.9136110154 -0.8750021007 -0.9043766707 -0.8869973544 -0.9252181911 -0.8735755330 -0.5785149408 -0.6265917786 0.7349251509 -0.9240426688 -0.8749656261 -0.8680453186
-0.9311024470 -0.9186868271 -0.9214241055 -0.8861270875 -0.9117794082 -0.8965218760 -0.9317016903 -0.8847196832 -0.5836519141 -0.6412819990 0.7477554972 -0.9314788553 -0.8863953636 -0.8797732087
-0.9389865290 -0.9264462192 -0.9289309429 -0.8967777823 -0.9189798137 -0.9056933454 -0.9379707918 -0.8953957270 -0.5887958943 -0.6559943471 0.7604846954 -0.9385856849 -0.8973142576 -0.8909955056
-0.9464225661 -0.9338753879 -0.9361212778 -0.9069473990 -0.9259645769 -0.9145020344 -0.9440130811 -0.9055966719 -0.5939308046 -0.6707050303 0.7730935152 -0.9453538591 -0.9077165088 -0.9017060767
-0.9534043398 -0.9409643774 -0.9429848603 -0.9166291516 -0.9327203871 -0.9229382144 -0.9498161436 -0.9153155250 -0.5990405682 -0.6853902564 0.7855627264 -0.9517740794 -0.9175963181 -0.9118987893
-0.9599256315 -0.9477032320 -0.9495114406 -0.9258162540 -0.9392339338 -0.9309921571 -0.9553675647 -0.9245452936 -0.6041091081 -0.7000262329 0.7978730986 -0.9578370475 -0.9269478861 -0.9215675107
-0.9659802229 -0.9540819961 -0.9556907690 -0.9345019200 -0.9454919065 -0.9386541339 -0.9606549298 -0.9332789849 -0.6091203475 -0.7145891674 0.8100054016 -0.9635334649 -0.9357654137 -0.9307061083
