-0.6159375737 -0.3228561320 -0.3894776721 -0.7400037884 0.0749534850 -0.2662544716 -0.1351543902 -0.7458018535 0.2912243492 0.2679322351 -0.1742239402 -0.3428892889 -0.6773974883 -0.6766408517
-0.6099126547 -0.3221153262 -0.3872125976 -0.7286371692 0.0672847098 -0.2675465744 -0.1378294289 -0.7345603980 0.2795577716 0.2557484958 -0.1606032084 -0.3420777527 -0.6647640904 -0.6639732635
-0.6035789762 -0.3210817982 -0.3846553395 -0.7169844576 0.0599029104 -0.2685359425 -0.1402216061 -0.7230306738 0.2681672875 0.2438361740 -0.1472631768 -0.3409686370 -0.6518686080 -0.6510437263
-0.5969306746 -0.3197475169 -0.3817985618 -0.7050431070 0.0528198349 -0.2692134918 -0.1423214828 -0.7112099861 0.2570662991 0.2322086820 -0.1342177103 -0.3395538768 -0.6387099736 -0.6378512192
-0.5899618862 -0.3181044512 -0.3786349285 -0.6928105707 0.0460472318 -0.2695701384 -0.1441196200 -0.6990956400 0.2462682084 0.2208794318 -0.1214806735 -0.3378254071 -0.6252871195 -0.6243947211
-0.5826667473 -0.3161445700 -0.3751571035 -0.6802843021 0.0395968492 -0.2695967982 -0.1456065785 -0.6866849409 0.2357864176 0.2098618357 -0.1090659313 -0.3357751631 -0.6115989782 -0.6106732110
-0.5750393942 -0.3138598420 -0.3713577511 -0.6674617546 0.0334804354 -0.2692843870 -0.1467729193 -0.6739751938 0.2256343289 0.1991693057 -0.0969873483 -0.3333950797 -0.5976444819 -0.5966856677
-0.5670739631 -0.3112422364 -0.3672295350 -0.6543403816 0.0277097387 -0.2686238210 -0.1476092034 -0.6609637041 0.2158253444 0.1888152541 -0.0852587894 -0.3306770919 -0.5834225632 -0.5824310703
-0.5587645904 -0.3082837218 -0.3627651195 -0.6409176364 0.0222965073 -0.2676060160 -0.1481059916 -0.6476477769 0.2063728662 0.1788130930 -0.0738941193 -0.3276131349 -0.5689321543 -0.5679083978
-0.5501054124 -0.3049762672 -0.3579571684 -0.6271909725 0.0172524894 -0.2662218880 -0.1482538449 -0.6340247174 0.1972902964 0.1691762344 -0.0629072026 -0.3241951437 -0.5541721877 -0.5531166289
-0.5410905654 -0.3013118415 -0.3527983459 -0.6131578432 0.0125894334 -0.2644623529 -0.1480433242 -0.6200918308 0.1885910373 0.1599180907 -0.0523119043 -0.3204150532 -0.5391415957 -0.5380547428
-0.5317141857 -0.2972824135 -0.3472813159 -0.5988157018 0.0083190875 -0.2623183268 -0.1474649905 -0.6058464224 0.1802884908 0.1510520739 -0.0421220890 -0.3162647986 -0.5238393108 -0.5227217183
-0.5219704095 -0.2928799522 -0.3413987425 -0.5841620018 0.0044532000 -0.2597807255 -0.1465094046 -0.5912857973 0.1723960592 0.1425915961 -0.0323516215 -0.3117363149 -0.5082642652 -0.5071165345
-0.5118533732 -0.2880964264 -0.3351432896 -0.5691941966 0.0010035191 -0.2568404651 -0.1451671276 -0.5764072607 0.1649271445 0.1345500696 -0.0230143666 -0.3068215371 -0.4924153915 -0.4912381701
-0.5013572131 -0.2829238050 -0.3285076214 -0.5539097395 -0.0020182070 -0.2534884614 -0.1434287203 -0.5612081179 0.1578951489 0.1269409065 -0.0141241889 -0.3015124003 -0.4762916219 -0.4750856043
-0.4904760654 -0.2773540569 -0.3214844017 -0.5383060838 -0.0046002298 -0.2497156304 -0.1412847436 -0.5456856740 0.1513134746 0.1197775189 -0.0056949533 -0.2958008395 -0.4598918888 -0.4586578160
-0.4792040665 -0.2713791510 -0.3140662947 -0.5223806831 -0.0067308013 -0.2455128882 -0.1387257586 -0.5298372343 0.1451955237 0.1130733189 0.0022594755 -0.2896787897 -0.4432151246 -0.4419537841
-0.4675353527 -0.2649910561 -0.3062459644 -0.5061309906 -0.0083981731 -0.2408711506 -0.1357423261 -0.5136601040 0.1395546982 0.1068417188 0.0097252327 -0.2831381861 -0.4262602618 -0.4249724875
-0.4554640603 -0.2581817411 -0.2980160747 -0.4895544597 -0.0095905970 -0.2357813336 -0.1323250070 -0.4971515883 0.1344044004 0.1010961307 0.0166884537 -0.2761709635 -0.4090262327 -0.4077129052
-0.4429843255 -0.2509431749 -0.2893692897 -0.4726485438 -0.0102963247 -0.2302343531 -0.1284643623 -0.4803089923 0.1297580323 0.0958499667 0.0231352736 -0.2687690572 -0.3915119696 -0.3901740162
