0.9121597118 0.8487479440 0.8252308921 0.9020858835 0.9594623358 0.9248865604 0.8554018716 0.9020504656 0.9738595080 0.9635946203 -0.9975275593 0.8747406272 0.9178762760 0.9170549559
0.9208736261 0.8597033183 0.8360966236 0.9114208308 0.9650805511 0.9328984202 0.8652514696 0.9113883024 0.9782708315 0.9687824083 -0.9986850738 0.8844689560 0.9262753036 0.9255048017
0.9291781420 0.8703032653 0.8466671446 0.9203365551 0.9703064644 0.9404984514 0.8747999075 0.9203067841 0.9822931172 0.9735918545 -0.9994862361 0.8938509915 0.9342643492 0.9335441219
0.9370652956 0.8805408269 0.8569368425 0.9288250453 0.9751334331 0.9476791843 0.8840418403 0.9287979020 0.9859203835 0.9780176259 -0.9999261701 0.9028804869 0.9418356536 0.9411651449
0.9445271231 0.8904090445 0.8669001052 0.9368782904 0.9795548147 0.9544331489 0.8929719233 0.9368536477 0.9891466484 0.9820543898 -1.0000000000 0.9115511954 0.9489814574 0.9483600989
0.9515556607 0.8999009599 0.8765513201 0.9444882792 0.9835639668 0.9607528755 0.9015848116 0.9444660127 0.9919659304 0.9856968132 -0.9997028497 0.9198568702 0.9556940015 0.9551212119
0.9581429446 0.9090096149 0.8858848750 0.9516470007 0.9871542470 0.9666308942 0.9098751601 0.9516269884 0.9943722475 0.9889395633 -0.9990298432 0.9277912644 0.9619655267 0.9614407123
0.9642810108 0.9177280510 0.8948951573 0.9583464437 0.9903190126 0.9720597350 0.9178376241 0.9583285663 0.9963596182 0.9917773072 -0.9979761044 0.9353481312 0.9677882738 0.9673108283
0.9699618957 0.9260493100 0.9035765549 0.9645785971 0.9930516214 0.9770319283 0.9254668585 0.9645627379 0.9979220605 0.9942047120 -0.9965367575 0.9425212237 0.9731544835 0.9727237880
0.9751776353 0.9339664335 0.9119234553 0.9703354499 0.9953454307 0.9815400041 0.9327575187 0.9703214947 0.9990535927 0.9962164449 -0.9947069263 0.9493042953 0.9780563966 0.9776718198
0.9799202659 0.9414724632 0.9199302461 0.9756089909 0.9971937982 0.9855764926 0.9397042595 0.9755968280 0.9997482331 0.9978071731 -0.9924817349 0.9556910989 0.9824862540 0.9821471517
0.9841818235 0.9485604408 0.9275913149 0.9803912091 0.9985900814 0.9891339239 0.9463017362 0.9803807295 1.0000000000 0.9989715635 -0.9898563073 0.9616753879 0.9864362964 0.9861420120
0.9879543444 0.9552234081 0.9349010495 0.9846740933 0.9995276377 0.9922048282 0.9525446038 0.9846651905 0.9998029115 0.9997042835 -0.9868257675 0.9672509153 0.9898987647 0.9896486290
0.9912298647 0.9614544065 0.9418538373 0.9884496324 0.9999998247 0.9947817356 0.9584275174 0.9884422025 0.9991509859 1.0000000000 -0.9833852394 0.9724114343 0.9928658995 0.9926592308
0.9940004206 0.9672464780 0.9484440661 0.9917098155 1.0000000000 0.9968571764 0.9639451322 0.9917037571 0.9980382415 0.9998533803 -0.9795298471 0.9771506982 0.9953299417 0.9951660457
0.9962580483 0.9725926641 0.9546661235 0.9944466313 0.9995215211 0.9984236806 0.9690921032 0.9944418457 0.9964586965 0.9992590914 -0.9752547145 0.9814624601 0.9972831320 0.9971613019
0.9979947839 0.9774860065 0.9605143971 0.9966520687 0.9985577454 0.9994737784 0.9738630856 0.9966484597 0.9944063690 0.9982118006 -0.9705549657 0.9853404731 0.9987177113 0.9986372275
0.9992026636 0.9819195469 0.9659832745 0.9983181167 0.9971020306 1.0000000000 0.9782527344 0.9983155907 0.9918752775 0.9967061748 -0.9654257247 0.9887784905 0.9996259204 0.9995860508
0.9998737236 0.9858863270 0.9710671434 0.9994367642 0.9951477341 0.9999948755 0.9822557048 0.9994352301 0.9888594400 0.9947368813 -0.9598621154 0.9917702653 1.0000000000 1.0000000000
1.0000000000 0.9893793884 0.9757603913 1.0000000000 0.9926882136 0.9994509350 0.9858666518 0.9999993694 0.9853528750 0.9922985873 -0.9538592618 0.9943095509 0.9998321909 0.9998713033
