-0.7687283521 -0.7434307769 -0.7976593753 -0.8286218569 -0.2541263129 -0.5594054063 -0.6684632986 -0.8281450646 0.2965545163 0.2905684599 -0.1031418613 -0.7347097830 -0.8306086654 -0.8302460703
-0.7772364785 -0.7514113929 -0.8044194658 -0.8366512460 -0.2678924727 -0.5709791514 -0.6764383317 -0.8361788527 0.2793904364 0.2745962537 -0.0859688498 -0.7428510933 -0.8388555552 -0.8384770220
-0.7856039241 -0.7593014847 -0.8110970013 -0.8444916146 -0.2816406203 -0.5824458374 -0.6843811696 -0.8440240642 0.2621226997 0.2585562145 -0.0687739923 -0.7509020344 -0.8468971842 -0.8465042451
-0.7938295711 -0.7670992120 -0.8176901808 -0.8521426918 -0.2953671049 -0.5938034157 -0.6922890640 -0.8516804204 0.2447570803 0.2424523902 -0.0515618155 -0.7588607421 -0.8547335132 -0.8543276779
-0.8019123021 -0.7748027343 -0.8241972039 -0.8596042069 -0.3090682761 -0.6050498376 -0.7001592667 -0.8591476426 0.2272993523 0.2262888285 -0.0343368460 -0.7667253521 -0.8623645031 -0.8619472587
-0.8098509993 -0.7824102114 -0.8306162696 -0.8668758889 -0.3227404831 -0.6161830546 -0.7079890296 -0.8664254521 0.2097552896 0.2100695771 -0.0171036105 -0.7744939999 -0.8697901147 -0.8693629258
-0.8176445452 -0.7899198029 -0.8369455775 -0.8739574669 -0.3363800755 -0.6272010180 -0.7157756044 -0.8735135701 0.1921306663 0.1937986837 0.0001333643 -0.7821648214 -0.8770103089 -0.8765746176
-0.8252918220 -0.7973296683 -0.8431833267 -0.8808486701 -0.3499834025 -0.6381016793 -0.7235162431 -0.8804117180 0.1744312564 0.1774801961 0.0173695519 -0.7897359521 -0.8840250466 -0.8835822723
-0.8327917122 -0.8046379673 -0.8493277165 -0.8875492277 -0.3635468136 -0.6488829898 -0.7312081975 -0.8871196169 0.1566628339 0.1611181620 0.0346004255 -0.7972055277 -0.8908342885 -0.8903858282
-0.8401430981 -0.8118428596 -0.8553769463 -0.8940588687 -0.3770666581 -0.6595429008 -0.7388487192 -0.8936369882 0.1388311729 0.1447166292 0.0518214586 -0.8045716840 -0.8974379957 -0.8969852237
-0.8473448621 -0.8189425047 -0.8613292154 -0.9003773222 -0.3905392855 -0.6700793639 -0.7464350603 -0.8999635532 0.1209420473 0.1282796452 0.0690281245 -0.8118325565 -0.9038361288 -0.9033803971
-0.8543958865 -0.8259350623 -0.8671827230 -0.9065043175 -0.4039610451 -0.6804903304 -0.7539644725 -0.9060990331 0.1030012312 0.1118112580 0.0862158964 -0.8189862810 -0.9100286489 -0.9095712866
-0.8612950538 -0.8328186920 -0.8729356685 -0.9124395836 -0.4173282863 -0.6907737517 -0.7614342076 -0.9120431491 0.0850144986 0.0953155151 0.1033802478 -0.8260309932 -0.9160155167 -0.9155578306
-0.8680412463 -0.8395915535 -0.8785862512 -0.9181828497 -0.4306373585 -0.7009275792 -0.7688415174 -0.9177956227 0.0669876236 0.0787964645 0.1205166521 -0.8329648286 -0.9217966930 -0.9213399674
-0.8746333463 -0.8462518063 -0.8841326703 -0.9237338449 -0.4438846111 -0.7109497642 -0.7761836539 -0.9233561750 0.0489263801 0.0622581536 0.1376205825 -0.8397859230 -0.9273721389 -0.9269176353
-0.8810702362 -0.8527976101 -0.8895731251 -0.9290922984 -0.4570663934 -0.7208382582 -0.7834578687 -0.9287245274 0.0308365421 0.0457046304 0.1546875124 -0.8464924121 -0.9327418150 -0.9322907726
-0.8873507984 -0.8592271245 -0.8949058151 -0.9342579392 -0.4701790550 -0.7305910125 -0.7906614138 -0.9339004011 0.0127238838 0.0291399425 0.1717129152 -0.8530824315 -0.9379056823 -0.9374593176
-0.8934739153 -0.8655385091 -0.9001289394 -0.9392304965 -0.4832189451 -0.7402059786 -0.7977915409 -0.9388835173 -0.0054058209 0.0125681377 0.1886922643 -0.8595541169 -0.9428637016 -0.9424232086
-0.8994384692 -0.8717299237 -0.9052406973 -0.9440096994 -0.4961824132 -0.7496811079 -0.8048455019 -0.9436735974 -0.0235467980 -0.0040067364 0.2056210329 -0.8659056040 -0.9476158338 -0.9471823840
-0.9052433424 -0.8777995277 -0.9102392883 -0.9485952771 -0.5090658085 -0.7590143516 -0.8118205485 -0.9482703627 -0.0416932734 -0.0205806319 0.2224946944 -0.8721350285 -0.9521620397 -0.9517367820
