-0.1364101691 -0.2778509943 -0.2658823285 -0.0925949267 -0.3856437374 -0.2719490719 -0.4581792339 -0.0931078540 -0.4823451321 -0.5404425807 0.3992869897 -0.2664040164 -0.0471188309 -0.0397355208
-0.1564838772 -0.2988867437 -0.2865525552 -0.1117194272 -0.4063197146 -0.2926730934 -0.4765625921 -0.1122535579 -0.5029004314 -0.5580248223 0.4195103088 -0.2873229896 -0.0658069748 -0.0583669188
-0.1763618925 -0.3196425885 -0.3069737943 -0.1306609252 -0.4266347924 -0.3131181254 -0.4946442737 -0.1312163185 -0.5230187942 -0.5752638324 0.4393593529 -0.3079689500 -0.0843335545 -0.0768404642
-0.1960427063 -0.3401170869 -0.3271439470 -0.1494187323 -0.4465893386 -0.3332832571 -0.5124234394 -0.1499954248 -0.5427014895 -0.5921596293 0.4588355661 -0.3283405544 -0.1026978390 -0.0951553972
-0.2155248100 -0.3603087972 -0.3470609147 -0.1679921601 -0.4661837212 -0.3531675777 -0.5298992500 -0.1685901657 -0.5619497864 -0.6087122314 0.4779403929 -0.3484364595 -0.1208990973 -0.1133109582
-0.2348066949 -0.3802162779 -0.3667225986 -0.1863805202 -0.4854183080 -0.3727701765 -0.5470708664 -0.1869998302 -0.5807649540 -0.6249216570 0.4966752773 -0.3682553223 -0.1389365984 -0.1313063873
-0.2538868524 -0.3998380871 -0.3861268998 -0.2045831242 -0.5042934671 -0.3920901426 -0.5639374493 -0.2052237073 -0.5991482614 -0.6407879245 0.5150416636 -0.3877957997 -0.1568096112 -0.1491409247
-0.2727637737 -0.4191727832 -0.4052717198 -0.2225992836 -0.5228095662 -0.4111265654 -0.5804981595 -0.2232610858 -0.6171009777 -0.6563110523 0.5330409962 -0.4070565484 -0.1745174048 -0.1668138108
-0.2914359502 -0.4382189245 -0.4241549596 -0.2404283101 -0.5409669733 -0.4298785340 -0.5967521580 -0.2411112548 -0.6346243719 -0.6714910587 0.5506747192 -0.4260362253 -0.1920592482 -0.1843242857
-0.3099018733 -0.4569750693 -0.4427745206 -0.2580695152 -0.5587660563 -0.4483451376 -0.6126986054 -0.2587735032 -0.6517197132 -0.6863279621 0.5679442768 -0.4447334872 -0.2094344102 -0.2016715897
-0.3281600342 -0.4754397759 -0.4611283040 -0.2755222105 -0.5762071830 -0.4665254655 -0.6283366626 -0.2762471200 -0.6683882706 -0.7008217809 0.5848511134 -0.4631469910 -0.2266421599 -0.2188549630
-0.3462089244 -0.4936116027 -0.4792142110 -0.2927857076 -0.5932907215 -0.4844186069 -0.6436654904 -0.2935313941 -0.6846313132 -0.7149725335 0.6013966732 -0.4812753936 -0.2436817663 -0.2358736459
-0.3640470351 -0.5114891079 -0.4970301429 -0.3098593181 -0.6100170395 -0.5020236510 -0.6586842497 -0.3106256145 -0.7004501102 -0.7287802381 0.6175824003 -0.4991173518 -0.2605524983 -0.2527268786
-0.3816728577 -0.5290708498 -0.5145740010 -0.3267423535 -0.6263865050 -0.5193396871 -0.6733921012 -0.3275290701 -0.7158459305 -0.7422449132 0.6334097391 -0.5166715224 -0.2772536249 -0.2694139012
-0.3990848836 -0.5463553868 -0.5318436864 -0.3434341255 -0.6423994860 -0.5363658044 -0.6877882057 -0.3442410499 -0.7308200433 -0.7553665772 0.6488801338 -0.5339365623 -0.2937844152 -0.2859339542
-0.4162816040 -0.5633412772 -0.5488371005 -0.3599339456 -0.6580563502 -0.5531010921 -0.7018717241 -0.3607608429 -0.7453737177 -0.7681452483 0.6639950287 -0.5509111283 -0.3101441380 -0.3022862777
-0.4332615103 -0.5800270792 -0.5655521445 -0.3762411255 -0.6733574656 -0.5695446394 -0.7156418172 -0.3770877379 -0.7595082227 -0.7805809451 0.6787558679 -0.5675938773 -0.3263320624 -0.3184701119
-0.4500230939 -0.5964113513 -0.5819867196 -0.3923549766 -0.6883032001 -0.5856955355 -0.7290976457 -0.3932210241 -0.7732248274 -0.7926736857 0.6931640957 -0.5839834662 -0.3423474574 -0.3344846970
-0.4665648461 -0.6124926516 -0.5981387270 -0.4082748106 -0.7028939217 -0.6015528697 -0.7422383705 -0.4091599903 -0.7865248010 -0.8044234887 0.7072211565 -0.6000785517 -0.3581895918 -0.3503292734
-0.4828852581 -0.6282695386 -0.6140060681 -0.4239999391 -0.7171299981 -0.6171157313 -0.7550631524 -0.4249039254 -0.7994094124 -0.8158303724 0.7209284943 -0.6158777907 -0.3738577348 -0.3660030812
