-0.0513313301 -0.3197616514 -0.3326185026 0.1081461175 -0.5701423181 -0.2852263367 -0.5096379977 0.1105269606 -0.8739583553 -0.7259643344 0.7733717823 -0.2733696337 0.1622587422 0.1628210027
-0.0364883926 -0.3071879148 -0.3205737537 0.1233899544 -0.5589142339 -0.2719125476 -0.4987643291 0.1257955559 -0.8676452548 -0.7165552606 0.7661489861 -0.2603755046 0.1778312604 0.1783888182
-0.0216382969 -0.2945567716 -0.3084700501 0.1386079390 -0.5475843424 -0.2585467187 -0.4877967491 0.1410376957 -0.8611839566 -0.7069975592 0.7588449910 -0.2473326855 0.1933642440 0.1939169905
-0.0067839569 -0.2818699456 -0.2963088028 0.1537968653 -0.5361543760 -0.2451310044 -0.4767361158 0.1562501562 -0.8545748927 -0.6972917408 0.7514613612 -0.2342431202 0.2088542020 0.2094020309
0.0080717131 -0.2691291603 -0.2840914227 0.1689535275 -0.5246260670 -0.2316675591 -0.4655832877 0.1714297133 -0.8478184951 -0.6874383159 0.7439996608 -0.2211087521 0.2242976438 0.2248404512
0.0229257990 -0.2563361393 -0.2718193209 0.1840747196 -0.5130011480 -0.2181585373 -0.4543391231 0.1865731432 -0.8409151959 -0.6774377953 0.7364614540 -0.2079315250 0.2396910785 0.2402287626
0.0377753868 -0.2434926063 -0.2594939083 0.1991572357 -0.5012813513 -0.2046060934 -0.4430044803 0.2016772220 -0.8338654272 -0.6672906895 0.7288483050 -0.1947133825 0.2550310154 0.2555634768
0.0526175622 -0.2306002849 -0.2471165959 0.2141978699 -0.4894684093 -0.1910123819 -0.4315802176 0.2167387257 -0.8266696211 -0.6569975092 0.7211617779 -0.1814562682 0.2703139637 0.2708411053
0.0674494112 -0.2176608987 -0.2346887948 0.2291934164 -0.4775640544 -0.1773795572 -0.4200671933 0.2317544303 -0.8193282096 -0.6465587650 0.7134034369 -0.1681621258 0.2855364326 0.2860581595
0.0822680196 -0.2046761714 -0.2222119158 0.2441406691 -0.4655700191 -0.1637097738 -0.4084662658 0.2467211121 -0.8118416249 -0.6359749676 0.7055748462 -0.1548328990 0.3006949313 0.3012111510
0.0970704733 -0.1916478265 -0.2096873701 0.2590364222 -0.4534880356 -0.1500051862 -0.3967782934 0.2616355470 -0.8042102989 -0.6252466275 0.6976775699 -0.1414705313 0.3157859692 0.3162965912
0.1118538582 -0.1785775878 -0.1971165685 0.2738774698 -0.4413198365 -0.1362679488 -0.3850041345 0.2764945111 -0.7964346637 -0.6143742554 0.6897131722 -0.1280769664 0.3308060553 0.3313109917
0.1266152601 -0.1654671787 -0.1845009221 0.2886606060 -0.4290671541 -0.1225002160 -0.3731446473 0.2912947806 -0.7885151515 -0.6033583619 0.6816832172 -0.1146541480 0.3457516990 0.3462508640
0.1413517649 -0.1523183230 -0.1718418418 0.3033826248 -0.4167317209 -0.1087041424 -0.3612006902 0.3060331314 -0.7804521943 -0.5921994577 0.6735892691 -0.1012040197 0.3606194094 0.3611127195
0.1560604585 -0.1391327443 -0.1591407387 0.3180403203 -0.4043152691 -0.0948818823 -0.3491731215 0.3207063397 -0.7722462241 -0.5808980534 0.6654328921 -0.0877285252 0.3754056958 0.3758930698
0.1707384268 -0.1259121662 -0.1463990237 0.3326304867 -0.3918195314 -0.0810355902 -0.3370627995 0.3353111816 -0.7638976731 -0.5694546596 0.6572156503 -0.0742296080 0.3901070674 0.3905884264
0.1853827557 -0.1126583122 -0.1336181078 0.3471499180 -0.3792462399 -0.0671674206 -0.3248705826 0.3498444330 -0.7554069733 -0.5578697869 0.6489391080 -0.0607092119 0.4047200334 0.4051953008
0.1999905309 -0.0993729062 -0.1207994021 0.3615954084 -0.3665971272 -0.0532795280 -0.3125973291 0.3643028702 -0.7467745568 -0.5461439459 0.6406048292 -0.0471692805 0.4192411031 0.4197102044
0.2145588385 -0.0860576716 -0.1079443174 0.3759637518 -0.3538739257 -0.0393740667 -0.3002438973 0.3786832691 -0.7380008556 -0.5342776474 0.6322143781 -0.0336117574 0.4336667857 0.4341296488
0.2290847642 -0.0727143321 -0.0950542648 0.3902517425 -0.3410783677 -0.0254531912 -0.2878111456 0.3929824059 -0.7290863019 -0.5222714019 0.6237693189 -0.0200385863 0.4479935903 0.4484501455
