0.7607921734 -0.1692097570 -0.4831953908 0.6813961850 0.4690720142 -0.1884259411 -0.5987775329 0.6811989068 0.3321801859 -0.9531841580 -0.5319877960 -0.1376543893 0.6940719727 0.6892343863
0.7164957362 -0.2118883549 -0.5088948626 0.6216030044 0.4525385363 -0.2297846607 -0.6247900648 0.6213708187 0.3216178705 -0.9588775598 -0.5168664193 -0.1816749189 0.6365223524 0.6308293608
0.6733547164 -0.2532840868 -0.5338596553 0.5630941770 0.4366386763 -0.2699113670 -0.6498353820 0.5628285702 0.3115775561 -0.9641856934 -0.5023324175 -0.2243789821 0.5801619511 0.5736500669
0.6313578458 -0.2934093951 -0.5580958579 0.5058590566 0.4213650178 -0.3088178433 -0.6739232748 0.5055615023 0.3020526872 -0.9691120476 -0.4883787954 -0.2657793804 0.5249810075 0.5176863759
0.5904938565 -0.3322767219 -0.5816095593 0.4498869973 0.4067101441 -0.3465158728 -0.6970635335 0.4495589563 0.2930367086 -0.9736601107 -0.4749985578 -0.3058889152 0.4709697605 0.4629281588
0.5507514803 -0.3698985095 -0.6044068481 0.3951673529 0.3926666387 -0.3830172387 -0.7192659484 0.3948102732 0.2845230651 -0.9778333713 -0.4621847096 -0.3447203881 0.4181184490 0.4093652867
0.5121194493 -0.4062872001 -0.6264938134 0.3416894772 0.3792270851 -0.4183337241 -0.7405403098 0.3413047942 0.2765052014 -0.9816353181 -0.4499302555 -0.3822866004 0.3664173117 0.3569876308
0.4745864955 -0.4414552358 -0.6478765439 0.2894427242 0.3663840667 -0.4524771123 -0.7608964081 0.2890318604 0.2689765622 -0.9850694394 -0.4382282004 -0.4186003537 0.3158565874 0.3057850621
0.4381413507 -0.4754150590 -0.6685611285 0.2384164477 0.3541301670 -0.4854591866 -0.7803440336 0.2379808130 0.2619305921 -0.9881392240 -0.4270715490 -0.4536744495 0.2664265150 0.2557474518
0.4027727469 -0.5081791118 -0.6885536561 0.1886000017 0.3424579694 -0.5172917301 -0.7988929765 0.1881409931 0.2553607360 -0.9908481603 -0.4164533062 -0.4875216892 0.2181173333 0.2068646710
0.3684694161 -0.5397598365 -0.7078602154 0.1399827400 0.3313600574 -0.5479865259 -0.8165530272 0.1395017419 0.2492604386 -0.9931997368 -0.4063664768 -0.5201548743 0.1709192811 0.1591265909
0.3352200903 -0.5701696752 -0.7264868954 0.0925540166 0.3208290144 -0.5775553575 -0.8333339759 0.0920524004 0.2436231446 -0.9951974421 -0.3968040655 -0.5515868063 0.1248225973 0.1125230824
0.3030135015 -0.5994210702 -0.7444397848 0.0463031853 0.3108574239 -0.6060100078 -0.8492456131 0.0457823099 0.2384422986 -0.9968447648 -0.3877590772 -0.5818302867 0.0798175205 0.0670440168
0.2718383815 -0.6275264637 -0.7617249725 0.0012196000 0.3014378693 -0.6333622602 -0.8642977290 0.0006808115 0.2337113455 -0.9981451934 -0.3792245167 -0.6108981168 0.0358942897 0.0226792652
0.2416834623 -0.6544982980 -0.7783485475 -0.0427073854 0.2925629342 -0.6596238979 -0.8785001139 -0.0432627537 0.2294237300 -0.9991022164 -0.3711933887 -0.6388030983 -0.0069568563 -0.0205813013
0.2125374760 -0.6803490152 -0.7943165984 -0.0854884171 0.2842252019 -0.6848067041 -0.8918625581 -0.0860590446 0.2255728967 -0.9997193225 -0.3636586981 -0.6655580326 -0.0487456787 -0.0627478117
0.1843891544 -0.7050910575 -0.8096352142 -0.1271341410 0.2764172559 -0.7089224619 -0.9043948520 -0.1277187200 0.2221522905 -1.0000000000 -0.3566134498 -0.6911757211 -0.0894819387 -0.1038303947
0.1572272295 -0.7287368673 -0.8243104837 -0.1676552033 0.2691316796 -0.7319829546 -0.9161067859 -0.1682524387 0.2191553559 -0.9999477376 -0.3500506484 -0.7156689653 -0.1291753975 -0.1438391793
0.1310404334 -0.7512988866 -0.8383484957 -0.2070622502 0.2623610566 -0.7539999655 -0.9270081500 -0.2076708596 0.2165755378 -0.9995660239 -0.3439632988 -0.7390505668 -0.1678358163 -0.1827842944
0.1058174979 -0.7727895578 -0.8517553391 -0.2453659277 0.2560979702 -0.7749852776 -0.9371087347 -0.2459846416 0.2144062809 -0.9988583473 -0.3383444059 -0.7613333269 -0.2054729561 -0.2206758687
