0.3717623371 0.8034283541 0.9697793850 0.2629049039 0.8361103596 0.9959600134 0.9734646874 0.2712759992 0.7833917223 0.8681432707 -0.6868773198 0.8781791476 0.2431075300 0.2414312387
0.3667584557 0.7979459019 0.9669752556 0.2580363494 0.8258990820 0.9939558741 0.9685534092 0.2663596023 0.7722961006 0.8746995801 -0.6761132094 0.8728176179 0.2380515361 0.2363511444
0.3614469961 0.7920330453 0.9637494104 0.2528908912 0.8153436964 0.9915428584 0.9632066734 0.2611647093 0.7608882376 0.8811100965 -0.6650626361 0.8670002418 0.2327285585 0.2310050748
0.3558247722 0.7856854091 0.9600974017 0.2474656385 0.8044412063 0.9887166111 0.9574201788 0.2556884182 0.7491656760 0.8873730658 -0.6537232159 0.8607223754 0.2271358255 0.2253902709
0.3498885978 0.7788986186 0.9560147817 0.2417577004 0.7931886152 0.9854727769 0.9511896241 0.2499278270 0.7371259583 0.8934867340 -0.6420925650 0.8539793752 0.2212705655 0.2195039737
0.3436352869 0.7716682986 0.9514971028 0.2357641863 0.7815829266 0.9818070005 0.9445107079 0.2438800338 0.7247666272 0.8994493472 -0.6301682993 0.8467665972 0.2151300068 0.2133434241
0.3370616532 0.7639900742 0.9465399173 0.2294822051 0.7696211440 0.9777149265 0.9373791290 0.2375421366 0.7120852251 0.9052591514 -0.6179480349 0.8390793977 0.2087113778 0.2069058631
0.3301645108 0.7558595704 0.9411387774 0.2229088662 0.7573002708 0.9731921998 0.9297905861 0.2309112335 0.6990792948 0.9109143925 -0.6054293878 0.8309131331 0.2020119067 0.2001885316
0.3229406735 0.7472724122 0.9352892354 0.2160412787 0.7446173106 0.9682344651 0.9217407780 0.2239844223 0.6857463787 0.9164133166 -0.5926099740 0.8222631595 0.1950288219 0.1931886706
0.3153869552 0.7382242247 0.9289868436 0.2088765517 0.7315692668 0.9628373670 0.9132254033 0.2167588013 0.6720840195 0.9217541697 -0.5794874097 0.8131248331 0.1877593517 0.1859035211
0.3075001698 0.7287106328 0.9222271544 0.2014117945 0.7181531429 0.9569965502 0.9042401608 0.2092314683 0.6580897597 0.9269351977 -0.5660593108 0.8034935103 0.1802007244 0.1783303240
0.2992771311 0.7187272616 0.9150057199 0.1936441162 0.7043659424 0.9507076595 0.8947807491 0.2013995214 0.6437611419 0.9319546467 -0.5523232934 0.7933645472 0.1723501685 0.1704663203
0.2907146531 0.7082697362 0.9073180925 0.1855706260 0.6902046688 0.9439663396 0.8848428671 0.1932600587 0.6290957088 0.9368107627 -0.5382769735 0.7827333002 0.1642049122 0.1623087509
0.2818095496 0.6973336814 0.8991598245 0.1771884331 0.6756663255 0.9367682351 0.8744222134 0.1848101781 0.6140910029 0.9415017917 -0.5239179672 0.7715951253 0.1557621837 0.1538548568
0.2725586346 0.6859147224 0.8905264682 0.1684946466 0.6607479160 0.9291089909 0.8635144867 0.1760469777 0.5987445667 0.9460259798 -0.5092438905 0.7599453790 0.1470192116 0.1451018789
0.2629587219 0.6740084841 0.8814135758 0.1594863758 0.6454464439 0.9209842516 0.8521153859 0.1669675556 0.5830539430 0.9503815728 -0.4942523594 0.7477794174 0.1379732241 0.1360470582
0.2530066253 0.6616105916 0.8718166996 0.1501607298 0.6297589126 0.9123896619 0.8402206095 0.1575690097 0.5670166742 0.9545668168 -0.4789409900 0.7350925968 0.1286214494 0.1266876357
0.2426991589 0.6487166699 0.8617313919 0.1405148178 0.6136823255 0.9033208666 0.8278258563 0.1478484380 0.5506303029 0.9585799578 -0.4633073983 0.7218802735 0.1189611161 0.1170208523
0.2320331365 0.6353223440 0.8511532051 0.1305457490 0.5972136862 0.8937735103 0.8149268250 0.1378029386 0.5338923718 0.9624192419 -0.4473492003 0.7081378035 0.1089894523 0.1070439490
0.2210053719 0.6214232389 0.8400776913 0.1202506325 0.5803499982 0.8837432377 0.8015192143 0.1274296096 0.5168004233 0.9660829150 -0.4310640121 0.6938605434 0.0987036864 0.0967541667
