-0.6320164414 -0.6183262411 -0.5909818309 -0.5946799024 -0.6430459075 -0.6158923975 -0.6094230007 -0.5955846952 -0.6289518597 -0.5819802571 0.5581459284 -0.6205808862 -0.5882600200 -0.5901598435
-0.6497097213 -0.6362582293 -0.6092500078 -0.6126264129 -0.6604491934 -0.6337035463 -0.6274873087 -0.6135251676 -0.6458816454 -0.6000207489 0.5759452130 -0.6384701558 -0.6062188678 -0.6081149455
-0.6669009289 -0.6536988259 -0.6270486591 -0.6301015276 -0.6773424609 -0.6510261201 -0.6450672781 -0.6309935228 -0.6623002263 -0.6175997832 0.5933007303 -0.6558663040 -0.6237114433 -0.6256022626
-0.6835949152 -0.6706523387 -0.6443813559 -0.6471096051 -0.6937312579 -0.6678647524 -0.6621669211 -0.6479941326 -0.6782135152 -0.6347215048 0.6102171129 -0.6727737375 -0.6407420824 -0.6426261377
-0.6997965313 -0.6871230756 -0.6612516698 -0.6636550039 -0.7096211323 -0.6842240767 -0.6787902505 -0.6645313684 -0.6936274252 -0.6513900583 0.6266989934 -0.6891968629 -0.6573151207 -0.6591909137
-0.7155106285 -0.7031153444 -0.6776631721 -0.6797420827 -0.7250176319 -0.7001087267 -0.6949412785 -0.6806096018 -0.7085478692 -0.6676095883 0.6427510042 -0.7051400869 -0.6734348942 -0.6753009337
-0.7307420578 -0.7186334529 -0.6936194342 -0.6953751999 -0.7399263047 -0.7155233359 -0.7106240177 -0.6962332044 -0.7229807602 -0.6833842395 0.6583777778 -0.7206078162 -0.6891057384 -0.6909605404
-0.7454956704 -0.7336817089 -0.7091240275 -0.7105587143 -0.7543526985 -0.7304725378 -0.7258424806 -0.7114065477 -0.7369320111 -0.6987181567 0.6735839468 -0.7356044575 -0.7043319893 -0.7061740769
-0.7597763174 -0.7482644202 -0.7241805234 -0.7252969844 -0.7683023612 -0.7449609661 -0.7406006797 -0.7261340034 -0.7504075349 -0.7136154845 0.6883741437 -0.7501344174 -0.7191179825 -0.7209458861
-0.7735888500 -0.7623858946 -0.7387924932 -0.7395943688 -0.7817808406 -0.7589932543 -0.7549026274 -0.7404199430 -0.7634132445 -0.7280803676 0.7027530010 -0.7642021027 -0.7334680539 -0.7352803109
-0.7869381193 -0.7760504399 -0.7529635084 -0.7534552260 -0.7947936848 -0.7725740359 -0.7687523362 -0.7542687382 -0.7759550530 -0.7421169507 0.7167251511 -0.7778119200 -0.7473865392 -0.7491816944
-0.7998289764 -0.7892623640 -0.7666971404 -0.7668839147 -0.8073464414 -0.7857079446 -0.7821538185 -0.7676847603 -0.7880388732 -0.7557293784 0.7302952267 -0.7909682759 -0.7608777742 -0.7626543793
-0.8122662725 -0.8020259747 -0.7799969604 -0.7798847934 -0.8194446585 -0.7983996139 -0.7951110869 -0.7806723811 -0.7996706181 -0.7689217954 0.7434678602 -0.8036755773 -0.7739460946 -0.7757027086
-0.8242548586 -0.8143455797 -0.7928665400 -0.7924622208 -0.8310938839 -0.8106536773 -0.8076281539 -0.7932359721 -0.8108562008 -0.7816983464 0.7562476841 -0.8159382306 -0.7865958363 -0.7883310254
-0.8357995861 -0.8262254869 -0.8053094505 -0.8046205553 -0.8422996655 -0.8224747684 -0.8197090318 -0.8053799049 -0.8216015340 -0.7940631760 0.7686393310 -0.8277606427 -0.7988313349 -0.8005436725
-0.8469053059 -0.8376700040 -0.8173292633 -0.8163641556 -0.8530675511 -0.8338675208 -0.8313577332 -0.8171085510 -0.8319125309 -0.8060204291 0.7806474333 -0.8391472202 -0.8106569263 -0.8123449929
-0.8575768693 -0.8486834390 -0.8289295498 -0.8276973803 -0.8634030887 -0.8448365680 -0.8425782706 -0.8284262821 -0.8417951043 -0.8175742501 0.7922766236 -0.8501023698 -0.8220769463 -0.8237393295
-0.8678191273 -0.8592700995 -0.8401138813 -0.8386245879 -0.8733118261 -0.8553865437 -0.8533746565 -0.8393374697 -0.8512551673 -0.8287287839 0.8035315343 -0.8606304981 -0.8330957305 -0.8347310252
-0.8776369311 -0.8694342935 -0.8508858293 -0.8491501371 -0.8827993112 -0.8655220813 -0.8637509032 -0.8498464853 -0.8602986327 -0.8394881751 0.8144167981 -0.8707360119 -0.8437176148 -0.8453244230
-0.8870351318 -0.8791803287 -0.8612489651 -0.8592783864 -0.8918710919 -0.8752478144 -0.8737110234 -0.8599577006 -0.8689314136 -0.8498565683 0.8249370474 -0.8804233178 -0.8539469350 -0.8555238658
