-0.4775234513 -0.6368719159 -0.6639462373 -0.3095332782 0.1414087166 -0.7605349378 -0.7127324145 -0.3121907222 0.8281756757 -0.9688665751 -0.8136226255 -0.6414909991 -0.2740354189 -0.2994153035
-0.4283380639 -0.5804910784 -0.6118285362 -0.2640413667 0.1741291691 -0.7233624605 -0.6683067682 -0.2665569573 0.8007174498 -0.9641864766 -0.8252940051 -0.5857727322 -0.2298176659 -0.2546522627
-0.3801242672 -0.5252698067 -0.5608000545 -0.2194835787 0.2061230029 -0.6869561045 -0.6248468611 -0.2218613333 0.7735907796 -0.9596468447 -0.8365565461 -0.5311842447 -0.1865060984 -0.2108003142
-0.3328751698 -0.4711993116 -0.5108523288 -0.1758531684 0.2373954540 -0.6513097692 -0.5823449576 -0.1780970646 0.7467936598 -0.9552458396 -0.8474133807 -0.4777170718 -0.1440942172 -0.1678529454
-0.2865838802 -0.4182708043 -0.4619768956 -0.1331433899 0.2679517586 -0.6164173535 -0.5407933221 -0.1352573659 0.7203240849 -0.9509816214 -0.8578676408 -0.4253627486 -0.1025755228 -0.1258036438
-0.2412435073 -0.3664754958 -0.4141652917 -0.0913474973 0.2977971528 -0.5822727568 -0.5001842193 -0.0933354520 0.6941800497 -0.9468523502 -0.8679224586 -0.3741128103 -0.0619435158 -0.0846458965
-0.1968471594 -0.3158045972 -0.3674090537 -0.0504587448 0.3269368727 -0.5488698780 -0.4605099137 -0.0523245375 0.6683595487 -0.9428561861 -0.8775809662 -0.3239587920 -0.0221916969 -0.0443731910
-0.1533879453 -0.2662493195 -0.3216997180 -0.0104703863 0.3553761544 -0.5162026165 -0.4217626697 -0.0122178371 0.6428605767 -0.9389912892 -0.8868462956 -0.2748922288 0.0166864335 -0.0049790146
-0.1108589735 -0.2178008737 -0.2770288214 0.0286243239 0.3831202341 -0.4842648712 -0.3839347519 0.0269914346 0.6176811283 -0.9352558196 -0.8957215790 -0.2269046559 0.0546973745 0.0335431453
-0.0692533527 -0.1704504710 -0.2333879005 0.0668321318 0.4101743480 -0.4530505414 -0.3470184247 0.0653100629 0.5928191982 -0.9316479375 -0.9042099482 -0.1799876084 0.0918476258 0.0711998014
-0.0285641915 -0.1241893223 -0.1907684919 0.1041597832 0.4365437320 -0.4225535262 -0.3110059528 0.1027448331 0.5682727809 -0.9281658029 -0.9123145356 -0.1341326215 0.1281436866 0.1079974663
0.0112154015 -0.0790086388 -0.1491621322 0.1406140241 0.4622336224 -0.3927677248 -0.2758896005 0.1393025307 0.5440398712 -0.9248075760 -0.9200384731 -0.0893312304 0.1635920563 0.1439426527
0.0500923177 -0.0348996315 -0.1085603579 0.1762016004 0.4872492553 -0.3636870362 -0.2416616325 0.1749899408 0.5201184637 -0.9215714169 -0.9273848927 -0.0455749701 0.1981992344 0.1790418732
0.0880734485 0.0081464886 -0.0689547059 0.2109292579 0.5115958669 -0.3353053597 -0.2083143132 0.2098138488 0.4965065531 -0.9184554857 -0.9343569267 -0.0028553759 0.2319717202 0.2133016404
0.1251656852 0.0501385104 -0.0303367125 0.2448037426 0.5352786931 -0.3076165944 -0.1758399072 0.2437810402 0.4732021339 -0.9154579425 -0.9409577070 0.0388360172 0.2649160131 0.2467284670
0.1613759193 0.0910852229 0.0073020855 0.2778318003 0.5583029702 -0.2806146394 -0.1442306789 0.2768983001 0.4502032009 -0.9125769474 -0.9471903657 0.0795076740 0.2970386126 0.2793288657
0.1967110422 0.1309954149 0.0439701515 0.3100201769 0.5806739343 -0.2542933939 -0.1134788929 0.3091724140 0.4275077486 -0.9098106605 -0.9530580350 0.1191680593 0.3283460180 0.3111093490
0.2311779452 0.1698778756 0.0796759489 0.3413756183 0.6023968215 -0.2286467570 -0.0835768136 0.3406101671 0.4051137719 -0.9071572419 -0.9585638468 0.1578256380 0.3588447287 0.3420764297
0.2647835197 0.2077413937 0.1144279412 0.3719048705 0.6234768680 -0.2036686279 -0.0545167057 0.3712183449 0.3830192652 -0.9046148518 -0.9637109333 0.1954888750 0.3885412441 0.3722366204
0.2975346571 0.2445947582 0.1482345916 0.4016146793 0.6439193098 -0.1793529057 -0.0262908336 0.4010037326 0.3612222233 -0.9021816503 -0.9685024265 0.2321662350 0.4174420636 0.4015964337
