-0.4387365824 -0.6312547446 -0.6303860873 -0.3014952678 -0.8284872315 -0.6171551902 -0.7645921698 -0.2999450672 -0.9868145115 -0.9219622343 0.9319786446 -0.5987042332 -0.2603880866 -0.2597481998
-0.4251884591 -0.6208825146 -0.6204664694 -0.2867652517 -0.8206627927 -0.6060608616 -0.7565785597 -0.2851808169 -0.9846660745 -0.9167591249 0.9275394724 -0.5877594309 -0.2450676435 -0.2444286681
-0.4115544961 -0.6104063402 -0.6104498001 -0.2719745284 -0.8126897718 -0.5948563228 -0.7484478632 -0.2703559762 -0.9823577739 -0.9113936009 0.9229768688 -0.5767134601 -0.2296924843 -0.2290545904
-0.3978376074 -0.5998279451 -0.6003374904 -0.2571263037 -0.8045699011 -0.5835437283 -0.7402009387 -0.2554737689 -0.9798900415 -0.9058661728 0.9182923981 -0.5655682647 -0.2142660997 -0.2136294549
-0.3840407073 -0.5891490528 -0.5901309513 -0.2422237837 -0.7963049131 -0.5721252327 -0.7318386446 -0.2405374191 -0.9772633096 -0.9001773514 0.9134876244 -0.5543257882 -0.1987919804 -0.1981567503
-0.3701667099 -0.5783713869 -0.5798315938 -0.2272701741 -0.7878965400 -0.5606029902 -0.7233618391 -0.2255501506 -0.9744780102 -0.8943276473 0.9085641119 -0.5429879743 -0.1832736173 -0.1826399650
-0.3562185292 -0.5674966712 -0.5694408287 -0.2122686810 -0.7793465144 -0.5489791554 -0.7147713805 -0.2105151874 -0.9715345753 -0.8883175710 0.9035234247 -0.5315567665 -0.1677145011 -0.1670825876
-0.3421990795 -0.5565266291 -0.5589600673 -0.1972225102 -0.7706565686 -0.5372558828 -0.7060681273 -0.1954357533 -0.9684334371 -0.8821476332 0.8983671271 -0.5200341087 -0.1521181225 -0.1514881064
-0.3281112748 -0.5454629844 -0.5483907203 -0.1821348676 -0.7618284351 -0.5254353267 -0.6972529377 -0.1803150724 -0.9651750276 -0.8758183446 0.8930967831 -0.5084219443 -0.1364879724 -0.1358600101
-0.3139580292 -0.5343074607 -0.5377341989 -0.1670089592 -0.7528638462 -0.5135196417 -0.6883266700 -0.1651563684 -0.9617597788 -0.8693302158 0.8877139569 -0.4967222171 -0.1208275416 -0.1202017871
-0.2997422570 -0.5230617815 -0.5269919139 -0.1518479908 -0.7437645343 -0.5015109822 -0.6792901826 -0.1499628654 -0.9581881229 -0.8626837574 0.8822202127 -0.4849368707 -0.1051403207 -0.1045169260
-0.2854668721 -0.5117276706 -0.5161652765 -0.1366551684 -0.7345322319 -0.4894115026 -0.6701443338 -0.1347377873 -0.9544604919 -0.8558794800 0.8766171147 -0.4730678487 -0.0894298007 -0.0888089151
-0.2711347888 -0.5003068515 -0.5052556975 -0.1214336978 -0.7251686713 -0.4772233574 -0.6608899819 -0.1194843579 -0.9505773179 -0.8489178942 0.8709062270 -0.4611170948 -0.0736994721 -0.0730812430
-0.2567489212 -0.4888010479 -0.4942645880 -0.1061867850 -0.7156755849 -0.4649487011 -0.6515279853 -0.1042058013 -0.9465390330 -0.8417995108 0.8650891139 -0.4490865527 -0.0579528259 -0.0573373983
-0.2423121833 -0.4772119834 -0.4831933590 -0.0909176359 -0.7060547053 -0.4525896881 -0.6420592023 -0.0889053413 -0.9423460692 -0.8345248403 0.8591673393 -0.4369781659 -0.0421933529 -0.0415808693
-0.2278274894 -0.4655413816 -0.4720434214 -0.0756294564 -0.6963077646 -0.4401484729 -0.6324844912 -0.0735862018 -0.9379988585 -0.8270943933 0.8531424676 -0.4247938781 -0.0264245437 -0.0258151447
-0.2132977535 -0.4537909661 -0.4608161862 -0.0603254525 -0.6864364955 -0.4276272098 -0.6228047103 -0.0582516069 -0.9334978332 -0.8195086804 0.8470160629 -0.4125356329 -0.0106498891 -0.0100437128
-0.1987258898 -0.4419624606 -0.4495130645 -0.0450088299 -0.6764426302 -0.4150280535 -0.6130207179 -0.0429047803 -0.9288434252 -0.8117682124 0.8407896893 -0.4002053741 0.0051271200 0.0057299378
-0.1841148124 -0.4300575887 -0.4381354671 -0.0296827947 -0.6663279011 -0.4023531582 -0.6031333725 -0.0275489460 -0.9240360667 -0.8038734998 0.8344649110 -0.3878050452 0.0209029929 0.0215023185
-0.1694674354 -0.4180780740 -0.4266848052 -0.0143505527 -0.6560940407 -0.3896046786 -0.5931435323 -0.0121873280 -0.9190761896 -0.7958250533 0.8280432922 -0.3753365899 0.0366742389 0.0372699410
