0.9398377232 0.6925255021 0.5507786734 0.8077859610 0.5675167895 0.8267014021 0.3058665978 0.8121629902 0.3219378214 0.5641710154 -0.6429003324 0.6961088241 0.7453635766 0.7550253355
0.9349884186 0.6928220957 0.5523846000 0.7956630980 0.5668756313 0.8205257972 0.3093868809 0.8001935721 0.3229812071 0.5568241164 -0.6369270941 0.6968106634 0.7301531395 0.7400404318
0.9299691754 0.6931917099 0.5540998783 0.7831646586 0.5663825202 0.8143337863 0.3130864365 0.7878493598 0.3242475792 0.5496742455 -0.6311472560 0.6975755999 0.7144803136 0.7245860210
0.9247820086 0.6936394213 0.5559296568 0.7702902106 0.5660441314 0.8081307834 0.3169707926 0.7751299010 0.3257441658 0.5427311151 -0.6255702108 0.6984083870 0.6983433519 0.7086600239
0.9194289335 0.6941703067 0.5578790840 0.7570393216 0.5658671400 0.8019222026 0.3210454768 0.7620347432 0.3274781947 0.5360044375 -0.6202053510 0.6993137778 0.6817405070 0.6922603614
0.9139119653 0.6947894426 0.5599533083 0.7434115594 0.5658582213 0.7957134580 0.3253160169 0.7485634341 0.3294568939 0.5295039250 -0.6150620691 0.7002965256 0.6646700317 0.6753849545
0.9082331191 0.6955019058 0.5621574780 0.7294064917 0.5660240502 0.7895099637 0.3297879406 0.7347155214 0.3316874913 0.5232392901 -0.6101497578 0.7013613837 0.6471301789 0.6580317240
0.9023944100 0.6963127729 0.5644967418 0.7150236862 0.5663713021 0.7833171339 0.3344667756 0.7204905526 0.3341772148 0.5172202449 -0.6054778095 0.7025131052 0.6291192011 0.6401985908
0.8963978533 0.6972271205 0.5669762480 0.7002627106 0.5669066521 0.7771403825 0.3393580496 0.7058880754 0.3369332924 0.5114565019 -0.6010556168 0.7037564434 0.6106353514 0.6218834759
0.8902454641 0.6982500254 0.5696011451 0.6851231327 0.5676367754 0.7709851238 0.3444672905 0.6909076374 0.3399629519 0.5059577733 -0.5968925723 0.7050961516 0.5916768823 0.6030843001
0.8839392576 0.6993865642 0.5723765814 0.6696045201 0.5685683471 0.7648567717 0.3498000260 0.6755487863 0.3432734212 0.5007337715 -0.5929980685 0.7065369831 0.5722420467 0.5837989845
0.8774812489 0.7006418135 0.5753077056 0.6537064407 0.5697080424 0.7587607405 0.3553617837 0.6598110697 0.3468719284 0.4957942088 -0.5893814980 0.7080836910 0.5523290973 0.5640254498
0.8708734532 0.7020208500 0.5783996659 0.6374284620 0.5710625364 0.7527024442 0.3611580914 0.6436940351 0.3507657013 0.4911487976 -0.5860522534 0.7097410286 0.5319362869 0.5437616169
0.8641178857 0.7035287505 0.5816576109 0.6207701519 0.5726385043 0.7466872968 0.3671944769 0.6271972304 0.3549619679 0.4868072501 -0.5830197272 0.7115137491 0.5110618683 0.5230054069
0.8572165615 0.7051705915 0.5850866890 0.6037310781 0.5744426214 0.7407207126 0.3734764679 0.6103202030 0.3594679560 0.4827792787 -0.5802933119 0.7134066059 0.4897040943 0.5017547406
0.8501714958 0.7069514497 0.5886920486 0.5863108082 0.5764815626 0.7348081056 0.3800095921 0.5930625006 0.3642908936 0.4790745957 -0.5778824002 0.7154243521 0.4678612175 0.4800075389
0.8429847038 0.7088764017 0.5924788382 0.5685089101 0.5787620033 0.7289548898 0.3867993773 0.5754236709 0.3694380086 0.4757029135 -0.5757963845 0.7175717410 0.4455314909 0.4577617226
0.8356582007 0.7109505244 0.5964522063 0.5503249513 0.5812906186 0.7231664795 0.3938513512 0.5574032615 0.3749165290 0.4726739443 -0.5740446575 0.7198535258 0.4227131670 0.4350152129
0.8281940016 0.7131788942 0.6006173012 0.5317584997 0.5840740837 0.7174482886 0.4011710416 0.5390008200 0.3807336826 0.4699974005 -0.5726366116 0.7222744598 0.3994044988 0.4117659304
0.8205941216 0.7155665878 0.6049792714 0.5128091230 0.5871190736 0.7118057313 0.4087639761 0.5202158940 0.3868966974 0.4676829945 -0.5715816395 0.7248392962 0.3756037390 0.3880117962
