-1.0000000000 -1.0000000000 -0.9295625239 -0.9931962850 0.2241369348 -1.0000000000 -0.5835548359 -0.9935190244 0.8843902229 1.0000000000 -1.0000000000 -1.0000000000 -0.9566625442 -0.9630999732
-0.9586108888 -0.9750047469 -0.9415659983 -0.9970368806 0.2450726928 -0.9577010591 -0.5797630023 -0.9972440487 0.8835398190 0.9569299481 -0.9543812900 -0.9729869908 -0.9622012834 -0.9701587342
-0.9175931626 -0.9502771293 -0.9523946765 -0.9992934134 0.2641579053 -0.9158716234 -0.5766722664 -0.9993930638 0.8813058132 0.9142409372 -0.9093113027 -0.9464529234 -0.9660811868 -0.9754991341
-0.8769488440 -0.9258145376 -0.9620664328 -1.0000000000 0.2814292007 -0.8745111312 -0.5742641414 -1.0000000000 0.8777199890 0.8719360112 -0.8647892568 -0.9203911014 -0.9683379152 -0.9791576486
-0.8366799557 -0.9016143624 -0.9705991415 -0.9991907569 0.2969232071 -0.8336190209 -0.5725201407 -0.9990987874 0.8728141302 0.8300182139 -0.8208143709 -0.8947948282 -0.9690071294 -0.9811707534
-0.7967885203 -0.8776739940 -0.9780106767 -0.9968998007 0.3106765527 -0.7931947310 -0.5714217775 -0.9967233563 0.8666200204 0.7884905891 -0.7773858636 -0.8696574072 -0.9681244901 -0.9815749240
-0.7572765605 -0.8539908231 -0.9843189126 -0.9931612478 0.3227258656 -0.7532376997 -0.5709505651 -0.9929076368 0.8591694433 0.7473561807 -0.7345029536 -0.8449721420 -0.9657256579 -0.9804066362
-0.7181460990 -0.8305622401 -0.9895417235 -0.9880092150 0.3331077741 -0.7137473655 -0.5710880168 -0.9876855591 0.8504941825 0.7066180324 -0.6921648596 -0.8207323360 -0.9618462937 -0.9777023654
-0.6793991585 -0.8073856354 -0.9936969835 -0.9814778186 0.3418589064 -0.6747231667 -0.5718156457 -0.9810910534 0.8406260218 0.6662791880 -0.6503708003 -0.7969312928 -0.9565220582 -0.9734985873
-0.6410377616 -0.7844583996 -0.9968025670 -0.9736011753 0.3490158905 -0.6361645417 -0.5731149653 -0.9731580499 0.8295967447 0.6263426915 -0.6091199942 -0.7735623157 -0.9497886121 -0.9678317777
-0.6030639311 -0.7617779230 -0.9988763481 -0.9644134015 0.3546153548 -0.5980709289 -0.5749674887 -0.9639204788 0.8174381351 0.5868115865 -0.5684116600 -0.7506187083 -0.9416816161 -0.9607384119
-0.5654796895 -0.7393415963 -0.9999362010 -0.9539486139 0.3586939274 -0.5604417666 -0.5773547292 -0.9534122702 0.8041819765 0.5476889170 -0.5282450164 -0.7280937740 -0.9322367310 -0.9522549658
-0.5282870595 -0.7171468099 -1.0000000000 -0.9422409289 0.3612882364 -0.5232764932 -0.5802582002 -0.9416673543 0.7898600527 0.5089777267 -0.4886192820 -0.7059808163 -0.9214896176 -0.9424179149
-0.4914880639 -0.6951909543 -0.9990856192 -0.9293244632 0.3624349101 -0.4865745470 -0.5836594148 -0.9287196614 0.7745041473 0.4706810595 -0.4495336755 -0.6842731387 -0.9094759365 -0.9312637349
-0.4550847252 -0.6734714199 -0.9972109330 -0.9152333333 0.3621705767 -0.4503353666 -0.5875398863 -0.9146031216 0.7581460439 0.4328019591 -0.4109874156 -0.6629640447 -0.8962313485 -0.9188289013
-0.4190790662 -0.6519855973 -0.9943938154 -0.9000016556 0.3605318643 -0.4145583902 -0.5918811281 -0.8993516652 0.7408175263 0.3953434694 -0.3729797208 -0.6420468377 -0.8817915143 -0.9051498899
-0.3834731095 -0.6307308769 -0.9906521407 -0.8836635468 0.3575554010 -0.3792430561 -0.5966646534 -0.8829992222 0.7225503781 0.3583086342 -0.3355098099 -0.6215148212 -0.8661920947 -0.8902631761
-0.3482688778 -0.6097046491 -0.9860037832 -0.8662531234 0.3532778152 -0.3443888029 -0.6018719754 -0.8655797229 0.7033763831 0.3217004973 -0.2985769015 -0.6013612987 -0.8494687504 -0.8742052357
-0.3134683938 -0.5889043046 -0.9804666170 -0.8478045020 0.3477357350 -0.3099950688 -0.6074846075 -0.8471270975 0.6833273248 0.2855221026 -0.2621802142 -0.5815795736 -0.8316571422 -0.8570125443
-0.2790736801 -0.5683272337 -0.9740585164 -0.8283517990 0.3409657885 -0.2760612922 -0.6134840629 -0.8276752761 0.6624349870 0.2497764938 -0.2263189667 -0.5621629495 -0.8127929307 -0.8387215774
