0.1770012055 0.0798846233 -0.0616301706 0.1326547558 0.5385999335 0.2809706287 0.0307569878 0.1312008870 0.2793165234 0.3593513723 -0.5109869255 0.1803014271 0.1386739070 0.1337547690
0.1841714723 0.0873853038 -0.0520688239 0.1402243967 0.5213473592 0.2836923961 0.0305784385 0.1387691309 0.2518418810 0.3364666055 -0.4953201301 0.1872149816 0.1461062359 0.1413037294
0.1912563505 0.0948252060 -0.0425352525 0.1477194371 0.5038935808 0.2863098396 0.0303657621 0.1462631543 0.2242864299 0.3134030198 -0.4794910726 0.1940427557 0.1534626505 0.1487778412
0.1982413635 0.1021896456 -0.0330456684 0.1551251129 0.4862452480 0.2888118809 0.0301102553 0.1536681946 0.1966774129 0.2901732742 -0.4635039490 0.2007704700 0.1607284900 0.1561623557
0.2051120346 0.1094639383 -0.0236162834 0.1624266595 0.4684090102 0.2911874420 0.0298032153 0.1609694894 0.1690420724 0.2667900277 -0.4473629553 0.2073838454 0.1678890936 0.1634425239
0.2118538869 0.1166333996 -0.0142633096 0.1696093128 0.4503915172 0.2934254447 0.0294359389 0.1681522762 0.1414076511 0.2432659391 -0.4310722877 0.2138686025 0.1749298004 0.1706035972
0.2184524439 0.1236833451 -0.0050029587 0.1766583084 0.4321994186 0.2955148109 0.0289997233 0.1752017924 0.1138013916 0.2196136674 -0.4146361422 0.2202104621 0.1818359498 0.1776308267
0.2248932287 0.1305990905 0.0041485572 0.1835588821 0.4138393640 0.2974444623 0.0284858653 0.1821032756 0.0862505364 0.1958458715 -0.3980587150 0.2263951449 0.1885928807 0.1845094635
0.2311617646 0.1373659515 0.0131750264 0.1902962694 0.3953180029 0.2992033208 0.0278856619 0.1888419633 0.0587823281 0.1719752102 -0.3813442019 0.2324083717 0.1951859325 0.1912247589
0.2372435748 0.1439692436 0.0220602368 0.1968557061 0.3766419852 0.3007803082 0.0271904102 0.1954030930 0.0314240093 0.1480143425 -0.3644967992 0.2382358631 0.2016004444 0.1977619641
0.2431241827 0.1503942826 0.0307879766 0.2032224280 0.3578179603 0.3021643465 0.0263914071 0.2017719022 0.0042028226 0.1239759273 -0.3475207030 0.2438633401 0.2078217554 0.2041063301
0.2487891114 0.1566263839 0.0393420339 0.2093816706 0.3388525779 0.3033443574 0.0254799496 0.2079336284 -0.0228539895 0.0998726236 -0.3304201091 0.2492765232 0.2138352049 0.2102431083
0.2542238844 0.1626508632 0.0477061968 0.2153186697 0.3197524876 0.3043092628 0.0244473346 0.2138735091 -0.0497191843 0.0757170901 -0.3131992138 0.2544611333 0.2196261319 0.2161575497
0.2594140247 0.1684530363 0.0558642532 0.2210186609 0.3005243390 0.3050479845 0.0232848593 0.2195767818 -0.0763655193 0.0515219859 -0.2958622131 0.2594028910 0.2251798757 0.2218349057
0.2643450557 0.1740182186 0.0637999915 0.2264668800 0.2811747819 0.3055494444 0.0219838205 0.2250286840 -0.1027657520 0.0272999699 -0.2784133031 0.2640875171 0.2304817755 0.2272604272
0.2690025006 0.1793317258 0.0714971995 0.2316485627 0.2617104657 0.3058025643 0.0205355152 0.2302144532 -0.1288926396 0.0030637010 -0.2608566798 0.2685007324 0.2355171705 0.2324193656
0.2733718828 0.1843788736 0.0789396655 0.2365489446 0.2421380401 0.3057962660 0.0189312405 0.2351193270 -0.1547189398 -0.0211741620 -0.2431965393 0.2726282575 0.2402713998 0.2372969721
0.2774387254 0.1891449775 0.0861111775 0.2411532615 0.2224641548 0.3055194715 0.0171622932 0.2397285428 -0.1802174097 -0.0454009601 -0.2254370777 0.2764558133 0.2447298026 0.2418784977
0.2811885518 0.1936153533 0.0929955236 0.2454467490 0.2026954593 0.3049611025 0.0152199705 0.2440273381 -0.2053608070 -0.0696040344 -0.2075824911 0.2799691205 0.2488777182 0.2461491937
0.2846068851 0.1977753165 0.0995764919 0.2494146428 0.1828386033 0.3041100809 0.0130955692 0.2480009505 -0.2301218890 -0.0937707259 -0.1896369754 0.2831538997 0.2527004856 0.2500943113
