0.5741456441 0.9655244469 0.9994564659 0.4101461866 0.4251672464 0.8400831299 0.5264572879 0.4067784721 0.1714139491 0.5115159447 -0.6583907030 0.9989587692 0.3432026492 0.3300183000
0.5649481410 0.9708853896 1.0000000000 0.3980744399 0.4330889471 0.8260194793 0.5363559115 0.3947698526 0.1799137277 0.4932071344 -0.6410389324 0.9997764792 0.3313975124 0.3184066953
0.5551105937 0.9758156442 0.9999620336 0.3855402908 0.4411009489 0.8112952204 0.5462294016 0.3822990156 0.1886361981 0.4745319880 -0.6232086893 1.0000000000 0.3191616648 0.3063666230
0.5446242642 0.9803087093 0.9993343964 0.3725380552 0.4492045558 0.7959024819 0.5560770557 0.3693602670 0.1975844008 0.4554889543 -0.6048965836 0.9996208120 0.3064898125 0.2938927825
0.5334804145 0.9843580832 0.9981089183 0.3590620492 0.4574010717 0.7798333925 0.5658981717 0.3559479129 0.2067613765 0.4360764821 -0.5860992255 0.9986303954 0.2933766618 0.2809798731
0.5216703065 0.9879572643 0.9962774290 0.3451065889 0.4656918007 0.7630800811 0.5756920474 0.3420562595 0.2161701657 0.4162930203 -0.5668132251 0.9970202305 0.2798169190 0.2676225940
0.5091852022 0.9910997510 0.9938317583 0.3306659901 0.4740780469 0.7456346764 0.5854579806 0.3276796129 0.2258138089 0.3961370177 -0.5470351926 0.9947817975 0.2658052904 0.2538156444
0.4960163635 0.9937790417 0.9907637361 0.3157345689 0.4825611141 0.7274893072 0.5951952691 0.3128122790 0.2356953468 0.3756069232 -0.5267617379 0.9919065768 0.2513364822 0.2395537238
0.4821550525 0.9959886349 0.9870651920 0.3003066414 0.4911423065 0.7086361023 0.6049032105 0.2974485640 0.2458178200 0.3547011855 -0.5059894713 0.9883860484 0.2364052008 0.2248315312
0.4675925311 0.9977220289 0.9827279560 0.2843765236 0.4998229280 0.6890671904 0.6145811028 0.2815827740 0.2561842689 0.3334182534 -0.4847150028 0.9842116928 0.2210061524 0.2096437660
0.4523200613 0.9989727222 0.9777438578 0.2679385314 0.5086042826 0.6687747004 0.6242282437 0.2652092151 0.2667977342 0.3117565759 -0.4629349426 0.9793749902 0.2051340433 0.1939851274
0.4363289050 0.9997342131 0.9721047272 0.2509869809 0.5174876744 0.6477507609 0.6338439309 0.2483221932 0.2776612565 0.2897146016 -0.4406459007 0.9738674208 0.1887835797 0.1778503147
0.4196103243 1.0000000000 0.9658023940 0.2335161881 0.5264744074 0.6259875008 0.6434274623 0.2309160145 0.2887778763 0.2672907795 -0.4178444873 0.9676804648 0.1719494680 0.1612340271
0.4021555810 0.9997635814 0.9588286880 0.2155204690 0.5355657855 0.6034770489 0.6529781357 0.2129849852 0.3001506342 0.2444835584 -0.3945273124 0.9608056027 0.1546264144 0.1441309640
0.3839559372 0.9990184557 0.9511754389 0.1969941397 0.5447631128 0.5802115339 0.6624952488 0.1945234111 0.3117825708 0.2212913870 -0.3706909863 0.9532343145 0.1368091253 0.1265358246
0.3650026548 0.9977581212 0.9428344767 0.1779315161 0.5540676934 0.5561830846 0.6719780993 0.1755255985 0.3236767267 0.1977127143 -0.3463321189 0.9449580806 0.1184923068 0.1084433081
0.3452869958 0.9959760764 0.9337976310 0.1583269142 0.5634808311 0.5313838297 0.6814259852 0.1559858534 0.3358361424 0.1737459890 -0.3214473204 0.9359683812 0.0996706652 0.0898481138
0.3248002222 0.9936658196 0.9240567317 0.1381746502 0.5730038301 0.5058058981 0.6908382041 0.1358984820 0.3482638585 0.1493896599 -0.2960332009 0.9262566966 0.0803389069 0.0707449410
0.3035335959 0.9908208494 0.9136036085 0.1174690399 0.5826379943 0.4794414186 0.7002140539 0.1152577901 0.3609629155 0.1246421759 -0.2700863706 0.9158145070 0.0604917381 0.0511284889
0.2814783789 0.9874346640 0.9024300913 0.0962043994 0.5923846277 0.4522825199 0.7095528324 0.0940580841 0.3739363542 0.0995019859 -0.2436034395 0.9046332928 0.0401238651 0.0309934568
