0.5172103651 0.4060257248 0.4587774885 0.2065391777 0.2294140179 0.3826995716 0.3170818423 0.2072445217 0.0375419559 0.2206342666 0.3651604435 0.4262527686 0.1118759975 0.1200975938
0.5354196890 0.4270650441 0.4784733461 0.2139692445 0.2551497390 0.4043196309 0.3404269358 0.2145930910 0.0677839340 0.2463038004 0.3513686301 0.4467901183 0.1167591591 0.1253690028
0.5536687673 0.4482506186 0.4982649682 0.2212403886 0.2811889336 0.4261091514 0.3640009059 0.2217807748 0.0985418434 0.2723033763 0.3374347886 0.4674534978 0.1214447256 0.1304498971
0.5719562259 0.4695822251 0.5181515881 0.2283496086 0.3075326895 0.4480681732 0.3878043531 0.2288045561 0.1298189488 0.2986347996 0.3233591168 0.4882424519 0.1259294390 0.1353370697
0.5902806904 0.4910596399 0.5381324392 0.2352939030 0.3341820945 0.4701967361 0.4118378777 0.2356614179 0.1616185155 0.3252998759 0.3091418127 0.5091565255 0.1302100410 0.1400273135
0.6086407868 0.5126826396 0.5582067549 0.2420702703 0.3611382364 0.4924948803 0.4361020798 0.2423483432 0.1939438083 0.3523004105 0.2947830743 0.5301952632 0.1342832735 0.1445174212
0.6270351407 0.5344510008 0.5783737685 0.2486757089 0.3884022031 0.5149626457 0.4605975600 0.2488623149 0.2267980923 0.3796382090 0.2802830995 0.5513582099 0.1381458782 0.1488041858
0.6454623780 0.5563644999 0.5986327134 0.2551072175 0.4159750825 0.5376000723 0.4853249183 0.2552003161 0.2601846324 0.4073150768 0.2656420862 0.5726449104 0.1417945970 0.1528844001
0.6639211244 0.5784229136 0.6189828230 0.2613617944 0.4438579623 0.5604072000 0.5102847553 0.2613593296 0.2941066937 0.4353328194 0.2508602323 0.5940549094 0.1452261718 0.1567548570
0.6824100056 0.6006260184 0.6394233307 0.2674364383 0.4720519303 0.5833840690 0.5354776711 0.2673363384 0.3285675411 0.4636932423 0.2359377359 0.6155877518 0.1484373442 0.1604123494
0.7009276475 0.6229735908 0.6599534698 0.2733281476 0.5005580745 0.6065307192 0.5609042660 0.2731283256 0.3635704396 0.4923981508 0.2208747948 0.6372429823 0.1514248563 0.1638536702
0.7194726759 0.6454654073 0.6805724737 0.2790339208 0.5293774826 0.6298471905 0.5865651404 0.2787322741 0.3991186542 0.5214493505 0.2056716069 0.6590201457 0.1541854497 0.1670756122
0.7380437164 0.6681012446 0.7012795757 0.2845507565 0.5585112424 0.6533335230 0.6124608946 0.2841451669 0.4352154499 0.5508486469 0.1903283703 0.6809187867 0.1567158663 0.1700749683
0.7566393950 0.6908808790 0.7220740093 0.2898756531 0.5879604418 0.6769897567 0.6385921289 0.2893639868 0.4718640917 0.5805978453 0.1748452829 0.7029384503 0.1590128479 0.1728485313
0.7752583373 0.7138040872 0.7429550079 0.2950056092 0.6177261687 0.7008159316 0.6649594436 0.2943857171 0.5090678445 0.6106987513 0.1592225425 0.7250786811 0.1610731364 0.1753930942
0.7938991691 0.7368706458 0.7639218047 0.2999376233 0.6478095108 0.7248120876 0.6915634389 0.2992073405 0.5468299735 0.6411531703 0.1434603471 0.7473390240 0.1628934736 0.1777054498
0.8125605163 0.7600803311 0.7849736331 0.3046686938 0.6782115560 0.7489782648 0.7184047153 0.3038258400 0.5851537435 0.6719629077 0.1275588948 0.7697190237 0.1644706012 0.1797823910
0.8312410045 0.7834329199 0.8061097266 0.3091958194 0.7089333921 0.7733145032 0.7454838729 0.3082381987 0.6240424196 0.7031297691 0.1115183833 0.7922182251 0.1658012611 0.1816207106
0.8499392596 0.8069281886 0.8273293184 0.3135159984 0.7399761070 0.7978208427 0.7728015121 0.3124413996 0.6634992667 0.7346555599 0.0953390106 0.8148361728 0.1668821952 0.1832172016
0.8686539073 0.8305659137 0.8486316421 0.3176262294 0.7713407884 0.8224973234 0.8003582332 0.3164324255 0.7035275498 0.7665420856 0.0790209747 0.8375724118 0.1677101452 0.1845686567
