-0.1933368329 -0.2683736823 -0.5443021346 -0.3077658120 0.6410985985 -0.7438482923 -0.1518401111 -0.3120182748 0.5034136979 -0.6728625420 -0.6955438765 -0.2647459770 -0.3178886495 -0.3278605800
-0.1755648180 -0.2551906506 -0.5280430170 -0.2893008312 0.6333018571 -0.7254138390 -0.1540689979 -0.2935600748 0.4708902355 -0.6869921731 -0.6775094155 -0.2509920805 -0.2976621233 -0.3074866802
-0.1577599917 -0.2418034062 -0.5115764419 -0.2707808750 0.6260260500 -0.7067693419 -0.1556759940 -0.2750450875 0.4391358116 -0.7007920925 -0.6601925066 -0.2370527597 -0.2774324639 -0.2871104702
-0.1399269902 -0.2282185210 -0.4949093223 -0.2522109609 0.6192622705 -0.6879219557 -0.1566719120 -0.2564783550 0.4081420772 -0.7142635005 -0.6435827960 -0.2229343819 -0.2572041388 -0.2667364208
-0.1220704493 -0.2144425665 -0.4780485712 -0.2335961059 0.6130016114 -0.6688788354 -0.1570675647 -0.2378649191 0.3779006832 -0.7274075975 -0.6276699303 -0.2086433144 -0.2369816153 -0.2463690026
-0.1041950053 -0.2004821144 -0.4610011018 -0.2149413275 0.6072351660 -0.6496471357 -0.1568737645 -0.2192098217 0.3484032807 -0.7402255836 -0.6124435556 -0.1941859246 -0.2167693609 -0.2260126864
-0.0863052940 -0.1863437364 -0.4437738270 -0.1962516428 0.6019540270 -0.6302340117 -0.1561013241 -0.2005181047 0.3196415206 -0.7527186594 -0.5978933185 -0.1795685797 -0.1965718428 -0.2056719429
-0.0684059515 -0.1720340043 -0.4263736599 -0.1775320691 0.5971492877 -0.6106466180 -0.1547610560 -0.1817948100 0.2916070541 -0.7648880250 -0.5840088653 -0.1647976472 -0.1763935286 -0.1853512429
-0.0505016138 -0.1575594896 -0.4088075136 -0.1587876237 0.5928120410 -0.5908921096 -0.1528637729 -0.1630449796 0.2642915321 -0.7767348808 -0.5707798424 -0.1498794944 -0.1562388856 -0.1650550570
-0.0325969171 -0.1429267640 -0.3910823011 -0.1400233238 0.5889333799 -0.5709776412 -0.1504202874 -0.1442736554 0.2376866055 -0.7882604271 -0.5581958961 -0.1348204886 -0.1361123812 -0.1447878561
-0.0146964972 -0.1281423993 -0.3732049355 -0.1212441867 0.5855043976 -0.5509103679 -0.1474414121 -0.1254858792 0.2117839255 -0.7994658643 -0.5462466729 -0.1196269971 -0.1160184827 -0.1245541108
0.0031950096 -0.1132129670 -0.3551823297 -0.1024552297 0.5825161869 -0.5306974444 -0.1439379596 -0.1066866930 0.1865751430 -0.8103523926 -0.5349218190 -0.1043053874 -0.0959616577 -0.1043582918
0.0210729676 -0.0981450389 -0.3370213970 -0.0836614701 0.5799598410 -0.5103460255 -0.1399207425 -0.0878811387 0.1620519090 -0.8209212124 -0.5242109810 -0.0888620267 -0.0759463734 -0.0842048699
0.0389327405 -0.0829451866 -0.3187290502 -0.0648679250 0.5778264529 -0.4898632661 -0.1354005733 -0.0690742581 0.1382058746 -0.8311735239 -0.5141038051 -0.0733032824 -0.0559770973 -0.0640983158
0.0567696923 -0.0676199819 -0.3003122025 -0.0460796117 0.5761071156 -0.4692563212 -0.1303882648 -0.0502710933 0.1150286907 -0.8411105276 -0.5045899377 -0.0576355218 -0.0360582967 -0.0440431003
0.0745791871 -0.0521759963 -0.2817777669 -0.0273015476 0.5747929221 -0.4485323454 -0.1248946294 -0.0314766860 0.0925120083 -0.8507334237 -0.4956590252 -0.0418651122 -0.0161944391 -0.0240436940
0.0923565888 -0.0366198016 -0.2631326565 -0.0085387498 0.5738749654 -0.4276984937 -0.1189304799 -0.0126960783 0.0706474785 -0.8600434125 -0.4873007141 -0.0259984211 0.0036100081 -0.0041045677
0.1100972613 -0.0209579695 -0.2443837842 0.0102037643 0.5733443387 -0.4067619210 -0.1125066288 0.0060656880 0.0494267522 -0.8690416944 -0.4795046506 -0.0100418157 0.0233505776 0.0157698079
0.1277965686 -0.0051970715 -0.2255380633 0.0289209776 0.5731921348 -0.3857297820 -0.1056338886 0.0248035710 0.0288414806 -0.8777294697 -0.4722604812 0.0059983366 0.0430228020 0.0355749621
0.1454498748 0.0106563205 -0.2066024066 0.0476078727 0.5734094470 -0.3646092317 -0.0983230721 0.0435125288 0.0088833144 -0.8861079386 -0.4655578522 0.0221156685 0.0626222139 0.0553064241
