-0.6361161589 -0.5990938510 -0.6566747115 -0.7278541358 -0.2047998196 -0.5785445946 -0.4605684975 -0.7277671215 0.4804490893 -0.7075231596 0.2643301149 -0.5921840607 -0.7365208948 -0.7370970814
-0.6547282476 -0.6180431075 -0.6751214061 -0.7453467947 -0.2238488907 -0.5977437701 -0.4801311149 -0.7452602932 0.4681639532 -0.7132046107 0.2829590067 -0.6111881726 -0.7538707456 -0.7544353657
-0.6727900364 -0.6364759005 -0.6929974963 -0.7621936910 -0.2426570651 -0.6164441614 -0.4992895748 -0.7621078204 0.4556921429 -0.7188830997 0.3013020655 -0.6296819463 -0.7705648319 -0.7711172651
-0.6903064018 -0.6543964225 -0.7103080946 -0.7784013955 -0.2612247076 -0.6346493612 -0.5180462381 -0.7783162756 0.4430383879 -0.7245567631 0.3193610261 -0.6476694548 -0.7866099166 -0.7871495629
-0.7072822207 -0.6718088655 -0.7270583133 -0.7939764792 -0.2795521829 -0.6523629618 -0.5364034657 -0.7938922309 0.4302074176 -0.7302237369 0.3371376236 -0.6651547710 -0.8020127622 -0.8025390422
-0.7237223696 -0.6887174220 -0.7432532647 -0.8089255128 -0.2976398559 -0.6695885560 -0.5543636186 -0.8088422587 0.4172039615 -0.7358821577 0.3546335928 -0.6821419678 -0.8167801315 -0.8172924863
-0.7396317253 -0.7051262842 -0.7588980613 -0.8232550673 -0.3154880914 -0.6863297362 -0.5719290576 -0.8231729313 0.4040327491 -0.7415301617 0.3718506685 -0.6986351180 -0.8309187873 -0.8314166784
-0.7550151645 -0.7210396444 -0.7739978154 -0.8369717136 -0.3330972542 -0.7025900951 -0.5891021435 -0.8368908210 0.3906985098 -0.7471658853 0.3887905857 -0.7146382947 -0.8444354921 -0.8449184017
-0.7698775638 -0.7364616948 -0.7885576394 -0.8500820227 -0.3504677090 -0.7183732251 -0.6058852374 -0.8500025000 0.3772059732 -0.7527874647 0.4054550793 -0.7301555707 -0.8573370088 -0.8578044393
-0.7842238000 -0.7513966277 -0.8025826457 -0.8625925653 -0.3675998206 -0.7336827188 -0.6222807002 -0.8625145408 0.3635598687 -0.7583930363 0.4218458840 -0.7451910189 -0.8696301000 -0.8700815746
-0.7980587497 -0.7658486355 -0.8160779467 -0.8745099124 -0.3844939539 -0.7485221687 -0.6382908926 -0.8744335155 0.3497649258 -0.7639807364 0.4379647349 -0.7597487123 -0.8813215285 -0.8817565907
-0.8113872896 -0.7798219103 -0.8290486547 -0.8858406349 -0.4011504736 -0.7628951675 -0.6539181757 -0.8857659965 0.3358258740 -0.7695487013 0.4538133667 -0.7738327237 -0.8924180569 -0.8928362708
-0.8242142965 -0.7933206444 -0.8414998822 -0.8965913037 -0.4175697445 -0.7768053076 -0.6691649103 -0.8965185561 0.3217474428 -0.7750950674 0.4693935144 -0.7874471260 -0.9029264479 -0.9033273981
-0.8365446469 -0.8063490302 -0.8534367414 -0.9067684897 -0.4337521313 -0.7902561817 -0.6840334573 -0.9066977665 0.3075343615 -0.7806179709 0.4847069129 -0.8005959922 -0.9128534644 -0.9132367558
-0.8483832177 -0.8189112598 -0.8648643448 -0.9163787637 -0.4496979990 -0.8032513822 -0.6985261777 -0.9163102001 0.2931913598 -0.7861155482 0.4997552970 -0.8132833952 -0.9222058689 -0.9225711272
-0.8597348854 -0.8310115256 -0.8757878048 -0.9254286968 -0.4654077122 -0.8157945017 -0.7126454323 -0.9253624293 0.2787231671 -0.7915859356 0.5145404017 -0.8255134079 -0.9309904242 -0.9313372954
-0.8706045269 -0.8426540199 -0.8862122338 -0.9339248597 -0.4808816359 -0.8278891328 -0.7263935820 -0.9338610261 0.2641345128 -0.7970272695 0.5290639618 -0.8372901031 -0.9392138930 -0.9395420437
-0.8809970186 -0.8538429349 -0.8961427441 -0.9418738234 -0.4961201346 -0.8395388680 -0.7397729878 -0.9418125631 0.2494301265 -0.8024376860 0.5433277121 -0.8486175539 -0.9468830380 -0.9471921553
-0.8909172375 -0.8645824628 -0.9055844480 -0.9492821587 -0.5111235734 -0.8507472999 -0.7527860105 -0.9492236124 0.2346147376 -0.8078153217 0.5573333877 -0.8594998331 -0.9540046220 -0.9542944133
-0.9003700601 -0.8748767961 -0.9145424581 -0.9561564367 -0.5258923168 -0.8615180210 -0.7654350110 -0.9561007464 0.2196930756 -0.8131583127 0.5710827233 -0.8699410136 -0.9605854075 -0.9608556009
