-0.4425132651 -0.6758091281 -0.7625089358 -0.3228908245 -0.1519175673 -0.3824281752 -0.7551851416 -0.3235590651 0.0316257560 -0.2530281087 -0.0642590162 -0.5907959157 -0.3016348400 -0.2995081237
-0.4667486984 -0.7042471327 -0.7911466132 -0.3450586492 -0.1717393706 -0.4058248379 -0.7840508692 -0.3457240936 0.0146807187 -0.2741428918 -0.0481642137 -0.6172100091 -0.3237360808 -0.3215909872
-0.4893907376 -0.7308429449 -0.8177732751 -0.3657653415 -0.1903218234 -0.4277052781 -0.8109337336 -0.3664264797 -0.0012437983 -0.2938820914 -0.0330692336 -0.6418460997 -0.3444158605 -0.3422557292
-0.5104682012 -0.7556289822 -0.8424244342 -0.3850377418 -0.2076880123 -0.4480970169 -0.8358686860 -0.3856930966 -0.0161673964 -0.3122711577 -0.0189545787 -0.6647360429 -0.3637002105 -0.3615283178
-0.5300099076 -0.7786376621 -0.8651356033 -0.4029026904 -0.2238610236 -0.4670275752 -0.8588906779 -0.4035508176 -0.0301096770 -0.3293355408 -0.0058007517 -0.6859116937 -0.3816151620 -0.3794347212
-0.5480446754 -0.7999014019 -0.8859422951 -0.4193870278 -0.2388639437 -0.4845244741 -0.8800346604 -0.4200265160 -0.0430902416 -0.3451006906 0.0064117444 -0.7054049076 -0.3981867463 -0.3960009074
-0.5646013231 -0.8194526193 -0.9048800223 -0.4345175942 -0.2527198590 -0.5006152345 -0.8993355849 -0.4351470650 -0.0551286916 -0.3595920574 0.0177024070 -0.7232475396 -0.4134409946 -0.4112528446
-0.5797086692 -0.8373237316 -0.9219842976 -0.4483212302 -0.2654518560 -0.5153273775 -0.9168284028 -0.4489393379 -0.0662446286 -0.3728350911 0.0280907333 -0.7394714451 -0.4274039382 -0.4252165010
-0.5933955321 -0.8535471563 -0.9372906338 -0.4608247761 -0.2770830210 -0.5286884241 -0.9325480652 -0.4614302079 -0.0764576539 -0.3848552419 0.0375962204 -0.7541084792 -0.4401016083 -0.4379178446
-0.6056907305 -0.8681553108 -0.9508345437 -0.4720550723 -0.2876364404 -0.5407258953 -0.9465295236 -0.4726465484 -0.0857873690 -0.3956779598 0.0462383655 -0.7671904971 -0.4515600363 -0.4493828436
-0.6166230827 -0.8811806127 -0.9626515399 -0.4820389591 -0.2971352008 -0.5514673121 -0.9588077292 -0.4826152325 -0.0942533755 -0.4053286950 0.0540366658 -0.7787493541 -0.4618052534 -0.4596374662
-0.6262214072 -0.8926554793 -0.9727771351 -0.4908032770 -0.3056023884 -0.5609401956 -0.9694176333 -0.4913631335 -0.1018752747 -0.4138328974 0.0610106186 -0.7888169055 -0.4708632908 -0.4687076804
-0.6345145227 -0.9026123282 -0.9812468422 -0.4983748664 -0.3130610896 -0.5691720666 -0.9783941872 -0.4989171248 -0.1086726680 -0.4212160172 0.0671797210 -0.7974250063 -0.4787601799 -0.4766194543
-0.6415312475 -0.9110835768 -0.9880961738 -0.5047805676 -0.3195343910 -0.5761904463 -0.9857723423 -0.5053040795 -0.1146651571 -0.4275035044 0.0725634702 -0.8046055119 -0.4855219518 -0.4833987562
-0.6473004003 -0.9181016426 -0.9933606426 -0.5100472210 -0.3250453788 -0.5820228556 -0.9915870498 -0.5105508709 -0.1198723433 -0.4327208092 0.0771813635 -0.8103902775 -0.4911746378 -0.4890715542
-0.6518507994 -0.9236989430 -0.9970757615 -0.5142016670 -0.3296171395 -0.5866968156 -0.9958732610 -0.5146843723 -0.1243138280 -0.4368933815 0.0810528980 -0.8148111582 -0.4957442693 -0.4936638163
-0.6552112634 -0.9279078954 -0.9992770430 -0.5172707459 -0.3332727596 -0.5902398473 -0.9986659273 -0.5177314570 -0.1280092128 -0.4400466715 0.0841975709 -0.8179000094 -0.4992568774 -0.4972015108
-0.6574106108 -0.9307609175 -1.0000000000 -0.5192812983 -0.3360353253 -0.5926794716 -1.0000000000 -0.5197189981 -0.1309780991 -0.4422061293 0.0866348795 -0.8196886862 -0.5017384935 -0.4997106056
-0.6584776601 -0.9322904266 -0.9992801452 -0.5202601644 -0.3379279232 -0.5940432096 -0.9999104303 -0.5206738690 -0.1332400884 -0.4433972049 0.0883843209 -0.8202090438 -0.5032151487 -0.5012170691
-0.6584412297 -0.9325288401 -0.9971529912 -0.5202341847 -0.3389736396 -0.5943585823 -0.9984321696 -0.5206229430 -0.1348147820 -0.4436453485 0.0894653923 -0.8194929376 -0.5037128744 -0.5017468692
