-0.4796657959 -0.5829130146 -0.5586203999 -0.4666497117 0.1380228038 -0.6779619228 0.0869703717 -0.4710515728 0.2761087366 0.1743148470 -0.2025497927 -0.5858175089 -0.4644276981 -0.4552017508
-0.4792982594 -0.5781453162 -0.5537070454 -0.4666515165 0.1404006786 -0.6735220616 0.1056291854 -0.4710277227 0.2775501584 0.1818670864 -0.2020793036 -0.5811611211 -0.4647307620 -0.4553953577
-0.4785731463 -0.5730564097 -0.5484814427 -0.4662939094 0.1424758791 -0.6687295256 0.1242550741 -0.4706436092 0.2786641465 0.1890297425 -0.2013303289 -0.5761810612 -0.4646705674 -0.4552299121
-0.4774829492 -0.5676407028 -0.5429381673 -0.4655692388 0.1442407468 -0.6635781932 0.1428421942 -0.4698915775 0.2794430127 0.1957923115 -0.2002964582 -0.5708716678 -0.4642393133 -0.4546977048
-0.4760201608 -0.5618926032 -0.5370717944 -0.4644698529 0.1456876231 -0.6580619425 0.1613847024 -0.4687639727 0.2798790689 0.2021442892 -0.1989712813 -0.5652272791 -0.4634291986 -0.4537910270
-0.4741772739 -0.5558065183 -0.5308768993 -0.4629881002 0.1468088493 -0.6521746518 0.1798767554 -0.4672531401 0.2799646269 0.2080751714 -0.1973483877 -0.5592422336 -0.4622324224 -0.4525021695
-0.4719467812 -0.5493768560 -0.5243480575 -0.4611163289 0.1475967668 -0.6459101993 0.1983125096 -0.4653514249 0.2796919987 0.2135744543 -0.1954213672 -0.5529108698 -0.4606411837 -0.4508234235
-0.4693211753 -0.5425980237 -0.5174798441 -0.4588468874 0.1480437169 -0.6392624632 0.2166861219 -0.4630511722 0.2790534962 0.2186316336 -0.1931838094 -0.5462275260 -0.4586476813 -0.4487470800
-0.4662929489 -0.5354644292 -0.5102668344 -0.4561721240 0.1481420412 -0.6322253218 0.2349917487 -0.4603447273 0.2780414310 0.2232362052 -0.1906293039 -0.5391865406 -0.4562441144 -0.4462654299
-0.4628545947 -0.5279704799 -0.5027036039 -0.4530843870 0.1478840808 -0.6247926533 0.2532235466 -0.4572244353 0.2766481153 0.2273776652 -0.1877514405 -0.5317822521 -0.4534226818 -0.4433707642
-0.4589986054 -0.5201105836 -0.4947847277 -0.4495760248 0.1472621773 -0.6169583359 0.2713756724 -0.4536826415 0.2748658607 0.2310455094 -0.1845438087 -0.5240089989 -0.4501755826 -0.4400553740
-0.4547174738 -0.5118791479 -0.4865047813 -0.4456393857 0.1462686720 -0.6087162478 0.2894422825 -0.4497116909 0.2726869793 0.2342292337 -0.1809999982 -0.5158611193 -0.4464950157 -0.4363115503
-0.4500036925 -0.5032705803 -0.4778583399 -0.4412668181 0.1448959063 -0.6000602672 0.3074175336 -0.4453039289 0.2701037828 0.2369183341 -0.1771135987 -0.5073329519 -0.4423731802 -0.4321315841
-0.4448497541 -0.4942792885 -0.4688399788 -0.4364506702 0.1431362215 -0.5909842725 0.3252955824 -0.4404517007 0.2671085831 0.2391023064 -0.1728781999 -0.4984188350 -0.4378022749 -0.4275077663
-0.4392481515 -0.4848996802 -0.4594442734 -0.4311832903 0.1409819590 -0.5814821418 0.3430705853 -0.4351473513 0.2636936921 0.2407706467 -0.1682873914 -0.4891131070 -0.4327744989 -0.4224323881
-0.4331913772 -0.4751261629 -0.4496657989 -0.4254570270 0.1384254602 -0.5715477533 0.3607366991 -0.4293832260 0.2598514217 0.2419128508 -0.1633347628 -0.4794101064 -0.4272820512 -0.4168977404
-0.4266719240 -0.4649531442 -0.4394991307 -0.4192642283 0.1354590666 -0.5611749853 0.3782880804 -0.4231516700 0.2555740837 0.2425184146 -0.1580139039 -0.4693041715 -0.4213171308 -0.4108961142
-0.4196822846 -0.4543750318 -0.4289388440 -0.4125972428 0.1320751194 -0.5503577160 0.3957188856 -0.4164450286 0.2508539899 0.2425768340 -0.1523184042 -0.4587896408 -0.4148719365 -0.4044198006
-0.4122149517 -0.4433862333 -0.4179795143 -0.4054484187 0.1282659600 -0.5390898236 0.4130232716 -0.4092556468 0.2456834524 0.2420776051 -0.1462418535 -0.4478608527 -0.4079386675 -0.3974610905
-0.4042624179 -0.4319811563 -0.4066157167 -0.3978101043 0.1240239298 -0.5273651864 0.4301953948 -0.4015758698 0.2400547829 0.2410102236 -0.1397778413 -0.4365121456 -0.4005095226 -0.3900122750
