-0.5079745566 -0.5748399811 -0.6364862254 -0.4613344327 -0.4777331427 -0.4611783834 -0.6577066392 -0.4619576254 -0.4651849725 -0.1554788629 0.2529878733 -0.5849350602 -0.4363514478 -0.4339608723
-0.4868509156 -0.5563592881 -0.6207419170 -0.4382188544 -0.4545947502 -0.4377649088 -0.6426280845 -0.4388654094 -0.4404790617 -0.1164855256 0.2196550117 -0.5669158830 -0.4121919008 -0.4096983199
-0.4663394685 -0.5383848908 -0.6054351373 -0.4157750427 -0.4320375327 -0.4149953532 -0.6279367888 -0.4164438507 -0.4162710055 -0.0782851447 0.1871330008 -0.5493930317 -0.3887382478 -0.3861446275
-0.4464339743 -0.5209115864 -0.5905612383 -0.3939962316 -0.4100558807 -0.3928633402 -0.6136286660 -0.3946861947 -0.3925564394 -0.0408715399 0.1554145028 -0.5323613765 -0.3659834109 -0.3632926915
-0.4271281919 -0.5039341723 -0.5761155720 -0.3728756554 -0.3886441848 -0.3713624936 -0.5996996302 -0.3735856870 -0.3693309990 -0.0042385308 0.1244921797 -0.5158157876 -0.3439203120 -0.3411354084
-0.4084158804 -0.4874474460 -0.5620934902 -0.3524065482 -0.3677968354 -0.3504864372 -0.5861455952 -0.3531355731 -0.3465903196 0.0316200627 0.0943586939 -0.4997511351 -0.3225418733 -0.3196656744
-0.3902907987 -0.4714462047 -0.5484903449 -0.3325821441 -0.3475082229 -0.3302287946 -0.5729624751 -0.3333290985 -0.3243300370 0.0667104211 0.0650067074 -0.4841622892 -0.3018410169 -0.2988763860
-0.3727467058 -0.4559252460 -0.5353014880 -0.3133956772 -0.3277727380 -0.3105831897 -0.5601461838 -0.3141595088 -0.3025457865 0.1010387245 0.0364288824 -0.4690441200 -0.2818106647 -0.2787604396
-0.3557773608 -0.4408793670 -0.5225222714 -0.2948403817 -0.3085847709 -0.2915432461 -0.5476926352 -0.2956200495 -0.2812332038 0.1346111534 0.0086178810 -0.4543914978 -0.2624437390 -0.2593107316
-0.3393765225 -0.4263033653 -0.5101480471 -0.2769094918 -0.2899387124 -0.2731025876 -0.5355977434 -0.2777039662 -0.2603879244 0.1674338878 -0.0184336346 -0.4401992927 -0.2437331617 -0.2405201583
-0.3235379501 -0.4121920381 -0.4981741670 -0.2595962416 -0.2718289527 -0.2552548380 -0.5238574223 -0.2604045043 -0.2400055837 0.1995131082 -0.0447330023 -0.4264623748 -0.2256718549 -0.2223816161
-0.3082554024 -0.3985401829 -0.4865959830 -0.2428938652 -0.2542498823 -0.2379936210 -0.5124675858 -0.2437149093 -0.2200818173 0.2308549949 -0.0702875599 -0.4131756144 -0.2082527407 -0.2048880015
-0.2935226385 -0.3853425970 -0.4754088470 -0.2267955968 -0.2371958919 -0.2213125602 -0.5014241479 -0.2276284269 -0.2006122607 0.2614657281 -0.0951046452 -0.4003338815 -0.1914687411 -0.1880322108
-0.2793334174 -0.3725940778 -0.4646081110 -0.2112946705 -0.2206613718 -0.2052052795 -0.4907230225 -0.2121383025 -0.1815925495 0.2913514881 -0.1191915962 -0.3879320464 -0.1753127783 -0.1718071403
-0.2656814980 -0.3602894226 -0.4541891269 -0.1963843205 -0.2046407125 -0.1896654026 -0.4803601237 -0.1972377817 -0.1630183192 0.3205184552 -0.1425557506 -0.3759649792 -0.1597777743 -0.1562056866
-0.2525606394 -0.3484234289 -0.4441472467 -0.1820577808 -0.1891283045 -0.1746865533 -0.4703313654 -0.1829201099 -0.1448852052 0.3489728096 -0.1652044463 -0.3644275501 -0.1448566511 -0.1412207459
-0.2399646005 -0.3369908940 -0.4344778222 -0.1683082857 -0.1741185383 -0.1602623552 -0.4606326615 -0.1691785328 -0.1271888432 0.3767207318 -0.1871450211 -0.3533146292 -0.1305423309 -0.1268452147
-0.2278871403 -0.3259866153 -0.4251762054 -0.1551290693 -0.1596058043 -0.1463864321 -0.4512599260 -0.1560062958 -0.1099248686 0.4037684019 -0.2083848129 -0.3426210867 -0.1168277357 -0.1130719894
-0.2163220178 -0.3154053901 -0.4162377481 -0.1425133657 -0.1455844931 -0.1330524078 -0.4422090728 -0.1433966445 -0.0930889171 0.4301220003 -0.2289311596 -0.3323417928 -0.1037057876 -0.0998939663
-0.2052629921 -0.3052420158 -0.4076578025 -0.1304544091 -0.1320489951 -0.1202539059 -0.4334760160 -0.1313428244 -0.0766766240 0.4557877072 -0.2487913990 -0.3224716176 -0.0911694087 -0.0873040418
