0.0432762178 0.3928093516 0.6488155554 -0.0445715419 0.3238092024 0.7074226609 0.5789824718 -0.0385765684 0.2612713970 0.9969319989 -0.1885157550 0.4574773357 -0.0648556707 -0.0667403534
0.0268495217 0.3713839651 0.6303104552 -0.0597348618 0.3011001976 0.6901742558 0.5580031156 -0.0538442205 0.2389651780 0.9979529489 -0.1674023881 0.4352254171 -0.0798298914 -0.0817001407
0.0100132917 0.3493881746 0.6112413125 -0.0752675917 0.2779511963 0.6723776051 0.5364506609 -0.0694832319 0.2162680805 0.9987719780 -0.1459262715 0.4123690519 -0.0951597891 -0.0970141926
-0.0072356581 0.3268176053 0.5916036795 -0.0911726223 0.2543592020 0.6540283536 0.5143208064 -0.0854965046 0.1931776471 0.9993873322 -0.1240850214 0.3889035963 -0.1108481357 -0.1126852681
-0.0249005140 0.3036678821 0.5713931084 -0.1074528446 0.2303212181 0.6351221459 0.4916092507 -0.1018869406 0.1696914203 0.9997972575 -0.1018762537 0.3648244065 -0.1268977028 -0.1287161264
-0.0429844621 0.2799346300 0.5506051516 -0.1241111493 0.2058342482 0.6156546268 0.4683116926 -0.1186574418 0.1458069428 1.0000000000 -0.0792975845 0.3401268389 -0.1433112621 -0.1451095263
-0.0614906884 0.2556134741 0.5292353614 -0.1411504273 0.1808952957 0.5956214410 0.4444238308 -0.1358109102 0.1215217571 0.9999938056 -0.0563466299 0.3148062496 -0.1600915852 -0.1618682271
-0.0804223790 0.2307000394 0.5072792901 -0.1585735694 0.1555013641 0.5750182332 0.4199413640 -0.1533502478 0.0968334058 0.9997769203 -0.0330210058 0.2888579949 -0.1772414439 -0.1789949876
-0.0997827202 0.2051899510 0.4847324899 -0.1763834664 0.1296494569 0.5538406481 0.3948599910 -0.1712783566 0.0717394316 0.9993475902 -0.0093183283 0.2622774311 -0.1947636097 -0.1964925671
-0.1195748979 0.1790788337 0.4615905132 -0.1945830091 0.1033365776 0.5320843304 0.3691754105 -0.1895981385 0.0462373769 0.9987040612 0.0147637865 0.2350599143 -0.2126608544 -0.2143637244
-0.1398020984 0.1523623127 0.4378489121 -0.2131750884 0.0765597296 0.5097449249 0.3428833211 -0.2083124955 0.0203247844 0.9978445793 0.0392277226 0.2072008008 -0.2309359496 -0.2326112186
-0.1604675076 0.1250360130 0.4135032391 -0.2321625950 0.0493159165 0.4868180762 0.3159794216 -0.2274243297 -0.0060008033 0.9967673906 0.0640758640 0.1786954469 -0.2495916670 -0.2512378089
-0.1815743118 0.0970955596 0.3885490463 -0.2515484199 0.0216021417 0.4632994290 0.2884594108 -0.2469365429 -0.0327418437 0.9954707411 0.0893105946 0.1495392089 -0.2686307783 -0.2702462541
-0.2031256970 0.0685365774 0.3629818862 -0.2713354537 -0.0065845913 0.4391846282 0.2603189873 -0.2668520371 -0.0599007942 0.9939528767 0.1149342983 0.1197274429 -0.2880560551 -0.2896393135
-0.2251248494 0.0393546916 0.3367973109 -0.2915265874 -0.0352472790 0.4144693183 0.2315538498 -0.2871737144 -0.0874801121 0.9922120435 0.1409493593 0.0892555051 -0.3078702691 -0.3094197459
-0.2475749550 0.0095455271 0.3099908728 -0.3121247118 -0.0643889179 0.3891491441 0.2021596972 -0.3079044767 -0.1154822550 0.9902464875 0.1673581613 0.0581187520 -0.3280761920 -0.3295903106
-0.2704792001 -0.0208952910 0.2825581241 -0.3331327176 -0.0940125045 0.3632197503 0.1721322280 -0.3290472259 -0.1439096802 0.9880544546 0.1941630885 0.0263125396 -0.3486765954 -0.3501537664
-0.2938407706 -0.0519721378 0.2544946172 -0.3545534958 -0.1241210355 0.3366767816 0.1414671411 -0.3506048641 -0.1727648451 0.9856341909 0.2213665246 -0.0061677758 -0.3696742511 -0.3711128724
-0.3176628527 -0.0836893881 0.2257959043 -0.3763899371 -0.1547175072 0.3095158828 0.1101601350 -0.3725802932 -0.2020502071 0.9829839425 0.2489708538 -0.0393268378 -0.3910719307 -0.3924703877
-0.3419486325 -0.1160514171 0.1964575377 -0.3986449323 -0.1858049162 0.2817326985 0.0782069087 -0.3949764152 -0.2317682237 0.9801019552 0.2769784599 -0.0731692904 -0.4128724059 -0.4142290714
