0.9983625775 0.9362858739 0.9364397883 0.9829121365 0.8990627683 0.8195870906 0.8312474187 0.9836722673 0.7135396384 -0.1598889616 -0.8522029039 0.9283557763 0.9739359657 0.9737670161
0.9993991933 0.9431086941 0.9430491301 0.9790638350 0.9076768993 0.8295258252 0.8412831695 0.9798988790 0.7260326862 -0.1480024819 -0.8577941057 0.9354956964 0.9693420205 0.9691606899
0.9999471804 0.9495743974 0.9493228723 0.9748077206 0.9159462677 0.8392275354 0.8510573915 0.9757163018 0.7383108323 -0.1360436450 -0.8629665974 0.9422913281 0.9643548104 0.9641613763
1.0000000000 0.9556775211 0.9552560381 0.9701390909 0.9238650725 0.8486881125 0.8605654696 0.9711198037 0.7503694299 -0.1240126906 -0.8677138209 0.9487373661 0.9589699088 0.9587646520
0.9995511133 0.9614126020 0.9608436504 0.9650532433 0.9314275129 0.8579034480 0.8698027887 0.9661046530 0.7622038322 -0.1119098580 -0.8720292182 0.9548285048 0.9531828889 0.9529660935
0.9985939816 0.9667741773 0.9660807324 0.9595454752 0.9386277877 0.8668694333 0.8787647337 0.9606661178 0.7738093924 -0.0997353869 -0.8759062314 0.9605594390 0.9469893238 0.9467612776
0.9971220661 0.9717567841 0.9709623069 0.9536110842 0.9454600961 0.8755819597 0.8874466896 0.9547994665 0.7851814636 -0.0874895167 -0.8793383025 0.9659248632 0.9403847869 0.9401457809
0.9951288280 0.9763549593 0.9754833970 0.9472453678 0.9519186370 0.8840369189 0.8958440412 0.9484999672 0.7963153990 -0.0751724869 -0.8823188734 0.9709194720 0.9333648513 0.9331151802
0.9926077286 0.9805632400 0.9796390257 0.9404436233 0.9579976096 0.8922302020 0.9039521735 0.9417628882 0.8072065517 -0.0627845371 -0.8848413861 0.9755379599 0.9259250903 0.9256650520
0.9895522291 0.9843761632 0.9834242161 0.9332011483 0.9636912127 0.9001577007 0.9117664714 0.9345834975 0.8178502750 -0.0503259067 -0.8868992826 0.9797750215 0.9180610770 0.9177909731
0.9859557907 0.9877882661 0.9868339911 0.9255132403 0.9689936456 0.9078153062 0.9192823198 0.9269570635 0.8282419219 -0.0377968353 -0.8884860049 0.9836253514 0.9097683849 0.9094885202
0.9818118747 0.9907940856 0.9898633737 0.9173751967 0.9738991071 0.9151989100 0.9264951037 0.9188788544 0.8383768457 -0.0251975623 -0.8895949951 0.9870836442 0.9010425869 0.9007532698
0.9771139423 0.9933881588 0.9925073871 0.9087823150 0.9784017963 0.9223044036 0.9334002079 0.9103441383 0.8482503995 -0.0125283273 -0.8902196951 0.9901445945 0.8918792565 0.8915807987
0.9718554547 0.9955650227 0.9947610541 0.8997298926 0.9824959123 0.9291276783 0.9399930174 0.9013481835 0.8578579365 0.0002106302 -0.8903535468 0.9928028968 0.8822739668 0.8819666836
0.9660298732 0.9973192144 0.9966193978 0.8902132272 0.9861756541 0.9356646256 0.9462689171 0.8918862582 0.8671948099 0.0130190708 -0.8899899924 0.9950532457 0.8722222910 0.8719065011
0.9596306590 0.9986452709 0.9980774412 0.8802276160 0.9894352207 0.9419111368 0.9522232919 0.8819536306 0.8762563728 0.0258967549 -0.8891224738 0.9968903359 0.8617198023 0.8613958279
0.9526512733 0.9995377294 0.9991302074 0.8697683567 0.9922688111 0.9478631035 0.9578515268 0.8715455689 0.8850379783 0.0388434429 -0.8877444329 0.9983088618 0.8507620741 0.8504302406
0.9450851774 0.9999911267 0.9997727193 0.8588307467 0.9946706244 0.9535164170 0.9631490066 0.8606573413 0.8935349797 0.0518588955 -0.8858493118 0.9993035181 0.8393446795 0.8390053160
0.9369258325 1.0000000000 1.0000000000 0.8474100834 0.9966348596 0.9588669688 0.9681111163 0.8492842160 0.9017427302 0.0649428731 -0.8834305526 0.9998689993 0.8274631918 0.8271166307
0.9281666998 0.9995588863 0.9998070724 0.8355016643 0.9981557157 0.9639106502 0.9727332408 0.8374214613 0.9096565828 0.0780951362 -0.8804815970 1.0000000000 0.8151131841 0.8147597614
