0.3385363435 0.5488800397 0.5303129676 0.1956798365 0.7319272845 0.6371516126 0.7680619627 0.1974930064 0.7979824028 0.9151025375 -0.5101689882 0.5473236421 0.1517872644 0.1600953219
0.3069207361 0.5240481683 0.5054354111 0.1603745265 0.7130120547 0.6156393112 0.7515198771 0.1622175052 0.7968983858 0.9213504553 -0.4826888204 0.5225124467 0.1152157803 0.1237691912
0.2744618652 0.4984665995 0.4798334096 0.1241966422 0.6933827325 0.5934341810 0.7343497765 0.1260690197 0.7954159745 0.9274021667 -0.4543607518 0.4969551649 0.0777543794 0.0865567217
0.2411528672 0.4721290096 0.4535010110 0.0871393243 0.6730327397 0.5705303185 0.7165460759 0.0890406818 0.7935305990 0.9332552317 -0.4251773277 0.4706455232 0.0393960996 0.0484509743
0.2069868785 0.4450290747 0.4264322633 0.0491957139 0.6519554981 0.5469218201 0.6981031902 0.0511256231 0.7912376893 0.9389072102 -0.3951310933 0.4435772481 0.0001339786 0.0094450098
0.1719570353 0.4171604711 0.3986212143 0.0103589516 0.6301444296 0.5226027825 0.6790155341 0.0123169756 0.7885326752 0.9443556621 -0.3642145940 0.4157440662 -0.0400389457 -0.0304681109
0.1360564740 0.3885168751 0.3700619120 -0.0293778216 0.6075929560 0.4975673021 0.6592775226 -0.0273921290 0.7854109867 0.9495981473 -0.3324203751 0.3871397041 -0.0811296356 -0.0712953272
0.0992783311 0.3590919627 0.3407484044 -0.0700214649 0.5842944992 0.4718094756 0.6388835704 -0.0680085588 0.7818680539 0.9546322258 -0.2997409818 0.3577578882 -0.1231450533 -0.1130435780
0.0616157428 0.3288794104 0.3106747393 -0.1115788373 0.5602424809 0.4453233992 0.6178280924 -0.1095391820 0.7778993066 0.9594554576 -0.2661689595 0.3275923451 -0.1660921609 -0.1557198027
0.0230618455 0.2978728942 0.2798349648 -0.1540567981 0.5354303231 0.4181031697 0.5961055034 -0.1519908669 0.7735001749 0.9640654024 -0.2316968534 0.2966368013 -0.2099779208 -0.1993309403
-0.0163902244 0.2660660904 0.2482231287 -0.1974622064 0.5098514476 0.3901428836 0.5737102184 -0.1953704815 0.7686660887 0.9684596203 -0.1963172089 0.2648849833 -0.2548092950 -0.2438839301
-0.0567473306 0.2334526752 0.2158332791 -0.2418019213 0.4834992761 0.3614366372 0.5506366520 -0.2396848941 0.7633924779 0.9726356711 -0.1600225713 0.2323306178 -0.3005932458 -0.2893857112
-0.0980163367 0.2000263249 0.1826594637 -0.2870828020 0.4563672306 0.3319785273 0.5268792192 -0.2849409729 0.7576747726 0.9765911149 -0.1228054859 0.1989674312 -0.3473367355 -0.3358432229
-0.1402041063 0.1657807157 0.1486957307 -0.3333117076 0.4284487329 0.3017626502 0.5024323349 -0.3311455860 0.7515084027 0.9803235114 -0.0846584979 0.1647891500 -0.3950467261 -0.3832634043
-0.1833175032 0.1307095238 0.1139361278 -0.3804954972 0.3997372048 0.2707831025 0.4772904138 -0.3783056016 0.7448887981 0.9838304207 -0.0455741526 0.1297895008 -0.4437301800 -0.4316531945
-0.2273633909 0.0948064254 0.0783747031 -0.4286410300 0.3702260682 0.2390339808 0.4514478708 -0.4264278880 0.7378113888 0.9871094027 -0.0055449954 0.0939622101 -0.4933940593 -0.4810195328
-0.2723486330 0.0580650968 0.0420055044 -0.4777551652 0.3399087449 0.2065093815 0.4248991207 -0.4755193133 0.7302716048 0.9901580173 0.0354364284 0.0573010045 -0.5440453262 -0.5313693583
-0.3182800933 0.0204792141 0.0048225798 -0.5278447617 0.3087786567 0.1732034012 0.3976385784 -0.5255867457 0.7222648760 0.9929738244 0.0773775736 0.0197996104 -0.5956909429 -0.5827096102
-0.3651646354 -0.0179575463 -0.0331800228 -0.5789166789 0.2768292255 0.1391101363 0.3696606588 -0.5766370534 0.7137866325 0.9955543839 0.1202858948 -0.0185482455 -0.6483378717 -0.6350472277
-0.4130091228 -0.0572515084 -0.0720082556 -0.6309777759 0.2440538731 0.1042236835 0.3409597766 -0.6286771045 0.7048323041 0.9978972558 0.1641688468 -0.0577488367 -0.7019930748 -0.6883891500
