-0.6405088714 -0.7499079757 -0.8135949580 -0.6162852735 -0.3761081056 -0.8223770618 -0.9680019057 -0.6235970461 -0.4639548302 0.1327179452 0.3997868243 -0.7994199037 -0.6694974644 -0.6634074148
-0.6616177614 -0.7671850058 -0.8298747119 -0.6354696547 -0.3948657176 -0.8379571473 -0.9649878945 -0.6433664220 -0.4767731823 0.1566452637 0.4187331693 -0.8159441538 -0.6898582973 -0.6845061472
-0.6823097773 -0.7839717803 -0.8455262932 -0.6541221293 -0.4141835121 -0.8529295064 -0.9618620738 -0.6626224637 -0.4903094221 0.1805461729 0.4381515753 -0.8318753311 -0.7097017181 -0.7051215071
-0.7025690768 -0.8002538495 -0.8605319925 -0.6722241501 -0.4340709256 -0.8672776456 -0.9586275618 -0.6813468595 -0.5045785040 0.2044104815 0.4580495582 -0.8471965825 -0.7290092458 -0.7252355270
-0.7223798173 -0.8160167637 -0.8748741003 -0.6897571703 -0.4545373940 -0.8809850714 -0.9552874769 -0.6995212976 -0.5195953823 0.2282279979 0.4784346339 -0.8618910551 -0.7477623993 -0.7448302394
-0.7417261567 -0.8312460732 -0.8885349072 -0.7067026430 -0.4755923536 -0.8940352905 -0.9518449373 -0.7171274661 -0.5353750116 0.2519885307 0.4993143181 -0.8759418959 -0.7659426976 -0.7638876768
-0.7605922524 -0.8459273284 -0.9014967037 -0.7230420211 -0.4972452405 -0.9064118092 -0.9483030612 -0.7341470534 -0.5519323463 0.2756818882 0.5206961267 -0.8893322520 -0.7835316598 -0.7823898719
-0.7789622621 -0.8600460795 -0.9137417804 -0.7387567578 -0.5195054909 -0.9180981343 -0.9446649670 -0.7505617477 -0.5692823406 0.2992978791 0.5425875755 -0.9020452704 -0.8005108046 -0.8003188570
-0.7968203434 -0.8735878770 -0.9252524280 -0.7538283061 -0.5423825409 -0.9290777721 -0.9409337728 -0.7663532370 -0.5874399491 0.3228263118 0.5649961804 -0.9140640981 -0.8168616513 -0.8176566647
-0.8141506539 -0.8865382712 -0.9360109369 -0.7682381190 -0.5658858267 -0.9393342292 -0.9371125970 -0.7815032098 -0.6064201261 0.3462569948 0.5879294571 -0.9253718821 -0.8325657186 -0.8343853276
-0.8309373513 -0.8988828123 -0.9459995978 -0.7819676497 -0.5900247845 -0.9488510121 -0.9332045579 -0.7959933541 -0.6262378260 0.3695797367 0.6113949216 -0.9359517695 -0.8476045255 -0.8504868781
-0.8471645932 -0.9106070506 -0.9552007012 -0.7949983511 -0.6148088504 -0.9576116275 -0.9292127737 -0.8098053582 -0.6469080033 0.3927843458 0.6354000896 -0.9457869073 -0.8619595911 -0.8659433488
-0.8628165372 -0.9216965366 -0.9635965377 -0.8073116763 -0.6402474606 -0.9655995818 -0.9251403626 -0.8229209104 -0.6684456123 0.4158606308 0.6599524769 -0.9548604425 -0.8756124343 -0.8807367721
-0.8778773408 -0.9321368206 -0.9711693979 -0.8188890783 -0.6663500513 -0.9727983815 -0.9209904429 -0.8353216987 -0.6908656075 0.4387984000 0.6850595995 -0.9631555222 -0.8885445741 -0.8948491807
-0.8923311618 -0.9419134527 -0.9779015723 -0.8297120103 -0.6931260585 -0.9791915333 -0.9167661330 -0.8469894115 -0.7141829432 0.4615874621 0.7107289732 -0.9706552934 -0.9007375294 -0.9082626071
-0.9061621577 -0.9510119835 -0.9837753515 -0.8397619253 -0.7205849186 -0.9847625435 -0.9124705510 -0.8579057370 -0.7384125739 0.4842176255 0.7369681137 -0.9773429031 -0.9121728193 -0.9209590836
-0.9193544861 -0.9594179632 -0.9887730261 -0.8490202763 -0.7487360675 -0.9894949188 -0.9081068153 -0.8680523633 -0.7635694539 0.5066786987 0.7637845369 -0.9832014983 -0.9228319626 -0.9329206430
-0.9318923048 -0.9671169421 -0.9928768867 -0.8574685164 -0.7775889416 -0.9933721657 -0.9036780441 -0.8774109788 -0.7896685377 0.5289604902 0.7911857586 -0.9882142262 -0.9326964784 -0.9441293176
-0.9437597712 -0.9740944705 -0.9960692238 -0.8650880987 -0.8071529769 -0.9963777908 -0.8991873556 -0.8859632715 -0.8167247797 0.5510528085 0.8191792948 -0.9923642336 -0.9417478855 -0.9545671401
-0.9549410431 -0.9803360989 -0.9983323280 -0.8718604761 -0.8374376096 -0.9984953005 -0.8946378682 -0.8936909298 -0.8447531343 0.5729454622 0.8477726611 -0.9956346677 -0.9499677031 -0.9642161429
