-0.9967399105 -0.9998587552 -0.9922530617 -0.9638982908 -0.8372665259 -1.0000000000 -0.9779843788 -0.9639785493 -0.2060815172 -0.9375135229 0.8517575586 -1.0000000000 -0.9585557692 -0.9582689224
-0.9950855740 -0.9993896993 -0.9897432680 -0.9584867450 -0.8456119070 -0.9999733952 -0.9813992845 -0.9585744074 -0.2220586579 -0.9411298110 0.8590337392 -0.9997440190 -0.9527398600 -0.9524341229
-0.9931052653 -0.9985970247 -0.9868980393 -0.9527316977 -0.8537331717 -0.9996132637 -0.9845186341 -0.9528269468 -0.2380049169 -0.9446574077 0.8661038916 -0.9991650536 -0.9465792710 -0.9462549661
-0.9908038610 -0.9974849236 -0.9837224882 -0.9466397200 -0.8616306849 -0.9989231979 -0.9873447887 -0.9467427398 -0.2539155646 -0.9480944495 0.8729697506 -0.9982671769 -0.9400807649 -0.9397382352
-0.9881862379 -0.9960575883 -0.9802217268 -0.9402173826 -0.8693048114 -0.9979067904 -0.9898801090 -0.9403283588 -0.2697858716 -0.9514390726 0.8796330510 -0.9970544617 -0.9332511043 -0.9328907134
-0.9852572726 -0.9943192110 -0.9764008677 -0.9334712565 -0.8767559158 -0.9965676338 -0.9921269560 -0.9335903760 -0.2856111084 -0.9546894133 0.8860955279 -0.9955309810 -0.9260970521 -0.9257191838
-0.9820218418 -0.9922739840 -0.9722650232 -0.9264079127 -0.8839843631 -0.9949093206 -0.9940876905 -0.9265353637 -0.3013865455 -0.9578436081 0.8923589159 -0.9937008076 -0.9186253709 -0.9182304298
-0.9784848222 -0.9899260996 -0.9678193056 -0.9190339218 -0.8909905180 -0.9929354434 -0.9957646735 -0.9191698943 -0.3171074535 -0.9608997931 0.8984249502 -0.9915680144 -0.9108428234 -0.9104312345
-0.9746510905 -0.9872797502 -0.9630688275 -0.9113558550 -0.8977747453 -0.9906495947 -0.9971602659 -0.9115005399 -0.3327691028 -0.9638561047 0.9042953654 -0.9891366745 -0.9027561723 -0.9023283811
-0.9705255234 -0.9843391278 -0.9580187010 -0.9033802830 -0.9043374098 -0.9880553671 -0.9982768286 -0.9035338731 -0.3483667641 -0.9667106792 0.9099718966 -0.9864108606 -0.8943721804 -0.8939286528
-0.9661129975 -0.9811084249 -0.9526740387 -0.8951137768 -0.9106788762 -0.9851563531 -0.9991167224 -0.8952764659 -0.3638957077 -0.9694616530 0.9154562786 -0.9833946456 -0.8856976103 -0.8852388329
-0.9614183896 -0.9775918337 -0.9470399528 -0.8865629073 -0.9167995095 -0.9819561453 -0.9996823083 -0.8867348908 -0.3793512043 -0.9721071624 0.9207502462 -0.9800921026 -0.8767392248 -0.8762657044
-0.9564465764 -0.9737935465 -0.9411215559 -0.8777342453 -0.9226996743 -0.9784583363 -0.9999759472 -0.8779157199 -0.3947285243 -0.9746453436 0.9258555344 -0.9765073044 -0.8675037865 -0.8670160508
-0.9512024345 -0.9697177555 -0.9349239601 -0.8686343618 -0.9283797355 -0.9746665185 -1.0000000000 -0.8688255258 -0.4100229383 -0.9770743331 0.9307738781 -0.9726443239 -0.8579980583 -0.8574966550
-0.9456908406 -0.9653686530 -0.9284522780 -0.8592698277 -0.9338400578 -0.9705842845 -0.9997568275 -0.8594708805 -0.4252297169 -0.9793922671 0.9355070121 -0.9685072341 -0.8482288027 -0.8477143005
-0.9399166715 -0.9607504313 -0.9217116220 -0.8496472138 -0.9390810060 -0.9662152269 -0.9992487908 -0.8498583564 -0.4403441304 -0.9815972820 0.9400566713 -0.9641001078 -0.8382027825 -0.8376757703
-0.9338848037 -0.9558672827 -0.9147071043 -0.8397730910 -0.9441029450 -0.9615629383 -0.9984782506 -0.8399945259 -0.4553614495 -0.9836875140 0.9444245906 -0.9594270179 -0.8279267604 -0.8273878477
-0.9276001141 -0.9507233995 -0.9074438374 -0.8296540303 -0.9489062395 -0.9566310111 -0.9974475679 -0.8298859612 -0.4702769447 -0.9856610995 0.9486125049 -0.9544920374 -0.8174074991 -0.8168573158
-0.9210674792 -0.9453229738 -0.8999269336 -0.8192966026 -0.9534912543 -0.9514230380 -0.9961591035 -0.8195392346 -0.4850858864 -0.9875161749 0.9526221491 -0.9492992391 -0.8066517613 -0.8060909580
-0.9142917759 -0.9396701981 -0.8921615053 -0.8087073787 -0.9578583542 -0.9459426115 -0.9946152185 -0.8089609184 -0.4997835453 -0.9892508763 0.9564552581 -0.9438526960 -0.7956663098 -0.7950955573
