-0.3842654461 -0.5689130216 -0.5221804215 -0.1547375908 -0.8466755697 -0.5462085585 -0.7411501000 -0.1562021926 -0.9971940982 -0.8991071240 0.5205972038 -0.5638221524 -0.1202527853 -0.1093572602
-0.3716063449 -0.5557650546 -0.5074305114 -0.1422562210 -0.8375705527 -0.5335170742 -0.7285093540 -0.1437486552 -0.9959211253 -0.8912350821 0.5141358040 -0.5504205438 -0.1079990345 -0.0970427112
-0.3588576614 -0.5424971649 -0.4925666901 -0.1297225684 -0.8283036480 -0.5207097807 -0.7157026257 -0.1312426250 -0.9944199446 -0.8831262863 0.5075687572 -0.5368995908 -0.0956987989 -0.0846833811
-0.3460299759 -0.5291202266 -0.4776005910 -0.1171470560 -0.8188838372 -0.5077973247 -0.7027400835 -0.1186945119 -0.9926944374 -0.8747872790 0.5009036925 -0.5232702886 -0.0833623810 -0.0722895983
-0.3331338689 -0.5156451136 -0.4625438475 -0.1045401069 -0.8093201017 -0.4947903525 -0.6896318957 -0.1061147261 -0.9907484850 -0.8662246025 0.4941482384 -0.5095436320 -0.0710000830 -0.0598716910
-0.3201799207 -0.5020827000 -0.4474080930 -0.0919121440 -0.7996214232 -0.4816995106 -0.6763882305 -0.0935136777 -0.9885859687 -0.8574447992 0.4873100238 -0.4957306161 -0.0586222073 -0.0474399878
-0.3071787117 -0.4884438598 -0.4322049608 -0.0792735906 -0.7897967830 -0.4685354454 -0.6630192561 -0.0809017767 -0.9862107698 -0.8484544113 0.4803966775 -0.4818422358 -0.0462390563 -0.0350048167
-0.2941408223 -0.4747394672 -0.4169460844 -0.0666348696 -0.7798551628 -0.4553088034 -0.6495351409 -0.0682894331 -0.9836267696 -0.8392599811 0.4734158282 -0.4678894862 -0.0338609323 -0.0225765063
-0.2810768328 -0.4609803961 -0.4016430971 -0.0540064041 -0.7698055439 -0.4420302311 -0.6359460530 -0.0556870571 -0.9808378494 -0.8298680509 0.4663751047 -0.4538833623 -0.0214981377 -0.0101653849
-0.2679973238 -0.4471775207 -0.3863076323 -0.0413986172 -0.7596569081 -0.4287103749 -0.6222621609 -0.0431050587 -0.9778478906 -0.8202851630 0.4592821358 -0.4398348590 -0.0091609749 0.0022182193
-0.2549128755 -0.4333417148 -0.3709513234 -0.0288219318 -0.7494182367 -0.4153598812 -0.6084936327 -0.0305538480 -0.9746607743 -0.8105178598 0.4521445503 -0.4257549714 0.0031402539 0.0145639778
-0.2418340683 -0.4194838527 -0.3555858037 -0.0162867712 -0.7390985112 -0.4019893965 -0.5946506366 -0.0180438350 -0.9712803820 -0.8005726836 0.4449699769 -0.4116546944 0.0153952461 0.0268615624
-0.2287714827 -0.4056148083 -0.3402227067 -0.0038035582 -0.7287067133 -0.3886095674 -0.5807433411 -0.0055854298 -0.9677105950 -0.7904561765 0.4377660445 -0.3975450230 0.0275936996 0.0391006447
-0.2157356990 -0.3917454557 -0.3248736657 0.0086172839 -0.7182518243 -0.3752310401 -0.5667819142 0.0068109575 -0.9639552944 -0.7801748811 0.4305403817 -0.3834369522 0.0397253118 0.0512708963
-0.2027372975 -0.3778866689 -0.3095503141 0.0209653323 -0.7077428259 -0.3618644612 -0.5527765244 0.0191349169 -0.9600183617 -0.7697353395 0.4233006174 -0.3693414771 0.0517797806 0.0633619890
-0.1897868588 -0.3640493219 -0.2942642853 0.0332301637 -0.6971886996 -0.3485204771 -0.5387373399 0.0313760382 -0.9559036781 -0.7591440940 0.4160543803 -0.3552695926 0.0637468034 0.0753635944
-0.1768949631 -0.3502442890 -0.2790272127 0.0454013552 -0.6865984268 -0.3352097344 -0.5246745288 0.0435239115 -0.9516151250 -0.7484076870 0.4088092993 -0.3412322936 0.0756160780 0.0872653841
-0.1640721908 -0.3364824439 -0.2638507296 0.0574684837 -0.6759809890 -0.3219428793 -0.5105982596 0.0555681267 -0.9471565836 -0.7375326608 0.4015730031 -0.3272405753 0.0873773019 0.0990570299
-0.1513291224 -0.3227746609 -0.2487464694 0.0694211261 -0.6653453678 -0.3087305585 -0.4965187004 0.0674982736 -0.9425319352 -0.7265255577 0.3943531204 -0.3133054325 0.0990201729 0.1107282033
-0.1386763382 -0.3091318139 -0.2337260655 0.0812488594 -0.6547005448 -0.2955834182 -0.4824460196 0.0793039423 -0.9377450612 -0.7153929199 0.3871572801 -0.2994378603 0.1105343886 0.1222685761
