0.9507463567 -0.2537161532 -0.0898619687 0.9707620348 -0.9850940172 0.7314120555 -0.9983968006 0.9706034758 -0.9775571275 -0.9021353099 0.8136326300 0.0406996337 0.9722182989 0.9718475170
0.9025391091 -0.2861246759 -0.1290478906 0.9421586763 -0.9703494073 0.6983471711 -0.9966832068 0.9418436609 -0.9554783942 -0.8788477811 0.8019255564 -0.0022521143 0.9450275753 0.9442896088
0.8553695192 -0.3177155802 -0.1672466337 0.9141842405 -0.9557648665 0.6661329533 -0.9948599209 0.9137148612 -0.9337607595 -0.8556287625 0.7900460964 -0.0441622612 0.9184225354 0.9173209746
0.8092288489 -0.3484953677 -0.2044663682 0.8868330435 -0.9413390907 0.6347615311 -0.9929276450 0.8862113829 -0.9124011830 -0.8324798054 0.7779976399 -0.0850393266 0.8923978855 0.8909363138
0.7641083601 -0.3784705402 -0.2407152642 0.8600994013 -0.9270707759 0.6042250330 -0.9908870814 0.8593275320 -0.8913966239 -0.8094024610 0.7657835767 -0.1248918302 0.8669483320 0.8651303255
0.7199993150 -0.4076475991 -0.2760014920 0.8339776299 -0.9129586181 0.5745155880 -0.9887389322 0.8330576146 -0.8707440417 -0.7863982803 0.7534072967 -0.1637282919 0.8420685810 0.8398977091
0.6768929754 -0.4360330460 -0.3103332218 0.8084620453 -0.8990013133 0.5456253247 -0.9864838997 0.8073959369 -0.8504403959 -0.7634688146 0.7408721898 -0.2015572313 0.8177533388 0.8152331638
0.6347806032 -0.4636333826 -0.3437186237 0.7835469635 -0.8851975574 0.5175463720 -0.9841226862 0.7823368049 -0.8304826459 -0.7406156151 0.7281816460 -0.2383871682 0.7939973118 0.7911313889
0.5936534606 -0.4904551104 -0.3761658681 0.7592267006 -0.8715460464 0.4902708586 -0.9816559938 0.7578745246 -0.8108677511 -0.7178402329 0.7153390551 -0.2742266223 0.7707952062 0.7675870837
0.5535028094 -0.5165047311 -0.4076831250 0.7354955725 -0.8580454764 0.4637909133 -0.9790845247 0.7340034021 -0.7915926708 -0.6951442192 0.7023478069 -0.3090841134 0.7481417283 0.7445949473
0.5143199116 -0.5417887462 -0.4382785647 0.7123478953 -0.8446945434 0.4380986649 -0.9764089813 0.7107177436 -0.7726543647 -0.6725291253 0.6892112915 -0.3429681613 0.7260315844 0.7221496791
0.4760960292 -0.5663136573 -0.4679603574 0.6897779849 -0.8314919432 0.4131862422 -0.9736300656 0.6880118550 -0.7540497920 -0.6499965021 0.6759328986 -0.3758872856 0.7044594806 0.7002459783
0.4388224241 -0.5900859660 -0.4967366733 0.6677801575 -0.8184363720 0.3890457739 -0.9707484799 0.6658800426 -0.7357759122 -0.6275479010 0.6625160182 -0.4078500060 0.6834201234 0.6788785443
0.4024903584 -0.6131121740 -0.5246156827 0.6463487289 -0.8055265257 0.3656693888 -0.9677649264 0.6443166123 -0.7178296847 -0.6051848732 0.6489640401 -0.4388648425 0.6629082190 0.6580420761
0.3670910939 -0.6353987828 -0.5516055556 0.6254780153 -0.7927611002 0.3430492158 -0.9646801074 0.6233158702 -0.7002080690 -0.5829089697 0.6352803543 -0.4689403146 0.6429184737 0.6377312732
0.3326158927 -0.6569522940 -0.5777144624 0.6051623326 -0.7801387917 0.3211773834 -0.9614947250 0.6028721224 -0.6829080244 -0.5607217418 0.6214683506 -0.4980849421 0.6234455937 0.6179408348
0.2990560167 -0.6777792092 -0.6029505731 0.5853959969 -0.7676582959 0.3000460206 -0.9582094816 0.5829796751 -0.6659265105 -0.5386247406 0.6075314190 -0.5263072448 0.6044842854 0.5986654601
0.2664027280 -0.6978860300 -0.6273220582 0.5661733242 -0.7553183091 0.2796472561 -0.9548250792 0.5636328342 -0.6492604865 -0.5166195173 0.5934729493 -0.5536157424 0.5860292549 0.5798998485
0.2346472884 -0.7172792580 -0.6508370876 0.5474886304 -0.7431175271 0.2599732188 -0.9513422201 0.5448259058 -0.6329069120 -0.4947076232 0.5792963314 -0.5800189547 0.5680752087 0.5616386990
0.2037809599 -0.7359653948 -0.6735038317 0.5293362316 -0.7310546459 0.2410160372 -0.9477616066 0.5265531961 -0.6168627464 -0.4728906093 0.5650049552 -0.6055254013 0.5506168529 0.5438767112
