0.5771149455 0.4108553940 0.6362432053 0.8677646559 -0.1365888707 0.2987859892 -0.2868987692 0.8666395460 -0.4933936667 -0.2020961734 -0.1289967457 0.4465324383 0.8568826164 0.8361059173
0.5644010538 0.4032745243 0.6474728566 0.8544169397 -0.1484748019 0.2879111529 -0.2647595397 0.8533667787 -0.5047179070 -0.2115823776 -0.1163192616 0.4402370613 0.8436632754 0.8232489848
0.5509412195 0.3949261043 0.6575668966 0.8401240840 -0.1605968398 0.2764461165 -0.2424730045 0.8391475831 -0.5160275686 -0.2213239228 -0.1032296866 0.4331109443 0.8295032795 0.8094566261
0.5367209352 0.3857924974 0.6664919354 0.8248679366 -0.1729597465 0.2643785161 -0.2200486753 0.8239637418 -0.5273227029 -0.2313272161 -0.0897201603 0.4251345134 0.8143844985 0.7947106252
0.5217256931 0.3758560674 0.6742145832 0.8086303453 -0.1855682839 0.2516959875 -0.1974960642 0.8077970375 -0.5386033612 -0.2415986647 -0.0757828226 0.4162881951 0.7982888023 0.7789927658
0.5059409857 0.3650991777 0.6807014499 0.7913931580 -0.1984272142 0.2383861666 -0.1748246827 0.7906292529 -0.5498695950 -0.2521446758 -0.0614098133 0.4065524154 0.7811980609 0.7622848319
0.4893523054 0.3535041920 0.6859191457 0.7731382224 -0.2115412995 0.2244366895 -0.1520440430 0.7724421706 -0.5611214557 -0.2629716564 -0.0465932720 0.3959076008 0.7630941440 0.7445686073
0.4719451446 0.3410534738 0.6898342806 0.7538473864 -0.2249153016 0.2098351920 -0.1291636566 0.7532175734 -0.5723589947 -0.2740860138 -0.0313253386 0.3843341775 0.7439589216 0.7258258758
0.4537049957 0.3277293868 0.6924134647 0.7335024977 -0.2385539827 0.1945693101 -0.1061930356 0.7329372439 -0.5835822633 -0.2854941551 -0.0155981528 0.3718125718 0.7237742636 0.7060384214
0.4346173510 0.3135142945 0.6936233081 0.7120854041 -0.2524621049 0.1786266798 -0.0831416917 0.7115829649 -0.5947913130 -0.2972024874 0.0005961456 0.3583232099 0.7025220399 0.6851880279
0.4146677030 0.2983905606 0.6934304209 0.6895779535 -0.2666444302 0.1619949369 -0.0600191368 0.6891365189 -0.6059861952 -0.3092174179 0.0172654168 0.3438465182 0.6801841203 0.6632564791
0.3938415440 0.2823405485 0.6918014132 0.6659619937 -0.2811057205 0.1446617173 -0.0368348827 0.6655796887 -0.6171669613 -0.3215453537 0.0344175211 0.3283629229 0.6567423748 0.6402255590
0.3721243665 0.2653466219 0.6887028950 0.6412193724 -0.2958507380 0.1266146572 -0.0135984412 0.6408942570 -0.6283336626 -0.3341927020 0.0520603186 0.3118528502 0.6321786733 0.6160770513
0.3495016628 0.2473911444 0.6841014764 0.6153319375 -0.3108842448 0.1078413922 0.0096806758 0.6150620064 -0.6394863506 -0.3471658699 0.0702016697 0.2942967266 0.6064748856 0.5907927400
0.3259589254 0.2284564796 0.6779637675 0.5882815367 -0.3262110028 0.0883295585 0.0329929565 0.5880647196 -0.6506250767 -0.3604712646 0.0888494345 0.2756749781 0.5796128816 0.5643544089
0.3014816466 0.2085249910 0.6702563784 0.5600500179 -0.3418357741 0.0680667920 0.0563288890 0.5598841793 -0.6617498923 -0.3741152932 0.1080114734 0.2559680312 0.5515745313 0.5367438419
0.2760553189 0.1875790422 0.6609459191 0.5306192289 -0.3577633207 0.0470407285 0.0796789615 0.5305021682 -0.6728608487 -0.3881043629 0.1276956464 0.2351563121 0.5223417045 0.5079428228
0.2496654346 0.1656009969 0.6499989997 0.4999710174 -0.3739984048 0.0252390040 0.1030336621 0.4999004689 -0.6839579975 -0.4024448808 0.1479098139 0.2132202471 0.4918962711 0.4779331355
0.2222974861 0.1425732186 0.6373822304 0.4680872313 -0.3905457882 0.0026492545 0.1263834791 0.4680608642 -0.6950413899 -0.4171432540 0.1686618361 0.1901402624 0.4602201010 0.4466965639
0.1939369658 0.1184780709 0.6230622211 0.4349497184 -0.4074102332 -0.0207408842 0.1497189006 0.4349651367 -0.7061110774 -0.4322058898 0.1899595732 0.1658967843 0.4272950641 0.4142148918
