-0.4718694646 -0.5420129709 -0.5785705705 -0.4136411649 -0.4502014595 -0.4199410052 -0.6431015903 -0.4141793482 -0.6401800983 -0.1431679391 0.4112756098 -0.5486202325 -0.3858146796 -0.3846673971
-0.4307735717 -0.5061963918 -0.5456461736 -0.3678789525 -0.4066415283 -0.3745437469 -0.6150484874 -0.3684584424 -0.6094276104 -0.1192442439 0.3637003017 -0.5133278953 -0.3378773495 -0.3366539528
-0.3907786152 -0.4713058176 -0.5135784462 -0.3233188467 -0.3641072554 -0.3303159357 -0.5876933545 -0.3239384252 -0.5789977038 -0.0955301122 0.3170846202 -0.4789492678 -0.2911989867 -0.2899039256
-0.3518726585 -0.4373311492 -0.4823578749 -0.2799481359 -0.3225883409 -0.2872453141 -0.5610283306 -0.2806065971 -0.5488894967 -0.0720270012 0.2714213601 -0.4454743526 -0.2457663643 -0.2444040315
-0.3140437648 -0.4042622876 -0.4519749460 -0.2377541088 -0.2820744845 -0.2453196247 -0.5350455548 -0.2384502587 -0.5191021074 -0.0487363681 0.2267033165 -0.4128931526 -0.2015662557 -0.2001409867
-0.2772799975 -0.3720891335 -0.4224201462 -0.1967240540 -0.2425553861 -0.2045266099 -0.5097371660 -0.1974567106 -0.4896346542 -0.0256596700 0.1829232841 -0.3811956703 -0.1585854341 -0.1571015073
-0.2415694197 -0.3408015881 -0.3936839618 -0.1568452600 -0.2040207456 -0.1648540123 -0.4850953032 -0.1576132533 -0.4604862553 -0.0027983643 0.1400740579 -0.3503719087 -0.1168106727 -0.1152723093
-0.2069000949 -0.3103895521 -0.3657568794 -0.1181050153 -0.1664602628 -0.1262895744 -0.4611121053 -0.1189071873 -0.4316560291 0.0198460918 0.0981484329 -0.3204118703 -0.0762287447 -0.0746401089
-0.1732600862 -0.2808429266 -0.3386293853 -0.0804906087 -0.1298636376 -0.0888210386 -0.4377797114 -0.0813258133 -0.4031430938 0.0422722413 0.0571392040 -0.2913055580 -0.0368264235 -0.0351916222
-0.1406374569 -0.2521516124 -0.3122919660 -0.0439893285 -0.0942205699 -0.0524361475 -0.4150902604 -0.0448564317 -0.3749465677 0.0644786268 0.0170391661 -0.2630429744 0.0014095178 0.0030864347
-0.1090202703 -0.2243055105 -0.2867351081 -0.0085884635 -0.0595207595 -0.0171226436 -0.3930358913 -0.0094863431 -0.3470655690 0.0864637911 -0.0221588858 -0.2356141222 0.0384923058 0.0402073456
-0.0783965897 -0.1972945218 -0.2619492979 0.0257246978 -0.0257539062 0.0171317306 -0.3716087431 0.0247971519 -0.3194992161 0.1082262771 -0.0604621569 -0.2090090043 0.0744351674 0.0761843945
-0.0487544783 -0.1711085471 -0.2379250220 0.0589628669 0.0070902900 0.0503392326 -0.3508009547 0.0580067527 -0.2922466271 0.1297646275 -0.0978778522 -0.1832176233 0.1092513293 0.1110308653
-0.0200819995 -0.1457374875 -0.2146527669 0.0911387552 0.0390221294 0.0825121199 -0.3306046652 0.0901551589 -0.2653069205 0.1510773852 -0.1344131768 -0.1582299819 0.1429540182 0.1447600418
0.0076327836 -0.1211712439 -0.1921230188 0.1222650740 0.0700519120 0.1136626500 -0.3110120134 0.1212550698 -0.2386792145 0.1721630928 -0.1700753358 -0.1340360829 0.1755564610 0.1773852080
0.0344018076 -0.0973997171 -0.1703262645 0.1523545349 0.1001899379 0.1438030803 -0.2920151385 0.1513191849 -0.2123626273 0.1930202933 -0.2048715342 -0.1106259289 0.2070718843 0.2089196477
0.0602370092 -0.0744128081 -0.1492529902 0.1814198493 0.1294465075 0.1729456684 -0.2736061793 0.1803602037 -0.1863562772 0.2136475294 -0.2388089771 -0.0879895228 0.2375135149 0.2393766447
0.0851503252 -0.0522004178 -0.1288936826 0.2094737285 0.1578319206 0.2011026718 -0.2557772749 0.2083908256 -0.1606592825 0.2340433438 -0.2718948696 -0.0661168673 0.2668945795 0.2687694831
0.1091536924 -0.0307524472 -0.1092388280 0.2365288840 0.1853564776 0.2282863479 -0.2385205641 0.2354237500 -0.1352707615 0.2542062795 -0.3041364167 -0.0449979650 0.2952283050 0.2971114467
0.1322590473 -0.0100587971 -0.0902789129 0.2625980273 0.2120304786 0.2545089543 -0.2218281861 0.2614716764 -0.1101898325 0.2741348791 -0.3355408236 -0.0246228187 0.3225279181 0.3244158193
