0.9247825571 0.9723713095 0.9220041747 0.9892203564 0.8164479134 0.0655091492 0.9729317120 0.9892481001 0.5651261919 -0.6874254980 -0.9922446835 0.9669941861 0.9932078878 0.9906112251
0.9165426776 0.9659477755 0.9188512766 0.9852882072 0.8110378173 0.0607861833 0.9662234081 0.9853205731 0.5617663047 -0.6871404895 -0.9897412911 0.9599856116 0.9900211444 0.9869295583
0.9079194518 0.9588963634 0.9148760941 0.9807714256 0.8055632568 0.0556000224 0.9588214611 0.9808084090 0.5585692762 -0.6870244733 -0.9869012139 0.9523505879 0.9862468068 0.9826680455
0.8989195010 0.9512287617 0.9100941718 0.9756795827 0.8000242482 0.0499611798 0.9507394293 0.9757211769 0.5555309187 -0.6870723393 -0.9837285144 0.9441010480 0.9818942375 0.9778360520
0.8895494463 0.9429566590 0.9045210542 0.9700222494 0.7944208081 0.0438801690 0.9419908710 0.9700684462 0.5526470445 -0.6872789773 -0.9802272551 0.9352489246 0.9769727991 0.9724429432
0.8798159090 0.9340917437 0.8981722860 0.9638089965 0.7887529528 0.0373675035 0.9325893445 0.9638597863 0.5499134661 -0.6876392770 -0.9764014986 0.9258061505 0.9714918541 0.9664980845
0.8697255102 0.9246457043 0.8910634115 0.9570493951 0.7830206989 0.0304336966 0.9225484080 0.9571047663 0.5473259958 -0.6881481285 -0.9722553075 0.9157846588 0.9654607652 0.9600108412
0.8592848713 0.9146302294 0.8832099755 0.9497530161 0.7772240627 0.0230892619 0.9118816198 0.9498129557 0.5448804461 -0.6888004214 -0.9677927443 0.9051963821 0.9588888948 0.9529905785
0.8485006132 0.9040570074 0.8746275224 0.9419294305 0.7713630608 0.0153447128 0.9006025382 0.9419939237 0.5425726292 -0.6895910457 -0.9630178715 0.8940532535 0.9517856056 0.9454466620
0.8373793574 0.8929377269 0.8653315967 0.9335882091 0.7654377095 0.0072105627 0.8887247214 0.9336572396 0.5403983575 -0.6905148911 -0.9579347518 0.8823672056 0.9441602601 0.9373884569
0.8259277250 0.8812840763 0.8553377430 0.9247389230 0.7594480253 -0.0013026749 0.8762617277 0.9248124727 0.5383534435 -0.6915668476 -0.9525474476 0.8701501714 0.9360222210 0.9288253286
0.8141523371 0.8691077441 0.8446615060 0.9153911430 0.7533940247 -0.0101844866 0.8632271155 0.9154691923 0.5364336995 -0.6927418049 -0.9468600215 0.8574140837 0.9273808508 0.9197666424
0.8020598151 0.8564204189 0.8333184300 0.9055544402 0.7472757241 -0.0194243589 0.8496344429 0.9056369677 0.5346349379 -0.6940346530 -0.9408765361 0.8441708754 0.9182455120 0.9102217637
0.7896567800 0.8432337891 0.8213240597 0.8952383854 0.7410931399 -0.0290117784 0.8354972682 0.8953253683 0.5329529710 -0.6954402815 -0.9346010539 0.8304324793 0.9086255673 0.9002000579
0.7769498532 0.8295595433 0.8086939395 0.8844525497 0.7348462886 -0.0389362315 0.8208291498 0.8845439633 0.5313836112 -0.6969535804 -0.9280376375 0.8162108283 0.8985303792 0.8897108902
0.7639456558 0.8154093699 0.7954436142 0.8732065039 0.7285351866 -0.0491872050 0.8056436459 0.8733023220 0.5299226709 -0.6985694396 -0.9211903494 0.8015178552 0.8879693103 0.8787636261
0.7506508091 0.8007949575 0.7815886281 0.8615098190 0.7221598504 -0.0597541853 0.7899543147 0.8616100137 0.5285659625 -0.7002827488 -0.9140632521 0.7863654929 0.8769517232 0.8673676308
0.7370719342 0.7857279945 0.7671445258 0.8493720659 0.7157202965 -0.0706266589 0.7737747146 0.8494766078 0.5273092983 -0.7020883979 -0.9066604083 0.7707656743 0.8654869804 0.8555322698
0.7232156523 0.7702201695 0.7521268520 0.8368028156 0.7092165412 -0.0817941125 0.7571184037 0.8369116735 0.5261484907 -0.7039812767 -0.8989858804 0.7547303321 0.8535844445 0.8432669083
0.7090885847 0.7542831709 0.7365511510 0.8238116391 0.7026486010 -0.0932460326 0.7399989405 0.8239247801 0.5250793522 -0.7059562751 -0.8910437311 0.7382713993 0.8412534781 0.8305809118
