0.0544091148 -0.0777671601 -0.0443313995 -0.0024797446 0.2576393952 0.0877449245 0.0244613945 -0.0029388007 0.3237413269 0.2694435420 -0.5410016274 0.0083274232 0.0705907671 0.0665668508
0.0734042530 -0.0579518162 -0.0258586679 0.0175967626 0.2745778539 0.1069028019 0.0426364651 0.0171515538 0.3402777774 0.2871424800 -0.5541612932 0.0274790501 0.0896063966 0.0856439699
0.0924200397 -0.0381161505 -0.0073780789 0.0376866461 0.2914827040 0.1260522226 0.0607990001 0.0372550135 0.3567482052 0.3047510510 -0.5672279111 0.0466217124 0.1086310414 0.1047302400
0.1114485111 -0.0182671211 0.0111047553 0.0577818949 0.3083473030 0.1451857167 0.0789436545 0.0573635700 0.3731466284 0.3222639223 -0.5801966051 0.0657491633 0.1276569424 0.1238178893
0.1304817033 0.0015883135 0.0295842223 0.0778744977 0.3251650084 0.1642958143 0.0970650835 0.0774692147 0.3894670653 0.3396757608 -0.5930624991 0.0848551559 0.1466763403 0.1428991460
0.1495116526 0.0214431951 0.0480547096 0.0979564436 0.3419291777 0.1833750455 0.1151579421 0.0975639390 0.4057035341 0.3569812338 -0.6058207171 0.1039334434 0.1656814760 0.1619662384
0.1685303951 0.0412905653 0.0665106049 0.1180197214 0.3586331685 0.2024159406 0.1332168855 0.1176397345 0.4218500532 0.3741750084 -0.6184663832 0.1229777790 0.1846645903 0.1810113946
0.1875299669 0.0611234658 0.0849462958 0.1380563201 0.3752703383 0.2214110296 0.1512365688 0.1376885925 0.4379006406 0.3912517516 -0.6309946213 0.1419819159 0.2036179238 0.2000268429
0.2065024042 0.0809349383 0.1033561699 0.1580582284 0.3918340447 0.2403528428 0.1692116471 0.1577025047 0.4538493147 0.4082061307 -0.6434005554 0.1609396072 0.2225337175 0.2190048115
0.2254397433 0.1007180245 0.1217346150 0.1780174355 0.4083176450 0.2592339103 0.1871367754 0.1776734624 0.4696900937 0.4250328128 -0.6556793096 0.1798446061 0.2414042121 0.2379375285
0.2443340202 0.1204657661 0.1400760185 0.1979259300 0.4247144970 0.2780467622 0.2050066089 0.1975934572 0.4854169959 0.4417264650 -0.6678260077 0.1986906658 0.2602216484 0.2568172223
0.2631772711 0.1401712047 0.1583747682 0.2177757010 0.4410179581 0.2967839288 0.2228158027 0.2174544805 0.5010240394 0.4582817544 -0.6798357739 0.2174715394 0.2789782671 0.2756361210
0.2819615322 0.1598273820 0.1766252516 0.2375587373 0.4572213858 0.3154379400 0.2405590119 0.2372485237 0.5165052426 0.4746933482 -0.6917037321 0.2361809801 0.2976663091 0.2943864528
0.3006788397 0.1794273397 0.1948218565 0.2572670279 0.4733181377 0.3340013262 0.2582308916 0.2569675785 0.5318546236 0.4909559135 -0.7034250064 0.2548127412 0.3162780152 0.3130604459
0.3193212297 0.1989641196 0.2129589703 0.2768925616 0.4893015713 0.3524666174 0.2758260969 0.2766036361 0.5470662008 0.5070641174 -0.7149947206 0.2733605757 0.3348056261 0.3316503286
0.3378807384 0.2184307632 0.2310309808 0.2964273273 0.5051650441 0.3708263438 0.2933392828 0.2961486882 0.5621339923 0.5230126271 -0.7264079988 0.2918182368 0.3532413826 0.3501483291
0.3563494020 0.2378203122 0.2490322756 0.3158633140 0.5209019137 0.3890730355 0.3107651046 0.3155947261 0.5770520164 0.5387961097 -0.7376599650 0.3101794778 0.3715775256 0.3685466755
0.3747192566 0.2571258084 0.2669572423 0.3351925106 0.5365055375 0.4071992228 0.3280982172 0.3349337414 0.5918142913 0.5544092322 -0.7487457432 0.3284380517 0.3898062958 0.3868375961
0.3929823384 0.2763402934 0.2848002685 0.3544069059 0.5519692732 0.4251974358 0.3453332759 0.3541577255 0.6064148353 0.5698466620 -0.7596604574 0.3465877118 0.4079199339 0.4050133192
0.4111306835 0.2954568090 0.3025557418 0.3734984888 0.5672864782 0.4430602045 0.3624649356 0.3732586699 0.6208476666 0.5851030660 -0.7703992315 0.3646222113 0.4259106808 0.4230660728
