-0.8217350500 -0.8795066093 -0.7788916840 -0.6439198835 -0.9280715224 -0.8942558783 -0.9804180469 -0.6441089005 -0.4775193519 -0.8047869126 0.8812342841 -0.8631826658 -0.6231254874 -0.6201335576
-0.8126002197 -0.8716703885 -0.7680865298 -0.6308321623 -0.9339041771 -0.8872452676 -0.9770272582 -0.6310145724 -0.4976966530 -0.8170409876 0.8867750304 -0.8549686115 -0.6096560581 -0.6066308291
-0.8033246943 -0.8636423830 -0.7571140656 -0.6176667232 -0.9395010983 -0.8800664824 -0.9733749008 -0.6178418263 -0.5176348733 -0.8289636593 0.8921725532 -0.8465798366 -0.5961171159 -0.5930610456
-0.7939152814 -0.8554277832 -0.7459809828 -0.6044329758 -0.9448608074 -0.8727250090 -0.9694629121 -0.6046000580 -0.5373235063 -0.8405479200 0.8974276425 -0.8380220589 -0.5825183621 -0.5794339732
-0.7843787885 -0.8470317793 -0.7346939728 -0.5911403299 -0.9499818257 -0.8652263334 -0.9652932293 -0.5912986630 -0.5567520453 -0.8517867623 0.9025410882 -0.8293009958 -0.5688694976 -0.5657593777
-0.7747220231 -0.8384595618 -0.7232597270 -0.5777981951 -0.9548626746 -0.8575759421 -0.9608677896 -0.5779470370 -0.5759099836 -0.8626731788 0.9075136803 -0.8204223649 -0.5551802238 -0.5520470251
-0.7649517928 -0.8297163210 -0.7116849368 -0.5644159812 -0.9595018755 -0.8497793211 -0.9561885304 -0.5645545755 -0.5947868146 -0.8732001619 0.9123462087 -0.8113918839 -0.5414602416 -0.5383066813
-0.7550749050 -0.8208072473 -0.6999762936 -0.5510030977 -0.9638979496 -0.8418419569 -0.9512573888 -0.5511306742 -0.6133720316 -0.8833607043 0.9170394635 -0.8022152704 -0.5277192523 -0.5245481122
-0.7450981673 -0.8117375310 -0.6881404888 -0.5375689543 -0.9680494183 -0.8337693355 -0.9460763020 -0.5376847287 -0.6316551279 -0.8931477984 0.9215942346 -0.7928982418 -0.5139669569 -0.5107810838
-0.7350283872 -0.8025123624 -0.6761842139 -0.5241229608 -0.9719548030 -0.8255669432 -0.9406472075 -0.5242261347 -0.6496255969 -0.9025544368 0.9260113119 -0.7834465159 -0.5002130567 -0.4970153619
-0.7248723723 -0.7931369321 -0.6641141603 -0.5106745268 -0.9756126250 -0.8172402663 -0.9349720423 -0.5107642878 -0.6672729319 -0.9115736120 0.9302914855 -0.7738658102 -0.4864672528 -0.4832607126
-0.7146369300 -0.7836164302 -0.6519370193 -0.4972330620 -0.9790214056 -0.8087947910 -0.9290527438 -0.4973085835 -0.6845866262 -0.9201983165 0.9344355453 -0.7641618422 -0.4727392462 -0.4695269017
-0.7043288679 -0.7739560472 -0.6396594825 -0.4838079760 -0.9821796661 -0.8002360035 -0.9228912492 -0.4838684176 -0.7015561732 -0.9284215429 0.9384442812 -0.7543403297 -0.4590387383 -0.4558236951
-0.6939549935 -0.7641609734 -0.6272882411 -0.4704086786 -0.9850859280 -0.7915693901 -0.9164894957 -0.4704531856 -0.7181710662 -0.9362362837 0.9423184833 -0.7444069901 -0.4453754300 -0.4421608589
-0.6835221143 -0.7542363992 -0.6148299866 -0.4570445794 -0.9877387126 -0.7828004371 -0.9098494207 -0.4570722832 -0.7344207985 -0.9436355314 0.9460589414 -0.7343675411 -0.4317590225 -0.4285481588
-0.6730370379 -0.7441875150 -0.6022914105 -0.4437250881 -0.9901365412 -0.7739346305 -0.9029729614 -0.4437351060 -0.7502948635 -0.9506122786 0.9496664457 -0.7242277003 -0.4181992170 -0.4149953609
-0.6625065717 -0.7340195110 -0.5896792041 -0.4304596144 -0.9922779351 -0.7649774568 -0.8958620549 -0.4304510497 -0.7657827545 -0.9571595177 0.9531417859 -0.7139931852 -0.4047057146 -0.4015122311
-0.6519375234 -0.7237375777 -0.5770000588 -0.4172575679 -0.9941614157 -0.7559344020 -0.8885186386 -0.4172295098 -0.7808739649 -0.9632702414 0.9564857521 -0.7036697135 -0.3912882165 -0.3881085353
-0.6413367004 -0.7133469054 -0.5642606661 -0.4041283583 -0.9957855043 -0.7468109525 -0.8809446498 -0.4040798819 -0.7955579879 -0.9689374422 0.9596991343 -0.6932630027 -0.3779564238 -0.3747940394
-0.6307109102 -0.7028526844 -0.5514677173 -0.3910813953 -0.9971487224 -0.7376125945 -0.8731420256 -0.3910115618 -0.8098243169 -0.9741541125 0.9627827224 -0.6827787704 -0.3647200376 -0.3615785094
