0.6394044301 0.5382727407 0.3296941699 0.6615534863 0.8240021741 0.8255027805 0.2320548529 0.6651025557 0.9441972641 0.8497114148 -0.8967364215 0.4925915300 0.7087383568 0.6754113253
0.5883539038 0.4904314138 0.2891584789 0.6108251721 0.7674824316 0.7694222110 0.1937738235 0.6141894061 0.9263290337 0.8014117599 -0.8634957211 0.4461237986 0.6566453421 0.6244534586
0.5382495483 0.4434735779 0.2493524242 0.5610188824 0.7120228170 0.7143724230 0.1561932417 0.5642031244 0.9088216666 0.7539992986 -0.8308378193 0.4005141142 0.6054987560 0.5744185499
0.4890849590 0.3973933365 0.2102713768 0.5121284838 0.6576155472 0.6603463345 0.1193086510 0.5151375327 0.8916718760 0.7074673852 -0.7987582472 0.3557567793 0.5552922772 0.5253004731
0.4408537314 0.3521847931 0.1719107077 0.4641478430 0.6042528392 0.6073368633 0.0831155947 0.4669864537 0.8748763754 0.6618093736 -0.7672525362 0.3118460967 0.5060195842 0.4770931020
0.3935494610 0.3078420513 0.1342657878 0.4170708267 0.5519269098 0.5553369272 0.0476096163 0.4197437097 0.8584318783 0.6170186180 -0.7363162176 0.2687763691 0.4576743559 0.4297903105
0.3471657432 0.2643592145 0.0973319883 0.3708913017 0.5006299759 0.5043394440 0.0127862593 0.3734031232 0.8423350981 0.5730884727 -0.7059448228 0.2265418991 0.4102502707 0.3833859726
0.3016961735 0.2217303862 0.0611046799 0.3256031345 0.4503542544 0.4543373317 -0.0213589328 0.3279585166 0.8265827483 0.5300122916 -0.6761338830 0.1851369896 0.3637410074 0.3378739620
0.2571343473 0.1799496701 0.0255792338 0.2812001920 0.4010919624 0.4053235080 -0.0548304167 0.2834037124 0.8111715422 0.4877834290 -0.6468789295 0.1445559431 0.3181402446 0.2932481526
0.2134738602 0.1390111695 -0.0092489792 0.2376763408 0.3528353166 0.3572908909 -0.0876326489 0.2397325330 0.7960981933 0.4463952389 -0.6181754938 0.1047930624 0.2734416609 0.2495024183
0.1707083075 0.0989089881 -0.0433845879 0.1950254476 0.3055765339 0.3102323981 -0.1197700858 0.1969388008 0.7813594150 0.4058410756 -0.5900191070 0.0658426502 0.2296389351 0.2066306330
0.1288312847 0.0596372292 -0.0768322216 0.1532413791 0.2593078314 0.2641409475 -0.1512471841 0.1550163384 0.7669519207 0.3661142931 -0.5624053006 0.0276990092 0.1867257457 0.1646266705
0.0878363873 0.0211899965 -0.1095965091 0.1123180020 0.2140214259 0.2190094570 -0.1820684003 0.1139589680 0.7528724240 0.3272082455 -0.5353296058 -0.0096435579 0.1446957715 0.1234844048
0.0477172107 -0.0164386065 -0.1416820796 0.0722491830 0.1697095343 0.1748308444 -0.2122381910 0.0737605122 0.7391176381 0.2891162871 -0.5087875539 -0.0461907485 0.1035426909 0.0831977096
0.0084673505 -0.0532544764 -0.1730935619 0.0330287889 0.1263643735 0.1315980276 -0.2417610126 0.0344147934 0.7256842766 0.2518317718 -0.4827746763 -0.0819482597 0.0632601829 0.0437604589
-0.0299195980 -0.0892635097 -0.2038355853 -0.0053493137 0.0839781604 0.0893039244 -0.2706413218 -0.0040843660 0.7125690528 0.2153480540 -0.4572865043 -0.1169217889 0.0238419258 0.0051665266
-0.0674500393 -0.1244716027 -0.2339127786 -0.0428912581 0.0425431119 0.0479414527 -0.2988835752 -0.0417431435 0.6997686802 0.1796584876 -0.4323185692 -0.1511170335 -0.0147184015 -0.0325902136
-0.1041303778 -0.1588846520 -0.2633297709 -0.0796031776 0.0020514450 0.0075035302 -0.3264922291 -0.0785677167 0.6872798723 0.1447564269 -0.4078664024 -0.1845396906 -0.0524271205 -0.0695158877
-0.1399670182 -0.1925085541 -0.2920911912 -0.1154912055 -0.0375046234 -0.0320169250 -0.3534717403 -0.1145642631 0.6750993424 0.1106352259 -0.3839255350 -0.2171954577 -0.0892905524 -0.1056166219
-0.1749663650 -0.2253492055 -0.3202016685 -0.1505614751 -0.0761328765 -0.0706269953 -0.3798265651 -0.1497389603 0.6632238040 0.0772882388 -0.3604914986 -0.2490900319 -0.1253150187 -0.1408985422
