-0.5203727037 -0.4841823425 -0.6721087892 -0.5999178216 0.0057850988 -0.6123822851 -0.2963835315 -0.5958261577 0.1589875351 -0.9413611444 -0.0399730851 -0.4771536876 -0.5543745122 -0.5357051779
-0.5301641727 -0.4962779603 -0.6809663621 -0.6035628225 -0.0103019875 -0.6236933366 -0.3114679598 -0.5994593986 0.1415291241 -0.9445362463 -0.0282793843 -0.4889934011 -0.5578520644 -0.5390669733
-0.5398870516 -0.5082873693 -0.6897270389 -0.6071396167 -0.0263867068 -0.6348929290 -0.3264826790 -0.6030247797 0.1240314635 -0.9476468742 -0.0165822416 -0.5007522311 -0.5612651966 -0.5423658055
-0.5495402483 -0.5202083090 -0.6983897480 -0.6106491932 -0.0424653583 -0.6459783223 -0.3414242164 -0.6065232919 0.1064994300 -0.9506908109 -0.0048830807 -0.5124280941 -0.5646149292 -0.5456027199
-0.5591226712 -0.5320385186 -0.7069534180 -0.6140925414 -0.0585342415 -0.6569467765 -0.3562890993 -0.6099559265 0.0889379000 -0.9536658390 0.0068166749 -0.5240189069 -0.5679022822 -0.5487787618
-0.5686332282 -0.5437757374 -0.7154169773 -0.6174706503 -0.0745896556 -0.6677955516 -0.3710738551 -0.6133236745 0.0713517500 -0.9565697414 0.0185156016 -0.5355225861 -0.5711282759 -0.5518949766
-0.5780708276 -0.5554177048 -0.7237793546 -0.6207845092 -0.0906278999 -0.6785219076 -0.3857750112 -0.6166275270 0.0537458564 -0.9594003008 0.0302122758 -0.5469370481 -0.5742939305 -0.5549524098
-0.5874343774 -0.5669621600 -0.7320394784 -0.6240351072 -0.1066452737 -0.6891231044 -0.4003890947 -0.6198684751 0.0361250957 -0.9621553001 0.0419052741 -0.5582602098 -0.5774002662 -0.5579521067
-0.5967227858 -0.5784068424 -0.7401962772 -0.6272234335 -0.1226380764 -0.6995964022 -0.4149126330 -0.6230475099 0.0184943445 -0.9648325218 0.0535931727 -0.5694899876 -0.5804483032 -0.5608951127
-0.6059349609 -0.5897494912 -0.7482486794 -0.6303504773 -0.1386026073 -0.7099390609 -0.4293421536 -0.6261656225 0.0008584791 -0.9674297490 0.0652745482 -0.5806242983 -0.5834390617 -0.5637824732
-0.6150698108 -0.6009878458 -0.7561956138 -0.6334172278 -0.1545351656 -0.7201483404 -0.4436741836 -0.6292238039 -0.0167776239 -0.9699447642 0.0769479770 -0.5916610583 -0.5863735619 -0.5666152337
-0.6241262438 -0.6121196455 -0.7640360087 -0.6364246741 -0.1704320508 -0.7302215009 -0.4579052504 -0.6322230454 -0.0344090881 -0.9723753503 0.0886120355 -0.6025981844 -0.5892528239 -0.5693944394
-0.6331031678 -0.6231426296 -0.7717687927 -0.6393738055 -0.1862895620 -0.7401558023 -0.4720318813 -0.6351643379 -0.0520310369 -0.9747192901 0.1002653001 -0.6134335932 -0.5920778681 -0.5721211358
-0.6419994910 -0.6340545372 -0.7793928943 -0.6422656110 -0.2021039986 -0.7499485043 -0.4860506036 -0.6380486726 -0.0696385939 -0.9769743660 0.1119063474 -0.6241652011 -0.5948497145 -0.5747963683
-0.6508141218 -0.6448531081 -0.7869072423 -0.6451010800 -0.2178716601 -0.7595968677 -0.4999579449 -0.6408770406 -0.0872268828 -0.9791383616 0.1235337536 -0.6347909251 -0.5975693834 -0.5774211823
-0.6595459680 -0.6555360812 -0.7943107649 -0.6478812015 -0.2335888456 -0.7690981518 -0.5137504322 -0.6436504330 -0.1047910269 -0.9812090589 0.1351460953 -0.6453086815 -0.6002378951 -0.5799966232
-0.6681939378 -0.6661011959 -0.8016023907 -0.6506069647 -0.2492518544 -0.7784496168 -0.5274245929 -0.6463698408 -0.1223261497 -0.9831842410 0.1467419489 -0.6557163870 -0.6028562696 -0.5825237363
-0.6767569393 -0.6765461915 -0.8087810483 -0.6532793588 -0.2648569860 -0.7876485227 -0.5409769544 -0.6490362552 -0.1398273748 -0.9850616905 0.1583198908 -0.6660119583 -0.6054255272 -0.5850035671
-0.6852338808 -0.6868688074 -0.8158456662 -0.6558993731 -0.2804005395 -0.7966921295 -0.5544040439 -0.6516506672 -0.1572898258 -0.9868391902 0.1698784974 -0.6761933119 -0.6079466880 -0.5874371609
-0.6936236703 -0.6970667828 -0.8227951730 -0.6584679966 -0.2958788143 -0.8055776972 -0.5677023889 -0.6542140680 -0.1747086261 -0.9885145230 0.1814163453 -0.6862583645 -0.6104207724 -0.5898255632
