-0.5219704095 -0.2928799522 -0.3413987425 -0.5841620018 0.0044532000 -0.2597807255 -0.1465094046 -0.5912857973 0.1723960592 0.1425915961 -0.0323516215 -0.3117363149 -0.5082642652 -0.5071165345
-0.5118533732 -0.2880964264 -0.3351432896 -0.5691941966 0.0010035191 -0.2568404651 -0.1451671276 -0.5764072607 0.1649271445 0.1345500696 -0.0230143666 -0.3068215371 -0.4924153915 -0.4912381701
-0.5013572131 -0.2829238050 -0.3285076214 -0.5539097395 -0.0020182070 -0.2534884614 -0.1434287203 -0.5612081179 0.1578951489 0.1269409065 -0.0141241889 -0.3015124003 -0.4762916219 -0.4750856043
-0.4904760654 -0.2773540569 -0.3214844017 -0.5383060838 -0.0046002298 -0.2497156304 -0.1412847436 -0.5456856740 0.1513134746 0.1197775189 -0.0056949533 -0.2958008395 -0.4598918888 -0.4586578160
-0.4792040665 -0.2713791510 -0.3140662947 -0.5223806831 -0.0067308013 -0.2455128882 -0.1387257586 -0.5298372343 0.1451955237 0.1130733189 0.0022594755 -0.2896787897 -0.4432151246 -0.4419537841
-0.4675353527 -0.2649910561 -0.3062459644 -0.5061309906 -0.0083981731 -0.2408711506 -0.1357423261 -0.5136601040 0.1395546982 0.1068417188 0.0097252327 -0.2831381861 -0.4262602618 -0.4249724875
-0.4554640603 -0.2581817411 -0.2980160747 -0.4895544597 -0.0095905970 -0.2357813336 -0.1323250070 -0.4971515883 0.1344044004 0.1010961307 0.0166884537 -0.2761709635 -0.4090262327 -0.4077129052
-0.4429843255 -0.2509431749 -0.2893692897 -0.4726485438 -0.0102963247 -0.2302343531 -0.1284643623 -0.4803089923 0.1297580323 0.0958499667 0.0231352736 -0.2687690572 -0.3915119696 -0.3901740162
-0.4300902847 -0.2432673265 -0.2802982735 -0.4554106963 -0.0105036080 -0.2242211252 -0.1241509530 -0.4631296214 0.1256289962 0.0911166390 0.0290518276 -0.2609244021 -0.3737164050 -0.3723547994
-0.4167760742 -0.2351461646 -0.2707956899 -0.4378383706 -0.0102006985 -0.2177325657 -0.1193753399 -0.4456107806 0.1220306941 0.0869095597 0.0344242512 -0.2526289332 -0.3556384712 -0.3542542337
-0.4030358302 -0.2265716581 -0.2608542031 -0.4199290200 -0.0093758481 -0.2107595907 -0.1141280840 -0.4277497752 0.1189765281 0.0832421409 0.0392386794 -0.2438745856 -0.3372771007 -0.3358712982
-0.3888636891 -0.2175357761 -0.2504664771 -0.4016800980 -0.0080173084 -0.2032931160 -0.1083997462 -0.4095439104 0.1164799004 0.0801277949 0.0434812475 -0.2346532944 -0.3186312257 -0.3172049717
-0.3742537871 -0.2080304872 -0.2396251759 -0.3830890578 -0.0061133313 -0.1953240577 -0.1021808874 -0.3909904915 0.1145542132 0.0775799338 0.0471380908 -0.2249569946 -0.2996997787 -0.2982542332
-0.3592002607 -0.1980477604 -0.2283229635 -0.3641533529 -0.0036521684 -0.1868433317 -0.0954620686 -0.3720868235 0.1132128685 0.0756119697 0.0501953446 -0.2147776212 -0.2804816921 -0.2790180617
-0.3436972460 -0.1875795647 -0.2165525040 -0.3448704366 -0.0006220715 -0.1778418539 -0.0882338507 -0.3528302118 0.1124692685 0.0742373147 0.0526391440 -0.2041071093 -0.2609758982 -0.2594954361
-0.3277388793 -0.1766178687 -0.2043064613 -0.3252377624 0.0029887077 -0.1683105403 -0.0804867946 -0.3332179615 0.1123368153 0.0734693811 0.0544556244 -0.1929373939 -0.2411813294 -0.2396853353
-0.3113192970 -0.1651546416 -0.1915774994 -0.3052527836 0.0071919174 -0.1582403069 -0.0722114613 -0.3132473779 0.1128289111 0.0733215810 0.0556309209 -0.1812604101 -0.2210969182 -0.2195867384
-0.2944326354 -0.1531818521 -0.1783582825 -0.2849129535 0.0119993059 -0.1476220696 -0.0633984117 -0.2929157661 0.1139589579 0.0738073264 0.0561511689 -0.1690680928 -0.2007215968 -0.1991986242
-0.2770730307 -0.1406914691 -0.1646414745 -0.2642157257 0.0174226214 -0.1364467444 -0.0540382067 -0.2722204313 0.1157403580 0.0749400297 0.0560025035 -0.1563523772 -0.1800542978 -0.1785199717
-0.2592346193 -0.1276754614 -0.1504197394 -0.2431585533 0.0234736123 -0.1247052472 -0.0441214072 -0.2511586788 0.1181865134 0.0767331029 0.0551710600 -0.1431051983 -0.1590939533 -0.1575497599
