0.4377323452 0.1008042048 0.0167952718 0.5819935621 -0.1040778520 0.2372691965 -0.3420246178 0.5824556984 -0.3680433659 -0.0241582756 -0.1396205608 0.0968826254 0.6004170497 0.6059249973
0.4175006568 0.0803360815 -0.0011006659 0.5610336756 -0.1268050696 0.2110263645 -0.3597748200 0.5615106294 -0.3879228267 -0.0495844645 -0.1135394248 0.0773965830 0.5799454227 0.5856203950
0.3970382698 0.0597036693 -0.0191337973 0.5397923386 -0.1495823925 0.1845700762 -0.3775755693 0.5402840904 -0.4077001974 -0.0749821120 -0.0873884954 0.0577509685 0.5591834231 0.5650244265
0.3763630091 0.0389245053 -0.0372881626 0.5182873615 -0.1723934333 0.1579213107 -0.3954118211 0.5187938844 -0.4273633883 -0.1003365793 -0.0611838852 0.0379627522 0.5381483730 0.5441543072
0.3554927002 0.0180161262 -0.0555478021 0.4965365548 -0.1952218045 0.1311010472 -0.4132685303 0.4970578143 -0.4469003098 -0.1256332273 -0.0349417073 0.0180489042 0.5168575948 0.5230272527
0.3344451682 -0.0030039311 -0.0738967560 0.4745577289 -0.2180511186 0.1041302648 -0.4311306524 0.4750936832 -0.4662988725 -0.1508574172 -0.0086780745 -0.0019736055 0.4953284107 0.5016604784
0.3132382385 -0.0241181296 -0.0923190646 0.4523686944 -0.2408649882 0.0770299428 -0.4489831424 0.4529192941 -0.4855469867 -0.1759945101 0.0175909003 -0.0220878068 0.4735781428 0.4800711998
0.2918897361 -0.0453089325 -0.1107987681 0.4299872615 -0.2636470258 0.0498210603 -0.4668109556 0.4305524499 -0.5046325628 -0.2010298671 0.0438491042 -0.0422767294 0.4516241134 0.4582766325
0.2704174865 -0.0665588029 -0.1293199068 0.4074312409 -0.2863808439 0.0225245965 -0.4845990472 0.4080109538 -0.5235435112 -0.2259488492 0.0700804244 -0.0625234033 0.4294836446 0.4362939918
0.2488393148 -0.0878502039 -0.1478665209 0.3847184429 -0.3090500551 -0.0048384694 -0.5023323724 0.3853126085 -0.5422677423 -0.2507368176 0.0962687478 -0.0828108584 0.4071740588 0.4141404933
0.2271730463 -0.1091655987 -0.1664226506 0.3618666780 -0.3316382718 -0.0322471583 -0.5199958864 0.3624752172 -0.5607931666 -0.2753791332 0.1223979617 -0.1031221245 0.3847126782 0.3918333525
0.2054365062 -0.1304874504 -0.1849723363 0.3388937566 -0.3541291067 -0.0596804909 -0.5375745444 0.3395165829 -0.5791076944 -0.2998611573 0.1484519532 -0.1234402316 0.3621168249 0.3693897848
0.1836475198 -0.1517982221 -0.2034996181 0.3158174893 -0.3765061722 -0.0871174882 -0.5550533016 0.3164545085 -0.5971992361 -0.3241682508 0.1744146093 -0.1437482095 0.3394038212 0.3468270058
0.1618239123 -0.1730803769 -0.2219885364 0.2926556864 -0.3987530809 -0.1145371710 -0.5724171133 0.2933067970 -0.6150557022 -0.3482857750 0.2002698172 -0.1640290881 0.3165909893 0.3241622309
0.1399835089 -0.1943163780 -0.2404231313 0.2694261584 -0.4208534453 -0.1419185600 -0.5896509346 0.2700912515 -0.6326650031 -0.3721990907 0.2260014639 -0.1842658973 0.2936956514 0.3014126756
0.1181441350 -0.2154886884 -0.2587874432 0.2461467158 -0.4427908780 -0.1692406761 -0.6067397208 0.2468256749 -0.6500150492 -0.3958935593 0.2515934367 -0.2044416670 0.2707351298 0.2785955554
0.0963236157 -0.2365797713 -0.2770655122 0.2228351691 -0.4645489913 -0.1964825401 -0.6236684270 0.2235278703 -0.6670937508 -0.4193545416 0.2770296225 -0.2245394270 0.2477267466 0.2557280858
0.0745397764 -0.2575720898 -0.2952413786 0.1995093286 -0.4861113980 -0.2236231728 -0.6404220085 0.2002156405 -0.6838890184 -0.4425673989 0.3022939086 -0.2445422072 0.2246878242 0.2328274822
0.0528104422 -0.2784481071 -0.3132990827 0.1761870048 -0.5074617105 -0.2506415952 -0.6569854204 0.1769067887 -0.7003887625 -0.4655174921 0.3273701820 -0.2644330376 0.2016356846 0.2099109602
0.0311534384 -0.2991902862 -0.3312226647 0.1528860082 -0.5285835414 -0.2775168279 -0.6733436181 0.1536191177 -0.7165808934 -0.4881901825 0.3522423298 -0.2841949480 0.1785876502 0.1869957353
