0.5689404274 0.9205129164 0.9936298826 0.3099915531 0.7141160371 0.7513760432 0.9905630775 0.3086738242 0.6719805934 0.8090699033 -0.8209273974 0.9292642918 0.2706350164 0.2884842960
0.5606242302 0.9120757908 0.9962818524 0.3066671488 0.7012057535 0.7410358763 0.9869559836 0.3053624225 0.6582170541 0.7977216141 -0.8098797771 0.9212079160 0.2662329868 0.2841787414
0.5519560764 0.9031594886 0.9982373587 0.3029973598 0.6879596949 0.7303137463 0.9827414695 0.3017058804 0.6441380049 0.7859836757 -0.7984364173 0.9126642897 0.2615177857 0.2795520734
0.5429301722 0.8937566710 0.9994816564 0.2989745435 0.6743747625 0.7192041983 0.9779097105 0.2976965537 0.6297415485 0.7738511866 -0.7865920092 0.9036257123 0.2564826746 0.2745973968
0.5335407237 0.8838599989 1.0000000000 0.2945910571 0.6604478575 0.7077017776 0.9724508820 0.2933267984 0.6150257878 0.7613192456 -0.7743412442 0.8940844826 0.2511209153 0.2693078162
0.5237819372 0.8734621336 0.9997776443 0.2898392579 0.6461758812 0.6958010292 0.9663551590 0.2885889703 0.5999888254 0.7483829514 -0.7616788138 0.8840329001 0.2454257693 0.2636764364
0.5136480189 0.8625557361 0.9987998439 0.2847115032 0.6315557348 0.6834964983 0.9596127171 0.2834754252 0.5846287640 0.7350374026 -0.7485994092 0.8734632636 0.2393904982 0.2576963620
0.5031331748 0.8511334674 0.9970518535 0.2792001502 0.6165843196 0.6707827300 0.9522137314 0.2779785191 0.5689437066 0.7212776978 -0.7350977219 0.8623678725 0.2330083638 0.2513606977
0.4922316114 0.8391879886 0.9945189278 0.2732975564 0.6012585366 0.6576542695 0.9441483773 0.2720906079 0.5529317556 0.7070989357 -0.7211684431 0.8507390258 0.2262726275 0.2446625483
0.4809375347 0.8267119609 0.9911863215 0.2669960788 0.5855752873 0.6441056620 0.9354068301 0.2658040473 0.5365910141 0.6924962151 -0.7068062644 0.8385690226 0.2191765511 0.2375950182
0.4692451509 0.8136980453 0.9870392892 0.2602880749 0.5695314727 0.6301314525 0.9259792650 0.2591111934 0.5199195846 0.6774646344 -0.6920058770 0.8258501622 0.2117133961 0.2301512124
0.4571486663 0.8001389029 0.9820630857 0.2531659018 0.5531239942 0.6157261862 0.9158558573 0.2520044019 0.5029155699 0.6619992925 -0.6767619723 0.8125747437 0.2038764241 0.2223242354
0.4446422870 0.7860271948 0.9762429655 0.2456219169 0.5363497529 0.6008844083 0.9050267824 0.2444760287 0.4855770728 0.6460952880 -0.6610692416 0.7987350661 0.1956588969 0.2141071919
0.4317202192 0.7713555820 0.9695641834 0.2376484775 0.5192056500 0.5856006639 0.8934822155 0.2365184298 0.4679021961 0.6297477195 -0.6449223764 0.7843234286 0.1870540760 0.2054931866
0.4183766692 0.7561167256 0.9620119941 0.2292379408 0.5016885869 0.5698694981 0.8812123319 0.2281239609 0.4498890424 0.6129516858 -0.6283160681 0.7693321305 0.1780552230 0.1964753242
0.4046058430 0.7403032867 0.9535716522 0.2203826641 0.4837954647 0.5536854561 0.8682073070 0.2192849780 0.4315357145 0.5957022853 -0.6112450079 0.7537534707 0.1686555996 0.1870467094
0.3904019471 0.7239079264 0.9442284124 0.2110750048 0.4655231846 0.5370430831 0.8544573159 0.2099938370 0.4128403152 0.5779946170 -0.5937038872 0.7375797485 0.1588484674 0.1772004469
0.3757591874 0.7069233058 0.9339675294 0.2013073200 0.4468686479 0.5199369241 0.8399525341 0.2002428937 0.3938009472 0.5598237793 -0.5756873975 0.7208032630 0.1486270880 0.1669296414
0.3606717702 0.6893420860 0.9227742579 0.1910719670 0.4278287558 0.5023615244 0.8246831368 0.1900245039 0.3744157133 0.5411848710 -0.5571902300 0.7034163133 0.1379847231 0.1562273974
0.3451339018 0.6711569280 0.9106338525 0.1803613032 0.4084004095 0.4843114290 0.8086392992 0.1793310237 0.3546827162 0.5220729907 -0.5382070762 0.6854111986 0.1269146342 0.1450868198
