0.8774385897 0.9185640510 0.9597055594 0.8234212578 0.8408738905 0.8748465318 0.9619403333 0.8220503498 0.7707560338 0.5074157408 -0.4806027395 0.9136874727 0.8381002375 0.8297629294
0.8578763683 0.9025105268 0.9485996189 0.8063705292 0.8197200308 0.8551710061 0.9512578829 0.8050112018 0.7480615112 0.4913683430 -0.4630390001 0.8970540686 0.8204953150 0.8122259798
0.8367383262 0.8849052179 0.9360637831 0.7877180473 0.7971109393 0.8339295618 0.9391800343 0.7863711839 0.7240741658 0.4740785407 -0.4443359984 0.8788443921 0.8012812638 0.7930878646
0.8139991928 0.8657227220 0.9220736926 0.7674371033 0.7730238515 0.8110969889 0.9256831674 0.7661035990 0.6987744913 0.4555257466 -0.4244754470 0.8590326425 0.7804313931 0.7723220156
0.7896336975 0.8449376373 0.9066049879 0.7455009885 0.7474360028 0.7866480777 0.9107436623 0.7441817503 0.6721429814 0.4356893731 -0.4034390583 0.8375930188 0.7579190123 0.7499018642
0.7636165699 0.8225245617 0.8896333094 0.7218829940 0.7203246286 0.7605576180 0.8943378989 0.7205789409 0.6441601299 0.4145488327 -0.3812085448 0.8144997201 0.7337174304 0.7258008421
0.7359225394 0.7984580931 0.8711342976 0.6965564110 0.6916669645 0.7328004001 0.8764422573 0.6952684739 0.6148064305 0.3920835380 -0.3577656189 0.7897269455 0.7077999569 0.6999923808
0.7065263356 0.7727128295 0.8510835929 0.6694945309 0.6614402458 0.7033512139 0.8570331174 0.6682236523 0.5840623769 0.3682729014 -0.3330919932 0.7632488943 0.6801399009 0.6724499119
0.6754026878 0.7452633690 0.8294568358 0.6406706448 0.6296217080 0.6721848495 0.8360868593 0.6394177793 0.5519084628 0.3430963355 -0.3071693802 0.7350397653 0.6507105717 0.6431468671
0.6425263256 0.7160843093 0.8062296669 0.6100580439 0.5961885865 0.6392760971 0.8135798629 0.6088241579 0.5183251820 0.3165332528 -0.2799794922 0.7050737579 0.6194852786 0.6120566778
0.6078719785 0.6851502486 0.7813777265 0.5776300194 0.5611181168 0.6045997466 0.7894885082 0.5764160913 0.4832930280 0.2885630658 -0.2515040418 0.6733250711 0.5864373308 0.5791527757
0.5714143758 0.6524357848 0.7548766552 0.5433598626 0.5243875344 0.5681305882 0.7637891753 0.5421668825 0.4467924948 0.2591651870 -0.2217247415 0.6397679039 0.5515400375 0.5444085924
0.5331282472 0.6179155159 0.7267020933 0.5072208647 0.4859740746 0.5298434119 0.7364582440 0.5060498346 0.4088040759 0.2283190289 -0.1906233037 0.6043764556 0.5147667080 0.5077975594
0.4929883220 0.5815640398 0.6968296815 0.4691863169 0.4458549729 0.4897130077 0.7074720946 0.4680382508 0.3693082651 0.1960040042 -0.1581814409 0.5671249252 0.4760906516 0.4692931084
0.4509693298 0.5433559544 0.6652350601 0.4292295104 0.4040074648 0.4477141659 0.6768071068 0.4281054341 0.3282855561 0.1621995252 -0.1243808656 0.5279875118 0.4354851776 0.4288686709
0.4070460000 0.5032658579 0.6318938697 0.3873237364 0.3604087857 0.4038216764 0.6444396607 0.3862246875 0.2857164427 0.1268850044 -0.0892032903 0.4869384146 0.3929235950 0.3864976786
0.3611930622 0.4612683480 0.5967817506 0.3434422862 0.3150361711 0.3580103292 0.6103461364 0.3423693143 0.2415814185 0.0900398545 -0.0526304274 0.4439518327 0.3483792133 0.3421535629
0.3133852457 0.4173380229 0.5598743434 0.2975584509 0.2678668563 0.3102549146 0.5745029138 0.2965126175 0.1958609772 0.0516434879 -0.0146439895 0.3990019651 0.3018253417 0.2958097555
0.2635972800 0.3714494804 0.5211472886 0.2496455219 0.2188780770 0.2605302224 0.5368863729 0.2486279001 0.1485356127 0.0116753172 0.0247743110 0.3520630111 0.2532352894 0.2474396880
0.2118038948 0.3235773186 0.4805762266 0.1996767902 0.1680470684 0.2088110429 0.4974728937 0.1986884653 0.0995858185 -0.0298852452 0.0656427617 0.3031091696 0.2025823657 0.1970167919
