0.9757625316 0.9431422842 0.9285303735 0.9951694383 0.9129304027 0.9704808082 0.8414642104 0.9949886248 0.7070153336 0.9478141903 -0.9554011856 0.9463083481 0.9971872662 0.9968900148
0.9818723753 0.9532410034 0.9401113569 0.9975851523 0.9258985031 0.9773477511 0.8602575735 0.9974640951 0.7343331020 0.9574666145 -0.9641881055 0.9560679845 0.9989174554 0.9987209573
0.9871514549 0.9624506027 0.9507821143 0.9992041801 0.9379527139 0.9833700010 0.8780569855 0.9991422094 0.7606054029 0.9662223626 -0.9720933484 0.9649426645 0.9998636937 0.9997663100
0.9915687591 0.9707367563 0.9605071380 1.0000000000 0.9490556220 0.9885160410 0.8948206887 0.9999963752 0.7857834458 0.9740482012 -0.9790842586 0.9728983741 1.0000000000 1.0000000000
0.9950932769 0.9780651388 0.9692509204 0.9999460900 0.9591698143 0.9927543541 0.9105069251 1.0000000000 0.8098184402 0.9809108968 -0.9851281801 0.9799010994 0.9993003934 0.9993959545
0.9976939971 0.9844014243 0.9769779540 0.9990159283 0.9682578775 0.9960534235 0.9250739371 0.9991264914 0.8326615955 0.9867772161 -0.9901924569 0.9859168265 0.9977388931 0.9979281005
0.9993399085 0.9897112873 0.9836527310 0.9971829931 0.9762823984 0.9983817322 0.9384799669 0.9973492571 0.8542641214 0.9916139258 -0.9942444332 0.9909115414 0.9952895180 0.9955703652
1.0000000000 0.9939604020 0.9892397438 0.9944207624 0.9832059640 0.9997077634 0.9506832566 0.9946417044 0.8745772272 0.9953877923 -0.9972514531 0.9948512301 0.9919262874 0.9922966757
0.9996432604 0.9971144428 0.9937034847 0.9907027144 0.9889911610 1.0000000000 0.9616420485 0.9909772411 0.8935521226 0.9980655825 -0.9991808607 0.9977018788 0.9876232202 0.9880809591
0.9982386785 0.9991390840 0.9970084462 0.9860023272 0.9936005763 0.9992269252 0.9713145849 0.9863292746 0.9111400171 0.9996140628 -1.0000000000 0.9994294734 0.9823543355 0.9828971426
0.9957552432 1.0000000000 0.9991191205 0.9802930790 0.9969967967 0.9973570221 0.9796591079 0.9806712126 0.9272921200 1.0000000000 -0.9996762152 1.0000000000 0.9760936525 0.9767191532
0.9921619433 0.9996628651 1.0000000000 0.9735484478 0.9991424090 0.9943587738 0.9866338597 0.9739764625 0.9419596410 0.9991901606 -0.9981768503 0.9993794447 0.9688151901 0.9695209181
0.9874277676 0.9980933535 0.9996155771 0.9657419119 1.0000000000 0.9902006633 0.9921970826 0.9662184319 0.9550937896 0.9971513112 -0.9954692495 0.9975337935 0.9604929676 0.9612763645
0.9815217051 0.9952571398 0.9979303442 0.9568469494 0.9995321566 0.9848511737 0.9963070188 0.9573705285 0.9666457752 0.9938502186 -0.9915207568 0.9944290325 0.9511010040 0.9519594194
0.9744127445 0.9911198981 0.9949087935 0.9468370383 0.9977014656 0.9782787881 0.9989219105 0.9474061597 0.9765668074 0.9892536492 -0.9862987164 0.9900311478 0.9406133183 0.9415440099
0.9660698747 0.9856473028 0.9905154175 0.9356856569 0.9944705139 0.9704519896 1.0000000000 0.9362987331 0.9848080957 0.9833283698 -0.9797704722 0.9843061253 0.9290039296 0.9300040632
0.9564620846 0.9788050283 0.9847147085 0.9233662832 0.9898018882 0.9613392612 0.9994995294 0.9240216563 0.9913208496 0.9760411469 -0.9719033686 0.9772199512 0.9162468571 0.9173135064
0.9455583629 0.9705587489 0.9774711588 0.9098523955 0.9836581754 0.9509090862 0.9973787410 0.9105483369 0.9960562786 0.9673587472 -0.9626647494 0.9687386115 0.9023161197 0.9034462667
0.9333276984 0.9608741389 0.9687492609 0.8951174717 0.9760019624 0.9391299474 0.9935958770 0.8958521823 0.9989655923 0.9572479372 -0.9520219588 0.9588280923 0.8871857367 0.8883762710
0.9197390802 0.9497168726 0.9585135070 0.8791349901 0.9667958358 0.9259703281 0.9881091796 0.8799066002 1.0000000000 0.9456754837 -0.9399423409 0.9474543795 0.8708297270 0.8720774467
