-0.9999973059 -0.9569745388 -0.8143988173 -0.9674560416 -0.7877940755 -0.9981090476 -0.7254532295 -0.9710985867 -0.4854458862 -0.8359572630 0.3764419057 -0.9405530482 -0.9622447196 -0.9562400435
-0.9998570143 -0.9533886233 -0.8049405451 -0.9701386191 -0.7904359130 -0.9973975604 -0.7165329353 -0.9736452335 -0.4886867360 -0.8337372372 0.3819603582 -0.9360181596 -0.9652283211 -0.9594121408
-0.9995782014 -0.9496519806 -0.7952255039 -0.9727118033 -0.7930717021 -0.9965711467 -0.7074590860 -0.9760801163 -0.4919854252 -0.8315332718 0.3875224790 -0.9313068112 -0.9680960858 -0.9624723383
-0.9991599434 -0.9457638025 -0.7852521674 -0.9751747591 -0.7957016515 -0.9956291731 -0.6982311783 -0.9784023863 -0.4953427112 -0.8293461813 0.3931286793 -0.9264179900 -0.9708470847 -0.9654197331
-0.9986013164 -0.9417232809 -0.7750190091 -0.9775266516 -0.7983259701 -0.9945710057 -0.6888487091 -0.9806111945 -0.4987593519 -0.8271767802 0.3987793703 -0.9213506829 -0.9734803888 -0.9682534226
-0.9979013966 -0.9375296077 -0.7645245025 -0.9797666456 -0.8009448667 -0.9933960112 -0.6793111752 -0.9827056921 -0.5022361048 -0.8250258832 0.4044749630 -0.9161038770 -0.9759950693 -0.9709725039
-0.9970592601 -0.9331819746 -0.7537671212 -0.9818939062 -0.8035585500 -0.9921035557 -0.6696180735 -0.9846850301 -0.5057737278 -0.8228943047 0.4102158686 -0.9106765593 -0.9783901972 -0.9735760744
-0.9960739831 -0.9286795734 -0.7427453388 -0.9839075984 -0.8061672288 -0.9906930057 -0.6597689009 -0.9865483595 -0.5093729784 -0.8207828593 0.4160024982 -0.9050677167 -0.9806648435 -0.9760632314
-0.9949446418 -0.9240215961 -0.7314576289 -0.9858068872 -0.8087711119 -0.9891637276 -0.6497631541 -0.9882948314 -0.5130346144 -0.8186923614 0.4218352629 -0.8992763363 -0.9828180792 -0.9784330720
-0.9936703123 -0.9192072344 -0.7199024649 -0.9875909375 -0.8113704081 -0.9875150877 -0.6396003301 -0.9899235969 -0.5167593935 -0.8166236258 0.4277145739 -0.8933014051 -0.9848489756 -0.9806846936
-0.9922500708 -0.9142356801 -0.7080783205 -0.9892589144 -0.8139653262 -0.9857464524 -0.6292799256 -0.9914338071 -0.5205480733 -0.8145774667 0.4336408424 -0.8871419100 -0.9867566035 -0.9828171935
-0.9906829934 -0.9091061251 -0.6959836692 -0.9908099828 -0.8165560751 -0.9838571881 -0.6188014376 -0.9928246129 -0.5244014116 -0.8125546989 0.4396144794 -0.8807968381 -0.9885400340 -0.9848296688
-0.9889681563 -0.9038177612 -0.6836169846 -0.9922433078 -0.8191428634 -0.9818466611 -0.6081643628 -0.9940951656 -0.5283201660 -0.8105561369 0.4456358961 -0.8742651765 -0.9901983382 -0.9867212169
-0.9871046357 -0.8983697803 -0.6709767403 -0.9935580542 -0.8217258999 -0.9797142379 -0.5973681982 -0.9952446161 -0.5323050943 -0.8085825951 0.4517055037 -0.8675459120 -0.9917305872 -0.9884909351
-0.9850915077 -0.8927613742 -0.6580614098 -0.9947533872 -0.8243053935 -0.9774592848 -0.5864124405 -0.9962721155 -0.5363569540 -0.8066348882 0.4578237132 -0.8606380317 -0.9931358520 -0.9901379205
-0.9829278484 -0.8869917346 -0.6448694667 -0.9958284717 -0.8268815530 -0.9750811681 -0.5752965866 -0.9971768149 -0.5404765030 -0.8047138306 0.4639909358 -0.8535405226 -0.9944132036 -0.9916612705
-0.9806127341 -0.8810600534 -0.6313993846 -0.9967824726 -0.8294545871 -0.9725792544 -0.5640201334 -0.9979578654 -0.5446644989 -0.8028202369 0.4702075826 -0.8462523717 -0.9955617132 -0.9930600823
-0.9781452409 -0.8749655226 -0.6176496370 -0.9976145551 -0.8320247047 -0.9699529098 -0.5525825777 -0.9986144180 -0.5489216993 -0.8009549216 0.4764740648 -0.8387725660 -0.9965804516 -0.9943334532
-0.9755244450 -0.8687073338 -0.6036186974 -0.9983238840 -0.8345921144 -0.9672015009 -0.5409834164 -0.9991456237 -0.5532488621 -0.7991186992 0.4827907935 -0.8311000925 -0.9974684901 -0.9954804805
-0.9727494224 -0.8622846789 -0.5893050395 -0.9989096243 -0.8371570252 -0.9643243939 -0.5292221462 -0.9995506337 -0.5576467448 -0.7973123844 0.4891581798 -0.8232339382 -0.9982248996 -0.9965002614
