-0.4611113265 -0.7445585485 -0.7061443063 -0.4030998262 -0.9526270923 -0.8723645425 -0.9824702699 -0.4020894678 -0.9933152759 -0.9420039250 0.8877543593 -0.7070259646 -0.3788621454 -0.3683196700
-0.4735060294 -0.7544332868 -0.7138328115 -0.4185726174 -0.9606981238 -0.8867129219 -0.9869742809 -0.4175560571 -0.9959858635 -0.9509659343 0.9003691582 -0.7162882478 -0.3947624145 -0.3842090904
-0.4853114697 -0.7636656175 -0.7209243620 -0.4335075783 -0.9680654371 -0.9003097157 -0.9908367786 -0.4324851786 -0.9979982398 -0.9592260121 0.9123125577 -0.7249294777 -0.4101562341 -0.3995979646
-0.4965098223 -0.7722380037 -0.7274029978 -0.4478868984 -0.9747126445 -0.9131339447 -0.9940427182 -0.4468590293 -0.9993403151 -0.9667695196 0.9235684450 -0.7329326840 -0.4250262820 -0.4144690772
-0.5070832619 -0.7801329085 -0.7332527594 -0.4616927673 -0.9806233587 -0.9251646297 -0.9965770550 -0.4606598063 -1.0000000000 -0.9735818178 0.9341207071 -0.7402808967 -0.4393552358 -0.4288052127
-0.5170139632 -0.7873327951 -0.7384576868 -0.4749073745 -0.9857811922 -0.9363807916 -0.9984247440 -0.4738697065 -0.9999652047 -0.9796482679 0.9439532312 -0.7469571457 -0.4531257735 -0.4425891556
-0.5262841010 -0.7938201265 -0.7430018204 -0.4875129095 -0.9901697576 -0.9467614511 -0.9995707406 -0.4864709269 -0.9992238398 -0.9849542308 0.9530499044 -0.7529444609 -0.4663205728 -0.4558036904
-0.5348758500 -0.7995773660 -0.7468692005 -0.4994915619 -0.9937726672 -0.9562856291 -1.0000000000 -0.4984456646 -0.9977638156 -0.9894850677 0.9613946137 -0.7582258721 -0.4789223114 -0.4684316016
-0.5427713851 -0.8045869765 -0.7500438672 -0.5108255213 -0.9965735338 -0.9649323465 -0.9996974773 -0.5097761165 -0.9955730425 -0.9932261397 0.9689712464 -0.7627844093 -0.4909136672 -0.4804556737
-0.5499528808 -0.8088314212 -0.7525098608 -0.5214969771 -0.9985559698 -0.9726806240 -0.9986481278 -0.5204444797 -0.9926394309 -0.9961628078 0.9757636895 -0.7666031022 -0.5022773178 -0.4918586914
-0.5564025121 -0.8122931633 -0.7542512216 -0.5314881190 -0.9997035876 -0.9795094824 -0.9968369066 -0.5304329512 -0.9889508912 -0.9982804332 0.9817558301 -0.7696649809 -0.5129959412 -0.5026234389
-0.5621024537 -0.8149546659 -0.7552519898 -0.5407811364 -1.0000000000 -0.9853979427 -0.9942487690 -0.5397237279 -0.9844953339 -0.9995643769 0.9869315554 -0.7719530751 -0.5230522151 -0.5127327010
-0.5670348802 -0.8167983920 -0.7554962057 -0.5493582190 -0.9994288193 -0.9903250256 -0.9908686702 -0.5482990069 -0.9792606694 -1.0000000000 0.9912747524 -0.7734504148 -0.5324288172 -0.5221692620
-0.5711819666 -0.8178068049 -0.7549679095 -0.5572015562 -0.9979736582 -0.9942697519 -0.9866815654 -0.5561409851 -0.9732348080 -0.9995726636 0.9947693082 -0.7741400298 -0.5411084254 -0.5309159066
-0.5745258874 -0.8179623676 -0.7536511415 -0.5642933377 -0.9956181291 -0.9972111426 -0.9816724098 -0.5632318596 -0.9664056603 -0.9982677288 0.9973991100 -0.7740049500 -0.5490737174 -0.5389554192
-0.5770488175 -0.8172475433 -0.7515299419 -0.5706157529 -0.9923458447 -0.9991282183 -0.9758261586 -0.5695538274 -0.9587611364 -0.9960705566 0.9991480449 -0.7730282054 -0.5563073709 -0.5462705843
-0.5787329317 -0.8156447950 -0.7485883510 -0.5761509914 -0.9881404173 -1.0000000000 -0.9691277670 -0.5750890855 -0.9502891470 -0.9929665082 1.0000000000 -0.7711928257 -0.5627920639 -0.5528441865
-0.5795604046 -0.8131365860 -0.7448104090 -0.5808812428 -0.9829854595 -0.9998055084 -0.9615621902 -0.5798198309 -0.9409776024 -0.9889409446 0.9999388624 -0.7684818409 -0.5685104740 -0.5586590102
-0.5795134111 -0.8097053793 -0.7401801561 -0.5847886966 -0.9768645840 -0.9985237645 -0.9531143835 -0.5837282606 -0.9308144130 -0.9839792270 0.9989485192 -0.7648782809 -0.5734452790 -0.5636978400
-0.5785741258 -0.8053336380 -0.7346816327 -0.5878555423 -0.9697614031 -0.9961337889 -0.9437693020 -0.5867965715 -0.9197874892 -0.9780667163 0.9970128575 -0.7603651755 -0.5775791568 -0.5679434604
