-1.0000000000 -1.0000000000 -1.0000000000 -1.0000000000 -1.0000000000 -1.0000000000 -1.0000000000 -1.0000000000 -1.0000000000 -1.0000000000 1.0000000000 -1.0000000000 -0.8726797793 -0.8098137241
-0.9611681926 -0.9598196211 -0.9628881622 -0.9638087641 -0.9554838688 -0.9504416109 -0.9670191266 -0.9639631013 -0.9588351343 -0.9390701758 0.9403447464 -0.9612172436 -0.8404009782 -0.7795882634
-0.9227884472 -0.9202769545 -0.9263877550 -0.9279325855 -0.9117542137 -0.9016576016 -0.9346328637 -0.9282376652 -0.9184591911 -0.8793030491 0.8818110504 -0.9230368442 -0.8083399533 -0.7495412370
-0.8848587487 -0.8813669235 -0.8904936299 -0.8923718965 -0.8688043596 -0.8536425580 -0.9028356836 -0.8928241442 -0.8788649427 -0.8206889077 0.8243895195 -0.8854540488 -0.7764984519 -0.7196747239
-0.8473770819 -0.8430844515 -0.8552006386 -0.8571271294 -0.8266276311 -0.8063910658 -0.8716220585 -0.8577229907 -0.8400451609 -0.7632180393 0.7680707610 -0.8484641039 -0.7448782213 -0.6899908033
-0.8103414317 -0.8054244618 -0.8205036326 -0.8221987164 -0.7852173532 -0.7598977112 -0.8409864606 -0.8229346569 -0.8019926180 -0.7068807315 0.7128453825 -0.8120622564 -0.7134810085 -0.6604915542
-0.7737497829 -0.7683818777 -0.7863974634 -0.7875870898 -0.7445668507 -0.7141570798 -0.8109233623 -0.7884595953 -0.7647000860 -0.6516672720 0.6587039914 -0.7762437531 -0.6823085609 -0.6311790557
-0.7376001203 -0.7319516225 -0.7528769825 -0.7532926819 -0.7046694485 -0.6691637577 -0.7814272359 -0.7542982583 -0.7281603369 -0.5975679485 0.6056371951 -0.7410038406 -0.6513626258 -0.6020553869
-0.7018904287 -0.6961286197 -0.7199370416 -0.7193159249 -0.6655184713 -0.6249123308 -0.7524925534 -0.7204510981 -0.6923661429 -0.5445730486 0.5536356011 -0.7063377658 -0.6206449502 -0.5731226269
-0.6666186930 -0.6609077925 -0.6875724922 -0.6856572513 -0.6271072441 -0.5813973850 -0.7241137874 -0.6869185672 -0.6573102760 -0.4926728600 0.5026898168 -0.6722407754 -0.5901572816 -0.5443828548
-0.6317828981 -0.6262840643 -0.6557781858 -0.6523170931 -0.5894290916 -0.5386135060 -0.6962854099 -0.6537011180 -0.6229855083 -0.4418576704 0.4527904497 -0.6387081161 -0.5599013670 -0.5158381497
-0.5973810287 -0.5922523584 -0.6245489741 -0.6192958828 -0.5524773387 -0.4965552800 -0.6690018933 -0.6207992027 -0.5893846119 -0.3921177674 0.4039281072 -0.6057350347 -0.5298789538 -0.4874905907
-0.5634110697 -0.5588075982 -0.5938797085 -0.5865940526 -0.5162453101 -0.4552172927 -0.6422577098 -0.5882132739 -0.5565003589 -0.3434434388 0.3560933967 -0.5733167780 -0.5000917891 -0.4593422569
-0.5298710059 -0.5259447069 -0.5637652406 -0.5542120347 -0.4807263309 -0.4145941301 -0.6160473317 -0.5559437837 -0.5243255213 -0.2958249722 0.3092769257 -0.5414485926 -0.4705416202 -0.4313952273
-0.4967588222 -0.4936586080 -0.5342004219 -0.5221502615 -0.4459137257 -0.3746803781 -0.5903652312 -0.5239911847 -0.4928528713 -0.2492526553 0.2634693016 -0.5101257255 -0.4412301943 -0.4036515811
-0.4640725033 -0.4619442247 -0.5051801041 -0.4904091652 -0.4118008194 -0.3354706225 -0.5652058807 -0.4923559291 -0.4620751808 -0.2037167757 0.2186611320 -0.4793434232 -0.4121592587 -0.3761133973
-0.4318100342 -0.4307964805 -0.4766991386 -0.4589891782 -0.3783809369 -0.2969594493 -0.5405637523 -0.4610384694 -0.4319852220 -0.1592076212 0.1748430241 -0.4490969327 -0.3833305605 -0.3487827551
-0.3999693996 -0.4002102985 -0.4487523771 -0.4278907326 -0.3456474030 -0.2591414444 -0.5164333184 -0.4300392579 -0.4025757669 -0.1157154793 0.1320055855 -0.4193815005 -0.3547458471 -0.3216617335
-0.3685485844 -0.3701806023 -0.4213346711 -0.3971142608 -0.3135935425 -0.2220111936 -0.4928090512 -0.3993587470 -0.3738395877 -0.0732306378 0.0901394237 -0.3901923736 -0.3264068657 -0.2947524116
-0.3375455734 -0.3407023150 -0.3944408721 -0.3666601950 -0.2822126802 -0.1855632829 -0.4696854230 -0.3689973890 -0.3457694564 -0.0317433844 0.0492351459 -0.3615247985 -0.2983153634 -0.2680568685
