0.9057046911 0.8432320500 0.5773665952 0.6687066066 0.8758407630 0.8753385062 0.8447470093 0.6656832086 0.8564843256 0.7778397909 -0.7710800630 0.8581803768 0.6710120659 0.6625854932
0.8970192697 0.8349139126 0.5689992940 0.6581358240 0.8649426328 0.8649453115 0.8362984611 0.6551227607 0.8442614669 0.7626121651 -0.7554339173 0.8494060457 0.6604637217 0.6516794067
0.8881097624 0.8264120567 0.5605458845 0.6474557276 0.8537449890 0.8543146673 0.8276662462 0.6444540583 0.8316987645 0.7471112418 -0.7395015344 0.8404446431 0.6498051149 0.6406678082
0.8789973355 0.8177480885 0.5520285862 0.6366907098 0.8422679000 0.8434684511 0.8188721077 0.6337014892 0.8188157895 0.7313608530 -0.7233065747 0.8313182333 0.6390606089 0.6295754631
0.8697031556 0.8089436141 0.5434696187 0.6258651630 0.8305314344 0.8324285402 0.8099377883 0.6228894410 0.8056321133 0.7153848306 -0.7068726985 0.8220488808 0.6282545673 0.6184271367
0.8602483890 0.8000202397 0.5348912014 0.6150034797 0.8185556606 0.8212168119 0.8008850310 0.6120423014 0.7921673067 0.6992070069 -0.6902235662 0.8126586497 0.6174113534 0.6072475942
0.8506542022 0.7909995712 0.5263155538 0.6041300523 0.8063606472 0.8098551437 0.7917355787 0.6011844583 0.7784409411 0.6828512137 -0.6733828383 0.8031696044 0.6065553308 0.5960616010
0.8409417617 0.7819032148 0.5177648955 0.5932692733 0.7939664627 0.7983654128 0.7825111743 0.5903402991 0.7644725875 0.6663412832 -0.6563741749 0.7936038092 0.5957108629 0.5848939222
0.8311322338 0.7727527766 0.5092614460 0.5824455349 0.7813931756 0.7867694966 0.7732335606 0.5795342117 0.7502818170 0.6497010474 -0.6392212367 0.7839833284 0.5849023132 0.5737693234
0.8212467851 0.7635698626 0.5008274248 0.5716832297 0.7686608543 0.7750892724 0.7639244806 0.5687905837 0.7358882009 0.6329543384 -0.6219476838 0.7743302264 0.5741540452 0.5627125696
0.8113065818 0.7543760789 0.4924850514 0.5610067500 0.7557895675 0.7633466176 0.7546056772 0.5581338029 0.7213113102 0.6161249881 -0.6045771768 0.7646665673 0.5634904223 0.5517484262
0.8013327906 0.7451930318 0.4842565453 0.5504404883 0.7427993836 0.7515634096 0.7452988933 0.5475882569 0.7065707160 0.5992368286 -0.5871333759 0.7550144156 0.5529358080 0.5409016585
0.7913465779 0.7360423271 0.4761641260 0.5400088370 0.7297103711 0.7397615257 0.7360258717 0.5371783335 0.6916859896 0.5823136920 -0.5696399416 0.7453958356 0.5425145658 0.5301970317
0.7813691100 0.7269455711 0.4682300130 0.5297361886 0.7165425985 0.7279628432 0.7268083554 0.5269284203 0.6766767019 0.5653794103 -0.5521205343 0.7358328915 0.5322510591 0.5196593112
0.7714215534 0.7179243698 0.4604764259 0.5196469353 0.7033161343 0.7161892395 0.7176680872 0.5168629050 0.6615624243 0.5484578156 -0.5345988142 0.7263476477 0.5221696514 0.5093132622
0.7615250745 0.7090003293 0.4529255841 0.5097654697 0.6900510471 0.7044625920 0.7086268102 0.5070061754 0.6463627277 0.5315727399 -0.5170984419 0.7169621685 0.5122947062 0.4991836501
0.7517008399 0.7001950558 0.4455997072 0.5001161842 0.6767674053 0.6928047779 0.6997062670 0.4973826191 0.6310971834 0.5147480152 -0.4996430776 0.7076985181 0.5026505869 0.4892952401
0.7419700159 0.6915301552 0.4385210147 0.4907234712 0.6634852775 0.6812376747 0.6909282008 0.4880166239 0.6157853624 0.4980074736 -0.4822563818 0.6985787610 0.4932616571 0.4796727975
0.7323537689 0.6830272337 0.4317117260 0.4816117230 0.6502247321 0.6697831596 0.6823143543 0.4789325773 0.6004468359 0.4813749471 -0.4649620148 0.6896249614 0.4841522801 0.4703410875
0.7228732655 0.6747078974 0.4251940607 0.4728053322 0.6370058377 0.6584631101 0.6738864704 0.4701548672 0.5851011751 0.4648742677 -0.4477836370 0.6808591836 0.4753468194 0.4613248756
