-0.6921977305 -0.6672380645 -0.6244420860 -0.6370780446 -0.6699260373 -0.6474852788 -0.6439445878 -0.6365733727 -0.6974196434 -0.8534831608 0.5565528185 -0.6675598043 -0.6382343992 -0.6356915736
-0.6437666204 -0.6153546076 -0.5665143171 -0.5808289092 -0.6183944758 -0.5929068819 -0.5891014689 -0.5802533959 -0.6906447071 -0.8316962188 0.4891444733 -0.6157377928 -0.5821425149 -0.5792450356
-0.5961433941 -0.5644713360 -0.5098852626 -0.5257635590 -0.5678373244 -0.5394903483 -0.5355087325 -0.5251208431 -0.6844587764 -0.8106307938 0.4235397164 -0.5649178025 -0.5272248089 -0.5239915821
-0.5493235863 -0.5145800834 -0.4545420958 -0.4718718574 -0.5182470478 -0.4872241565 -0.4831531880 -0.4711655201 -0.6788494496 -0.7902753976 0.3597185163 -0.5150915179 -0.4734713427 -0.4699209555
-0.5033027319 -0.4656726838 -0.4004719900 -0.4191436676 -0.4696161106 -0.4360967848 -0.4320216449 -0.4183772328 -0.6738043250 -0.7706185420 0.2976608417 -0.4662506231 -0.4208721779 -0.4170228983
-0.4580763658 -0.4177409709 -0.3476621184 -0.3675688529 -0.4219369775 -0.3860967116 -0.3821009127 -0.3667457873 -0.6693110007 -0.7516487391 0.2373466612 -0.4183868025 -0.3694173760 -0.3652871529
-0.4136400227 -0.3707767787 -0.2960996542 -0.3171372768 -0.3752021131 -0.3372124153 -0.3333778010 -0.3162609895 -0.6653570750 -0.7333545008 0.1787559434 -0.3714917404 -0.3190969987 -0.3147034618
-0.3699892375 -0.3247719410 -0.2457717707 -0.2678388025 -0.3294039820 -0.2894323743 -0.2858391193 -0.2669126454 -0.6619301462 -0.7157243388 0.1218686569 -0.3255571210 -0.2699011075 -0.2652615673
-0.3271195449 -0.2797182916 -0.1966656412 -0.2196632933 -0.2845350490 -0.2427450669 -0.2394716771 -0.2186905610 -0.6590178124 -0.6987467652 0.0666647704 -0.2805746287 -0.2218197640 -0.2169512119
-0.2850264799 -0.2356076643 -0.1487684389 -0.1726006126 -0.2405877785 -0.1971389717 -0.1942622838 -0.1715845421 -0.6566076720 -0.6824102919 0.0131242525 -0.2365359478 -0.1748430297 -0.1697621380
-0.2437055772 -0.1924318931 -0.1020673372 -0.1266406236 -0.1975546353 -0.1526025669 -0.1501977489 -0.1255843949 -0.6546873231 -0.6667034308 -0.0387729282 -0.1934327625 -0.1289609663 -0.1236840881
-0.2031523716 -0.1501828118 -0.0565495091 -0.0817731898 -0.1554280840 -0.1091243309 -0.1072648821 -0.0806799251 -0.6532443641 -0.6516146937 -0.0890468031 -0.1512567571 -0.0841636353 -0.0787068046
-0.1633623980 -0.1088522542 -0.0122021280 -0.0379881744 -0.1142005892 -0.0666927422 -0.0654504927 -0.0368609389 -0.6522663931 -0.6371325926 -0.1377174036 -0.1099996160 -0.0404410983 -0.0348200299
-0.1243311912 -0.0684320541 0.0309876328 0.0047245593 -0.0738646156 -0.0252962791 -0.0247413903 0.0058827579 -0.6517410083 -0.6232456395 -0.1848047610 -0.0696530234 0.0022165832 0.0079864936
-0.0860542860 -0.0289140455 0.0730326001 0.0463751479 -0.0344126277 0.0150765800 0.0148756156 0.0475613592 -0.6516558081 -0.6099423461 -0.2303289068 -0.0302086636 0.0438193475 0.0497230233
-0.0485272173 0.0097099378 0.1139456006 0.0869737281 0.0041629096 0.0544373566 0.0534137155 0.0881850592 -0.6519983906 -0.5972112245 -0.2743098722 0.0083417791 0.0843771331 0.0903998170
-0.0117455198 0.0474480621 0.1537394612 0.1265304365 0.0418695319 0.0927975724 0.0908860999 0.1277640518 -0.6527563542 -0.5850407865 -0.3167676888 0.0460066204 0.1238998784 0.1300271321
0.0242952717 0.0843084933 0.1924270084 0.1650554100 0.0787147744 0.1301687491 0.1273059593 0.1663085311 -0.6539172970 -0.5734195441 -0.3577223878 0.0827941759 0.1623975219 0.1686152262
0.0595996222 0.1202993978 0.2300210691 0.2025587851 0.1147061726 0.1665624081 0.1626864842 0.2038286911 -0.6554688172 -0.5623360091 -0.3971940006 0.1187127614 0.1998800019 0.2061743569
0.0941719970 0.1554289416 0.2665344701 0.2390506985 0.1498512618 0.2019900712 0.1970408650 0.2403347258 -0.6573985132 -0.5517786935 -0.4352025587 0.1537706927 0.2363572570 0.2427147818
