0.9585406688 0.8980268734 0.8886837959 0.8903798642 0.9569435800 0.9572553781 0.9090575467 0.8896279486 0.9593061963 0.9598291303 -0.9541979238 0.9026777138 0.8832448233 0.8802105081
0.9615770514 0.9053462047 0.8955758644 0.8922666321 0.9621296784 0.9611457557 0.9175025402 0.8915291161 0.9647252142 0.9646632674 -0.9589636404 0.9097912136 0.8848747285 0.8817687089
0.9644935354 0.9123752471 0.9022326616 0.8941578762 0.9669690897 0.9648423186 0.9255110917 0.8934346106 0.9697412269 0.9691749556 -0.9634558540 0.9166175354 0.8865196714 0.8833451298
0.9672906546 0.9191160645 0.9086556722 0.8960529196 0.9714648161 0.9683463183 0.9330870782 0.8953437558 0.9743580238 0.9733669061 -0.9676766519 0.9231587237 0.8881788840 0.8849389755
0.9699689429 0.9255707205 0.9148463812 0.8979510851 0.9756198601 0.9716590065 0.9402343769 0.8972558753 0.9785793939 0.9772418299 -0.9716281212 0.9294168228 0.8898515987 0.8865494508
0.9725289340 0.9317412792 0.9208062733 0.8998516956 0.9794372239 0.9747816348 0.9469568648 0.8991702926 0.9824091263 0.9808024383 -0.9753123491 0.9353938771 0.8915370477 0.8881757602
0.9749711619 0.9376298042 0.9265368333 0.9017540740 0.9829199098 0.9777154549 0.9532584189 0.9010863313 0.9858510104 0.9840514424 -0.9787314227 0.9410919313 0.8932344631 0.8898171086
0.9772961602 0.9432383593 0.9320395461 0.9036575430 0.9860709203 0.9804617184 0.9591429165 0.9030033149 0.9889088352 0.9869915534 -0.9818874293 0.9465130296 0.8949430771 0.8914727005
0.9795044628 0.9485690085 0.9373158966 0.9055614257 0.9888932575 0.9830216770 0.9646142345 0.9049205672 0.9915863899 0.9896254825 -0.9847824558 0.9516592165 0.8966621221 0.8931417407
0.9815966036 0.9536238155 0.9423673695 0.9074650449 0.9913899239 0.9853965823 0.9696762500 0.9068374116 0.9938874636 0.9919559408 -0.9874185896 0.9565325364 0.8983908301 0.8948234339
0.9835731163 0.9584048440 0.9471954496 0.9093677234 0.9935639217 0.9875876860 0.9743328401 0.9087531717 0.9958158456 0.9939856395 -0.9897979178 0.9611350339 0.9001284334 0.8965169848
0.9854345347 0.9629141580 0.9518016219 0.9112687842 0.9954182534 0.9895962396 0.9785878820 0.9106671711 0.9973753250 0.9957172898 -0.9919225275 0.9654687532 0.9018741641 0.8982215980
0.9871813926 0.9671538213 0.9561873711 0.9131675501 0.9969559212 0.9914234949 0.9824452526 0.9125787335 0.9985696910 0.9971536028 -0.9937945060 0.9695357390 0.9036272546 0.8999364782
0.9888142240 0.9711258976 0.9603541820 0.9150633440 0.9981799274 0.9930707035 0.9859088291 0.9144871823 0.9994027327 0.9982972898 -0.9954159402 0.9733380356 0.9053869369 0.9016608302
0.9903335625 0.9748324507 0.9643035395 0.9169554888 0.9990932744 0.9945391170 0.9889824886 0.9163918412 0.9998782393 0.9991510618 -0.9967889175 0.9768776874 0.9071524434 0.9033938586
0.9917399419 0.9782755446 0.9680369284 0.9188433074 0.9996989645 0.9958299871 0.9916701080 0.9182920338 1.0000000000 0.9997176301 -0.9979155250 0.9801567389 0.9089230062 0.9051347681
0.9930338962 0.9814572429 0.9715558335 0.9207261226 1.0000000000 0.9969445654 0.9939755646 0.9201870835 0.9997718039 0.9999997057 -0.9987978499 0.9831772345 0.9106978575 0.9068827634
0.9942159591 0.9843796095 0.9748617397 0.9226032574 0.9999993833 0.9978841036 0.9959027354 0.9220763141 0.9991974403 1.0000000000 -0.9994379792 0.9859412187 0.9124762295 0.9086370491
0.9952866644 0.9870447082 0.9779561317 0.9244740345 0.9997001167 0.9986498533 0.9974554974 0.9239590491 0.9982806982 0.9997212240 -0.9998380002 0.9884507359 0.9142573544 0.9103968301
0.9962465460 0.9894546028 0.9808404945 0.9263377769 0.9991052025 0.9992430661 0.9986377278 0.9258346121 0.9970253668 0.9991660890 -1.0000000000 0.9907078305 0.9160404645 0.9121613109
