-0.5595397535 -0.5581860651 -0.6398162731 -0.6168206662 0.0326586457 -0.2952541875 -0.4984175074 -0.6163679463 0.6228297015 0.6031468681 -0.4507119867 -0.5461687254 -0.6100780488 -0.6104440346
-0.5707440041 -0.5676425618 -0.6478940602 -0.6287569145 0.0193575193 -0.3086029455 -0.5064338131 -0.6282974572 0.6091762116 0.5895341777 -0.4350433968 -0.5557771276 -0.6226263741 -0.6229390361
-0.5818310442 -0.5770471823 -0.6559271068 -0.6405098306 0.0059977424 -0.3218876653 -0.5144756353 -0.6400442448 0.5952978106 0.5757686522 -0.4192579011 -0.5653343115 -0.6349702606 -0.6352316045
-0.5927997561 -0.5863980861 -0.6639136123 -0.6520791435 -0.0074170344 -0.3351062981 -0.5225402257 -0.6516080303 0.5812002724 0.5618543392 -0.4033600266 -0.5748384129 -0.6471096691 -0.6473216781
-0.6036490222 -0.5956934329 -0.6718517759 -0.6634645825 -0.0208831606 -0.3482567953 -0.5306248362 -0.6629885350 0.5668893710 0.5477952864 -0.3873542997 -0.5842875673 -0.6590445605 -0.6592091953
-0.6143777249 -0.6049313822 -0.6797397970 -0.6746658766 -0.0343969855 -0.3613371084 -0.5387267185 -0.6741854801 0.5523708806 0.5335955416 -0.3712452471 -0.5936799105 -0.6707748956 -0.6708940943
-0.6249847465 -0.6141100937 -0.6875758748 -0.6856827551 -0.0479548586 -0.3743451886 -0.5468431246 -0.6851985869 0.5376505751 0.5192591526 -0.3550373955 -0.6030135781 -0.6823006353 -0.6823763135
-0.6354689695 -0.6232277271 -0.6953582086 -0.6965149470 -0.0615531291 -0.3872789876 -0.5549713061 -0.6960275767 0.5227342285 0.5047901670 -0.3387352716 -0.6122867059 -0.6936217405 -0.6936557911
-0.6458292761 -0.6322824419 -0.7030849978 -0.7071621814 -0.0751881466 -0.4001364565 -0.5631085150 -0.7066721708 0.5076276148 0.4901926326 -0.3223434019 -0.6214974294 -0.7047381719 -0.7047324656
-0.6560645487 -0.6412723978 -0.7107544416 -0.7176241875 -0.0888562603 -0.4129155468 -0.5712520031 -0.7171320905 0.4923365081 0.4754705971 -0.3058663131 -0.6306438844 -0.7156498906 -0.7156062751
-0.6661736697 -0.6501957544 -0.7183647394 -0.7279006945 -0.1025538197 -0.4256142099 -0.5793990221 -0.7274070570 0.4768666825 0.4606281083 -0.2893085320 -0.6397242065 -0.7263568573 -0.7262771580
-0.6761555215 -0.6590506714 -0.7259140904 -0.7379914314 -0.1162771742 -0.4382303972 -0.5875468240 -0.7374967916 0.4612239118 0.4456692138 -0.2726745850 -0.6487365314 -0.7368590328 -0.7367450527
-0.6860089864 -0.6678353083 -0.7334006940 -0.7478961274 -0.1300226731 -0.4507620601 -0.5956926605 -0.7474010156 0.4454139702 0.4305979615 -0.2559689990 -0.6576789948 -0.7471563781 -0.7470098973
-0.6957329469 -0.6765478248 -0.7408227494 -0.7576145116 -0.1437866659 -0.4632071499 -0.6038337834 -0.7571194502 0.4294426317 0.4154183989 -0.2391963004 -0.6665497323 -0.7572488540 -0.7570716302
-0.7053262852 -0.6851863805 -0.7481784560 -0.7671463132 -0.1575655019 -0.4755636181 -0.6119674447 -0.7666518168 0.4133156702 0.4001345739 -0.2223610161 -0.6753468797 -0.7671364213 -0.7669301898
-0.7147878837 -0.6937491350 -0.7554660130 -0.7764912612 -0.1713555305 -0.4878294160 -0.6200908960 -0.7759978366 0.3970388599 0.3847505342 -0.2054676726 -0.6840685725 -0.7768190410 -0.7765855143
-0.7241166248 -0.7022342480 -0.7626836197 -0.7856490849 -0.1851531011 -0.5000024951 -0.6282013893 -0.7851572309 0.3806179747 0.3692703276 -0.1885207965 -0.6927129466 -0.7862966738 -0.7860375421
-0.7333113909 -0.7106398791 -0.7698294755 -0.7946195133 -0.1989545631 -0.5120808067 -0.6362961764 -0.7941297210 0.3640587886 0.3536980016 -0.1715249146 -0.7012781375 -0.7955692806 -0.7952862114
-0.7423710643 -0.7189641879 -0.7769017797 -0.8034022755 -0.2127562659 -0.5240623023 -0.6443725090 -0.8029150281 0.3473670757 0.3380376042 -0.1544845535 -0.7097622809 -0.8046368224 -0.8043314606
-0.7512945274 -0.7272053341 -0.7838987315 -0.8119971008 -0.2265545589 -0.5359449331 -0.6524276390 -0.8115128736 0.3305486100 0.3222931829 -0.1374042398 -0.7181635125 -0.8134992598 -0.8131732279
