-0.2195849502 -0.4029300792 -0.2547946981 0.0159468461 -0.9654307530 -0.5045898459 -0.7526646882 0.0218287559 -0.8404564668 -0.9728844380 0.4825823036 -0.4031227530 0.0309747420 0.0419483172
-0.1937262524 -0.3790845304 -0.2268998497 0.0459738816 -0.9612226078 -0.4827397218 -0.7369935249 0.0519665268 -0.8499786996 -0.9685970399 0.4811811672 -0.3790030966 0.0610172912 0.0721728177
-0.1679263015 -0.3551003713 -0.1988382188 0.0758290797 -0.9568391067 -0.4606164725 -0.7209636685 0.0819303528 -0.8592275286 -0.9639645151 0.4797236406 -0.3547251632 0.0908659589 0.1021979695
-0.1422124816 -0.3309987772 -0.1706307001 0.1054804287 -0.9522912943 -0.4382335790 -0.7045864865 0.1116881244 -0.8682010267 -0.9589809166 0.4782192600 -0.3303096953 0.1204881396 0.1319909534
-0.1166121765 -0.3068009234 -0.1422981884 0.1348959166 -0.9475902150 -0.4156045222 -0.6878733465 0.1412077323 -0.8768972663 -0.9536402974 0.4766775614 -0.3057774351 0.1498512276 0.1615189496
-0.0911527700 -0.2825279850 -0.1138615785 0.1640435317 -0.9427469132 -0.3927427832 -0.6708356160 0.1704570672 -0.8853143202 -0.9479367106 0.4751080807 -0.2811491250 0.1789226169 0.1907491389
-0.0658616460 -0.2582011374 -0.0853417653 0.1928912622 -0.9377724335 -0.3696618429 -0.6534846625 0.1994040195 -0.8934502610 -0.9418642092 0.4735203540 -0.2564455073 0.2076697021 0.2196487016
-0.0407661885 -0.2338415557 -0.0567596434 0.2214070962 -0.9326778203 -0.3463751823 -0.6358318535 0.2280164801 -0.9013031613 -0.9354168463 0.4719239173 -0.2316873244 0.2360598773 0.2481848184
-0.0158937812 -0.2094704152 -0.0281361076 0.2495590220 -0.9274741181 -0.3228962822 -0.6178885565 0.2562623395 -0.9088710938 -0.9285886749 0.4703283067 -0.2068953185 0.2640605368 0.2763246698
0.0087281919 -0.1851088910 0.0005079472 0.2773150277 -0.9221723712 -0.2992386237 -0.5996661390 0.2841094883 -0.9161521312 -0.9213737480 0.4687430581 -0.1820902320 0.2916390750 0.3040354362
0.0330723470 -0.1607781585 0.0291516264 0.3046431014 -0.9167836242 -0.2754156878 -0.5811759685 0.3115258173 -0.9231443460 -0.9137661187 0.4671777077 -0.1572928073 0.3187628860 0.3312842983
0.0571113002 -0.1364993929 0.0577740350 0.3315112315 -0.9113189216 -0.2514409554 -0.5624294125 0.3384792169 -0.9298458109 -0.9057598401 0.4656417914 -0.1325237866 0.3453993642 0.3580384365
0.0808176676 -0.1122937694 0.0863542784 0.3578874060 -0.9057893078 -0.2273279074 -0.5434378386 0.3649375780 -0.9362545986 -0.8973489651 0.4641448452 -0.1078039123 0.3715159038 0.3842650314
0.1041640653 -0.0881824632 0.1148714618 0.3837396132 -0.9002058272 -0.2030900249 -0.5242126142 0.3908687910 -0.9423687816 -0.8885275468 0.4626964052 -0.0831539267 0.3970798992 0.4099312635
0.1271231096 -0.0641866495 0.1433046903 0.4090358412 -0.8945795244 -0.1787407888 -0.5047651069 0.4162407466 -0.9481864327 -0.8792896382 0.4613060074 -0.0585945721 0.4220587446 0.4350043133
0.1496674164 -0.0403275037 0.1716330693 0.4337440782 -0.8889214437 -0.1542936800 -0.4851066841 0.4410213355 -0.9537056245 -0.8696292925 0.4599831878 -0.0341465909 0.4464198343 0.4594513613
0.1717696019 -0.0166262008 0.1998357039 0.4578323124 -0.8832426297 -0.1297621795 -0.4652487134 0.4651784484 -0.9589244297 -0.8595405626 0.4587374825 -0.0098307254 0.4701305626 0.4832395882
0.1934022823 0.0068960838 0.2278916993 0.4812685320 -0.8775541268 -0.1051597683 -0.4452025622 0.4886799757 -0.9638409207 -0.8490175015 0.4575784274 0.0143322820 0.4931583237 0.5063361744
0.2145380736 0.0302181749 0.2557801608 0.5040207252 -0.8718669795 -0.0804999273 -0.4249795982 0.5114938082 -0.9684531704 -0.8380541624 0.4565155587 0.0383216891 0.5154705119 0.5287083004
0.2351495921 0.0533188973 0.2834801936 0.5260568801 -0.8661922322 -0.0557961376 -0.4045911887 0.5335878366 -0.9727592514 -0.8266445982 0.4555584122 0.0621167535 0.5370345216 0.5503231467
