-0.4410921892 -0.4407947291 -0.2972807952 -0.3352441512 -0.5734408363 -0.5140775839 -0.1042407579 -0.3351162581 -0.4408955913 -0.1077527567 0.5233175134 -0.4623420653 -0.3303566708 -0.3222911702
-0.4515981189 -0.4485898306 -0.3021676085 -0.3483396654 -0.5805474726 -0.5225274203 -0.1046703303 -0.3482090858 -0.4434343955 -0.1055000457 0.5324553638 -0.4690013002 -0.3436901696 -0.3357628943
-0.4623949527 -0.4567013633 -0.3073350734 -0.3617512484 -0.5879218927 -0.5312647971 -0.1053215651 -0.3616183136 -0.4461847008 -0.1034146944 0.5418312887 -0.4759514396 -0.3573347759 -0.3495506995
-0.4734854579 -0.4651325913 -0.3127862532 -0.3754817042 -0.5955669224 -0.5402926313 -0.1061971805 -0.3753467491 -0.4491490443 -0.1014990428 0.5514476108 -0.4831955659 -0.3712932186 -0.3636573559
-0.4848724020 -0.4738867788 -0.3185242114 -0.3895338369 -0.6034853877 -0.5496138400 -0.1072998945 -0.3893972001 -0.4523299628 -0.0997554305 0.5613066532 -0.4907367611 -0.3855682270 -0.3780856336
-0.4965585522 -0.4829671901 -0.3245520113 -0.4039104502 -0.6116801145 -0.5592313399 -0.1086324254 -0.4037724745 -0.4557299934 -0.0981861974 0.5714107387 -0.4985781074 -0.4001625301 -0.3928383026
-0.5085466759 -0.4923770893 -0.3308727165 -0.4186143483 -0.6201539287 -0.5691480482 -0.1101974912 -0.4184753798 -0.4593516731 -0.0967936832 0.5817621902 -0.5067226870 -0.4150788570 -0.4079181331
-0.5208395405 -0.5021197406 -0.3374893902 -0.4336483350 -0.6289096562 -0.5793668818 -0.1119978101 -0.4335087240 -0.4631975389 -0.0955802277 0.5923633307 -0.5151735822 -0.4303199368 -0.4233278951
-0.5334399133 -0.5121984083 -0.3444050959 -0.4490152144 -0.6379501229 -0.5898907576 -0.1140361003 -0.4488753147 -0.4672701276 -0.0945481706 0.6032164831 -0.5239338749 -0.4458884987 -0.4390703588
-0.5463505616 -0.5226163565 -0.3516228970 -0.4647177902 -0.6472781547 -0.6007225927 -0.1163150798 -0.4645779597 -0.4715719764 -0.0936998518 0.6143239702 -0.5330066476 -0.4617872716 -0.4551482941
-0.5595742529 -0.5333768494 -0.3591458569 -0.4807588666 -0.6568965775 -0.6118653040 -0.1188374669 -0.4806194668 -0.4761056221 -0.0930376111 0.6256881151 -0.5423949822 -0.4780189848 -0.4715644713
-0.5731137545 -0.5444831513 -0.3669770390 -0.4971412474 -0.6668082173 -0.6233218085 -0.1216059796 -0.4970026437 -0.4808736018 -0.0925637881 0.6373112405 -0.5521019611 -0.4945863673 -0.4883216604
-0.5869718337 -0.5559385264 -0.3751195068 -0.5138677367 -0.6770158998 -0.6350950232 -0.1246233361 -0.5137302982 -0.4858784524 -0.0922807226 0.6491956694 -0.5621306663 -0.5114921482 -0.5054226314
-0.6011512579 -0.5677462387 -0.3835763237 -0.5309411382 -0.6875224511 -0.6471878649 -0.1278922546 -0.5308052380 -0.4911227109 -0.0921907545 0.6613437248 -0.5724841800 -0.5287390566 -0.5228701545
-0.6156547945 -0.5799095527 -0.3923505530 -0.5483642562 -0.6983306971 -0.6596032508 -0.1314154531 -0.5482302709 -0.4966089144 -0.0922962235 0.6737577295 -0.5831655845 -0.5463298217 -0.5406669998
-0.6304852108 -0.5924317323 -0.4014452581 -0.5661398943 -0.7094434635 -0.6723440978 -0.1351956499 -0.5660082047 -0.5023395997 -0.0925994694 0.6864400064 -0.5941779619 -0.5642671724 -0.5588159374
-0.6456452741 -0.6053160419 -0.4108635026 -0.5842708567 -0.7208635765 -0.6854133228 -0.1392355630 -0.5841418470 -0.5083173038 -0.0931028319 0.6993928785 -0.6055243944 -0.5825538380 -0.5773197373
-0.6611377518 -0.6185657456 -0.4206083497 -0.6027599473 -0.7325938617 -0.6988138428 -0.1435379107 -0.6026340057 -0.5145445638 -0.0938086509 0.7126186686 -0.6172079641 -0.6011925474 -0.5961811696
-0.6769654113 -0.6321841077 -0.4306828629 -0.6216099700 -0.7446371452 -0.7125485748 -0.1481054109 -0.6214874885 -0.5210239165 -0.0947192660 0.7261196998 -0.6292317533 -0.6201860299 -0.6154030044
-0.6931310200 -0.6461743923 -0.4410901057 -0.6408237287 -0.7569962529 -0.7266204358 -0.1529407820 -0.6407051031 -0.5277578991 -0.0958370171 0.7398982948 -0.6415988441 -0.6395370145 -0.6349880119
