-0.8830579427 -0.9778029734 -0.9995328250 -0.7537986594 -0.6623958508 -0.9252557907 -0.9735643902 -0.7612866866 -0.3886075867 -0.9371735394 0.1706206362 -0.9807701967 -0.7303892227 -0.7195903456
-0.8880979865 -0.9800489632 -0.9998612154 -0.7604678845 -0.6655105213 -0.9289737757 -0.9709024032 -0.7679105007 -0.3900536241 -0.9350532464 0.1746247047 -0.9829966741 -0.7375499862 -0.7267923328
-0.8930401580 -0.9821797854 -1.0000000000 -0.7670644567 -0.6686099565 -0.9326047138 -0.9681089997 -0.7744599039 -0.3915241624 -0.9329131743 0.1786543516 -0.9850912635 -0.7446357866 -0.7339221404
-0.8978835333 -0.9841946318 -0.9999476524 -0.7735875409 -0.6716943654 -0.9361479714 -0.9651836766 -0.7809340474 -0.3930199592 -0.9307541375 0.1827099880 -0.9870529519 -0.7516456949 -0.7409788656
-0.9026271886 -0.9860926943 -0.9997026461 -0.7800363023 -0.6747639566 -0.9396029148 -0.9621259307 -0.7873320821 -0.3945417722 -0.9285769506 0.1867920252 -0.9888807264 -0.7585787823 -0.7479616057
-0.9072702001 -0.9878731646 -0.9992634548 -0.7864099057 -0.6778189390 -0.9429689105 -0.9589352589 -0.7936531592 -0.3960903591 -0.9263824281 0.1909008741 -0.9905735739 -0.7654341196 -0.7548694579
-0.9118116438 -0.9895352347 -0.9986285519 -0.7927075162 -0.6808595214 -0.9462453249 -0.9556111581 -0.7998964298 -0.3976664777 -0.9241713847 0.1950369461 -0.9921304815 -0.7722107781 -0.7617015196
-0.9162505960 -0.9910780962 -0.9977964110 -0.7989282987 -0.6838859126 -0.9494315242 -0.9521531250 -0.8060610448 -0.3992708855 -0.9219446347 0.1992006521 -0.9935504361 -0.7789078287 -0.7684568880
-0.9205861329 -0.9925009412 -0.9967655058 -0.8050714183 -0.6868983212 -0.9525268749 -0.9485606565 -0.8121461555 -0.4009043403 -0.9197029928 0.2033924034 -0.9948324247 -0.7855243424 -0.7751346603
-0.9248173305 -0.9938029613 -0.9955343097 -0.8111360399 -0.6898969563 -0.9555307433 -0.9448332495 -0.8181509127 -0.4025675998 -0.9174472734 0.2076126110 -0.9959754344 -0.7920593905 -0.7817339339
-0.9289432651 -0.9949833484 -0.9941012964 -0.8171213285 -0.6928820264 -0.9584424958 -0.9409704008 -0.8240744677 -0.4042614217 -0.9151782912 0.2118616861 -0.9969784522 -0.7985120438 -0.7882538059
-0.9329630128 -0.9960412944 -0.9924649393 -0.8230264491 -0.6958537405 -0.9612614989 -0.9369716073 -0.8299159714 -0.4059865636 -0.9128968606 0.2161400399 -0.9978404650 -0.8048813735 -0.7946933737
-0.9368756497 -0.9969759910 -0.9906237121 -0.8288505668 -0.6988123073 -0.9639871188 -0.9328363658 -0.8356745749 -0.4077437833 -0.9106037962 0.2204480835 -0.9985604599 -0.8111664505 -0.8010517345
-0.9406802521 -0.9977866302 -0.9885760884 -0.8345928464 -0.7017579356 -0.9666187219 -0.9285641731 -0.8413494294 -0.4095338384 -0.9082999126 0.2247862279 -0.9991374238 -0.8173663460 -0.8073279857
-0.9443758961 -0.9984724037 -0.9863205416 -0.8402524530 -0.7046908342 -0.9691556747 -0.9241545262 -0.8469396858 -0.4113574867 -0.9059860242 0.2291548844 -0.9995703438 -0.8234801311 -0.8135212243
-0.9479616578 -0.9990325033 -0.9838555453 -0.8458285515 -0.7076112118 -0.9715973434 -0.9196069218 -0.8524444953 -0.4132154858 -0.9036629456 0.2335544641 -0.9998582069 -0.8295068766 -0.8196305478
-0.9514366135 -0.9994661209 -0.9811795732 -0.8513203070 -0.7105192773 -0.9739430945 -0.9149208568 -0.8578630088 -0.4151085934 -0.9013314913 0.2379853781 -1.0000000000 -0.8354456538 -0.8256550535
-0.9547998392 -0.9997724484 -0.9782910988 -0.8567268845 -0.7134152395 -0.9761922944 -0.9100958280 -0.8631943776 -0.4170375672 -0.8989924759 0.2424480375 -0.9999947102 -0.8412955337 -0.8315938384
-0.9580504111 -0.9999506775 -0.9751885956 -0.8620474489 -0.7162993072 -0.9783443093 -0.9051313323 -0.8684377526 -0.4190031649 -0.8966467139 0.2469428535 -0.9998413245 -0.8470555872 -0.8374460000
-0.9611874054 -1.0000000000 -0.9718705372 -0.8672811652 -0.7191716890 -0.9803985058 -0.9000268666 -0.8735922848 -0.4210061441 -0.8942950198 0.2514702372 -0.9995388299 -0.8527248856 -0.8432106355
