-0.5464167874 -0.8168324346 -0.7950786676 -0.4390590708 -0.7185481363 -0.6295672995 -0.8272358993 -0.4418968851 -0.4234997436 -0.7364447962 0.4136309980 -0.8457930217 -0.4525825683 -0.4440475077
-0.5662603338 -0.8279115395 -0.8070438479 -0.4567581893 -0.7266538952 -0.6468606948 -0.8335160237 -0.4596381483 -0.4259909648 -0.7498889672 0.4354828036 -0.8557681710 -0.4697271223 -0.4612764239
-0.5858123994 -0.8387317562 -0.8187401676 -0.4742966917 -0.7345559482 -0.6638793501 -0.8395828119 -0.4772164430 -0.4283496102 -0.7631036929 0.4571070973 -0.8654872639 -0.4867142080 -0.4783507779
-0.6050615668 -0.8492840485 -0.8301584936 -0.4916679269 -0.7422459075 -0.6806121398 -0.8454286110 -0.4946250411 -0.4305701178 -0.7760781396 0.4784917774 -0.8749416596 -0.5035376547 -0.4952643905
-0.6239964187 -0.8595593804 -0.8412896931 -0.5088652440 -0.7497153855 -0.6970479384 -0.8510457680 -0.5118572144 -0.4326469253 -0.7888014739 0.4996247419 -0.8841227169 -0.5201912922 -0.5120110825
-0.6426055377 -0.8695487158 -0.8521246331 -0.5258819921 -0.7569559944 -0.7131756200 -0.8564266299 -0.5289062348 -0.4345744706 -0.8012628623 0.5204938890 -0.8930217950 -0.5366689500 -0.5285846744
-0.6608775064 -0.8792430186 -0.8626541808 -0.5427115203 -0.7639593465 -0.7289840593 -0.8615635439 -0.5457653742 -0.4363471914 -0.8134514713 0.5410871168 -0.9016302527 -0.5529644577 -0.5449789872
-0.6788009075 -0.8886332528 -0.8728692031 -0.5593471776 -0.7707170542 -0.7444621304 -0.8664488568 -0.5624279044 -0.4379595257 -0.8253564672 0.5613923234 -0.9099394492 -0.5690716449 -0.5611878415
-0.6963643235 -0.8977103822 -0.8827605672 -0.5757823132 -0.7772207297 -0.7595987078 -0.8710749159 -0.5788870973 -0.4394059113 -0.8369670168 0.5813974070 -0.9179407433 -0.5849843410 -0.5772050580
-0.7135563372 -0.9064653707 -0.8923191401 -0.5920102760 -0.7834619853 -0.7743826659 -0.8754340680 -0.5951362248 -0.4406807859 -0.8482722863 0.6010902656 -0.9256254941 -0.6006963758 -0.5930244575
-0.7303655312 -0.9148891824 -0.9015357889 -0.6080244151 -0.7894324334 -0.7888028790 -0.8795186603 -0.6111685587 -0.4417785874 -0.8592614423 0.6204587975 -0.9329850606 -0.6162015788 -0.6086398607
-0.7467804880 -0.9229727810 -0.9104013807 -0.6238180796 -0.7951236861 -0.8028482215 -0.8833210398 -0.6269773709 -0.4426937537 -0.8699236513 0.6394909007 -0.9400108018 -0.6314937795 -0.6240450884
-0.7627897903 -0.9307071306 -0.9189067825 -0.6393846187 -0.8005273559 -0.8165075678 -0.8868335535 -0.6425559332 -0.4434207226 -0.8802480798 0.6581744734 -0.9466940767 -0.6465668076 -0.6392339612
-0.7783820207 -0.9380831950 -0.9270428615 -0.6547173813 -0.8056350550 -0.8297697922 -0.8900485485 -0.6578975177 -0.4439539319 -0.8902238942 0.6764974137 -0.9530262443 -0.6614144926 -0.6542002999
-0.7935457619 -0.9450919382 -0.9348004847 -0.6698097165 -0.8104383956 -0.8426237692 -0.8929583717 -0.6729953960 -0.4442878194 -0.8998402611 0.6944476197 -0.9589986636 -0.6760306641 -0.6689379252
-0.8082695965 -0.9517243240 -0.9421705192 -0.6846549734 -0.8149289902 -0.8550583731 -0.8955553703 -0.6878428400 -0.4444168230 -0.9090863469 0.7120129895 -0.9646026935 -0.6904091516 -0.6834406579
-0.8225421071 -0.9579713164 -0.9491438320 -0.6992465011 -0.8190984509 -0.8670624783 -0.8978318913 -0.7024331218 -0.4443353805 -0.9179513181 0.7291814214 -0.9698296931 -0.7045437849 -0.6977023187
-0.8363518763 -0.9638238794 -0.9557112902 -0.7135776486 -0.8229383902 -0.8786249591 -0.8997802817 -0.7167595130 -0.4440379298 -0.9264243412 0.7459408134 -0.9746710215 -0.7184283933 -0.7117167284
-0.8496874868 -0.9692729767 -0.9618637610 -0.7276417650 -0.8264404202 -0.8897346900 -0.9013928886 -0.7308152856 -0.4435189086 -0.9344945828 0.7622790636 -0.9791180375 -0.7320568066 -0.7254777076
-0.8625375212 -0.9743095724 -0.9675921113 -0.7414321993 -0.8295961533 -0.9003805452 -0.9026620589 -0.7445937114 -0.4427727547 -0.9421512091 0.7781840702 -0.9831621002 -0.7454228542 -0.7389790770
