-0.3607490629 -0.6389237892 -0.9536347588 -0.7523268040 -0.5718046148 -0.5823697942 -0.8132503436 -0.7640022864 -0.6513672692 -0.9818013157 0.6929704314 -0.7098863297 -0.5400830094 -0.5342140518
-0.3858773748 -0.6556257108 -0.9436562153 -0.7568801641 -0.5884382470 -0.6003626787 -0.8227397216 -0.7688746349 -0.6647755765 -0.9850640760 0.7068608653 -0.7244922376 -0.5415480136 -0.5366475956
-0.4112460221 -0.6722575498 -0.9326474188 -0.7608075186 -0.6052426327 -0.6183808536 -0.8321167910 -0.7731264089 -0.6783314152 -0.9880160980 0.7207124704 -0.7389449370 -0.5423648002 -0.5384621981
-0.4368552842 -0.6888162927 -0.9205936251 -0.7640975382 -0.6222191391 -0.6364228482 -0.8413798061 -0.7767463222 -0.6920364318 -0.9906536675 0.7345237636 -0.7532404411 -0.5425220210 -0.5396468107
-0.4627054406 -0.7052989258 -0.9074800901 -0.7667388938 -0.6393691334 -0.6544871918 -0.8505270208 -0.7797230889 -0.7058922731 -0.9929730705 0.7482932618 -0.7673747634 -0.5420083279 -0.5401903848
-0.4887967707 -0.7217024355 -0.8932920695 -0.7687202562 -0.6566939827 -0.6725724137 -0.8595566894 -0.7820454231 -0.7199005857 -0.9949705928 0.7620194816 -0.7813439170 -0.5408123727 -0.5400818718
-0.5151295540 -0.7380238083 -0.8780148191 -0.7700302963 -0.6741950540 -0.6906770432 -0.8684670659 -0.7837020387 -0.7340630162 -0.9966425204 0.7757009399 -0.7951439152 -0.5389228072 -0.5393102233
-0.5417040699 -0.7542600304 -0.8616335948 -0.7706576849 -0.6918737146 -0.7087996096 -0.8772564044 -0.7846816497 -0.7483812114 -0.9979851390 0.7893361536 -0.8087707714 -0.5363282832 -0.5378643906
-0.5685205979 -0.7704080884 -0.8441336523 -0.7705910929 -0.7097313316 -0.7269386422 -0.8859229590 -0.7849729702 -0.7628568179 -0.9989947345 0.8029236393 -0.8222204989 -0.5330174525 -0.5357333251
-0.5955794175 -0.7864649686 -0.8255002476 -0.7698191909 -0.7277692721 -0.7450926704 -0.8944649839 -0.7845647142 -0.7774914823 -0.9996675929 0.8164619139 -0.8354891109 -0.5289789669 -0.5329059783
-0.6228808080 -0.8024276573 -0.8057186364 -0.7683306500 -0.7459889032 -0.7632602233 -0.9028807330 -0.7834455957 -0.7922868514 -1.0000000000 0.8299494942 -0.8485726207 -0.5242014783 -0.5293713017
-0.6504250490 -0.8182931411 -0.7847740744 -0.7661141408 -0.7643915921 -0.7814398303 -0.9111684606 -0.7816043288 -0.8072445717 -0.9999882417 0.8433848970 -0.8614670417 -0.5186736385 -0.5251182465
-0.6782124200 -0.8340584062 -0.7626518176 -0.7631583343 -0.7829787058 -0.7996300207 -0.9193264207 -0.7790296273 -0.8223662899 -0.9996286038 0.8567666391 -0.8741683870 -0.5123840992 -0.5201357644
-0.7062432003 -0.8497204390 -0.7393371218 -0.7594519012 -0.8017516116 -0.8178293239 -0.9273528674 -0.7757102054 -0.8376536528 -0.9989173723 0.8700932373 -0.8866726701 -0.5053215124 -0.5144128067
-0.7345176695 -0.8652762260 -0.7148152426 -0.7549835124 -0.8207116766 -0.8360362690 -0.9352460548 -0.7716347771 -0.8531083069 -0.9978508329 0.8833632083 -0.8989759042 -0.4974745297 -0.5079383248
-0.7630361069 -0.8807227535 -0.6890714361 -0.7497418387 -0.8398602678 -0.8542493854 -0.9430042370 -0.7667920564 -0.8687318990 -0.9964252717 0.8965750691 -0.9110741026 -0.4888318030 -0.5007012701
-0.7917987922 -0.8960570080 -0.6620909579 -0.7437155510 -0.8591987525 -0.8724672025 -0.9506256681 -0.7611707572 -0.8845260756 -0.9946369744 0.9097273364 -0.9229632786 -0.4793819842 -0.4926905942
-0.8208060046 -0.9112759758 -0.6338590640 -0.7368933200 -0.8787284977 -0.8906882494 -0.9581086023 -0.7547595937 -0.9004924835 -0.9924822269 0.9228185269 -0.9346394455 -0.4691137251 -0.4838952484
-0.8500580236 -0.9263766432 -0.6043610100 -0.7292638167 -0.8984508706 -0.9089110556 -0.9654512935 -0.7475472798 -0.9166327693 -0.9899573152 0.9358471575 -0.9460986166 -0.4580156774 -0.4743041842
-0.8795551288 -0.9413559968 -0.5735820518 -0.7208157117 -0.9183672383 -0.9271341502 -0.9726519960 -0.7395225296 -0.9329485796 -0.9870585251 0.9488117451 -0.9573368052 -0.4460764930 -0.4639063529
