0.9910192812 0.9831267976 0.9770632776 0.9913109285 0.9714311765 0.9837283562 0.9597074524 0.9911434333 0.9161328052 0.9425306920 -0.9723444875 0.9830413032 0.9944497037 0.9931662183
0.9947156347 0.9891009146 0.9843125312 0.9946605311 0.9802039147 0.9893005718 0.9705160650 0.9945245862 0.9269343448 0.9552577372 -0.9805857793 0.9889993378 0.9969614695 0.9960073923
0.9974337348 0.9937506427 0.9901560611 0.9971919129 0.9873282576 0.9936931067 0.9795797515 0.9970885305 0.9360668421 0.9663220917 -0.9873364688 0.9936500635 0.9987163549 0.9980859877
0.9991897879 0.9971006324 0.9946202201 0.9989174006 0.9928371213 0.9969266982 0.9869349607 0.9988475549 0.9435678437 0.9757568836 -0.9926248959 0.9970176416 0.9997254889 0.9994131437
1.0000000000 0.9991755346 0.9977313610 0.9998493207 0.9967634222 0.9990220835 0.9926181413 0.9998139485 0.9494748963 0.9835952411 -0.9964794002 0.9991262333 1.0000000000 1.0000000000
0.9998805774 1.0000000000 0.9995158366 1.0000000000 0.9991400763 1.0000000000 0.9966657422 1.0000000000 0.9538255467 0.9898702925 -0.9989283217 1.0000000000 0.9995510171 0.9998576958
0.9988477264 0.9995986792 1.0000000000 0.9993817651 1.0000000000 0.9998811848 0.9991142121 0.9994179984 0.9566573413 0.9946151659 -1.0000000000 0.9996631029 0.9983896689 0.9989973707
0.9969176530 0.9979962230 0.9992102039 0.9980069428 0.9993761094 0.9986863752 1.0000000000 0.9980802326 0.9580078271 0.9978629895 -0.9997227750 0.9981397032 0.9965270841 0.9974301640
0.9941065635 0.9952172820 0.9971728012 0.9958878596 0.9973013208 0.9964363085 0.9993595546 0.9959989915 0.9579145506 0.9996468915 -0.9981249865 0.9954539623 0.9939743914 0.9951672152
0.9904306641 0.9912865070 0.9939141447 0.9930368423 0.9938085503 0.9931517219 0.9972293247 0.9931865639 0.9564150584 1.0000000000 -0.9952349743 0.9916300415 0.9907427197 0.9922196637
0.9859061610 0.9862285487 0.9894605874 0.9894662175 0.9889307142 0.9888533526 0.9936457591 0.9896552388 0.9535468974 0.9989554433 -0.9910810782 0.9866921018 0.9868431976 0.9885986489
0.9805492603 0.9800680577 0.9838384821 0.9851883118 0.9827007287 0.9835619380 0.9886453067 0.9854173051 0.9493476141 0.9965463494 -0.9856916379 0.9806643048 0.9822869538 0.9843153103
0.9743761684 0.9728296849 0.9770741817 0.9802154520 0.9751515100 0.9772982152 0.9822644162 0.9804850516 0.9438547552 0.9928058467 -0.9790949933 0.9735708115 0.9770851171 0.9793807872
0.9674030913 0.9645380809 0.9691940390 0.9745599647 0.9663159744 0.9700829215 0.9745395365 0.9748707673 0.9371058675 0.9877670632 -0.9713194841 0.9654357834 0.9712488163 0.9738062191
0.9596462353 0.9552178963 0.9602244069 0.9682341766 0.9562270379 0.9619367941 0.9655071163 0.9685867410 0.9291384975 0.9814631273 -0.9623934502 0.9562833816 0.9647891801 0.9676027454
0.9511218066 0.9448937820 0.9501916382 0.9612504144 0.9449176169 0.9528805704 0.9552036046 0.9616452616 0.9199901920 0.9739271669 -0.9523452313 0.9461377674 0.9577173372 0.9607815056
0.9418460113 0.9335903886 0.9391220859 0.9536210047 0.9324206276 0.9429349875 0.9436654501 0.9540586181 0.9096984977 0.9651923104 -0.9412031672 0.9350231021 0.9500444163 0.9533536390
0.9318350557 0.9213323669 0.9270421027 0.9453582741 0.9187689862 0.9321207828 0.9309291015 0.9458390993 0.8983009611 0.9552916859 -0.9289955978 0.9229635470 0.9417815462 0.9453302852
0.9211051460 0.9081443675 0.9139780417 0.9364745495 0.9039956088 0.9204586934 0.9170310078 0.9369989941 0.8858351291 0.9442584215 -0.9157508628 0.9099832633 0.9329398556 0.9367225834
0.9096724884 0.8940510411 0.8999562555 0.9269821573 0.8881334118 0.9079694566 0.9020076178 0.9275505914 0.8723385482 0.9321256456 -0.9014973019 0.8961064123 0.9235304732 0.9275416732
