-0.2954179998 -0.3906747966 -0.1243922082 0.1152799535 -0.9054968350 -0.4655410520 -0.3649237164 0.1099674128 -0.9756849200 -0.3954228429 0.9942276426 -0.4097737680 0.1483889636 0.1334638345
-0.2798226889 -0.3726458821 -0.1087535300 0.1267653736 -0.8985430205 -0.4473161155 -0.3469453571 0.1215099572 -0.9726350818 -0.3771998008 0.9928055793 -0.3917149342 0.1593309469 0.1445760580
-0.2638995526 -0.3543071314 -0.0929007673 0.1384453944 -0.8913244772 -0.4287380090 -0.3286716220 0.1332486940 -0.9693974859 -0.3586666511 0.9912234983 -0.3733349769 0.1704638331 0.1558833326
-0.2476463391 -0.3356566290 -0.0768326844 0.1503213477 -0.8838394255 -0.4098044910 -0.3101007743 0.1451849657 -0.9659708995 -0.3398217367 0.9894803414 -0.3546318641 0.1817889566 0.1673870185
-0.2310607965 -0.3166924596 -0.0605480459 0.1623945658 -0.8760860857 -0.3905133197 -0.2912310774 0.1573201148 -0.9623540895 -0.3206634004 0.9875750507 -0.3356035639 0.1933076517 0.1790884760
-0.2141406730 -0.2974127080 -0.0440456163 0.1746663805 -0.8680626783 -0.3708622535 -0.2720607946 0.1696554838 -0.9585458229 -0.3011899853 0.9855065680 -0.3162480445 0.2050212529 0.1909890654
-0.1968837168 -0.2778154588 -0.0273241600 0.1871381240 -0.8597674235 -0.3508490507 -0.2525881892 0.1821924152 -0.9545448668 -0.2813998341 0.9832738352 -0.2965632740 0.2169310947 0.2030901471
-0.1792876760 -0.2578987968 -0.0103824416 0.1998111282 -0.8511985416 -0.3304714696 -0.2328115245 0.1949322515 -0.9503499883 -0.2612912897 0.9808757943 -0.2765472204 0.2290385114 0.2153930814
-0.1613502989 -0.2376608066 0.0067807745 0.2126867252 -0.8423542531 -0.3097272685 -0.2127290639 0.2078763352 -0.9459599543 -0.2408626951 0.9783113871 -0.2561978521 0.2413448375 0.2278992286
-0.1430693336 -0.2170995729 0.0241667238 0.2257662470 -0.8332327783 -0.2886142058 -0.1923390707 0.2210260088 -0.9413735318 -0.2201123932 0.9755795555 -0.2355131369 0.2538514073 0.2406099489
-0.1244425283 -0.1962131804 0.0417766417 0.2390510256 -0.8238323375 -0.2671300397 -0.1716398082 0.2343826148 -0.9365894880 -0.1990387269 0.9726792415 -0.2144910432 0.2665595555 0.2535266028
-0.1054676311 -0.1749997139 0.0596117639 0.2525423931 -0.8141511510 -0.2452725287 -0.1506295397 0.2479474956 -0.9316065898 -0.1776400390 0.9696093871 -0.1931295389 0.2794706162 0.2666505505
-0.0861423903 -0.1534572579 0.0776733257 0.2662416814 -0.8041874392 -0.2230394310 -0.1293065285 0.2617219938 -0.9264236043 -0.1559146725 0.9663689340 -0.1714265923 0.2925859240 0.2799831523
-0.0664645540 -0.1315838972 0.0959625628 0.2801502227 -0.7939394225 -0.2004285049 -0.1076690380 0.2757074518 -0.9210392985 -0.1338609702 0.9629568242 -0.1493801713 0.3059068133 0.2935257685
-0.0464318703 -0.1093777166 0.1144807106 0.2942693489 -0.7834053212 -0.1774375088 -0.0857153315 0.2899052122 -0.9154524394 -0.1114772751 0.9593719996 -0.1269882443 0.3194346185 0.3072797596
-0.0260420876 -0.0868368006 0.1332290046 0.3086003920 -0.7725833556 -0.1540642010 -0.0634436722 0.3043166175 -0.9096617941 -0.0887619300 0.9556134022 -0.1042487792 0.3331706741 0.3212464856
-0.0052929538 -0.0639592340 0.1522086803 0.3231446842 -0.7614717462 -0.1303063398 -0.0408523236 0.3189430100 -0.9036661296 -0.0657132779 0.9516799738 -0.0811597442 0.3471163144 0.3354273071
0.0158177827 -0.0407431014 0.1714209733 0.3379035573 -0.7500687131 -0.1061616836 -0.0179395489 0.3337857325 -0.8974642129 -0.0423296617 0.9475706563 -0.0577191075 0.3612728738 0.3498235843
0.0372923738 -0.0171864876 0.1908671190 0.3528783435 -0.7383724768 -0.0816279906 0.0052963886 0.3488461272 -0.8910548111 -0.0186094242 0.9432843917 -0.0339248370 0.3756416869 0.3644366774
0.0591330714 0.0067125227 0.2105483531 0.3680703748 -0.7263812577 -0.0567030192 0.0288572255 0.3641255368 -0.8844366911 0.0054490917 0.9388201219 -0.0097749011 0.3902240880 0.3792679469
