-0.8858583619 -0.9630090209 -0.9996000092 -0.9045475348 -0.6666370833 -0.9682301316 -0.4126142206 -0.9058038427 0.0383780598 -0.1286156502 0.3428787689 -0.9610950030 -0.8805896186 -0.8790325933
-0.8940946699 -0.9683884742 -0.9986768107 -0.9114835464 -0.6795834119 -0.9732704868 -0.4135876638 -0.9127201885 0.0275917969 -0.1239257320 0.3558675340 -0.9666862118 -0.8879426562 -0.8864369787
-0.9020574151 -0.9733672221 -0.9972235985 -0.9181842476 -0.6923402491 -0.9778960430 -0.4141674761 -0.9193991745 0.0168773877 -0.1190240333 0.3687973146 -0.9718669202 -0.8950896005 -0.8936353994
-0.9097423305 -0.9779393663 -0.9952335669 -0.9246464045 -0.7049032442 -0.9821007199 -0.4143478331 -0.9258375364 0.0062377484 -0.1139077525 0.3816658398 -0.9766309687 -0.9020276115 -0.9006250057
-0.9171451488 -0.9820990085 -0.9926999097 -0.9308667834 -0.7172680463 -0.9858784373 -0.4141229104 -0.9320320102 -0.0043242047 -0.1085740881 0.3944708385 -0.9809721974 -0.9087538493 -0.9074029480
-0.9242616030 -0.9858402507 -0.9896158210 -0.9368421503 -0.7294303048 -0.9892231148 -0.4134868835 -0.9379793316 -0.0148055554 -0.1030202383 0.4072100395 -0.9848844464 -0.9152654741 -0.9139663766
-0.9310874260 -0.9891571945 -0.9859744949 -0.9425692715 -0.7413856688 -0.9921286723 -0.4124339279 -0.9436762363 -0.0252033874 -0.0972434015 0.4198811719 -0.9883615561 -0.9215596457 -0.9203124420
-0.9376183507 -0.9920439419 -0.9817691254 -0.9480449132 -0.7531297876 -0.9945890294 -0.4109582192 -0.9491194603 -0.0355147845 -0.0912407760 0.4324819645 -0.9913973667 -0.9276335243 -0.9264382945
-0.9438501100 -0.9944945945 -0.9769929065 -0.9532658415 -0.7646583105 -0.9965981058 -0.4090539329 -0.9543057393 -0.0457368305 -0.0850095603 0.4450101463 -0.9939857183 -0.9334842700 -0.9323410844
-0.9497784368 -0.9965032542 -0.9716390323 -0.9582288225 -0.7759668866 -0.9981498214 -0.4067152445 -0.9592318092 -0.0558666091 -0.0785469526 0.4574634462 -0.9961204512 -0.9391090428 -0.9380179622
-0.9553990640 -0.9980640229 -0.9657006968 -0.9629306225 -0.7870511652 -0.9992380958 -0.4039363296 -0.9638944057 -0.0659012040 -0.0718501513 0.4698395930 -0.9977954056 -0.9445050027 -0.9434660783
-0.9607077245 -0.9991710022 -0.9591710941 -0.9673680077 -0.7979067955 -0.9998568487 -0.4007113636 -0.9682902648 -0.0758376990 -0.0649163548 0.4821363158 -0.9990044217 -0.9496693099 -0.9486825829
-0.9657001512 -0.9998182939 -0.9520434182 -0.9715377442 -0.8085294268 -1.0000000000 -0.3970345223 -0.9724161221 -0.0856731779 -0.0577427614 0.4943513434 -0.9997413398 -0.9545991244 -0.9536646265
-0.9703720770 -1.0000000000 -0.9443108631 -0.9754365981 -0.8189147083 -0.9996614693 -0.3928999810 -0.9762687135 -0.0954047244 -0.0503265695 0.5064824049 -1.0000000000 -0.9592916062 -0.9584093594
-0.9747192348 -0.9997102221 -0.9359666229 -0.9790613357 -0.8290582892 -0.9988351763 -0.3883019153 -0.9798447748 -0.1050294223 -0.0426649775 0.5185272290 -0.9997742426 -0.9637439155 -0.9629139321
-0.9787373575 -0.9989430622 -0.9270038917 -0.9824087232 -0.8389558188 -0.9975150408 -0.3832345008 -0.9831410419 -0.1145443554 -0.0347551836 0.5304835447 -0.9990579078 -0.9679532122 -0.9671754949
-0.9824221779 -0.9976926219 -0.9174158634 -0.9854755266 -0.8486029463 -0.9956949826 -0.3776919130 -0.9861542504 -0.1239466073 -0.0265943862 0.5423490809 -0.9978448359 -0.9719166564 -0.9711911981
-0.9857694291 -0.9959530030 -0.9071957321 -0.9882585123 -0.8579953210 -0.9933689213 -0.3716683274 -0.9888811364 -0.1332332619 -0.0181797838 0.5541215667 -0.9961288669 -0.9756314082 -0.9749581921
-0.9887748439 -0.9937183075 -0.8963366919 -0.9907544463 -0.8671285920 -0.9905307767 -0.3651579195 -0.9913184355 -0.1424014029 -0.0095085746 0.5657987308 -0.9939038412 -0.9790946277 -0.9784736274
-0.9914341552 -0.9909826370 -0.8848319368 -0.9929600948 -0.8759984086 -0.9871744685 -0.3581548650 -0.9934628836 -0.1514481140 -0.0005779570 0.5773783022 -0.9911635990 -0.9823034749 -0.9817346542
