-0.0158713704 -0.1067408130 -0.2875733816 -0.0649845152 0.9695944326 0.2069625899 0.0878746453 -0.0661503619 0.9847667355 0.9573190710 -0.9315269350 -0.0052564898 -0.0557702446 -0.0634359125
-0.0152686252 -0.1068319080 -0.2878092530 -0.0645622871 0.9640138564 0.2060619666 0.0831284690 -0.0657420005 0.9783447602 0.9493026169 -0.9244961585 -0.0047648257 -0.0553691018 -0.0630151167
-0.0142301060 -0.1064551439 -0.2874892711 -0.0636831444 0.9579926896 0.2054558329 0.0786614740 -0.0648764098 0.9708612434 0.9406516230 -0.9171520615 -0.0038448887 -0.0545160840 -0.0621382121
-0.0127702895 -0.1056252051 -0.2866296478 -0.0623618513 0.9515375818 0.2051331109 0.0744649572 -0.0635683523 0.9623434277 0.9313787485 -0.9094988399 -0.0025109581 -0.0532258520 -0.0608199475
-0.0109036523 -0.1043567757 -0.2852465949 -0.0606131723 0.9446551826 0.2050827222 0.0705302158 -0.0618325905 0.9528185556 0.9214966521 -0.9015406898 -0.0007773130 -0.0515130668 -0.0590750716
-0.0086446714 -0.1026645404 -0.2833563243 -0.0584518715 0.9373521418 0.2052935888 0.0668485466 -0.0596838869 0.9423138699 0.9110179927 -0.8932818073 0.0013417671 -0.0493923891 -0.0569183333
-0.0060078233 -0.1005631833 -0.2809750481 -0.0558927134 0.9296351089 0.2057546324 0.0634112466 -0.0571370040 0.9308566130 0.8999554294 -0.8847263885 0.0038320032 -0.0468784797 -0.0543644813
-0.0030075849 -0.0980673889 -0.2781189781 -0.0529504621 0.9215107335 0.2064547750 0.0602096129 -0.0542067043 0.9184740276 0.8883216209 -0.8758786294 0.0066791158 -0.0439859995 -0.0514282646
0.0003415671 -0.0951918416 -0.2748043262 -0.0496398821 0.9129856652 0.2073829384 0.0572349423 -0.0509077502 0.9051933562 0.8761292263 -0.8667427261 0.0098688257 -0.0407296092 -0.0481244320
0.0040251561 -0.0919512258 -0.2710473042 -0.0459757376 0.9040665538 0.2085280444 0.0544785320 -0.0472549043 0.8910418413 0.8633909044 -0.8573228747 0.0133868538 -0.0371239696 -0.0444677321
0.0080287051 -0.0883602257 -0.2668641242 -0.0419727929 0.8947600487 0.2098790149 0.0519316789 -0.0432629291 0.8760467257 0.8501193142 -0.8476232712 0.0172189206 -0.0331837416 -0.0404729140
0.0123377377 -0.0844335258 -0.2622709981 -0.0376458124 0.8850727997 0.2114247716 0.0495856799 -0.0389465870 0.8602352518 0.8363271145 -0.8376481117 0.0213507470 -0.0289235860 -0.0361547263
0.0169377768 -0.0801858105 -0.2572841377 -0.0330095603 0.8750114563 0.2131542365 0.0474318320 -0.0343206406 0.8436346623 0.8220269642 -0.8274015923 0.0257680537 -0.0243581636 -0.0315279179
0.0218143460 -0.0756317641 -0.2519197549 -0.0280788009 0.8645826682 0.2150563314 0.0454614323 -0.0293998524 0.8262721996 0.8072315224 -0.8168879090 0.0304565615 -0.0195021352 -0.0266072377
0.0269529683 -0.0707860709 -0.2461940616 -0.0228682987 0.8537930850 0.2171199781 0.0436657777 -0.0241989848 0.8081751065 0.7919534478 -0.8061112579 0.0354019910 -0.0143701616 -0.0214074343
0.0323391671 -0.0656634155 -0.2401232699 -0.0173928178 0.8426493563 0.2193340985 0.0420361653 -0.0187328003 0.7893706254 0.7762053995 -0.7950758352 0.0405900630 -0.0089769036 -0.0159432567
0.0379584657 -0.0602784821 -0.2337235915 -0.0116671225 0.8311581318 0.2216876144 0.0405638919 -0.0130160615 0.7698859990 0.7600000362 -0.7837858367 0.0460064983 -0.0033370221 -0.0102294537
0.0437963872 -0.0546459551 -0.2270112384 -0.0057059773 0.8193260610 0.2241694477 0.0392402545 -0.0070635309 0.7497484699 0.7433500170 -0.7722454587 0.0516370176 0.0025348222 -0.0042807741
0.0498384550 -0.0487805189 -0.2200024224 0.0004758536 0.8071597937 0.2267685201 0.0380565503 -0.0008899708 0.7289852805 0.7262680008 -0.7604588971 0.0574673416 0.0086239684 0.0018880333
0.0560701923 -0.0426968579 -0.2127133556 0.0068636060 0.7946659793 0.2294737536 0.0370040760 0.0054898561 0.7076236736 0.7087666464 -0.7484303481 0.0634831911 0.0149157558 0.0082622197
