0.3802582873 0.3345114839 0.3481673500 0.4470494150 0.1830686092 0.2918102474 0.2744502389 0.4464139687 0.0610392750 -0.4402499449 -0.0738599434 0.3314797168 0.4621481618 0.4606213462
0.4081570138 0.3640411442 0.3771521124 0.4724766630 0.2180217290 0.3229914790 0.3061141048 0.4718648946 0.0999212703 -0.4161640531 -0.1100726738 0.3611248934 0.4870294192 0.4855581550
0.4363741250 0.3939539482 0.4065057411 0.4981359997 0.2535733083 0.3546054984 0.3382471261 0.4975487140 0.1396176783 -0.3915024052 -0.1469832956 0.3911568670 0.5121221612 0.5107085014
0.4649107384 0.4242517361 0.4362300369 0.5240276958 0.2897269976 0.3866543545 0.3708520509 0.5234657056 0.1801342732 -0.3662609536 -0.1845963353 0.4215775018 0.5374264269 0.5360724472
0.4937679717 0.4549363483 0.4663268004 0.5501520222 0.3264864476 0.4191400956 0.4039316275 0.5496161482 0.2214768290 -0.3404356504 -0.2229163198 0.4523886623 0.5629422554 0.5616500539
0.5229469426 0.4860096253 0.4967978323 0.5765092498 0.3638553089 0.4520647706 0.4374886040 0.5760003205 0.2636511196 -0.3140224480 -0.2619477756 0.4835922127 0.5886696859 0.5874413834
0.5524487686 0.5174734073 0.5276449334 0.6030996495 0.4018372321 0.4854304279 0.4715257286 0.6026185012 0.3066629192 -0.2870172986 -0.3016952294 0.5151900173 0.6146087576 0.6134464972
0.5822745674 0.5493295348 0.5588699043 0.6299234922 0.4404358678 0.5192391162 0.5060457494 0.6294709691 0.3505180017 -0.2594161546 -0.3421632078 0.5471839404 0.6407595095 0.6396654572
0.6124254567 0.5815798482 0.5904745458 0.6569810487 0.4796548667 0.5534928840 0.5410514147 0.6565580028 0.3952221411 -0.2312149681 -0.3833562376 0.5795758465 0.6671219809 0.6660983249
0.6429025540 0.6142261877 0.6224606585 0.6842725898 0.5194978793 0.5881937801 0.5765454725 0.6838798811 0.4407811115 -0.2024096914 -0.4252788452 0.6123675998 0.6936962108 0.6927451621
0.6737069770 0.6472703939 0.6548300431 0.7117983865 0.5599685563 0.6233438530 0.6125306712 0.7114368827 0.4872006868 -0.1729962769 -0.4679355574 0.6455610647 0.7204822384 0.7196060304
0.7048398433 0.6807143070 0.6875845004 0.7395587096 0.6010705482 0.6589451513 0.6490097588 0.7392292863 0.5344866412 -0.1429706767 -0.5113309009 0.6791581054 0.7474801029 0.7466809916
0.7363022706 0.7145597675 0.7207258310 0.7675538301 0.6428075057 0.6949997236 0.6859854836 0.7672573707 0.5826447487 -0.1123288432 -0.5554694023 0.7131605863 0.7746898434 0.7739701074
0.7680953765 0.7488086156 0.7542558356 0.7957840186 0.6851830794 0.7315096185 0.7234605937 0.7955214146 0.6316807831 -0.0810667286 -0.6003555882 0.7475703717 0.8021114990 0.8014734394
0.8002202787 0.7834626919 0.7881763150 0.8242495462 0.7282009199 0.7684768847 0.7614378372 0.8240216967 0.6816005187 -0.0491802852 -0.6459939852 0.7823893260 0.8297451088 0.8291910493
0.8326780947 0.8185238366 0.8224890699 0.8529506837 0.7718646778 0.8059035708 0.7999199625 0.8527584957 0.7324097294 -0.0166654653 -0.6923891202 0.8176193135 0.8575907122 0.8571229988
0.8654699422 0.8539938901 0.8571959008 0.8818877020 0.8161780038 0.8437917253 0.8389097176 0.8817320904 0.7841141892 0.0164817789 -0.7395455196 0.8532621985 0.8856483480 0.8852693496
0.8985969389 0.8898746928 0.8922986086 0.9110608719 0.8611445483 0.8821433968 0.8784098507 0.9109427594 0.8367196721 0.0502654951 -0.7874677101 0.8893198453 0.9139180556 0.9136301635
0.9320602023 0.9261680851 0.9277989939 0.9404704642 0.9067679622 0.9209606341 0.9184231100 0.9403907816 0.8902319522 0.0846897310 -0.8361602184 0.9257941183 0.9423998740 0.9422055020
0.9658608501 0.9628759074 0.9636988575 0.9701167500 0.9530518959 0.9602454856 0.9589522437 0.9700764355 0.9446568035 0.1197585344 -0.8856275712 0.9626868817 0.9710938424 0.9709954270
