0.9649613721 0.9074211585 0.6826845265 0.8180638870 0.9713901631 0.9751119819 0.9121256053 0.8152228058 0.9751429981 0.9934314632 -0.9939516940 0.9320808201 0.8194360219 0.8216443577
0.9719818448 0.9138295040 0.6864798526 0.8212739060 0.9779077292 0.9811214666 0.9184615495 0.8184103860 0.9812890482 0.9964964055 -0.9968986924 0.9383295363 0.8226834021 0.8245710164
0.9781644048 0.9194275545 0.6895447047 0.8236672312 0.9835437949 0.9862590587 0.9239832830 0.8207824685 0.9865276919 0.9985969211 -0.9988733026 0.9437513160 0.8251139791 0.8266739699
0.9835302185 0.9242369160 0.6919013021 0.8252682548 0.9883184288 0.9905466357 0.9287125487 0.8223634409 0.9908785001 0.9997568419 -0.9998991850 0.9483682236 0.8267521164 0.8279779834
0.9881004524 0.9282791947 0.6935718645 0.8261013693 0.9922516994 0.9940060748 0.9326710896 0.8231776910 0.9943610441 1.0000000000 -1.0000000000 0.9522023234 0.8276221775 0.8285078223
0.9918962729 0.9315759966 0.6945786114 0.8261909672 0.9953636751 0.9966592534 0.9358806485 0.8232496065 0.9969948949 0.9993502274 -0.9991994079 0.9552756796 0.8277485257 0.8282882517
0.9949388465 0.9341489278 0.6949437621 0.8255614409 0.9976744245 0.9985280489 0.9383629683 0.8226035751 0.9987996237 0.9978313561 -0.9975210691 0.9576103566 0.8271555247 0.8273440371
0.9972493395 0.9360195944 0.6946895364 0.8242371827 0.9992040162 0.9996343387 0.9401397920 0.8212639845 0.9997948017 0.9954672183 -0.9949886440 0.9592284187 0.8258675378 0.8256999437
0.9988489185 0.9372096026 0.6938381536 0.8222425852 0.9999725185 1.0000000000 0.9412328624 0.8192552223 1.0000000000 0.9922816459 -0.9916257930 0.9601519302 0.8239089285 0.8233807368
0.9997587498 0.9377405583 0.6924118333 0.8196020406 1.0000000000 0.9996469102 0.9416639225 0.8166016763 0.9994347897 0.9882984709 -0.9874561765 0.9604029554 0.8213040603 0.8204111816
1.0000000000 0.9376340677 0.6904327950 0.8163399415 0.9993065292 0.9985969467 0.9414547151 0.8133277341 0.9981187419 0.9835415255 -0.9825034548 0.9600035586 0.8180772967 0.8168160435
0.9995938354 0.9369117369 0.6879232582 0.8124806802 0.9979121747 0.9968719869 0.9406269831 0.8094577836 0.9960714278 0.9780346417 -0.9767912882 0.9589758041 0.8142530011 0.8126200878
0.9985614225 0.9355951720 0.6849054425 0.8080486492 0.9958370048 0.9944939080 0.9392024694 0.8050162123 0.9933124185 0.9718016515 -0.9703433373 0.9573417563 0.8098555370 0.8078480797
0.9969239277 0.9337059791 0.6814015672 0.8030682409 0.9931010882 0.9914845874 0.9372029170 0.8000274080 0.9898612852 0.9648663869 -0.9631832623 0.9551234794 0.8049092678 0.8025247845
0.9947025175 0.9312657642 0.6774338520 0.7975638477 0.9897244934 0.9878659025 0.9346500687 0.7945157583 0.9857375989 0.9572526801 -0.9553347237 0.9523430378 0.7994385571 0.7966749675
0.9919183583 0.9282961334 0.6730245163 0.7915598620 0.9857272887 0.9836597306 0.9315656674 0.7885056510 0.9809609308 0.9489843630 -0.9468213818 0.9490224958 0.7934677683 0.7903233940
0.9885926165 0.9248186929 0.6681957797 0.7850806763 0.9811295428 0.9788879490 0.9279714560 0.7820214738 0.9755508521 0.9400852677 -0.9376668970 0.9451839177 0.7870212648 0.7834948293
0.9847464586 0.9208550488 0.6629698617 0.7781506829 0.9759513242 0.9735724352 0.9238891775 0.7750876143 0.9695269339 0.9305792262 -0.9278949297 0.9408493677 0.7801234102 0.7762140387
0.9804010511 0.9164268070 0.6573689817 0.7707942743 0.9702127014 0.9677350665 0.9193405746 0.7677284603 0.9629087473 0.9204900706 -0.9175291402 0.9360409103 0.7727985678 0.7685057874
0.9755775603 0.9115555738 0.6514153593 0.7630358429 0.9639337428 0.9613977201 0.9143473904 0.7599683994 0.9557158635 0.9098416329 -0.9065931890 0.9307806097 0.7650711013 0.7603948408
