0.9024581556 0.9917502027 0.9390922512 0.7585699347 0.9794839246 0.9652385592 0.9704481181 0.7587139343 0.9294624697 0.9823255293 -0.9922066159 0.9765785463 0.7445999507 0.7511379136
0.8966068323 0.9900444254 0.9353425591 0.7492114954 0.9836065821 0.9610716791 0.9746150243 0.7493518898 0.9373116967 0.9859956135 -0.9896633674 0.9736292493 0.7349557625 0.7416159110
0.8906660928 0.9881969018 0.9315153104 0.7398330210 0.9872894158 0.9566928942 0.9784745427 0.7399693101 0.9447647930 0.9892623547 -0.9867460500 0.9705347806 0.7252976421 0.7320764974
0.8846433341 0.9862122316 0.9276174278 0.7304446577 0.9905234473 0.9521059906 0.9820244300 0.7305763311 0.9518083401 0.9921158011 -0.9834491331 0.9673001365 0.7156359628 0.7225299289
0.8785459536 0.9840950145 0.9236558339 0.7210565516 0.9932996982 0.9473147546 0.9852624425 0.7211830882 0.9584289193 0.9945460013 -0.9797670861 0.9639303131 0.7059810978 0.7129864617
0.8723813484 0.9818498503 0.9196374513 0.7116788491 0.9956091901 0.9423229726 0.9881863366 0.7117997171 0.9646131120 0.9965430034 -0.9756943782 0.9604303067 0.6963434203 0.7034563520
0.8661569158 0.9794813385 0.9155692026 0.7023216964 0.9974429447 0.9371344306 0.9907938688 0.7024363534 0.9703474996 0.9980968560 -0.9712254790 0.9568051134 0.6867333036 0.6939498560
0.8598800529 0.9769940789 0.9114580104 0.6929952397 0.9987919834 0.9317529150 0.9930827955 0.6931031328 0.9756186636 0.9991976074 -0.9663548576 0.9530597294 0.6771611210 0.6844772299
0.8535581569 0.9743926711 0.9073107974 0.6837096251 0.9996473280 0.9261822121 0.9950508732 0.6838101908 0.9804131851 0.9998353060 -0.9610769835 0.9491991510 0.6676372456 0.6750487298
0.8471986250 0.9716817149 0.9031344862 0.6744749991 1.0000000000 0.9204261080 0.9966958581 0.6745676631 0.9847176458 1.0000000000 -0.9553863261 0.9452283742 0.6581720507 0.6656746119
0.8408088546 0.9688658100 0.8989359994 0.6653015077 0.9998410210 0.9144883890 0.9980155069 0.6653856854 0.9885186268 0.9996817379 -0.9492773546 0.9411523953 0.6487759095 0.6563651324
0.8343962427 0.9659495559 0.8947222596 0.6561992972 0.9991614127 0.9083728414 0.9990075758 0.6562743932 0.9918027097 0.9988705681 -0.9427445386 0.9369762104 0.6394591952 0.6471305476
0.8279681865 0.9629375525 0.8905001894 0.6471785139 0.9979521965 0.9020832514 0.9996698214 0.6472439222 0.9945564758 0.9975565388 -0.9357823472 0.9327048159 0.6302322812 0.6379811134
0.8215320833 0.9598343993 0.8862767115 0.6382493039 0.9962043942 0.8956234053 1.0000000000 0.6383044079 0.9967665065 0.9957296986 -0.9283852500 0.9283432077 0.6211055406 0.6289270863
0.8150953303 0.9566446962 0.8820587484 0.6294218134 0.9939090274 0.8889970893 0.9999958681 0.6294659861 0.9984193832 0.9933800957 -0.9205477162 0.9238963822 0.6120893466 0.6199787222
0.8086653247 0.9533730427 0.8778532229 0.6207061889 0.9910571175 0.8822080896 0.9996551821 0.6207387923 0.9995016872 0.9904977785 -0.9122642153 0.9193693355 0.6031940725 0.6111462775
0.8022494637 0.9500240385 0.8736670574 0.6121125763 0.9876396864 0.8752601925 0.9989756985 0.6121329621 1.0000000000 0.9870727953 -0.9035292165 0.9147670638 0.5944300915 0.6024400083
0.7958551445 0.9466022835 0.8695071747 0.6036511220 0.9836477554 0.8681571843 0.9979551736 0.6036586313 0.9999009029 0.9830951946 -0.8943371892 0.9100945633 0.5858077769 0.5938701707
0.7894897643 0.9431123771 0.8653804973 0.5953319722 0.9790723463 0.8609028512 0.9965913639 0.5953259354 0.9991909774 0.9785550247 -0.8846826029 0.9053568301 0.5773375019 0.5854470210
0.7831607203 0.9395589192 0.8612939479 0.5871652732 0.9739044807 0.8535009795 0.9948820259 0.5871450099 0.9978568047 0.9734423339 -0.8745599268 0.9005588606 0.5690296398 0.5771808153
