-0.9668581089 -0.9502519535 -0.9758304719 -0.9830648303 -0.4491818480 -0.8947005149 -0.6870434042 -0.9828506665 -0.1076239188 0.3297635919 0.1640507078 -0.8932280876 -0.9831357116 -0.9803295304
-0.9628507809 -0.9467891426 -0.9725526534 -0.9785641415 -0.4465854190 -0.8906955138 -0.6840966590 -0.9783326661 -0.1060392959 0.3296692542 0.1622264202 -0.8898210669 -0.9785383458 -0.9754512845
-0.9586100875 -0.9431732303 -0.9690572676 -0.9735573249 -0.4441024320 -0.8865563477 -0.6811381924 -0.9733104908 -0.1047567515 0.3290245658 0.1606717780 -0.8862910877 -0.9734135561 -0.9700603041
-0.9541352833 -0.9394010170 -0.9653427048 -0.9680514617 -0.4417241515 -0.8822798324 -0.6781618268 -0.9677911769 -0.1037633627 0.3278481989 0.1593746234 -0.8826343482 -0.9677690704 -0.9641640648
-0.9494256231 -0.9354693035 -0.9614073552 -0.9620536331 -0.4394418418 -0.8778627839 -0.6751613849 -0.9617817609 -0.1030462069 0.3261588253 0.1583227986 -0.8788470465 -0.9616126170 -0.9577700419
-0.9444803614 -0.9313748905 -0.9572496090 -0.9555709201 -0.4372467674 -0.8733020179 -0.6721306891 -0.9552892792 -0.1025923612 0.3239751170 0.1575041459 -0.8749253810 -0.9549519239 -0.9508857109
-0.9392987529 -0.9271145786 -0.9528678564 -0.9486104041 -0.4351301927 -0.8685943503 -0.6690635621 -0.9483207683 -0.1023889028 0.3213157461 0.1569065074 -0.8708655496 -0.9477947193 -0.9435185472
-0.9338800524 -0.9226851685 -0.9482604876 -0.9411791661 -0.4330833823 -0.8637365970 -0.6659538264 -0.9408832645 -0.1024229090 0.3181993845 0.1565177252 -0.8666637508 -0.9401487314 -0.9356760265
-0.9282235145 -0.9180834608 -0.9434258929 -0.9332842874 -0.4310976004 -0.8587255737 -0.6627953046 -0.9329838044 -0.1026814568 0.3146447041 0.1563256417 -0.8623161826 -0.9320216881 -0.9273656240
-0.9223283938 -0.9133062563 -0.9383624625 -0.9249328490 -0.4291641116 -0.8535580965 -0.6595818191 -0.9246294243 -0.1031516236 0.3106703770 0.1563180990 -0.8578190432 -0.9234213177 -0.9185948153
-0.9161939450 -0.9083503554 -0.9330685866 -0.9161319323 -0.4272741804 -0.8482309811 -0.6563071927 -0.9158271606 -0.1038204865 0.3062950751 0.1564829392 -0.8531685309 -0.9143553482 -0.9093710759
-0.9098194228 -0.9032125590 -0.9275426555 -0.9068886182 -0.4254190711 -0.8427410434 -0.6529652477 -0.9065840498 -0.1046751228 0.3015374704 0.1568080047 -0.8483608437 -0.9048315078 -0.8997018811
-0.9032040819 -0.8978896677 -0.9217830592 -0.8972099881 -0.4235900482 -0.8370850992 -0.6495498069 -0.8969071284 -0.1057026096 0.2964162348 0.1572811375 -0.8433921800 -0.8948575246 -0.8895947066
-0.8963471769 -0.8923784822 -0.9157881882 -0.8871031231 -0.4217783761 -0.8312599644 -0.6460546926 -0.8868034326 -0.1068900241 0.2909500405 0.1578901799 -0.8382587379 -0.8844411266 -0.8790570277
-0.8892479624 -0.8866758030 -0.9095564325 -0.8765751043 -0.4199753194 -0.8252624549 -0.6424737276 -0.8762799991 -0.1082244436 0.2851575592 0.1586229741 -0.8329567155 -0.8735900422 -0.8680963199
-0.8819056933 -0.8807784309 -0.9030861824 -0.8656330130 -0.4181721423 -0.8190893865 -0.6388007343 -0.8653438641 -0.1096929453 0.2790574631 0.1594673623 -0.8274823112 -0.8623119992 -0.8567200586
-0.8743196240 -0.8746831666 -0.8963758282 -0.8542839303 -0.4163601094 -0.8127375751 -0.6350295353 -0.8540020641 -0.1112826064 0.2726684240 0.1604111866 -0.8218317230 -0.8506147259 -0.8449357194
-0.8664890094 -0.8683868106 -0.8894237600 -0.8425349373 -0.4145304851 -0.8062038364 -0.6311539532 -0.8422616356 -0.1129805040 0.2660091140 0.1614422893 -0.8160011491 -0.8385059504 -0.8327507777
-0.8584131040 -0.8618861637 -0.8822283681 -0.8303931152 -0.4126745339 -0.7994849865 -0.6271678105 -0.8301296149 -0.1147737153 0.2590982051 0.1625485126 -0.8099867878 -0.8259934008 -0.8201727090
-0.8500911626 -0.8551780265 -0.8747880427 -0.8178655453 -0.4107835202 -0.7925778411 -0.6230649298 -0.8176130385 -0.1166493177 0.2519543692 0.1637176987 -0.8037848372 -0.8130848052 -0.8072089887
