0.9661001351 0.9478663374 0.9448989756 0.8366750897 0.5021809199 0.9569862580 0.7923876005 0.8314878183 0.3150080024 0.0875241180 -0.2530053607 0.9522007538 0.7665788162 0.7551511235
0.9588261494 0.9390773070 0.9360018639 0.8281566883 0.4866070747 0.9487943004 0.7786672113 0.8230200789 0.3058726537 0.0892609688 -0.2330265829 0.9437260577 0.7586551786 0.7473196599
0.9507903459 0.9295485181 0.9263797030 0.8189727183 0.4709057082 0.9398384323 0.7644921512 0.8138882289 0.2970670493 0.0913539214 -0.2128847853 0.9345050930 0.7500876640 0.7388479617
0.9419788157 0.9192685546 0.9160205849 0.8091111063 0.4550823692 0.9301070442 0.7498609912 0.8040801989 0.2886041660 0.0938126013 -0.1925841837 0.9245260138 0.7408643214 0.7297241014
0.9323776497 0.9082260005 0.9049126019 0.7985597793 0.4391426066 0.9195885265 0.7347723022 0.7935839195 0.2804969803 0.0966466339 -0.1721289935 0.9137769744 0.7309731996 0.7199361518
0.9219729391 0.8964094398 0.8930438461 0.7873066640 0.4230919693 0.9082712699 0.7192246551 0.7823873212 0.2727584688 0.0998656445 -0.1515234303 0.9022461292 0.7204023475 0.7094721854
0.9107507747 0.8838074563 0.8804024098 0.7753396873 0.4069360061 0.8961436648 0.7032166207 0.7704783347 0.2654016083 0.1034792585 -0.1307717099 0.8899216322 0.7091398140 0.6983202747
0.8986972475 0.8704086342 0.8669763850 0.7626467760 0.3906802659 0.8831941019 0.6867467701 0.7578448905 0.2584393752 0.1074971012 -0.1098780478 0.8767916379 0.6971736481 0.6864684923
0.8857984486 0.8562015573 0.8527538640 0.7492158568 0.3743302975 0.8694109716 0.6698136742 0.7444749192 0.2518847464 0.1119287981 -0.0888466595 0.8628443004 0.6844918986 0.6739049109
0.8720404690 0.8411748096 0.8377229390 0.7350348566 0.3578916499 0.8547826645 0.6524159038 0.7303563515 0.2457506983 0.1167839745 -0.0676817608 0.8480677741 0.6710826143 0.6606176030
0.8574093996 0.8253169751 0.8218717021 0.7200917022 0.3413698717 0.8392975711 0.6345520299 0.7154771179 0.2400502078 0.1220722558 -0.0463875672 0.8324502131 0.6569338443 0.6465946413
0.8418913314 0.8086166377 0.8051882456 0.7043743205 0.3247705120 0.8229440819 0.6162206234 0.6998251489 0.2347962512 0.1278032673 -0.0249682942 0.8159797718 0.6420336374 0.6318240982
0.8254723554 0.7910623814 0.7876606615 0.6878706381 0.3080991195 0.8057105875 0.5974202552 0.6833883753 0.2300018054 0.1339866345 -0.0034281577 0.7986446043 0.6263700425 0.6162940464
0.8081385627 0.7726427902 0.7692770421 0.6705685819 0.2913612432 0.7875854784 0.5781494963 0.6661547275 0.2256798470 0.1406319827 0.0182286270 0.7804328650 0.6099311085 0.5999925585
0.7898760442 0.7533464481 0.7500254795 0.6524560788 0.2745624318 0.7685571452 0.5584069175 0.6481121362 0.2218433525 0.1477489372 0.0399978441 0.7613327080 0.5927048843 0.5829077070
0.7706708908 0.7331619389 0.7298940660 0.6335210555 0.2577082343 0.7486139784 0.5381910897 0.6292485319 0.2185052987 0.1553471234 0.0618752781 0.7413322878 0.5746794188 0.5650275646
0.7505091937 0.7120778467 0.7088708937 0.6137514389 0.2408041995 0.7277443685 0.5175005840 0.6095518452 0.2156786621 0.1634361668 0.0838567134 0.7204197584 0.5558427608 0.5463402037
0.7293770438 0.6900827555 0.6869440547 0.5931351558 0.2238558762 0.7059367061 0.4963339711 0.5890100068 0.2133764195 0.1720256927 0.1059379343 0.6985832742 0.5361829594 0.5268336971
0.7072605320 0.6671652491 0.6641016413 0.5716601329 0.2068688134 0.6831793817 0.4746898221 0.5676109472 0.2116115474 0.1811253264 0.1281147252 0.6758109895 0.5156880633 0.5064961174
0.6841457495 0.6433139117 0.6403317457 0.5493142971 0.1898485598 0.6594607857 0.4525667078 0.5453425970 0.2103970224 0.1907446933 0.1503828706 0.6520910584 0.4943461215 0.4853155370
