0.3181487369 -0.0451858279 -0.1297161598 0.5664843189 -0.3539635767 0.0709261208 -0.6553134568 0.5641002732 -0.4538119244 -0.5445751496 0.1903425015 -0.0907619187 0.6424761112 0.6396914874
0.3194682704 -0.0461983826 -0.1285284092 0.5714746345 -0.3669496138 0.0692273376 -0.6594992347 0.5691320172 -0.4734799264 -0.5618421637 0.2092619872 -0.0917049411 0.6477296584 0.6449926087
0.3202975941 -0.0475800245 -0.1276312731 0.5759300350 -0.3801199759 0.0670945117 -0.6638370830 0.5736306810 -0.4928608294 -0.5788571868 0.2282264610 -0.0929952184 0.6524188406 0.6497314933
0.3206500156 -0.0493183746 -0.1270148403 0.5798627576 -0.3934612306 0.0645414940 -0.6683167921 0.5776084492 -0.5119502706 -0.5956150554 0.2472240651 -0.0946207854 0.6565562736 0.6539206963
0.3205388426 -0.0514010539 -0.1266692000 0.5832850397 -0.4069599458 0.0615821356 -0.6729281524 0.5810775065 -0.5307438868 -0.6121106064 0.2662429418 -0.0965696768 0.6601545734 0.6575727726
0.3199773827 -0.0538156834 -0.1265844410 0.5862091184 -0.4206026891 0.0582302876 -0.6776609543 0.5840500374 -0.5492373149 -0.6283386764 0.2852712334 -0.0988299273 0.6632263556 0.6607002772
0.3189789437 -0.0565498842 -0.1267506524 0.5886472310 -0.4343760283 0.0544998009 -0.6825049881 0.5865382266 -0.5674261920 -0.6442941023 0.3042970821 -0.1013895718 0.6657842362 0.6633157652
0.3175568331 -0.0595912771 -0.1271579233 0.5906116149 -0.4482665312 0.0504045268 -0.6874500444 0.5885542586 -0.5853061549 -0.6599717207 0.3233086303 -0.1042366450 0.6678408310 0.6654317914
0.3157243587 -0.0629274832 -0.1277963426 0.5921145073 -0.4622607656 0.0459583161 -0.6924859135 0.5901103180 -0.6028728406 -0.6753663684 0.3422940203 -0.1073591816 0.6694087560 0.6670609109
0.3134948280 -0.0665461236 -0.1286559993 0.5931681454 -0.4763452991 0.0411750200 -0.6976023858 0.5912185895 -0.6201218860 -0.6904728820 0.3612413942 -0.1107452165 0.6705006268 0.6682156788
0.3108815488 -0.0704348192 -0.1297269824 0.5937847667 -0.4905066996 0.0360684896 -0.7027892518 0.5918912577 -0.6370489281 -0.7052860984 0.3801388945 -0.1143827843 0.6711290594 0.6689086499
0.3078978287 -0.0745811911 -0.1309993809 0.5939766082 -0.5047315348 0.0306525759 -0.7080363018 0.5921405071 -0.6536496038 -0.7198008543 0.3989746634 -0.1182599198 0.6713066695 0.6691523793
0.3045569752 -0.0789728602 -0.1324632839 0.5937559074 -0.5190063725 0.0249411299 -0.7133333262 0.5919785224 -0.6699195501 -0.7340119863 0.4177368431 -0.1223646579 0.6710460732 0.6689594220
0.3008722962 -0.0835974475 -0.1341087804 0.5931349014 -0.5333177804 0.0189480027 -0.7186701156 0.5914174882 -0.6858544040 -0.7479143312 0.4364135760 -0.1266850331 0.6703598861 0.6683423330
0.2968570992 -0.0884425742 -0.1359259593 0.5921258276 -0.5476523263 0.0126870454 -0.7240364602 0.5904695891 -0.7014498022 -0.7615027258 0.4549930043 -0.1312090804 0.6692607242 0.6673136673
0.2925246919 -0.0934958610 -0.1379049097 0.5907409232 -0.5619965779 0.0061721090 -0.7294221505 0.5891470096 -0.7167013819 -0.7747720068 0.4734632703 -0.1359248345 0.6677612033 0.6658859798
0.2878883820 -0.0987449292 -0.1400357205 0.5889924256 -0.5763371031 -0.0005829554 -0.7348169769 0.5874619345 -0.7316047799 -0.7877170109 0.4918125163 -0.1408203300 0.6658739392 0.6640718257
0.2829614771 -0.1041773997 -0.1423084808 0.5868925719 -0.5906604695 -0.0075642968 -0.7402107298 0.5854265483 -0.7461556332 -0.8003325748 0.5100288846 -0.1458836019 0.6636115478 0.6618837597
0.2777572848 -0.1097808934 -0.1447132796 0.5844535995 -0.6049532449 -0.0147580641 -0.7455931996 0.5830530355 -0.7603495787 -0.8126135353 0.5281005175 -0.1511026848 0.6609866450 0.6593343371
0.2722891129 -0.1155430315 -0.1472402059 0.5816877456 -0.6192019971 -0.0221504063 -0.7509541767 0.5803535809 -0.7741822534 -0.8245547291 0.5460155572 -0.1564656134 0.6580118465 0.6564361127
