-1.0000000000 -1.0000000000 -1.0000000000 -1.0000000000 1.0000000000 -1.0000000000 0.4764423848 -1.0000000000 1.0000000000 0.2364050096 -1.0000000000 -1.0000000000 -1.0000000000 -1.0000000000
-0.9722958177 -0.9857017612 -0.9835249741 -0.9721731662 0.9757873747 -0.9899906058 0.4550963308 -0.9722257907 0.9747431748 0.2198317371 -0.9829594893 -0.9847359061 -0.9721730756 -0.9722627288
-0.9448408994 -0.9715477598 -0.9671584614 -0.9445815827 0.9517482884 -0.9801069974 0.4339087488 -0.9446858991 0.9496805574 0.2033580792 -0.9660795488 -0.9696224214 -0.9445810961 -0.9447586307
-0.9176341690 -0.9575370722 -0.9509000337 -0.9172244448 0.9278822843 -0.9703481544 0.4128795722 -0.9173795261 0.9248115384 0.1869842924 -0.9493592716 -0.9546586218 -0.9172232623 -0.9174869191
-0.8906745506 -0.9436687742 -0.9347492625 -0.8901009480 0.9041889056 -0.9607130561 0.3920087340 -0.8903058722 0.9001355087 0.1707106328 -0.9327977508 -0.9398435833 -0.8900987754 -0.8904468076
-0.8639609682 -0.9299419422 -0.9187057195 -0.8632102876 0.8806676955 -0.9512006820 0.3712961675 -0.8634641383 0.8756518590 0.1545373569 -0.9163940793 -0.9251763818 -0.8632068365 -0.8636375095
-0.8374923457 -0.9163556522 -0.9027689762 -0.8365516590 0.8573181971 -0.9418100116 0.3507418060 -0.8368535250 0.8513599803 0.1384647210 -0.9001473502 -0.9106560932 -0.8365466465 -0.8370582385
-0.8112676070 -0.9029089804 -0.8869386044 -0.8101242575 0.8341399537 -0.9325400244 0.3303455827 -0.8104732331 0.8272592632 0.1224929815 -0.8840566565 -0.8962817936 -0.8101174066 -0.8107082080
-0.7852856761 -0.8896010029 -0.8712141756 -0.7839272785 0.8111325084 -0.9233896997 0.3101074308 -0.7843224633 0.8033490985 0.1066223947 -0.8681210914 -0.8820525589 -0.7839183177 -0.7845866316
-0.7595454771 -0.8764307958 -0.8555952615 -0.7579599174 0.7882954044 -0.9143580170 0.2900272835 -0.7584004163 0.7796288771 0.0908532169 -0.8523397478 -0.8679674651 -0.7579485809 -0.7586927226
-0.7340459338 -0.8633974352 -0.8400814337 -0.7322213696 0.7656281850 -0.9054439558 0.2701050740 -0.7327062928 0.7560979897 0.0751857046 -0.8367117188 -0.8540255881 -0.7322073972 -0.7330256947
-0.7087859703 -0.8504999974 -0.8246722638 -0.7067108304 0.7431303932 -0.8966464956 0.2503407357 -0.7072392936 0.7327558272 0.0596201140 -0.8212360975 -0.8402260038 -0.7066939678 -0.7075847613
-0.6837645105 -0.8377375583 -0.8093673235 -0.6814274951 0.7208015724 -0.8879646157 0.2307342016 -0.6819986194 0.7096017804 0.0441567015 -0.8059119769 -0.8265677883 -0.6814074936 -0.6823691359
-0.6589804784 -0.8251091942 -0.7941661844 -0.6563705592 0.6986412656 -0.8793972957 0.2112854051 -0.6569834708 0.6866352399 0.0287957234 -0.7907384500 -0.8130500175 -0.6563471756 -0.6573780320
-0.6344327980 -0.8126139812 -0.7790684180 -0.6315392180 0.6766490161 -0.8709435150 0.1919942794 -0.6321930486 0.6638555967 0.0135374361 -0.7757146099 -0.7996717674 -0.6315122151 -0.6326106631
-0.6101203932 -0.8002509954 -0.7640735962 -0.6069326670 0.6548243671 -0.8626022530 0.1728607576 -0.6076265536 0.6412622415 -0.0016179040 -0.7608395497 -0.7864321139 -0.6069018128 -0.6080662427
-0.5860421880 -0.7880193129 -0.7491812903 -0.5825501013 0.6331668617 -0.8543724892 0.1538847731 -0.5832831864 0.6188545652 -0.0166700407 -0.7461123623 -0.7733301329 -0.5825151701 -0.5837439844
-0.5621971064 -0.7759180099 -0.7343910722 -0.5583907165 0.6116760432 -0.8462532031 0.1350662589 -0.5591621478 0.5966319584 -0.0316187175 -0.7315321409 -0.7603649005 -0.5583514878 -0.5596431015
-0.5385840723 -0.7639461625 -0.7197025134 -0.5344537079 0.5903514547 -0.8382433741 0.1164051485 -0.5352626385 0.5745938121 -0.0464636782 -0.7170979784 -0.7475354926 -0.5344099670 -0.5357628076
-0.5152020097 -0.7521028469 -0.7051151856 -0.5107382709 0.5691926394 -0.8303419817 0.0979013749 -0.5115838592 0.5527395170 -0.0612046663 -0.7028089680 -0.7348409851 -0.5106898088 -0.5121023162
