-0.0994759084 -0.3601845469 -0.4684014652 -0.1427432154 0.0009336537 -0.9824730774 -0.3810804799 -0.1495363323 0.0180441323 -0.9847684465 -0.1952753119 -0.3640821492 -0.0971423459 -0.1091073410
-0.0928989722 -0.3474401309 -0.4627483148 -0.1328719715 0.0127951394 -0.9645064881 -0.3690374031 -0.1394442707 0.0338148871 -0.9696762139 -0.2030861060 -0.3543438793 -0.0879584465 -0.0993552671
-0.0858518632 -0.3343206889 -0.4564397855 -0.1226238311 0.0248973113 -0.9461121906 -0.3565866261 -0.1289798439 0.0496765499 -0.9547213619 -0.2111873297 -0.3441279278 -0.0783945315 -0.0892373141
-0.0783463230 -0.3208372399 -0.4494903550 -0.1120094893 0.0372313644 -0.9273021430 -0.3437395886 -0.1181537039 0.0656221946 -0.9399019507 -0.2195699102 -0.3334465361 -0.0684612597 -0.0787639906
-0.0703940931 -0.3070008030 -0.4419145009 -0.1010396414 0.0497884937 -0.9080883039 -0.3305077300 -0.1069765024 0.0816448951 -0.9252160399 -0.2282247744 -0.3223119453 -0.0581692898 -0.0679458050
-0.0620069150 -0.2928223971 -0.4337267011 -0.0897249824 0.0625598940 -0.8884826314 -0.3169024896 -0.0954588912 0.0977377252 -0.9106616896 -0.2371428495 -0.3107363965 -0.0475292804 -0.0567932659
-0.0531965302 -0.2783130412 -0.4249414330 -0.0780762076 0.0755367604 -0.8684970839 -0.3029353071 -0.0836115221 0.1138937590 -0.8962369597 -0.2463150625 -0.2987321309 -0.0365518903 -0.0453168816
-0.0439746803 -0.2634837543 -0.4155731743 -0.0661040122 0.0887102878 -0.8481436198 -0.2886176217 -0.0714450469 0.1301060703 -0.8819399101 -0.2557323405 -0.2863113897 -0.0252477783 -0.0335271606
-0.0343531068 -0.2483455554 -0.4056364028 -0.0538190913 0.1020716712 -0.8274341973 -0.2739608731 -0.0589701174 0.1463677331 -0.8677686006 -0.2653856106 -0.2734864141 -0.0136276029 -0.0214346114
-0.0243435513 -0.2329094634 -0.3951455961 -0.0412321401 0.1156121055 -0.8063807748 -0.2589765005 -0.0461973855 0.1626718211 -0.8537210912 -0.2752657997 -0.2602694453 -0.0017020230 -0.0090497425
-0.0139577551 -0.2171864974 -0.3841152319 -0.0283538537 0.1293227857 -0.7849953106 -0.2436759436 -0.0331375029 0.1790114084 -0.8397954419 -0.2853638351 -0.2466727244 0.0105183027 0.0036169377
-0.0032074600 -0.2011876763 -0.3725597879 -0.0151949274 0.1431949068 -0.7632897631 -0.2280706418 -0.0198011214 0.1953795688 -0.8259897125 -0.2956706437 -0.2327084926 0.0230227156 0.0165549208
0.0078955927 -0.1849240191 -0.3604937416 -0.0017660564 0.1572196637 -0.7412760905 -0.2121720345 -0.0061988929 0.2117693762 -0.8123019629 -0.3061771526 -0.2183889912 0.0358005568 0.0297536982
0.0193396613 -0.1684065449 -0.3479315708 0.0119220643 0.1713882514 -0.7189662511 -0.1959915611 0.0076585308 0.2281739045 -0.7987302530 -0.3168742889 -0.2037264611 0.0488411678 0.0432027614
0.0311130043 -0.1516462725 -0.3348877532 0.0258587394 0.1856918649 -0.6963722034 -0.1795406612 0.0217604980 0.2445862277 -0.7852726428 -0.3277529796 -0.1887331438 0.0621338897 0.0568916021
0.0432038803 -0.1346542210 -0.3213767664 0.0400332738 0.2001216991 -0.6735059057 -0.1628307742 0.0360963569 0.2609994196 -0.7719271922 -0.3388041519 -0.1734212802 0.0756680639 0.0708097118
0.0556005477 -0.1174414093 -0.3074130881 0.0544349722 0.2146689489 -0.6503793162 -0.1458733395 0.0506554556 0.2774065542 -0.7586919610 -0.3500187328 -0.1578031116 0.0894330317 0.0849465819
0.0682912649 -0.1000188565 -0.2930111959 0.0690531395 0.2293248094 -0.6270043932 -0.1286797967 0.0654271423 0.2938007053 -0.7455650092 -0.3613876493 -0.1418908792 0.1034181342 0.0992917041
0.0812642904 -0.0823975816 -0.2781855676 0.0838770806 0.2440804754 -0.6033930952 -0.1112615851 0.0804007652 0.3101749469 -0.7325443967 -0.3729018285 -0.1256968242 0.1176127129 0.1138345699
0.0945078828 -0.0645886034 -0.2629506807 0.0988961002 0.2589271421 -0.5795573804 -0.0936301442 0.0955656726 0.3265223528 -0.7196281834 -0.3845521975 -0.1092331876 0.1320061090 0.1285646708
