0.3328294967 0.3338629925 0.4172030616 0.3101920660 0.2484647201 0.5164093499 0.3452164450 0.3096138303 0.1920287116 0.5880405105 -0.2384678886 0.3625626762 0.3058330179 0.3029565406
0.2966776438 0.2975691828 0.3803818481 0.2742064824 0.2131772743 0.4839535068 0.3088291316 0.2736296052 0.1574255013 0.6021344552 -0.2034220056 0.3260665040 0.2699109316 0.2670532199
0.2594108576 0.2601628359 0.3422615282 0.2371539466 0.1769418345 0.4503109981 0.2713051914 0.2365797515 0.1219781760 0.6163529313 -0.1674417062 0.2883954544 0.2329299341 0.2300971355
0.2210173964 0.2216329329 0.3028276243 0.1990237636 0.1397495957 0.4154698654 0.2326331849 0.1984536174 0.0856798095 0.6306978789 -0.1305179176 0.2495372863 0.1948793669 0.1920777790
0.1814855188 0.1819684548 0.2620656587 0.1598052381 0.1015917529 0.3794181505 0.1928016727 0.1592405512 0.0485234758 0.6451712380 -0.0926415668 0.2094797585 0.1557485711 0.1529846419
0.1408034832 0.1411583826 0.2199611537 0.1194876750 0.0624595011 0.3421438950 0.1517992154 0.1189299009 0.0105022487 0.6597749487 -0.0538035809 0.1682106298 0.1155268880 0.1128072157
0.0989595481 0.0991916972 0.1764996316 0.0780603790 0.0223440352 0.3036351406 0.1096143735 0.0775110149 -0.0283907978 0.6745109512 -0.0139948869 0.1257176590 0.0742036590 0.0715349919
0.0559419720 0.0560573798 0.1316666149 0.0355126551 -0.0187634498 0.2638799289 0.0662357074 0.0349732413 -0.0681625898 0.6893811854 0.0267935881 0.0819886051 0.0317682252 0.0291574622
0.0117390134 0.0117444113 0.0854476257 -0.0081661920 -0.0608717590 0.2228663016 0.0216517779 -0.0086940717 -0.1088200535 0.7043875916 0.0685709169 0.0370112267 -0.0117900719 -0.0143358820
-0.0336610694 -0.0337582273 0.0378281865 -0.0529868574 -0.1039896974 0.1805823005 -0.0241488546 -0.0535015759 -0.1503701150 0.7195321098 0.1113461726 -0.0092267173 -0.0564818912 -0.0589555491
-0.0802700177 -0.0804615549 -0.0112061805 -0.0989600364 -0.1481260701 0.1370159671 -0.0711776296 -0.0994599231 -0.1928197002 0.7348166800 0.1551284281 -0.0567374681 -0.1023178913 -0.1047120477
-0.1280995732 -0.1283765906 -0.0616699528 -0.1460964240 -0.1932896820 0.0921553432 -0.1194459865 -0.1465797651 -0.2361757354 0.7502432424 0.1999267564 -0.1055332668 -0.1493087310 -0.1516158860
-0.1771614773 -0.1775143533 -0.1135776083 -0.1944067155 -0.2394893382 0.0459884705 -0.1689653648 -0.1948717537 -0.2804451466 0.7658137371 0.2457502302 -0.1556263546 -0.1974650689 -0.1996775727
-0.2274674717 -0.2278858620 -0.1669436244 -0.2439016060 -0.2867338438 -0.0014966095 -0.2197472038 -0.2443465408 -0.3256348599 0.7815301041 0.2926079227 -0.2070289727 -0.2467975639 -0.2489076162
-0.2790292977 -0.2795021356 -0.2217824789 -0.2945917908 -0.3350320038 -0.0503118550 -0.2718029432 -0.2950147780 -0.3717518015 0.7973942836 0.3405089066 -0.2597533622 -0.2973168745 -0.2993165249
-0.3318586970 -0.3323741933 -0.2781086495 -0.3464879649 -0.3843926232 -0.1004692243 -0.3251440223 -0.3468871174 -0.4188028973 0.8134082156 0.3894622550 -0.3138117645 -0.3490336596 -0.3509148074
-0.3859674111 -0.3865130539 -0.3359366139 -0.3996008236 -0.4348245071 -0.1519806758 -0.3797818806 -0.3999742105 -0.4667950736 0.8295738402 0.4394770408 -0.3692164205 -0.4019585778 -0.4037129720
-0.4413671814 -0.4419297365 -0.3952808496 -0.4539410620 -0.4863364605 -0.2048581678 -0.4357279575 -0.4542867093 -0.5157352563 0.8458930975 0.4905623369 -0.4259795715 -0.4561022878 -0.4577215272
-0.4980697496 -0.4986352600 -0.4561558345 -0.5095193754 -0.5389372884 -0.2591136587 -0.4929936926 -0.5098352655 -0.5656303717 0.8623679276 0.5427272163 -0.4841134588 -0.5114754485 -0.5129509816
-0.5560868572 -0.5566406434 -0.5185760460 -0.5663464588 -0.5926357959 -0.3147591066 -0.5515905252 -0.5666305310 -0.6164873458 0.8790002706 0.5959807518 -0.5436303233 -0.5680887184 -0.5694118435
