-0.4035775945 -0.7313090533 -0.8210401169 -0.3235711281 0.0481738157 -0.8230998888 -0.9085583810 -0.3229713438 0.0431454185 -0.9926378619 -0.3331323059 -0.8248200831 -0.2707734124 -0.2648185637
-0.4145783585 -0.7433342851 -0.8338229877 -0.3343360683 0.0438373748 -0.8357314046 -0.9173184433 -0.3336968208 0.0431764321 -0.9943247616 -0.3297087467 -0.8373362760 -0.2811692076 -0.2751704409
-0.4252176172 -0.7548711752 -0.8460935548 -0.3447708397 0.0397860944 -0.8478571862 -0.9256106941 -0.3440913792 0.0434112615 -0.9957891154 -0.3264993565 -0.8493331266 -0.2912499356 -0.2852088943
-0.4354985568 -0.7659240985 -0.8578562659 -0.3548783330 0.0360169781 -0.8594815890 -0.9334394349 -0.3541579208 0.0438474494 -0.9970326775 -0.3235017511 -0.8608152786 -0.3010183680 -0.2949366832
-0.4454243632 -0.7764974302 -0.8691155687 -0.3646614390 0.0325270295 -0.8706089682 -0.9408089668 -0.3638993476 0.0444825383 -0.9980572017 -0.3207135468 -0.8717873758 -0.3104772764 -0.3043565664
-0.4549982228 -0.7865955451 -0.8798759109 -0.3741230485 0.0293132519 -0.8812436791 -0.9477235912 -0.3733185617 0.0453140708 -0.9988644420 -0.3181323595 -0.8822540620 -0.3196294326 -0.3134713032
-0.4642233215 -0.7962228182 -0.8901417402 -0.3832660525 0.0263726488 -0.8913900769 -0.9541876093 -0.3824184650 0.0463395895 -0.9994561525 -0.3157558052 -0.8922199808 -0.3284776082 -0.3222836524
-0.4731028455 -0.8053836246 -0.8999175044 -0.3920933416 0.0237022238 -0.9010525171 -0.9602053224 -0.3912019595 0.0475566371 -0.9998340872 -0.3135815000 -0.9016897761 -0.3370245749 -0.3307963732
-0.4816399809 -0.8140823391 -0.9092076511 -0.4006078067 0.0212989803 -0.9102353548 -0.9657810318 -0.3996719471 0.0489627560 -1.0000000000 -0.3116070600 -0.9106680916 -0.3452731044 -0.3390122246
-0.4898379137 -0.8223233369 -0.9180166281 -0.4088123387 0.0191599217 -0.9189429454 -0.9709190388 -0.4078313298 0.0505554888 -0.9999556449 -0.3098301011 -0.9191595711 -0.3532259684 -0.3469339656
-0.4976998302 -0.8301109928 -0.9263488831 -0.4167098284 0.0172820517 -0.9271796441 -0.9756236447 -0.4156830096 0.0523323783 -0.9997027760 -0.3082482394 -0.9271688583 -0.3608859384 -0.3545643553
-0.5052289164 -0.8374496819 -0.9342088638 -0.4243031665 0.0156623736 -0.9349498062 -0.9798991507 -0.4232298885 0.0542909668 -0.9992431472 -0.3068590910 -0.9347005970 -0.3682557862 -0.3619061528
-0.5124283585 -0.8443437791 -0.9416010178 -0.4315952440 0.0142978910 -0.9422577871 -0.9837498581 -0.4304748684 0.0564287971 -0.9985785126 -0.3056602719 -0.9417594309 -0.3753382835 -0.3689621170
-0.5193013425 -0.8507976594 -0.9485297930 -0.4385889516 0.0131856073 -0.9491079420 -0.9871800682 -0.4374208514 0.0587434116 -0.9977106260 -0.3046493982 -0.9483500038 -0.3821362018 -0.3757350070
-0.5258510546 -0.8568156978 -0.9549996370 -0.4452871801 0.0123225260 -0.9555046261 -0.9901940823 -0.4440707393 0.0612323531 -0.9966412416 -0.3038240857 -0.9544769594 -0.3886523130 -0.3822275818
-0.5320806808 -0.8624022693 -0.9610149975 -0.4516928204 0.0117056506 -0.9614521949 -0.9927962017 -0.4504274343 0.0638931640 -0.9953721133 -0.3031819507 -0.9601449415 -0.3948893887 -0.3884426006
-0.5379934073 -0.8675617488 -0.9665803223 -0.4578087633 0.0113319846 -0.9669550035 -0.9949907276 -0.4564938382 0.0667233870 -0.9939049951 -0.3027206092 -0.9653585939 -0.4008502005 -0.3943828222
-0.5435924202 -0.8722985114 -0.9717000591 -0.4636378996 0.0111985315 -0.9720174073 -0.9967819613 -0.4622728530 0.0697205647 -0.9922416410 -0.3024376771 -0.9701225603 -0.4065375200 -0.4000510059
-0.5488809057 -0.8766169320 -0.9763786555 -0.4691831202 0.0113022947 -0.9766437615 -0.9981742041 -0.4677673807 0.0728822395 -0.9903838049 -0.3023307706 -0.9744414845 -0.4119541191 -0.4054499106
-0.5538620497 -0.8805213856 -0.9806205593 -0.4744473158 0.0116402777 -0.9808384215 -0.9991717573 -0.4729803233 0.0762059542 -0.9883332410 -0.3023975056 -0.9783200101 -0.4171027693 -0.4105822953
