0.1724952751 0.2892321890 0.3700876463 -0.0526453578 0.2770689534 0.1993005750 0.3537536624 -0.0516266472 0.2713466180 0.1780351931 -0.1816882782 0.3366885557 -0.0898757194 -0.0929771174
0.1466415300 0.2610651367 0.3406833708 -0.0735522333 0.2484476796 0.1722828071 0.3244434324 -0.0725388561 0.2427542857 0.1505384378 -0.1545814218 0.3075431429 -0.1099950856 -0.1130280784
0.1201520893 0.2321835589 0.3104891301 -0.0949696765 0.2191583735 0.1446463204 0.2943664767 -0.0939631440 0.2135018094 0.1224868606 -0.1268920235 0.2776531850 -0.1306026356 -0.1335655138
0.0930209308 0.2025807052 0.2794973983 -0.1169027464 0.1891950181 0.1163855005 0.2635156317 -0.1159045897 0.1835833503 0.0938758352 -0.0986149769 0.2470116779 -0.1517032412 -0.1545942827
0.0652420322 0.1722498252 0.2477006498 -0.1393565021 0.1585515963 0.0874947329 0.2318837341 -0.1383682721 0.1529930696 0.0647007350 -0.0697451753 0.2156116173 -0.1733017746 -0.1761192440
0.0368093712 0.1411841686 0.2150913585 -0.1623360027 0.1272220914 0.0579684033 0.1994636205 -0.1613592703 0.1217251283 0.0349569336 -0.0402775124 0.1834459989 -0.1954031079 -0.1981452568
0.0077169257 0.1093769850 0.1816619988 -0.1858463074 0.0952004862 0.0278008973 0.1662481277 -0.1848826631 0.0897736878 0.0046398043 -0.0102068817 0.1505078186 -0.2180121131 -0.2206771802
-0.0220413267 0.0768215240 0.1474050447 -0.2098924751 0.0624807638 -0.0030133996 0.1322300922 -0.2089435295 0.0571329092 -0.0262552792 0.0204718233 0.1167900720 -0.2411336624 -0.2437198731
-0.0524714083 0.0435110352 0.1123129706 -0.2344795650 0.0290569073 -0.0344801018 0.0974023506 -0.2335469484 0.0237969536 -0.0577329435 0.0517637091 0.0822857550 -0.2647726277 -0.2672781947
-0.0835793413 0.0094387682 0.0763782504 -0.2596126361 -0.0050771003 -0.0666048237 0.0617577397 -0.2586979988 -0.0102400177 -0.0897978150 0.0836738820 0.0469878633 -0.2889338811 -0.2913570040
-0.1153711479 -0.0254020273 0.0395933584 -0.2852967476 -0.0399272760 -0.0993931796 0.0252890960 -0.2844017596 -0.0449838437 -0.1224545203 0.1162074486 0.0108893926 -0.3136222948 -0.3159611599
-0.1478528505 -0.0610181016 0.0019507689 -0.3115369585 -0.0754996368 -0.1328507841 -0.0120107439 -0.3106633097 -0.0804403630 -0.1557076859 0.1493695153 -0.0260166611 -0.3388427408 -0.3410955216
-0.1810304713 -0.0974162052 -0.0365570441 -0.3383383279 -0.1118001995 -0.1669832514 -0.0501489432 -0.3374877281 -0.1166154145 -0.1895619381 0.1831651887 -0.0637373023 -0.3646000911 -0.3667649481
-0.2149100326 -0.1346030885 -0.0759376064 -0.3657059150 -0.1488349812 -0.2017961961 -0.0891326654 -0.3648800938 -0.1535148371 -0.2240219037 0.2175995751 -0.1022795351 -0.3908992178 -0.3929742984
-0.2494975566 -0.1725855018 -0.1161984438 -0.3936447787 -0.1866099988 -0.2372952325 -0.1289690738 -0.3928454855 -0.1911444696 -0.2590922089 0.2526777811 -0.1416503638 -0.4177449930 -0.4197284315
-0.2847990656 -0.2113701954 -0.1573470821 -0.4221599782 -0.2251312694 -0.2734859750 -0.1696653317 -0.4213889824 -0.2295101508 -0.2947774804 0.2884049130 -0.1818567925 -0.4451422888 -0.4470322065
-0.3208205818 -0.2509639198 -0.1993910472 -0.4512565726 -0.2644048098 -0.3103740381 -0.2112286026 -0.4505156633 -0.2686177195 -0.3310823445 0.3247860774 -0.2229058256 -0.4730959773 -0.4748904825
-0.3575681277 -0.2913734254 -0.2423378648 -0.4809396209 -0.3044366370 -0.3479650361 -0.2536660498 -0.4802306072 -0.3084730145 -0.3680114279 0.3618263808 -0.2648044673 -0.5016109304 -0.5033081184
-0.3950477253 -0.3326054625 -0.2861950609 -0.5112141823 -0.3452327680 -0.3862645835 -0.2969848366 -0.5105388930 -0.3490818747 -0.4055693570 0.3995309296 -0.3075597218 -0.5306920203 -0.5322899734
-0.4332653969 -0.3746667814 -0.3309701611 -0.5420853158 -0.3867992197 -0.4252782947 -0.3411921265 -0.5414455996 -0.3904501389 -0.4437607583 0.4379048302 -0.3511785932 -0.5603441191 -0.5618409064
