0.7025118417 0.8857134176 0.8121723595 0.4945206994 0.8343185214 0.7365035155 0.9334144120 0.4942239092 0.9061180189 0.8361770608 -0.6805958820 0.8298603259 0.4755819273 0.4836765210
0.6976155056 0.8817586485 0.8095184438 0.4898583085 0.8191863998 0.7273429138 0.9262529194 0.4895358166 0.8938099061 0.8212823614 -0.6627881832 0.8247583523 0.4709550457 0.4789952176
0.6928738610 0.8778139229 0.8070154181 0.4855107079 0.8033181673 0.7180953534 0.9187100013 0.4851616645 0.8806628484 0.8056559150 -0.6444239046 0.8196760813 0.4666565486 0.4746349571
0.6882943051 0.8738838403 0.8046702048 0.4814880439 0.7867048456 0.7087646205 0.9107834141 0.4811115886 0.8666634271 0.7892877701 -0.6254975153 0.8146185090 0.4626968093 0.4706059958
0.6838842351 0.8699730005 0.8024897267 0.4778004627 0.7693374561 0.6993545015 0.9024709142 0.4773957244 0.8517982237 0.7721679748 -0.6060034848 0.8095906317 0.4590862011 0.4669185897
0.6796510483 0.8660860033 0.8004809062 0.4744581106 0.7512070205 0.6898687826 0.8937702580 0.4740242076 0.8360538196 0.7542865777 -0.5859362825 0.8045974454 0.4558350971 0.4635829951
0.6756021417 0.8622274482 0.7986506661 0.4714711337 0.7323045605 0.6803112499 0.8846792020 0.4710071737 0.8194167960 0.7356336271 -0.5652903777 0.7996439465 0.4529538707 0.4606094682
0.6717449128 0.8584019350 0.7970059290 0.4688496783 0.7126210975 0.6706856898 0.8751955026 0.4683547586 0.8018737345 0.7161991713 -0.5440602397 0.7947351311 0.4504528950 0.4580082651
0.6680867585 0.8546140633 0.7955536175 0.4666038907 0.6921476533 0.6609958885 0.8653169161 0.4660770976 0.7834112163 0.6959732587 -0.5222403379 0.7898759954 0.4483425433 0.4557896421
0.6646350763 0.8508684328 0.7943006541 0.4647439170 0.6708752493 0.6512456323 0.8550411991 0.4641843265 0.7640158229 0.6749459376 -0.4998251418 0.7850715356 0.4466331888 0.4539638552
0.6613972632 0.8471696433 0.7932539616 0.4632799035 0.6487949073 0.6414387074 0.8443661080 0.4626865810 0.7436741357 0.6531072566 -0.4768091205 0.7803267478 0.4453352047 0.4525411608
0.6583807164 0.8435222944 0.7924204626 0.4622219964 0.6258976488 0.6315789000 0.8332893992 0.4615939965 0.7223727360 0.6304472638 -0.4531867436 0.7756466283 0.4444589644 0.4515318149
0.6555928332 0.8399309858 0.7918070795 0.4615803419 0.6021744954 0.6216699965 0.8218088291 0.4609167088 0.7000982052 0.6069560077 -0.4289524804 0.7710361732 0.4440148409 0.4509460737
0.6530410108 0.8364003171 0.7914207352 0.4613650863 0.5776164688 0.6117157830 0.8099221541 0.4606648535 0.6768371247 0.5826235366 -0.4041008001 0.7665003788 0.4440132076 0.4507941935
0.6507326464 0.8329348882 0.7912683522 0.4615863757 0.5522145905 0.6017200457 0.7976271308 0.4608485662 0.6525760760 0.5574398989 -0.3786261723 0.7620442412 0.4444644377 0.4510864304
0.6486751372 0.8295392986 0.7913568531 0.4622543565 0.5259598821 0.5916865711 0.7849215154 0.4614779825 0.6273016403 0.5313951430 -0.3525230663 0.7576727565 0.4453789044 0.4518330405
0.6468758803 0.8262181480 0.7916931605 0.4633791749 0.4988433653 0.5816191452 0.7718030644 0.4625632380 0.6010003991 0.5044793173 -0.3257859513 0.7533909211 0.4467669810 0.4530442802
0.6453422731 0.8229760362 0.7922841970 0.4649709770 0.4708560615 0.5715215544 0.7582695344 0.4641144684 0.5736589338 0.4766824700 -0.2984092968 0.7492037310 0.4486390407 0.4547304055
0.6440817127 0.8198175629 0.7931368854 0.4670399091 0.4419889926 0.5613975848 0.7443186815 0.4661418093 0.5452638257 0.4479946496 -0.2703875722 0.7451161825 0.4510054566 0.4569016726
0.6431015962 0.8167473276 0.7942581481 0.4695961174 0.4122331800 0.5512510228 0.7299482624 0.4686553962 0.5158016562 0.4184059044 -0.2417152467 0.7411332718 0.4538766022 0.4595683377
