-0.6108863610 -0.6888594362 -0.7405448586 -0.6081259074 -0.6790273803 -0.6818205390 -0.7234069184 -0.6100434253 -0.7282189392 -0.8168941415 0.7458019945 -0.6939980373 -0.5848582473 -0.5941119010
-0.6303846534 -0.7078396739 -0.7586883924 -0.6273657290 -0.6981784342 -0.7005173015 -0.7422735824 -0.6292720290 -0.7469856643 -0.8329392305 0.7634175619 -0.7128448039 -0.6036681070 -0.6132667861
-0.6492867819 -0.7261385059 -0.7760882407 -0.6460125773 -0.7166586871 -0.7185458571 -0.7604078896 -0.6479058577 -0.7650140891 -0.8481485659 0.7802934700 -0.7310052617 -0.6218930164 -0.6318391980
-0.6675999271 -0.7437639181 -0.7927539238 -0.6640743836 -0.7344757215 -0.7359153868 -0.7778170195 -0.6659528770 -0.7823115879 -0.8625363233 0.7964412856 -0.7484877711 -0.6395411771 -0.6498371098
-0.6853312696 -0.7607238966 -0.8086949619 -0.6815590794 -0.7516371200 -0.7526350718 -0.7945081518 -0.6834210526 -0.7988855352 -0.8761166785 0.8118725752 -0.7653006926 -0.6566207909 -0.6672684946
-0.7024879899 -0.7770264275 -0.8239208753 -0.6984745959 -0.7681504650 -0.7687140932 -0.8104884662 -0.7003183503 -0.8147433052 -0.8889038073 0.8265989057 -0.7814523866 -0.6731400595 -0.6841413252
-0.7190772686 -0.7926794969 -0.8384411842 -0.7148288644 -0.7840233391 -0.7841616321 -0.8257651422 -0.7166527358 -0.8298922724 -0.9009118854 0.8406318438 -0.7969512133 -0.6891071846 -0.7004635748
-0.7351062865 -0.8076910906 -0.8522654091 -0.7306298163 -0.7992633249 -0.7989868696 -0.8403453596 -0.7324321748 -0.8443398111 -0.9121550886 0.8539829560 -0.8118055334 -0.7045303679 -0.7162432163
-0.7505822240 -0.8220691949 -0.8654030701 -0.7458853830 -0.8138780049 -0.8131989869 -0.8542362978 -0.7476646330 -0.8580932957 -0.9226475926 0.8666638092 -0.8260237071 -0.7194178111 -0.7314882228
-0.7655122619 -0.8358217958 -0.8778636875 -0.7606034957 -0.8278749617 -0.8268071652 -0.8674451366 -0.7623580762 -0.8711601006 -0.9324035733 0.8786859701 -0.8396140948 -0.7337777161 -0.7462065672
-0.7799035806 -0.8489568792 -0.8896567816 -0.7747920859 -0.8412617777 -0.8398205855 -0.8799790556 -0.7765204699 -0.8835476001 -0.9414372065 0.8900610053 -0.8525850571 -0.7476182844 -0.7604062226
-0.7937633608 -0.8614824313 -0.9007918727 -0.7884590847 -0.8540460355 -0.8522484289 -0.8918452344 -0.7901597801 -0.8952631686 -0.9497626677 0.9008004816 -0.8649449542 -0.7609477178 -0.7740951620
-0.8070987831 -0.8734064381 -0.9112784811 -0.8016124237 -0.8662353177 -0.8640998766 -0.9030508526 -0.8032839722 -0.9063141805 -0.9573941329 0.9109159656 -0.8767021465 -0.7737742181 -0.7872813583
-0.8199170281 -0.8847368856 -0.9211261269 -0.8142600340 -0.8778372068 -0.8753841098 -0.9136030899 -0.8159010122 -0.9167080102 -0.9643457778 0.9204190241 -0.8878649946 -0.7861059869 -0.7999727847
-0.8322252765 -0.8954817600 -0.9303443307 -0.8264098471 -0.8888592853 -0.8861103095 -0.9235091259 -0.8280188657 -0.9264520320 -0.9706317781 0.9293212238 -0.8984418588 -0.7979512261 -0.8121774141
-0.8440307087 -0.9056490471 -0.9389426124 -0.8380697942 -0.8993091358 -0.8962876569 -0.9327761403 -0.8396454983 -0.9355536204 -0.9762663097 0.9376341313 -0.9084410994 -0.8093181372 -0.8239032196
-0.8553405055 -0.9152467332 -0.9469304926 -0.8492478067 -0.9091943408 -0.9059253331 -0.9414113126 -0.8507888759 -0.9440201496 -0.9812635483 0.9453693134 -0.9178710770 -0.8202149221 -0.8351581741
-0.8661618474 -0.9242828042 -0.9543174914 -0.8599518160 -0.9185224829 -0.9150325192 -0.9494218224 -0.8614569642 -0.9518589941 -0.9856376696 0.9525383368 -0.9267401518 -0.8306497823 -0.8459502506
-0.8765019151 -0.9327652462 -0.9611131292 -0.8701897534 -0.9273011446 -0.9236183964 -0.9568148495 -0.8716577288 -0.9590775282 -0.9894028494 0.9591527682 -0.9350566844 -0.8406309198 -0.8562874222
-0.8863678890 -0.9407020452 -0.9673269261 -0.8799695502 -0.9355379084 -0.9316921457 -0.9635975735 -0.8813991354 -0.9656831262 -0.9925732635 0.9652241742 -0.9428290351 -0.8501665362 -0.8661776619
