-0.6331149027 -0.6870966945 -0.5609403509 -0.2461413814 -0.8918649229 -0.7012417573 -0.8534115498 -0.2490469747 -0.8071735547 -0.7826199164 0.6613345001 -0.6557973047 -0.2197799378 -0.2118293290
-0.6403108447 -0.6908353268 -0.5641147236 -0.2530525869 -0.9041338955 -0.7021091220 -0.8562181852 -0.2559269489 -0.8103511456 -0.7762911033 0.6836633907 -0.6598801488 -0.2268708597 -0.2188251204
-0.6470400350 -0.6941330468 -0.5668915253 -0.2596126337 -0.9157481899 -0.7025659292 -0.8585468808 -0.2624552968 -0.8134534940 -0.7696144968 0.7054251974 -0.6635270230 -0.2336161078 -0.2254786845
-0.6532874919 -0.6969769710 -0.5692587319 -0.2658082120 -0.9266906506 -0.7026011555 -0.8603847375 -0.2686187183 -0.8164831500 -0.7625835595 0.7265976403 -0.6667249344 -0.2400023537 -0.2317767864
-0.6590382339 -0.6993542159 -0.5712043194 -0.2716260119 -0.9369441219 -0.7022037774 -0.8617188563 -0.2744039135 -0.8194426635 -0.7551917535 0.7471584399 -0.6694608900 -0.2460162687 -0.2377061914
-0.6642772794 -0.7012518982 -0.5727162636 -0.2770527238 -0.9464914485 -0.7013627715 -0.8625363380 -0.2797975822 -0.8223345845 -0.7474325412 0.7670853165 -0.6717218965 -0.2516445241 -0.2432536648
-0.6689896468 -0.7026571344 -0.5737825403 -0.2820750379 -0.9553154747 -0.7000671143 -0.8628242837 -0.2847864243 -0.8251614631 -0.7392993850 0.7863559904 -0.6734949611 -0.2568737913 -0.2484059718
-0.6731603544 -0.7035570410 -0.5743911254 -0.2866796444 -0.9633990450 -0.6983057824 -0.8625697943 -0.2893571398 -0.8279258491 -0.7307857473 0.8049481818 -0.6747670906 -0.2616907418 -0.2531498777
-0.6767744208 -0.7039387345 -0.5745299947 -0.2908532335 -0.9707250039 -0.6960677523 -0.8617599706 -0.2934964286 -0.8306302927 -0.7218850903 0.8228396112 -0.6755252920 -0.2660820468 -0.2574721476
-0.6798168642 -0.7037893316 -0.5741871242 -0.2945824955 -0.9772761958 -0.6933420006 -0.8603819138 -0.2971909906 -0.8332773438 -0.7125908765 0.8400079988 -0.6757565722 -0.2700343778 -0.2613595469
-0.6822727032 -0.7030959487 -0.5733504897 -0.2978541206 -0.9830354653 -0.6901175039 -0.8584227245 -0.3004275258 -0.8358695525 -0.7028965682 0.8564310650 -0.6754479381 -0.2735344062 -0.2647988408
-0.6841269560 -0.7018457024 -0.5720080671 -0.3006547991 -0.9879856567 -0.6863832386 -0.8558695039 -0.3031927341 -0.8384094686 -0.6927956276 0.8720865301 -0.6745863968 -0.2765688034 -0.2677767946
-0.6853646412 -0.7000257093 -0.5701478322 -0.3029712211 -0.9921096146 -0.6821281814 -0.8527093529 -0.3054733154 -0.8408996422 -0.6822815173 0.8869521144 -0.6731589550 -0.2791242406 -0.2702801734
-0.6859707772 -0.6976230858 -0.5677577608 -0.3047900770 -0.9953901834 -0.6773413088 -0.8489293724 -0.3072559696 -0.8433426233 -0.6713476995 0.9010055382 -0.6711526198 -0.2811873894 -0.2722957427
-0.6859303823 -0.6946249486 -0.5648258289 -0.3060980569 -0.9978102076 -0.6720115973 -0.8445166633 -0.3085273968 -0.8457409619 -0.6599876366 0.9142245218 -0.6685543982 -0.2827449211 -0.2738102675
-0.6852284749 -0.6910184142 -0.5613400124 -0.3068818511 -0.9993525317 -0.6661280235 -0.8394583265 -0.3092742967 -0.8480972080 -0.6481947909 0.9265867856 -0.6653512970 -0.2837835070 -0.2748105132
-0.6838500736 -0.6867905991 -0.5572882870 -0.3071281499 -1.0000000000 -0.6596795640 -0.8337414631 -0.3094833694 -0.8504139115 -0.6359626248 0.9380700499 -0.6615303232 -0.2842898185 -0.2752832450
-0.6817801966 -0.6819286199 -0.5526586286 -0.3068236434 -0.9997354571 -0.6526551953 -0.8273531739 -0.3091413147 -0.8526936225 -0.6232846006 0.9486520349 -0.6570784837 -0.2842505271 -0.2752152281
-0.6790038623 -0.6764195931 -0.5474390131 -0.3059550218 -0.9985417475 -0.6450438939 -0.8202805599 -0.3082348326 -0.8549388910 -0.6101541807 0.9583104611 -0.6519827854 -0.2836523041 -0.2745932278
-0.6755060893 -0.6702506353 -0.5416174165 -0.3045089755 -0.9964017156 -0.6368346365 -0.8125107220 -0.3067506230 -0.8571522670 -0.5965648274 0.9670230488 -0.6462302354 -0.2824818209 -0.2734040094
