0.1710873265 0.0612146308 0.1673361634 0.3271777685 -0.3182598531 0.0567367209 -0.0322730745 0.3248672192 -0.6416105694 -0.2211106520 0.2076777442 0.0763662491 0.3415112571 0.3520627581
0.1698488449 0.0617783796 0.1677455683 0.3237741985 -0.3157158621 0.0570095485 -0.0281153417 0.3214723989 -0.6335197052 -0.2107690456 0.2087325474 0.0769270229 0.3377472631 0.3482080966
0.1680545421 0.0617987344 0.1675592481 0.3197871050 -0.3135578558 0.0567487515 -0.0244118910 0.3174950574 -0.6254373927 -0.2005897660 0.2101470591 0.0769364464 0.3334013100 0.3437681877
0.1656938378 0.0612648210 0.1667655695 0.3152060647 -0.3117948158 0.0559436834 -0.0211728905 0.3129247846 -0.6173675132 -0.1905793555 0.2119289081 0.0763835246 0.3284630955 0.3387327030
0.1627561515 0.0601657654 0.1653528990 0.3100206548 -0.3104357237 0.0545836978 -0.0184085087 0.3077511704 -0.6093139479 -0.1807443563 0.2140857231 0.0752572626 0.3229223172 0.3330913141
0.1592309029 0.0584906936 0.1633096034 0.3042204521 -0.3094895609 0.0526581483 -0.0161289137 0.3019638048 -0.6012805783 -0.1710913109 0.2166251330 0.0735466653 0.3167686727 0.3268336928
0.1551075116 0.0562287316 0.1606240492 0.2977950336 -0.3089653089 0.0501563883 -0.0143442737 0.2955522778 -0.5932712856 -0.1616267615 0.2195547665 0.0712407377 0.3099918597 0.3199495107
0.1503753972 0.0533690052 0.1572846031 0.2907339762 -0.3088719493 0.0470677715 -0.0130647572 0.2885061792 -0.5852899511 -0.1523572503 0.2228822524 0.0683284849 0.3025815759 0.3124284395
0.1450239793 0.0499006405 0.1532796317 0.2830268569 -0.3092184636 0.0433816514 -0.0123005323 0.2808150990 -0.5773404561 -0.1432893198 0.2266152194 0.0647989119 0.2945275189 0.3042601508
0.1390426776 0.0458127633 0.1485975015 0.2746632526 -0.3100138333 0.0390873815 -0.0120617673 0.2724686271 -0.5694266819 -0.1344295122 0.2307612964 0.0606410237 0.2858193862 0.2954343163
0.1324209116 0.0410944997 0.1432265792 0.2656327403 -0.3112670398 0.0341743153 -0.0123586305 0.2634563534 -0.5615525098 -0.1257843697 0.2353281121 0.0558438252 0.2764468756 0.2859406076
0.1251481010 0.0357349756 0.1371552315 0.2559248968 -0.3129870648 0.0286318065 -0.0132012902 0.2537678680 -0.5537218211 -0.1173604349 0.2403232953 0.0503963215 0.2663996848 0.2757686964
0.1172136654 0.0297233170 0.1303718249 0.2455292992 -0.3151828898 0.0224492085 -0.0145999145 0.2433927606 -0.5459384972 -0.1091642498 0.2457544748 0.0442875176 0.2556675112 0.2649082545
0.1086070243 0.0230486497 0.1228647261 0.2344355244 -0.3178634962 0.0156158750 -0.0165646718 0.2323206214 -0.5382064193 -0.1012023569 0.2516292793 0.0375064185 0.2442400527 0.2533489533
0.0993175975 0.0157000999 0.1146223017 0.2226331493 -0.3210378655 0.0081211594 -0.0191057304 0.2205410401 -0.5305294687 -0.0934812984 0.2579553377 0.0300420292 0.2321070068 0.2410804647
0.0893348045 0.0076667933 0.1056329183 0.2101117509 -0.3247149794 -0.0000455847 -0.0222332584 0.2080436067 -0.5229115267 -0.0860076166 0.2647402786 0.0218833547 0.2192580711 0.2280924602
0.0786480650 -0.0010621440 0.0958849425 0.1968609061 -0.3289038192 -0.0088950037 -0.0259574242 0.1948179112 -0.5153564747 -0.0787878539 0.2719917310 0.0130194000 0.2056829434 0.2143746116
0.0672467985 -0.0104975861 0.0853667409 0.1828701918 -0.3336133666 -0.0184377441 -0.0302883961 0.1808535434 -0.5078681939 -0.0718285525 0.2797173234 0.0034391702 0.1913713213 0.1999165905
0.0551204246 -0.0206504070 0.0740666803 0.1681291851 -0.3388526029 -0.0286844524 -0.0352363423 0.1661400934 -0.5004505656 -0.0651362548 0.2879246848 -0.0068683298 0.1763129023 0.1847080686
0.0422583631 -0.0315314807 0.0619731271 0.1526274628 -0.3446305099 -0.0396457750 -0.0408114310 0.1506671511 -0.4931074712 -0.0587175030 0.2966214439 -0.0179140950 0.1604973841 0.1687387174
