0.5954149656 0.2189267643 -0.4648358974 0.0231236995 0.0723797837 0.2525267149 -0.2341725258 0.0214275581 -0.1326631151 -0.5045541068 -0.0182791183 0.1276437148 0.1088496811 0.1324399538
0.5819471133 0.2025630675 -0.4875711652 0.0017147514 0.0625407379 0.2376734921 -0.2470513051 -0.0000838930 -0.1407943500 -0.5186182741 -0.0043383303 0.1104604316 0.0894427359 0.1131462693
0.5682528986 0.1861187728 -0.5100133893 -0.0196346497 0.0525992950 0.2227214440 -0.2599050710 -0.0215390685 -0.1489907831 -0.5325574092 0.0096377890 0.0932310216 0.0701165990 0.0939190976
0.5543320419 0.1695968938 -0.5321478255 -0.0409131745 0.0425540881 0.2076720412 -0.2727320774 -0.0429266827 -0.1572540611 -0.5463677982 0.0236477564 0.0759594715 0.0508826185 0.0747694874
0.5401842637 0.1530004440 -0.5539597298 -0.0621094940 0.0324037499 0.1925267544 -0.2855305786 -0.0642354494 -0.1655858307 -0.5600457268 0.0376900888 0.0586497680 0.0317521427 0.0557084872
0.5258092847 0.1363324372 -0.5754343578 -0.0832122789 0.0221469133 0.1772870543 -0.2982988287 -0.0854540827 -0.1739877385 -0.5735874809 0.0517633029 0.0413058979 0.0127365196 0.0367471455
0.5112068254 0.1195958869 -0.5965569655 -0.1042102001 0.0117822111 0.1619544117 -0.3110350816 -0.1065712966 -0.1824614312 -0.5869893464 0.0658659156 0.0239318477 -0.0061529024 0.0178965111
0.4963766063 0.1027938067 -0.6173128086 -0.1250919284 0.0013082763 0.1465302972 -0.3237375916 -0.1275758051 -0.1910085554 -0.6002476092 0.0799964435 0.0065316043 -0.0249047752 -0.0008323677
0.4813183480 0.0859292102 -0.6376871429 -0.1458461346 -0.0092762583 0.1310161816 -0.3364046127 -0.1484563223 -0.1996307578 -0.6133585552 0.0941534036 -0.0108908456 -0.0435077506 -0.0194284422
0.4660317710 0.0690051111 -0.6576652243 -0.1664614895 -0.0199727598 0.1154135354 -0.3490343990 -0.1692015622 -0.2083296852 -0.6263184702 0.1083353127 -0.0283315154 -0.0619504805 -0.0378806638
0.4505165958 0.0520245229 -0.6772323086 -0.1869266640 -0.0307825954 0.0997238295 -0.3616252047 -0.1898002387 -0.2171069840 -0.6391236401 0.1225406874 -0.0457864184 -0.0802216166 -0.0561779841
0.4347725430 0.0349904593 -0.6963736515 -0.2072303290 -0.0417071321 0.0839485345 -0.3741752838 -0.2102410660 -0.2259643010 -0.6517703508 0.1367680447 -0.0632515678 -0.0983098108 -0.0743093543
0.4187993332 0.0179059338 -0.7150745090 -0.2273611551 -0.0527477372 0.0680891211 -0.3866828904 -0.2305127579 -0.2349032829 -0.6642548881 0.1510159013 -0.0807229769 -0.1162037149 -0.0922637260
0.4025966868 0.0007739602 -0.7333201367 -0.2473078134 -0.0639057777 0.0521470600 -0.3991462786 -0.2506040286 -0.2439255763 -0.6765735380 0.1652827741 -0.0981966591 -0.1338919806 -0.1100300505
0.3861643244 -0.0164024481 -0.7510957905 -0.2670589745 -0.0751826209 0.0361238220 -0.4115637026 -0.2705035920 -0.2530328279 -0.6887225863 0.1795671797 -0.1156686276 -0.1513632598 -0.1275972793
0.3695019667 -0.0336202774 -0.7683867263 -0.2866033093 -0.0865796337 0.0200208777 -0.4239334163 -0.2902001622 -0.2622266843 -0.7006983189 0.1938676351 -0.1331348957 -0.1686062044 -0.1449543639
0.3526093340 -0.0508765141 -0.7851781998 -0.3059294887 -0.0980981834 0.0038396978 -0.4362536741 -0.3096824532 -0.2715087922 -0.7124970216 0.2081826570 -0.1505914767 -0.1856094661 -0.1620902556
0.3354861469 -0.0681681445 -0.8014554669 -0.3250261835 -0.1097396370 -0.0124182470 -0.4485227298 -0.3289391789 -0.2808807983 -0.7241149804 0.2225107623 -0.1680343839 -0.2023616968 -0.1789939060
0.3181321261 -0.0854921552 -0.8172037834 -0.3438820644 -0.1215053618 -0.0287514859 -0.4607388376 -0.3479590535 -0.2903443492 -0.7355484811 0.2368504677 -0.1854596306 -0.2188515482 -0.1956542663
0.3005469920 -0.1028455324 -0.8324084050 -0.3624858024 -0.1333967248 -0.0451585484 -0.4729002517 -0.3667307909 -0.2999010916 -0.7467938095 0.2512002899 -0.2028632301 -0.2350676721 -0.2120602881
