0.9892122817 0.6896411927 0.5244815613 0.9995818225 0.6297435104 0.9882536959 0.2533761626 0.9993505620 0.3675323155 0.8618513282 -0.8940007520 0.6758509803 0.9998724106 1.0000000000
0.9913399161 0.6904757011 0.5254328533 0.9999713507 0.6280404743 0.9858572856 0.2540901788 0.9998549878 0.3652947737 0.8535843060 -0.8870404751 0.6772356941 0.9993435857 0.9997412809
0.9932290961 0.6912106234 0.5263184500 1.0000000000 0.6262585297 0.9832603900 0.2547955246 1.0000000000 0.3630344690 0.8451840929 -0.8799542515 0.6785218948 0.9984117779 0.9990837437
0.9948818370 0.6918510365 0.5271434997 0.9996673381 0.6244043517 0.9804684231 0.2554977277 0.9997851461 0.3607586294 0.8366604011 -0.8727514739 0.6797143356 0.9970752402 0.9980253094
0.9963001538 0.6924020169 0.5279131510 0.9989729328 0.6224846155 0.9774867990 0.2562023160 0.9992099738 0.3584744827 0.8280229430 -0.8654415347 0.6808177698 0.9953322251 0.9965638988
0.9974860618 0.6928686414 0.5286325521 0.9979163518 0.6205059963 0.9743209317 0.2569148170 0.9982740306 0.3561892570 0.8192814310 -0.8580338266 0.6818369506 0.9931809856 0.9946974330
0.9984415761 0.6932559865 0.5293068517 0.9964971627 0.6184751692 0.9709762355 0.2576407586 0.9969768644 0.3539101802 0.8104455773 -0.8505377421 0.6827766314 0.9906197743 0.9924238327
0.9991687119 0.6935691290 0.5299411981 0.9947149333 0.6163988094 0.9674581244 0.2583856685 0.9953180225 0.3516444801 0.8015250943 -0.8429626737 0.6836415653 0.9876468441 0.9897410189
0.9996694844 0.6938131455 0.5305407398 0.9925692314 0.6142835921 0.9637720125 0.2591550744 0.9932970528 0.3493993847 0.7925296944 -0.8353180140 0.6844365055 0.9842604477 0.9866469125
0.9999459087 0.6939931126 0.5311106252 0.9900596246 0.6121361924 0.9599233138 0.2599545040 0.9909135028 0.3471821218 0.7834690897 -0.8276131556 0.6851662054 0.9804588378 0.9831394344
1.0000000000 0.6941141071 0.5316560027 0.9871856807 0.6099632855 0.9559174426 0.2607894852 0.9881669202 0.3449999196 0.7743529928 -0.8198574910 0.6858354182 0.9762402673 0.9792165055
0.9998337734 0.6941812057 0.5321820209 0.9839469673 0.6077715465 0.9517598128 0.2616655456 0.9850568526 0.3428600058 0.7651911158 -0.8120604128 0.6864488971 0.9716029890 0.9748760467
0.9994492442 0.6941994848 0.5326938282 0.9803430523 0.6055676507 0.9474558386 0.2625882130 0.9815828476 0.3407696083 0.7559931711 -0.8042313135 0.6870113953 0.9665452555 0.9701159790
0.9988484275 0.6941740213 0.5331965729 0.9763735033 0.6033582732 0.9430109341 0.2635630150 0.9777444528 0.3387359552 0.7467688711 -0.7963795857 0.6875276662 0.9610653196 0.9649342232
0.9980333384 0.6941098919 0.5336954036 0.9720378881 0.6011500892 0.9384305133 0.2645954796 0.9735412160 0.3367662742 0.7375279281 -0.7885146219 0.6880024629 0.9551614342 0.9593287002
0.9970059922 0.6940121730 0.5341954687 0.9673357743 0.5989497738 0.9337199905 0.2656911343 0.9689726847 0.3348677934 0.7282800543 -0.7806458148 0.6884405387 0.9488318519 0.9532973310
0.9957684039 0.6938859415 0.5347019166 0.9622667297 0.5967640021 0.9288847796 0.2668555069 0.9640384065 0.3330477407 0.7190349622 -0.7727825568 0.6888466468 0.9420748256 0.9468380364
0.9943225889 0.6937362739 0.5352198959 0.9568303221 0.5945994494 0.9239302948 0.2680941251 0.9587379292 0.3313133440 0.7098023641 -0.7649342405 0.6892255405 0.9348886081 0.9399487374
0.9926705621 0.6935682471 0.5357545548 0.9510261190 0.5924627909 0.9188619501 0.2694125168 0.9530708002 0.3296718311 0.7005919722 -0.7571102584 0.6895819731 0.9272714520 0.9326273549
0.9908143388 0.6933869375 0.5363110420 0.9448536884 0.5903607016 0.9136851597 0.2708162096 0.9470365673 0.3281304301 0.6914134990 -0.7493200032 0.6899206978 0.9192216102 0.9248718098
