0.3658180760 0.4181087373 0.4858081133 0.4643306896 0.2706042123 0.3558883625 0.5553272891 0.4608285148 0.1655087475 0.6290993864 -0.2573204506 0.4462355445 0.4531693258 0.4507973835
0.3570426822 0.4125395484 0.4838373391 0.4539094298 0.2620889452 0.3489335337 0.5565150688 0.4504564473 0.1579415977 0.6349984792 -0.2460421407 0.4400595387 0.4424893922 0.4401415482
0.3474439203 0.4059953560 0.4808051725 0.4426365269 0.2528221991 0.3411027749 0.5567183559 0.4392340540 0.1496801832 0.6400416076 -0.2341161267 0.4329050410 0.4309759263 0.4286533814
0.3370066294 0.3984572300 0.4766901340 0.4304968689 0.2427900029 0.3323793806 0.5559164857 0.4271462298 0.1407112315 0.6442095437 -0.2215312073 0.4247532625 0.4186142247 0.4163181931
0.3257156482 0.3899062401 0.4714707443 0.4174753440 0.2319783855 0.3227466456 0.5540887937 0.4141778699 0.1310214703 0.6474830596 -0.2082761817 0.4155854146 0.4053895842 0.4031212932
0.3135558154 0.3803234563 0.4651255241 0.4035568406 0.2203733758 0.3121878644 0.5512146150 0.4003138695 0.1205976270 0.6498429272 -0.1943398486 0.4053827085 0.3912873013 0.3890479917
0.3005119700 0.3696899483 0.4576329940 0.3887262467 0.2079610027 0.3006863317 0.5472732851 0.3855391235 0.1094264295 0.6512699185 -0.1797110071 0.3941263555 0.3762926729 0.3740835985
0.2865689508 0.3579867860 0.4489716745 0.3729684506 0.1947272951 0.2882253420 0.5422441394 0.3698385271 0.0974946051 0.6517448055 -0.1643784562 0.3817975669 0.3603909956 0.3582134236
0.2717115966 0.3451950393 0.4391200864 0.3562683404 0.1806582819 0.2747881900 0.5361065130 0.3531969754 0.0847888816 0.6512483603 -0.1483309948 0.3683775540 0.3435675660 0.3414227768
0.2559247461 0.3312957779 0.4280567503 0.3386108044 0.1657399919 0.2603581703 0.5288397414 0.3355993635 0.0712959865 0.6497613548 -0.1315574219 0.3538475280 0.3258076810 0.3236969683
0.2391932383 0.3162700717 0.4157601867 0.3199807307 0.1499584541 0.2449185774 0.5204231600 0.3170305866 0.0570026474 0.6472645611 -0.1140465363 0.3381887002 0.3070966371 0.3050213078
0.2215019119 0.3000989905 0.4022089164 0.3003630075 0.1332996974 0.2284527062 0.5108361040 0.2974755397 0.0418955920 0.6437387511 -0.0957871372 0.3213822819 0.2874197310 0.2853811054
0.2028356057 0.2827636041 0.3873814600 0.2797425230 0.1157497506 0.2109438510 0.5000579087 0.2769191179 0.0259615478 0.6391646968 -0.0767680234 0.3034094843 0.2667622595 0.2647616710
0.1831791587 0.2642449824 0.3712563381 0.2581041655 0.0972946427 0.1923753066 0.4880679096 0.2553462164 0.0091872423 0.6335231704 -0.0569779938 0.2842515188 0.2451095192 0.2431483145
0.1625174095 0.2445241953 0.3538120712 0.2354328230 0.0779204024 0.1727303676 0.4748454420 0.2327417301 -0.0084405967 0.6267949436 -0.0364058476 0.2638895966 0.2224468069 0.2205263460
0.1408351970 0.2235823125 0.3350271802 0.2117133838 0.0576130588 0.1519923286 0.4603698411 0.2090905544 -0.0269352416 0.6189607887 -0.0150403835 0.2423049290 0.1987594191 0.1968810752
0.1181173601 0.2014004039 0.3148801856 0.1869307361 0.0363586408 0.1301444842 0.4446204424 0.1843775842 -0.0463099650 0.6100014775 0.0071295994 0.2194787273 0.1740326527 0.1721978123
0.0943487375 0.1779595393 0.2933496079 0.1610697681 0.0141431771 0.1071701291 0.4275765811 0.1585877146 -0.0665780392 0.5998977821 0.0301153022 0.1953922027 0.1482518043 0.1464618671
0.0695141681 0.1532407885 0.2704139680 0.1341153680 -0.0090473032 0.0830525578 0.4092175927 0.1317058408 -0.0877527365 0.5886304745 0.0539279259 0.1700265665 0.1214021705 0.1196585496
0.0435984907 0.1272252214 0.2460517863 0.1060524239 -0.0332267714 0.0577750649 0.3895228123 0.1037168579 -0.1098473295 0.5761803267 0.0785786716 0.1433630301 0.0934690481 0.0917731698
