-0.4740079818 -0.6069080735 -0.6414154315 -0.3257834430 -0.6173540909 -0.5749146629 -0.6772165033 -0.3255854275 -0.3592689040 -0.5444312775 0.3131453777 -0.6137919370 -0.2955800760 -0.2912779082
-0.4914530140 -0.6265660059 -0.6607984101 -0.3405487458 -0.6395554396 -0.5942350074 -0.6988598749 -0.3403630437 -0.3821274627 -0.5673251098 0.3311406688 -0.6334329911 -0.3099095751 -0.3054916413
-0.5080995781 -0.6453754546 -0.6792880411 -0.3545634210 -0.6609931391 -0.6127262304 -0.7196559903 -0.3543906926 -0.4044977662 -0.5895438540 0.3485191850 -0.6522180364 -0.3235023315 -0.3189685947
-0.5239582544 -0.6633472935 -0.6968959577 -0.3678378917 -0.6816761709 -0.6303989785 -0.7396150180 -0.3676787843 -0.4263836960 -0.6110940522 0.3652885552 -0.6701580677 -0.3363686475 -0.3317190969
-0.5390396234 -0.6804923967 -0.7136337935 -0.3803825809 -0.7016135165 -0.6472638980 -0.7587471263 -0.3802377287 -0.4477891332 -0.6319822468 0.3814564081 -0.6872640803 -0.3485188255 -0.3437534762
-0.5533542654 -0.6968216383 -0.7295131818 -0.3922079116 -0.7208141575 -0.6633316354 -0.7770624832 -0.3920779360 -0.4687179592 -0.6522149802 0.3970303724 -0.7035470690 -0.3599631679 -0.3550820609
-0.5669127608 -0.7123458922 -0.7445457559 -0.4033243069 -0.7392870753 -0.6786128371 -0.7945712572 -0.4032098163 -0.4891740553 -0.6717987945 0.4120180770 -0.7190180287 -0.3707119769 -0.3657151792
-0.5797256900 -0.7270760325 -0.7587431493 -0.4137421899 -0.7570412515 -0.6931181497 -0.8112836166 -0.4136437795 -0.5091613028 -0.6907402322 0.4264271506 -0.7336879547 -0.3807755550 -0.3756631597
-0.5918036334 -0.7410229333 -0.7721169953 -0.4234719836 -0.7740856677 -0.7068582195 -0.8272097294 -0.4233902358 -0.5286835831 -0.7090458355 0.4402652221 -0.7475678417 -0.3901642045 -0.3849363306
-0.6031571713 -0.7541974686 -0.7846789273 -0.4325241111 -0.7904293052 -0.7198436930 -0.8423597641 -0.4324595953 -0.5477447773 -0.7267221468 0.4535399201 -0.7606686848 -0.3988882277 -0.3935450202
-0.6137968842 -0.7666105124 -0.7964405787 -0.4409089954 -0.8060811456 -0.7320852167 -0.8567438889 -0.4408622679 -0.5663487668 -0.7437757082 0.4662588734 -0.7730014791 -0.4069579271 -0.4014995569
-0.6237333524 -0.7782729389 -0.8074135829 -0.4486370596 -0.8210501705 -0.7435934371 -0.8703722721 -0.4486086638 -0.5844994329 -0.7602130622 0.4784297109 -0.7845772194 -0.4143836050 -0.4088102690
-0.6329771563 -0.7891956220 -0.8176095732 -0.4557187268 -0.8353453613 -0.7543790005 -0.8832550819 -0.4557091931 -0.6022006570 -0.7760407511 0.4900600613 -0.7954069008 -0.4211755637 -0.4154874848
-0.6415388764 -0.7993894358 -0.8270401831 -0.4621644200 -0.8489756996 -0.7644525534 -0.8954024866 -0.4621742658 -0.6194563203 -0.7912653170 0.5011575534 -0.8055015184 -0.4273441056 -0.4215415328
-0.6494290929 -0.8088652543 -0.8357170458 -0.4679845622 -0.8619501669 -0.7738247423 -0.9068246544 -0.4680142919 -0.6362703041 -0.8058933025 0.5117298159 -0.8148720669 -0.4328995331 -0.4269827411
-0.6566583863 -0.8176339517 -0.8436517949 -0.4731895766 -0.8742777447 -0.7825062137 -0.9175317537 -0.4732396816 -0.6526464897 -0.8199312497 0.5217844777 -0.8235295416 -0.4378521485 -0.4318214383
-0.6632373369 -0.8257064018 -0.8508560636 -0.4777898861 -0.8859674145 -0.7905076140 -0.9275339527 -0.4778608448 -0.6685887584 -0.8333857009 0.5313291675 -0.8314849373 -0.4422122542 -0.4360679525
-0.6691765252 -0.8330934789 -0.8573414853 -0.4817959139 -0.8970281579 -0.7978395896 -0.9368414196 -0.4818881918 -0.6841009916 -0.8462631985 0.5403715140 -0.8387492490 -0.4459901525 -0.4397326122
-0.6744865315 -0.8398060568 -0.8631196935 -0.4852180829 -0.9074689562 -0.8045127870 -0.9454643228 -0.4853321324 -0.6991870705 -0.8585702848 0.5489191462 -0.8453334718 -0.4491961458 -0.4428257456
-0.6791779363 -0.8458550098 -0.8682023215 -0.4880668163 -0.9172987912 -0.8105378526 -0.9534128304 -0.4882030769 -0.7138508764 -0.8703135021 0.5569796926 -0.8512486007 -0.4518405365 -0.4453576811
