-0.3920430805 -0.3928846964 -0.3527521814 -0.1372064543 -0.8702627529 -0.4356744871 -0.6589469667 -0.1383172904 -0.7015497021 -0.9982509845 0.9421181564 -0.3672686530 -0.1112481718 -0.1130426895
-0.3673862977 -0.3667098693 -0.3257993899 -0.1199083169 -0.8600800052 -0.4108561508 -0.6423921976 -0.1209908468 -0.7123623745 -0.9990282242 0.9439799893 -0.3404220945 -0.0946575107 -0.0964645683
-0.3426034433 -0.3402974710 -0.2986370997 -0.1025528168 -0.8495562166 -0.3858069068 -0.6255603341 -0.1036067691 -0.7230376378 -0.9995835101 0.9456147911 -0.3133433205 -0.0780158591 -0.0798350578
-0.3177184685 -0.3136689272 -0.2712878785 -0.0851589976 -0.8386961712 -0.3605477742 -0.6084597660 -0.0861841207 -0.7335611768 -0.9999097874 0.9470288987 -0.2860542031 -0.0613417699 -0.0631727031
-0.2927553246 -0.2868456634 -0.2437742936 -0.0677459029 -0.8275046526 -0.3350997717 -0.5910988832 -0.0687419647 -0.7439186766 -1.0000000000 0.9482286496 -0.2585766140 -0.0446537961 -0.0464960495
-0.2677379632 -0.2598491055 -0.2161189127 -0.0503325763 -0.8159864451 -0.3094839189 -0.5734860759 -0.0512993645 -0.7540958222 -0.9998470934 0.9492203806 -0.2309324256 -0.0279704909 -0.0298236421
-0.2426903355 -0.2327006790 -0.1883443031 -0.0329380616 -0.8041463326 -0.2837212346 -0.5556297340 -0.0338753835 -0.7640782987 -0.9994440121 0.9500104288 -0.2031435098 -0.0113104073 -0.0131740262
-0.2176363929 -0.2054218096 -0.1604730324 -0.0155814024 -0.7919890992 -0.2578327380 -0.5375382474 -0.0164890848 -0.7738517910 -0.9987837008 0.9506051314 -0.1752317389 0.0053079018 0.0034342530
-0.1926000869 -0.1780339230 -0.1325276681 0.0017183578 -0.7795195286 -0.2318394482 -0.5192200061 0.0008404682 -0.7834019842 -0.9978591044 0.9510108255 -0.1472189847 0.0218658833 0.0199826505
-0.1676053687 -0.1505584447 -0.1045307778 0.0189421753 -0.7667424051 -0.2057623842 -0.5006834001 0.0180942123 -0.7927145632 -0.9966631675 0.9512338480 -0.1191271194 0.0383449842 0.0364526208
-0.1426761897 -0.1230168004 -0.0765049288 0.0360710064 -0.7536625125 -0.1796225651 -0.4819368194 0.0352530840 -0.8017752131 -0.9951888348 0.9512805362 -0.0909780150 0.0547266515 0.0528256189
-0.1178365014 -0.0954304159 -0.0484726888 0.0530858075 -0.7402846348 -0.1534410101 -0.4629886539 0.0522980202 -0.8105696189 -0.9934290512 0.9511572271 -0.0627935437 0.0709923321 0.0690830996
-0.0931102551 -0.0678207167 -0.0204566252 0.0699675350 -0.7266135560 -0.1272387382 -0.4438472937 0.0692099576 -0.8190834657 -0.9913767613 0.9508702579 -0.0345955774 0.0871234730 0.0852065176
-0.0685214021 -0.0402091284 0.0075206945 0.0866971452 -0.7126540601 -0.1010367684 -0.4245211286 0.0859698328 -0.8273024383 -0.9890249100 0.9504259655 -0.0064059883 0.1031015212 0.1011773278
-0.0440938939 -0.0126170768 0.0354367027 0.1032555945 -0.6984109311 -0.0748561200 -0.4050185487 0.1025585826 -0.8352122219 -0.9863664419 0.9498306872 0.0217533515 0.1189079236 0.1169769850
-0.0198516818 0.0149340124 0.0632688320 0.1196238393 -0.6838889529 -0.0487178119 -0.3853479439 0.1189571436 -0.8427985014 -0.9833943018 0.9490907599 0.0498605701 0.1345241273 0.1325869440
0.0041812828 0.0424227138 0.0909945148 0.1357828359 -0.6690929095 -0.0226428634 -0.3655177042 0.1351464526 -0.8500469620 -0.9801014344 0.9482125208 0.0778937953 0.1499315792 0.1479886595
0.0279810486 0.0698276016 0.1185911837 0.1517135407 -0.6540275849 0.0033477067 -0.3455362196 0.1511074463 -0.8569432885 -0.9764807845 0.9472023070 0.1058311551 0.1651117263 0.1631635864
0.0515236641 0.0971272501 0.1460362711 0.1673969101 -0.6386977632 0.0292328790 -0.3254118801 0.1668210614 -0.8634731659 -0.9725252969 0.9460664555 0.1336507773 0.1800460155 0.1780931795
0.0747851780 0.1243002337 0.1733072095 0.1828139003 -0.6231082282 0.0549916347 -0.3051530756 0.1822682345 -0.8696222794 -0.9682279162 0.9448113035 0.1613307900 0.1947158939 0.1927588936
