0.4231714536 -0.4056033455 -0.2268423345 0.8209296697 -0.8973950594 -0.0133210712 -0.9135039932 0.8161467515 -0.9223515118 -0.8606636899 -0.0750390450 -0.4631496393 0.8734859552 0.8667302109
0.4568046099 -0.3778843319 -0.2004933105 0.8355295977 -0.8649108859 0.0226573387 -0.8861840688 0.8310184703 -0.8976126139 -0.8174746122 -0.1200504958 -0.4370839447 0.8852499252 0.8788427674
0.4893020755 -0.3510359404 -0.1750170415 0.8494587758 -0.8332714695 0.0575197854 -0.8596074284 0.8452121409 -0.8734364115 -0.7754102783 -0.1637767246 -0.4118423189 0.8964000607 0.8903374774
0.5206752678 -0.3250491349 -0.1504043946 0.8627238547 -0.8024684226 0.0912773944 -0.8337664190 0.8587344916 -0.8498173424 -0.7344598548 -0.2062298332 -0.3874161210 0.9069425323 0.9012205203
0.5509356043 -0.2999148793 -0.1266462369 0.8753314854 -0.7724933574 0.1239412916 -0.8086533876 0.8715922505 -0.8267498443 -0.6946125081 -0.2474219234 -0.3637967098 0.9168835103 0.9114980753
0.5800945022 -0.2756241375 -0.1037334355 0.8872883189 -0.7433378863 0.1555226024 -0.7842606814 0.8837921457 -0.8042283553 -0.6558574047 -0.2873650973 -0.3409754444 0.9262291652 0.9211763216
0.6081633789 -0.2521678734 -0.0816568574 0.8986010061 -0.7149936215 0.1860324524 -0.7605806473 0.8953409053 -0.7822473130 -0.6181837111 -0.3260714565 -0.3189436838 0.9349856674 0.9302614386
0.6351536518 -0.2295370510 -0.0604073697 0.9092761979 -0.6874521753 0.2154819674 -0.7376056324 0.9062452575 -0.7608011553 -0.5815805939 -0.3635531031 -0.2976927871 0.9431591874 0.9387596055
0.6610767383 -0.2077226342 -0.0399758394 0.9193205452 -0.6607051601 0.2438822729 -0.7153279837 0.9165119304 -0.7398843201 -0.5460372193 -0.3998221389 -0.2772141131 0.9507558954 0.9466770015
0.6859440558 -0.1867155869 -0.0203531338 0.9287406990 -0.6347441881 0.2712444945 -0.6937400482 0.9261476522 -0.7194912451 -0.5115427541 -0.4348906656 -0.2574990209 0.9577819621 0.9540198060
0.7097670215 -0.1665068729 -0.0015301197 0.9375433103 -0.6095608716 0.2975797580 -0.6728341730 0.9351591510 -0.6996163683 -0.4780863645 -0.4687707854 -0.2385388695 0.9642435577 0.9607941982
0.7325570530 -0.1470874563 0.0165023357 0.9457350298 -0.5851468229 0.3228991888 -0.6526027052 0.9435531548 -0.6802541274 -0.4456572173 -0.5014745999 -0.2203250179 0.9701468527 0.9670063574
0.7543255675 -0.1284483010 0.0337533652 0.9533225087 -0.5614936543 0.3472139127 -0.6330379917 0.9513363920 -0.6613989602 -0.4142444787 -0.5330142110 -0.2028488251 0.9754980176 0.9726624628
0.7750839825 -0.1105803708 0.0502321020 0.9603123977 -0.5385929782 0.3705350553 -0.6141323797 0.9585155904 -0.6430453047 -0.3838373153 -0.5634017207 -0.1861016501 0.9803032227 0.9777686938
0.7948437152 -0.0934746296 0.0659476788 0.9667113478 -0.5164364067 0.3928737421 -0.5958782161 0.9650974784 -0.6251875986 -0.3544248936 -0.5926492308 -0.1700748519 0.9845686385 0.9823312295
0.8136161831 -0.0771220415 0.0809092286 0.9725260101 -0.4950155522 0.4142410988 -0.5782678480 0.9710887841 -0.6078202797 -0.3259963801 -0.6207688432 -0.1547597895 0.9883004354 0.9863562493
0.8314128036 -0.0615135703 0.0951258844 0.9777630353 -0.4743220271 0.4346482511 -0.5612936224 0.9764962355 -0.5909377860 -0.2985409413 -0.6477726597 -0.1401478219 0.9915047838 0.9898499325
0.8482449940 -0.0466401799 0.1086067790 0.9824290744 -0.4543474435 0.4541063245 -0.5449478864 0.9813265608 -0.5745345551 -0.2720477436 -0.6736727822 -0.1262303080 0.9941878542 0.9928184582
0.8641241717 -0.0324928342 0.1213610453 0.9865307784 -0.4350834138 0.4726264448 -0.5292229870 0.9855864882 -0.5586050250 -0.2465059535 -0.6984813126 -0.1129986070 0.9963558169 0.9952680057
0.8790617540 -0.0190624973 0.1333978164 0.9900747981 -0.4165215502 0.4902197374 -0.5141112712 0.9892827457 -0.5431436335 -0.2219047376 -0.7222103528 -0.1004440777 0.9980148425 0.9972047544
