-0.5544459480 -0.6003140131 -0.6584273207 -0.5144061741 -0.5347428378 -0.6138490302 -0.6508209554 -0.5161943386 -0.5358393616 -0.6954709975 0.4445980652 -0.6139777671 -0.4950729555 -0.4919764184
-0.5301483511 -0.5785456364 -0.6398398430 -0.4880707520 -0.5091913423 -0.5928076053 -0.6317351642 -0.4899572173 -0.5102625008 -0.6789305262 0.4140595016 -0.5928928303 -0.4676590296 -0.4643981274
-0.5064851045 -0.5573485739 -0.6217411331 -0.4624440768 -0.4842821974 -0.5723166849 -0.6131396060 -0.4644263511 -0.4853167051 -0.6628284122 0.3842853080 -0.5723524550 -0.4409790020 -0.4375587172
-0.4834489022 -0.5367160570 -0.6041251492 -0.4375180413 -0.4600081933 -0.5523696969 -0.5950283041 -0.4395936545 -0.4609949451 -0.6471590390 0.3552672504 -0.5523501693 -0.4150245634 -0.4114498299
-0.4610324382 -0.5166413171 -0.5869858495 -0.4132845385 -0.4363621203 -0.5329600691 -0.5773952818 -0.4154510418 -0.4372901914 -0.6319167906 0.3269970948 -0.5328795014 -0.3897874043 -0.3860631072
-0.4392284066 -0.4971175856 -0.5703171925 -0.3897354610 -0.4133367686 -0.5140812294 -0.5602345621 -0.3919904275 -0.4141954149 -0.6170960506 0.2994666073 -0.5139339796 -0.3652592153 -0.3613901911
-0.4180295012 -0.4781380941 -0.5541131362 -0.3668627018 -0.3909249285 -0.4957266057 -0.5435401685 -0.3692037258 -0.3917035862 -0.6026912028 0.2726675540 -0.4955071321 -0.3414316873 -0.3374227235
-0.3974284163 -0.4596960737 -0.5383676389 -0.3446581538 -0.3691193900 -0.4778896257 -0.5273061240 -0.3470828512 -0.3698076760 -0.5886966309 0.2465917008 -0.4775924870 -0.3182965107 -0.3141523463
-0.3774178457 -0.4417847561 -0.5230746590 -0.3231137097 -0.3479129434 -0.4605637175 -0.5115264519 -0.3256197181 -0.3485006550 -0.5751067185 0.2212308139 -0.4601835727 -0.2958453762 -0.2915707013
-0.3579904836 -0.4243973726 -0.5082281547 -0.3022212623 -0.3272983790 -0.4437423087 -0.4961951754 -0.3048062408 -0.3277754938 -0.5619158495 0.1965766593 -0.4432739173 -0.2740699745 -0.2696694305
-0.3391390238 -0.4075271546 -0.4938220842 -0.2819727047 -0.3072684870 -0.4274188274 -0.4813063178 -0.2846343337 -0.3076251633 -0.5491184076 0.1726210030 -0.4268570491 -0.2529619962 -0.2484401758
-0.3208561606 -0.3911673336 -0.4798504058 -0.2623599295 -0.2878160575 -0.4115867013 -0.4668539023 -0.2650959113 -0.2880426340 -0.5367087765 0.1493556110 -0.4109264962 -0.2325131319 -0.2278745791
-0.3031345877 -0.3753111409 -0.4663070778 -0.2433748296 -0.2689338808 -0.3962393583 -0.4528319520 -0.2461828878 -0.2690208768 -0.5246813399 0.1267722495 -0.3954757869 -0.2127150724 -0.2079642822
-0.2859669994 -0.3599518080 -0.4531860584 -0.2250092979 -0.2506147471 -0.3813702263 -0.4392344903 -0.2278871776 -0.2505528622 -0.5130304816 0.1048626845 -0.3804984494 -0.1935595081 -0.1887009271
-0.2693460896 -0.3450825664 -0.4404813058 -0.2072552273 -0.2328514467 -0.3669727331 -0.4260555404 -0.2102006952 -0.2326315610 -0.5017505852 0.0836186820 -0.3659880119 -0.1750381299 -0.1700761556
-0.2532645523 -0.3306966473 -0.4281867784 -0.1901045104 -0.2156367697 -0.3530403066 -0.4132891254 -0.1931153550 -0.2152499439 -0.4908360346 0.0630320080 -0.3519380026 -0.1571426282 -0.1520816097
-0.2377150815 -0.3167872823 -0.4162964344 -0.1735490403 -0.1989635063 -0.3395663747 -0.4009292685 -0.1766230712 -0.1984009815 -0.4802812134 0.0430944287 -0.3383419498 -0.1398646938 -0.1347089312
-0.2226903713 -0.3033477028 -0.4048042321 -0.1575807097 -0.1828244469 -0.3265443652 -0.3889699931 -0.1607157583 -0.1820776447 -0.4700805054 0.0237977101 -0.3251933817 -0.1231960173 -0.1179497621
-0.2081831157 -0.2903711402 -0.3937041296 -0.1421914115 -0.1672123815 -0.3139677059 -0.3774053224 -0.1453853307 -0.1662729040 -0.4602282943 0.0051336181 -0.3124858264 -0.1071282893 -0.1017957442
-0.1941860086 -0.2778508258 -0.3829900854 -0.1273730386 -0.1521201004 -0.3018298248 -0.3662292795 -0.1306237027 -0.1509797301 -0.4507189638 -0.0129060810 -0.3002128122 -0.0916532005 -0.0862385195
