0.6443659560 0.6240183178 0.7555373932 0.7729815845 -0.0201529618 0.6740069431 0.0625143075 0.7723252864 -0.2437689769 0.0922763129 -0.1800779288 0.6274117476 0.7748490198 0.7759684776
0.6256124141 0.6098250874 0.7411912513 0.7548194414 -0.0225413495 0.6639696165 0.0598275013 0.7541300980 -0.2426293101 0.0933450888 -0.1792122853 0.6134148267 0.7568610504 0.7580590912
0.6065258940 0.5954479960 0.7265276897 0.7361228061 -0.0248404599 0.6537921116 0.0572064152 0.7354001540 -0.2413217862 0.0944921974 -0.1783911220 0.5992359858 0.7383481304 0.7396276406
0.5871181415 0.5808915883 0.7115545655 0.7169104572 -0.0270570942 0.6434749721 0.0546446539 0.7161542467 -0.2398563310 0.0957085131 -0.1776069492 0.5848795782 0.7193292536 0.7206931669
0.5674009022 0.5661604086 0.6962797357 0.6972011735 -0.0291980537 0.6330187422 0.0521358223 0.6964111683 -0.2382428702 0.0969849106 -0.1768522770 0.5703499573 0.6998234139 0.7012747113
0.5473859219 0.5512590017 0.6807110573 0.6770137337 -0.0312701397 0.6224239657 0.0496735251 0.6761897109 -0.2364913293 0.0983122645 -0.1761196157 0.5556514765 0.6798496052 0.6813913150
0.5270849464 0.5361919120 0.6648563873 0.6563669164 -0.0332801535 0.6116911865 0.0472513672 0.6555086668 -0.2346116343 0.0996814492 -0.1754014756 0.5407884890 0.6594268214 0.6610620190
0.5065097212 0.5209636840 0.6487235827 0.6352795003 -0.0352348964 0.6008209486 0.0448629532 0.6343868283 -0.2326137106 0.1010833394 -0.1746903668 0.5257653483 0.6385740564 0.6403058645
0.4856719921 0.5055788623 0.6323205006 0.6137702642 -0.0371411698 0.5898137959 0.0425018880 0.6128429875 -0.2305074842 0.1025088097 -0.1739787998 0.5105864078 0.6173103041 0.6191418927
0.4645835049 0.4900419915 0.6156549979 0.5918579868 -0.0390057749 0.5786702724 0.0401617764 0.5908959366 -0.2283028805 0.1039487346 -0.1732592845 0.4952560208 0.5956545584 0.5975891448
0.4432560052 0.4743576160 0.5987349317 0.5695614467 -0.0408355130 0.5673909219 0.0378362231 0.5685644678 -0.2260098254 0.1053939887 -0.1725243314 0.4797785407 0.5736258131 0.5756666618
0.4217012388 0.4585302804 0.5815681590 0.5468994227 -0.0426371854 0.5559762884 0.0355188329 0.5458673734 -0.2236382446 0.1068354465 -0.1717664507 0.4641583208 0.5512430621 0.5533934849
0.3999309513 0.4425645292 0.5641625367 0.5238906935 -0.0444175935 0.5444269158 0.0332032106 0.5228234456 -0.2211980637 0.1082639826 -0.1709781526 0.4483997146 0.5285252994 0.5307886554
0.3779568885 0.4264649070 0.5465259220 0.5005540377 -0.0461835386 0.5327433481 0.0308829610 0.4994514765 -0.2186992084 0.1096704717 -0.1701519473 0.4325070753 0.5054915187 0.5078712142
0.3557907960 0.4102359583 0.5286661717 0.4769082341 -0.0479418218 0.5209261292 0.0285516889 0.4757702584 -0.2161516045 0.1110457882 -0.1692803452 0.4164847563 0.4821607141 0.4846602026
0.3334444197 0.3938822277 0.5105911430 0.4529720613 -0.0496992446 0.5089758030 0.0262029990 0.4517985835 -0.2135651776 0.1123808067 -0.1683558563 0.4003371111 0.4585518793 0.4611746617
0.3109295051 0.3774082597 0.4923086928 0.4287642982 -0.0514626083 0.4968929135 0.0238304961 0.4275552441 -0.2109498534 0.1136664018 -0.1673709911 0.3840684929 0.4346840083 0.4374336327
0.2882577981 0.3608185988 0.4738266782 0.4043037233 -0.0532387141 0.4846780045 0.0214277851 0.4030590322 -0.2083155577 0.1148934481 -0.1663182596 0.3676832552 0.4105760949 0.4134561567
0.2654410443 0.3441177895 0.4551529562 0.3796091153 -0.0550343634 0.4723316201 0.0189884706 0.3783287402 -0.2056722161 0.1160528202 -0.1651901723 0.3511857513 0.3862471331 0.3892612749
0.2424909895 0.3273103764 0.4362953837 0.3546992531 -0.0568563574 0.4598543041 0.0165061575 0.3533831603 -0.2030297543 0.1171353925 -0.1639792392 0.3345803345 0.3617161167 0.3648680284
