0.2681900111 -0.3391027391 -0.3909722531 0.4107637240 -0.4717245528 -0.3514620107 -0.9633338029 0.3992730333 -0.4234657732 -0.7187215965 0.5381163850 -0.3518286448 0.4338516945 0.4386950319
0.2987457293 -0.3227758484 -0.3758231244 0.4455665038 -0.5021250532 -0.3359392850 -0.9666210026 0.4337924781 -0.4591026101 -0.7386808627 0.5683375548 -0.3359466261 0.4693306721 0.4741808423
0.3280944768 -0.3070447745 -0.3612152652 0.4790755399 -0.5315157504 -0.3210321265 -0.9697542045 0.4670288604 -0.4934560894 -0.7578350362 0.5974188693 -0.3206567939 0.5035000998 0.5083457912
0.3562515450 -0.2919011941 -0.3471409938 0.5113066404 -0.5599064239 -0.3067317184 -0.9727333577 0.4989978738 -0.5265403896 -0.7761921430 0.6253724604 -0.3059507899 0.5363757730 0.5412058864
0.3832322253 -0.2773367844 -0.3335926287 0.5422756134 -0.5873068529 -0.2930292444 -0.9755584110 0.5297152121 -0.5583696896 -0.7937602092 0.6522104602 -0.2918202562 0.5679734873 0.5727771357
0.4090518090 -0.2633432221 -0.3205624883 0.5719982671 -0.6137268170 -0.2799158878 -0.9782293133 0.5591965690 -0.5889581681 -0.8105472610 0.6779450005 -0.2782568344 0.5983090384 0.6030755470
0.4337255876 -0.2499121842 -0.3080428910 0.6004904095 -0.6391760954 -0.2673828320 -0.9807460134 0.5874576382 -0.6183200037 -0.8265613244 0.7025882133 -0.2652521664 0.6273982217 0.6321171279
0.4572688524 -0.2370353476 -0.2960261553 0.6277678488 -0.6636644676 -0.2554212605 -0.9831084602 0.6145141132 -0.6464693753 -0.8418104254 0.7261522305 -0.2527978940 0.6552568328 0.6599178864
0.4796968949 -0.2247043892 -0.2845045995 0.6538463930 -0.6872017130 -0.2440223567 -0.9853166025 0.6403816880 -0.6734204615 -0.8563025903 0.7486491840 -0.2408856590 0.6819006673 0.6864938303
0.5010250065 -0.2129109859 -0.2734705422 0.6787418504 -0.7097976109 -0.2331773040 -0.9873703894 0.6650760560 -0.6991874410 -0.8700458451 0.7700912058 -0.2295071033 0.7073455206 0.7118609672
0.5212684784 -0.2016468147 -0.2629163017 0.7024700290 -0.7314619408 -0.2228772860 -0.9892697695 0.6886129110 -0.7237844925 -0.8830482159 0.7904904278 -0.2186538686 0.7316071885 0.7360353052
0.5404426023 -0.1909035525 -0.2528341965 0.7250467370 -0.7522044819 -0.2131134859 -0.9910146919 0.7110079467 -0.7472257948 -0.8953177287 0.8098589820 -0.2083175968 0.7547014664 0.7590328519
0.5585626693 -0.1806728761 -0.2432165449 0.7464877825 -0.7720350138 -0.2038770874 -0.9926051053 0.7322768569 -0.7695255265 -0.9068624097 0.8282090002 -0.1984899297 0.7766441498 0.7808696152
0.5756439710 -0.1709464624 -0.2340556655 0.7668089735 -0.7909633158 -0.1951592737 -0.9940409587 0.7524353351 -0.7906978665 -0.9176902850 0.8455526145 -0.1891625091 0.7974510344 0.8015616028
0.5917017987 -0.1617159885 -0.2253438766 0.7860261183 -0.8089991673 -0.1869512283 -0.9953222009 0.7714990750 -0.8107569933 -0.9278093806 0.8619019567 -0.1803269769 0.8171379157 0.8211248226
0.6067514439 -0.1529731312 -0.2170734967 0.8041550249 -0.8261523476 -0.1792441347 -0.9964487807 0.7894837705 -0.8297170858 -0.9372277227 0.8772691588 -0.1719749748 0.8357205892 0.8395752824
0.6208081978 -0.1447095674 -0.2092368442 0.8212115015 -0.8424326362 -0.1720291763 -0.9974206471 0.8064051150 -0.8475923226 -0.9459533373 0.8916663527 -0.1640981447 0.8532148505 0.8569289901
0.6338873520 -0.1369169741 -0.2018262375 0.8372113561 -0.8578498125 -0.1652975365 -0.9982377489 0.8222788025 -0.8643968824 -0.9539942505 0.9051056703 -0.1566881284 0.8696364952 0.8732019533
0.6460041978 -0.1295870281 -0.1948339950 0.8521703969 -0.8724136558 -0.1590403988 -0.9989000351 0.8371205264 -0.8801449440 -0.9613584885 0.9175992437 -0.1497365676 0.8850013187 0.8884101799
0.6571740266 -0.1227114064 -0.1882524353 0.8661044321 -0.8861339455 -0.1532489466 -0.9994074544 0.8509459806 -0.8948506861 -0.9680540773 0.9291592046 -0.1432351043 0.8993251168 0.9025696777
