-0.0525304488 -0.0766767472 -0.0763043043 0.0052497912 -0.1147025462 -0.0631688982 0.1165939780 0.0045457929 0.0641167944 -0.1231168770 0.0621067315 -0.0881043457 -0.0038548737 -0.0022140563
-0.0588456310 -0.0809316804 -0.0793819568 -0.0029103380 -0.1182570706 -0.0690824194 0.1184542464 -0.0036027012 0.0657071333 -0.1258816447 0.0692327420 -0.0918819644 -0.0121889495 -0.0105540752
-0.0655763867 -0.0856494004 -0.0829588069 -0.0114678288 -0.1222705853 -0.0754167710 0.1198766404 -0.0121484456 0.0668675973 -0.1291240613 0.0767430452 -0.0961294251 -0.0209089834 -0.0192809618
-0.0727289728 -0.0908372368 -0.0870429310 -0.0204283178 -0.1267505042 -0.0821783630 0.1208534026 -0.0210970778 0.0675905518 -0.1328519597 0.0846432960 -0.1008542512 -0.0300204165 -0.0284001689
-0.0803096459 -0.0965025193 -0.0916424054 -0.0297974415 -0.1317042408 -0.0893736055 0.1213767753 -0.0304542348 0.0678683619 -0.1370731728 0.0929391491 -0.1060639661 -0.0395286895 -0.0379171491
-0.0883246630 -0.1026525777 -0.0967653064 -0.0395808362 -0.1371392088 -0.0970089086 0.1214390009 -0.0402255539 0.0676933929 -0.1417955335 0.1016362594 -0.1117660932 -0.0494392436 -0.0478373550
-0.0967802807 -0.1092947418 -0.1024197103 -0.0497841387 -0.1430628220 -0.1050906824 0.1210323221 -0.0504166724 0.0670580099 -0.1470268747 0.1107402817 -0.1179681558 -0.0597575196 -0.0581662392
-0.1056827559 -0.1164363412 -0.1086136935 -0.0604129852 -0.1494824939 -0.1136253369 0.1201489811 -0.0610332273 0.0659545783 -0.1527750293 0.1202568707 -0.1246776773 -0.0704889585 -0.0689092545
-0.1150383453 -0.1240847058 -0.1153553323 -0.0714730124 -0.1564056382 -0.1226192824 0.1187812205 -0.0720808559 0.0643754631 -0.1590478301 0.1301916813 -0.1319021812 -0.0816390013 -0.0800718535
-0.1248533057 -0.1322471653 -0.1226527030 -0.0829698568 -0.1638396687 -0.1320789288 0.1169212827 -0.0835651955 0.0623130296 -0.1658531102 0.1405503682 -0.1396491907 -0.0932130888 -0.0916594888
-0.1351338939 -0.1409310493 -0.1305138820 -0.0949091547 -0.1717919989 -0.1420106864 0.1145614102 -0.0954918832 0.0597596430 -0.1731987024 0.1513385863 -0.1479262294 -0.1052166621 -0.1036776130
-0.1458863667 -0.1501436877 -0.1389469455 -0.1072965428 -0.1802700427 -0.1524209651 0.1116938454 -0.1078665562 0.0567076685 -0.1810924396 0.1625619904 -0.1567408204 -0.1176551621 -0.1161316789
-0.1571169808 -0.1598924101 -0.1479599699 -0.1201376575 -0.1892812135 -0.1633161751 0.1083108308 -0.1206948517 0.0531494714 -0.1895421546 0.1742262353 -0.1661004873 -0.1305340297 -0.1290271391
-0.1688319929 -0.1701845464 -0.1575610315 -0.1334381352 -0.1988329252 -0.1747027265 0.1044046089 -0.1339824070 0.0490774169 -0.1985556805 0.1863369757 -0.1760127534 -0.1438587060 -0.1423694463
-0.1810376600 -0.1810274263 -0.1677582066 -0.1472036126 -0.2089325913 -0.1865870294 0.0999674220 -0.1477348593 0.0444838701 -0.2081408501 0.1988998665 -0.1864851421 -0.1576346317 -0.1561640530
-0.1937402388 -0.1924283794 -0.1785595717 -0.1614397261 -0.2195876256 -0.1989754938 0.0949915127 -0.1619578457 0.0393611963 -0.2183054962 0.2119205625 -0.1975251767 -0.1718672480 -0.1704164120
-0.2069459859 -0.2043947356 -0.1899732029 -0.1761521122 -0.2308054418 -0.2118745299 0.0894691234 -0.1766570036 0.0337017607 -0.2290574519 0.2254047184 -0.2091403807 -0.1865619956 -0.1851319759
-0.2206611583 -0.2169338246 -0.2020071766 -0.1913464073 -0.2425934534 -0.2252905478 0.0833924966 -0.1918379699 0.0274979285 -0.2404045499 0.2393579892 -0.2213382774 -0.2017243157 -0.2003161973
-0.2348920127 -0.2300529761 -0.2146695691 -0.2070282480 -0.2549590742 -0.2392299576 0.0767538747 -0.2075063821 0.0207420649 -0.2523546233 0.2537860295 -0.2341263902 -0.2173596491 -0.2159745289
-0.2496448059 -0.2437595198 -0.2279684568 -0.2232032708 -0.2679097178 -0.2536991693 0.0695455001 -0.2236678773 0.0134265352 -0.2649155048 0.2686944942 -0.2475122424 -0.2334734368 -0.2321124234
