0.1681336804 0.0519337477 0.1246180248 0.2556805269 -0.1352723306 0.0055756802 0.0004757397 0.2551380133 -0.3936873495 -0.1804537986 0.0620842355 0.0779370115 0.2775830203 0.2657049558
0.1780260133 0.0626231374 0.1346945776 0.2644497055 -0.1252611870 0.0175244804 0.0108871501 0.2639118954 -0.3832849672 -0.1662301357 0.0555259624 0.0884762646 0.2861154008 0.2743199438
0.1882835970 0.0737539663 0.1451689599 0.2735452433 -0.1146163591 0.0299117733 0.0217960850 0.2730124576 -0.3720305442 -0.1514813817 0.0482774827 0.0994389077 0.2949628455 0.2832577439
0.1989126444 0.0853335113 0.1560478852 0.2829730186 -0.1033271039 0.0427444194 0.0332108559 0.2824455822 -0.3599097388 -0.1361998644 0.0403260892 0.1108319542 0.3041311093 0.2925242188
0.2099193685 0.0973690490 0.1673380669 0.2927389093 -0.0913826789 0.0560292793 0.0451397740 0.2922171514 -0.3469082091 -0.1203779121 0.0316590743 0.1226624178 0.3136259471 0.3021252312
0.2213099822 0.1098678564 0.1790462183 0.3028487937 -0.0787723412 0.0697732138 0.0575911503 0.3023330475 -0.3330116134 -0.1040078529 0.0222637306 0.1349373119 0.3234531139 0.3120666437
0.2330906987 0.1228372102 0.1911790529 0.3133085500 -0.0654853481 0.0839830835 0.0705732962 0.3127991528 -0.3182056099 -0.0870820148 0.0121273509 0.1476636501 0.3336183646 0.3223543190
0.2452677309 0.1362843871 0.2037432841 0.3241240564 -0.0515109570 0.0986657489 0.0840945230 0.3236213495 -0.3024758567 -0.0695927260 0.0012372276 0.1608484459 0.3441274542 0.3329941199
0.2578472917 0.1502166640 0.2167456252 0.3353011909 -0.0368384249 0.1138280708 0.0981631417 0.3348055198 -0.2858080121 -0.0515323145 -0.0104193466 0.1744987129 0.3549861375 0.3439919089
0.2708355943 0.1646413177 0.2301927897 0.3468458318 -0.0214570093 0.1294769097 0.1127874638 0.3463575461 -0.2681877342 -0.0328931085 -0.0228550791 0.1886214645 0.3662001695 0.3553535487
0.2842388515 0.1795656250 0.2440914911 0.3587638572 -0.0053559673 0.1456191263 0.1279758002 0.3582833105 -0.2496006813 -0.0136674361 -0.0360826774 0.2032237143 0.3777753052 0.3670849020
0.2980632764 0.1949968626 0.2584484426 0.3710611453 0.0114754437 0.1622615812 0.1437364624 0.3705886953 -0.2300325114 0.0061523747 -0.0501148487 0.2183124759 0.3897172995 0.3791918315
0.3123150820 0.2109423073 0.2732703577 0.3837435742 0.0290479665 0.1794111351 0.1600777615 0.3832795828 -0.2094688829 0.0265739957 -0.0649643006 0.2338947627 0.4020319073 0.3916801998
0.3270004813 0.2274092360 0.2885639498 0.3968170222 0.0473723439 0.1970746485 0.1770080088 0.3963618552 -0.1878954539 0.0476050989 -0.0806437404 0.2499775882 0.4147248836 0.4045558696
0.3421256873 0.2444049254 0.3043359323 0.4102873673 0.0664593185 0.2152589822 0.1945355155 0.4098413948 -0.1652978826 0.0692533560 -0.0971658754 0.2665679661 0.4278019833 0.4178247036
0.3576969130 0.2619366522 0.3205930186 0.4241604878 0.0863196332 0.2339709967 0.2126685927 0.4237240839 -0.1416618273 0.0915264391 -0.1145434132 0.2836729099 0.4412689614 0.4314925644
0.3737203713 0.2800116934 0.3373419221 0.4384422618 0.1069640306 0.2532175528 0.2314155518 0.4380158046 -0.1169729460 0.1144320201 -0.1327890611 0.3012994330 0.4551315727 0.4455653147
0.3902022754 0.2986373257 0.3545893562 0.4531385675 0.1284032535 0.2730055109 0.2507847040 0.4527224393 -0.0912168970 0.1379777707 -0.1519155265 0.3194545491 0.4693955722 0.4600488173
0.4071488381 0.3178208258 0.3723420343 0.4682552830 0.1506480446 0.2933417318 0.2707843604 0.4678498701 -0.0643793384 0.1621713630 -0.1719355167 0.3381452715 0.4840667149 0.4749489346
0.4245662725 0.3375694707 0.3906066699 0.4837982866 0.1737091467 0.3142330760 0.2914228324 0.4834039795 -0.0364459286 0.1870204688 -0.1928617393 0.3573786140 0.4991507557 0.4902715295
