-0.0772541688 -0.5984071555 -1.0000000000 0.5550932158 -0.3699533102 -0.9723516892 -0.9632788956 0.5494478346 -0.5429353124 -0.9592671896 -0.2922849032 -0.9681737928 0.6005856707 0.5992840616
-0.0797824333 -0.6033401389 -0.9997679913 0.5590200184 -0.3778602777 -0.9792110092 -0.9711220821 0.5534009494 -0.5531339477 -0.9656956849 -0.2887075242 -0.9754942362 0.6051323423 0.6038502263
-0.0817445839 -0.6074509364 -0.9986806740 0.5631422357 -0.3851680691 -0.9850663511 -0.9779899197 0.5575513313 -0.5626894760 -0.9715510524 -0.2854389527 -0.9818285659 0.6098287822 0.6085661311
-0.0831509846 -0.6107532796 -0.9967527779 0.5674539249 -0.3918862162 -0.9899335209 -0.9838972297 0.5618930069 -0.5716115374 -0.9768397344 -0.2824730746 -0.9871923862 0.6146696641 0.6134264476
-0.0840119995 -0.6132609003 -0.9939990325 0.5719491436 -0.3980242511 -0.9938283247 -0.9888588333 0.5664200026 -0.5799097716 -0.9815681732 -0.2798037761 -0.9916013015 0.6196496616 0.6184258477
-0.0843379927 -0.6149875302 -0.9904341674 0.5766219490 -0.4035917055 -0.9967665684 -0.9928895519 0.5711263448 -0.5875938186 -0.9857428110 -0.2774249432 -0.9950709162 0.6247634482 0.6235590028
-0.0841393282 -0.6159469010 -0.9860729123 0.5814663986 -0.4085981115 -0.9987640582 -0.9960042065 0.5760060600 -0.5946733183 -0.9893700902 -0.2753304622 -0.9976168346 0.6300056974 0.6288205847
-0.0834263700 -0.6161527445 -0.9809299968 0.5864765498 -0.4130530009 -0.9998366000 -0.9982176186 0.5810531745 -0.6011579107 -0.9924564529 -0.2735142191 -0.9992546610 0.6353710829 0.6342052650
-0.0822094823 -0.6156187922 -0.9750201506 0.5916464598 -0.4169659056 -1.0000000000 -0.9995446094 0.5862617149 -0.6070572356 -0.9950083415 -0.2719701001 -1.0000000000 0.6408542781 0.6397077153
-0.0804990290 -0.6143587760 -0.9683581032 0.5969701862 -0.4203463577 -0.9992700641 -1.0000000000 0.5916257076 -0.6123809330 -0.9970321983 -0.2706919913 -0.9998684558 0.6464499568 0.6453226073
-0.0783053743 -0.6123864275 -0.9609585842 0.6024417862 -0.4232038889 -0.9976625985 -0.9995986118 0.5971391790 -0.6171386428 -0.9985344654 -0.2696737787 -0.9988756328 0.6521527923 0.6510446127
-0.0756388822 -0.6097154786 -0.9528363233 0.6080553173 -0.4255480312 -0.9951934091 -0.9983552661 0.6027961555 -0.6213400049 -0.9995215852 -0.2689093485 -0.9970371354 0.6579574584 0.6568684031
-0.0725099167 -0.6063596608 -0.9440060501 0.6138048368 -0.4273883165 -0.9918783020 -0.9962847840 0.6085906636 -0.6249946593 -1.0000000000 -0.2683925869 -0.9943685679 0.6638586285 0.6627886502
-0.0689288420 -0.6023327059 -0.9344824943 0.6196844022 -0.4287342767 -0.9877330833 -0.9934019868 0.6145167298 -0.6281122457 -0.9999761520 -0.2681173799 -0.9908855347 0.6698509762 0.6688000256
-0.0649060220 -0.5976483456 -0.9242803854 0.6256880707 -0.4295954439 -0.9827735589 -0.9897216959 0.6205683805 -0.6307024043 -0.9994564835 -0.2680776137 -0.9866036403 0.6759291751 0.6748972009
-0.0604518208 -0.5923203116 -0.9134144531 0.6318098998 -0.4299813497 -0.9770155350 -0.9852587324 0.6267396421 -0.6327747748 -0.9984474367 -0.2682671743 -0.9815384889 0.6820878988 0.6810748479
-0.0555766026 -0.5863623357 -0.9018994269 0.6380439469 -0.4299015263 -0.9704748175 -0.9800279176 0.6330245410 -0.6343389972 -0.9969554540 -0.2686799480 -0.9757056849 0.6883218207 0.6873276381
-0.0502907313 -0.5797881496 -0.8897500366 0.6443842693 -0.4293655054 -0.9631672125 -0.9740440727 0.6394171038 -0.6354047114 -0.9949869776 -0.2693098207 -0.9691208327 0.6946256146 0.6936502433
-0.0446045710 -0.5726114849 -0.8769810117 0.6508249245 -0.4283828191 -0.9551085261 -0.9673220191 0.6459113568 -0.6359815574 -0.9925484498 -0.2701506787 -0.9617995367 0.7009939539 0.7000373350
-0.0385284857 -0.5648460734 -0.8636070819 0.6573599697 -0.4269629992 -0.9463145643 -0.9598765779 0.6525013265 -0.6360791750 -0.9896463128 -0.2711964081 -0.9537574013 0.7074215122 0.7064835850
