-0.2686126408 -0.3245327917 -0.3323915187 -0.2099890322 -0.2281679214 -0.2434718684 -0.3494024711 -0.2111486086 -0.0952446287 -0.1101983159 0.0224975276 -0.2595926143 -0.1907908730 -0.1951504154
-0.2841398747 -0.3372463620 -0.3431172970 -0.2240012075 -0.2488971835 -0.2588778833 -0.3596407620 -0.2251428921 -0.1335245342 -0.1261709939 0.0449767907 -0.2723567672 -0.2048753024 -0.2094412100
-0.2993421832 -0.3496273435 -0.3535187218 -0.2377226011 -0.2692885423 -0.2739705247 -0.3695502134 -0.2388459984 -0.1716280873 -0.1418844636 0.0671966195 -0.2848160433 -0.2186768074 -0.2234459932
-0.3141809886 -0.3616405090 -0.3635630321 -0.2511167172 -0.2892970279 -0.2887114453 -0.3790986222 -0.2522214506 -0.2095045569 -0.1573000852 0.0891104954 -0.2969353557 -0.2321588619 -0.2371279667
-0.3286177130 -0.3732506316 -0.3732174673 -0.2641470604 -0.3088776702 -0.3030622980 -0.3882537852 -0.2652327719 -0.2471032120 -0.1723792191 0.1106718996 -0.3086796171 -0.2452849401 -0.2504503322
-0.3426137785 -0.3844224840 -0.3824492666 -0.2767771350 -0.3279854995 -0.3169847356 -0.3969834993 -0.2778434856 -0.2843733218 -0.1870832254 0.1318343138 -0.3200137406 -0.2580185158 -0.2633762916
-0.3561306075 -0.3951208392 -0.3912256691 -0.2889704455 -0.3465755456 -0.3304404111 -0.4052555613 -0.2900171147 -0.3212641552 -0.2013734644 0.1525512192 -0.3309026392 -0.2703230632 -0.2758690465
-0.3691296220 -0.4053104701 -0.3995139142 -0.3006904963 -0.3646028387 -0.3433909772 -0.4130377680 -0.3017171827 -0.3577249812 -0.2152112965 0.1727760972 -0.3413112257 -0.2821620563 -0.2878917987
-0.3815722443 -0.4149561495 -0.4072812411 -0.3119007917 -0.3820224089 -0.3557980868 -0.4202979163 -0.3129072125 -0.3937050690 -0.2285580819 0.1924624294 -0.3512044132 -0.2934989690 -0.2994077500
-0.3934198965 -0.4240226503 -0.4144948890 -0.3225648363 -0.3987892862 -0.3676233928 -0.4270038030 -0.3235507275 -0.4291536874 -0.2413751808 0.2115636970 -0.3605471145 -0.3042972753 -0.3103801021
-0.4046340008 -0.4324747455 -0.4211220972 -0.3326461343 -0.4148585006 -0.3788285480 -0.4331232249 -0.3336112508 -0.4640201055 -0.2536239536 0.2300333815 -0.3693042427 -0.3145204494 -0.3207720568
-0.4151759795 -0.4402772079 -0.4271301048 -0.3421081903 -0.4301850823 -0.3893752052 -0.4386239788 -0.3430523056 -0.4982535924 -0.2652657604 0.2478249643 -0.3774407106 -0.3241319651 -0.3305468157
-0.4250072546 -0.4473948104 -0.4324861512 -0.3509145086 -0.4447240612 -0.3992250173 -0.4434738617 -0.3518374152 -0.5318034170 -0.2762619617 0.2648919268 -0.3849214313 -0.3330952966 -0.3396675808
-0.4340892484 -0.4537923260 -0.4371574756 -0.3590285936 -0.4584304675 -0.4083396372 -0.4476406702 -0.3599301027 -0.5646188484 -0.2865739176 0.2811877504 -0.3917113177 -0.3413739178 -0.3480975537
-0.4423833831 -0.4594345274 -0.4411113172 -0.3664139498 -0.4712593311 -0.4166807177 -0.4510922013 -0.3672938914 -0.5966491557 -0.2961629884 0.2966659165 -0.3977752827 -0.3489313027 -0.3557999362
-0.4498510808 -0.4642861876 -0.4443149152 -0.3730340816 -0.4831656823 -0.4242099116 -0.4537962518 -0.3738923043 -0.6278436077 -0.3049905343 0.3112799066 -0.4030782393 -0.3557309253 -0.3627379300
-0.4564537637 -0.4683120795 -0.4467355090 -0.3788524933 -0.4941045509 -0.4308888718 -0.4557206185 -0.3796888648 -0.6581514737 -0.3130179157 0.3249832019 -0.4075851004 -0.3617362597 -0.3688747368
-0.4621528541 -0.4714769759 -0.4483403376 -0.3838326895 -0.5040309671 -0.4366792512 -0.4568330983 -0.3846470961 -0.6875220225 -0.3202064929 0.3377292840 -0.4112607790 -0.3669107799 -0.3741735586
-0.4669097740 -0.4737456498 -0.4490966404 -0.3879381744 -0.5128999609 -0.4415427026 -0.4571014879 -0.3887305213 -0.7159045232 -0.3265176260 0.3494716342 -0.4140701881 -0.3712179599 -0.3785975969
-0.4706859458 -0.4750828741 -0.4489716567 -0.3911324526 -0.5206665625 -0.4454408789 -0.4564935843 -0.3919026636 -0.7432482449 -0.3319126754 0.3601637340 -0.4159782405 -0.3746212737 -0.3821100535
