-0.6012285950 -0.6308417889 -0.6459323670 -0.5909893337 -0.5927846760 -0.6454229377 -0.6543432942 -0.5912987366 -0.5912353199 -0.7411808390 0.5475038952 -0.6347904600 -0.5852224308 -0.5867826972
-0.5618491757 -0.5943644452 -0.6109581021 -0.5505880759 -0.5524787825 -0.6104286368 -0.6201911998 -0.5509302512 -0.5506767012 -0.7156810121 0.5027275414 -0.5987274654 -0.5442515469 -0.5459744789
-0.5234203875 -0.5587625437 -0.5768255411 -0.5111599689 -0.5131262477 -0.5762829836 -0.5868590575 -0.5115345944 -0.5110563016 -0.6908075448 0.4590132824 -0.5635350637 -0.5042676105 -0.5061510918
-0.4859326653 -0.5240271922 -0.5435260623 -0.4726952701 -0.4747176101 -0.5429772557 -0.5543384429 -0.4731020232 -0.4723649255 -0.6665535612 0.4163507266 -0.5292043708 -0.4652607613 -0.4673026818
-0.4493764441 -0.4901494983 -0.5110510441 -0.4351842365 -0.4372434084 -0.5105027306 -0.5226209319 -0.4356227946 -0.4345933775 -0.6429121853 0.3747294822 -0.4957265023 -0.4272211387 -0.4294193947
-0.4137421587 -0.4571205698 -0.4793918648 -0.3986171255 -0.4006941810 -0.4788506859 -0.4916981000 -0.3990871655 -0.3977324620 -0.6198765411 0.3341391572 -0.4630925740 -0.3901388824 -0.3924913766
-0.3790202442 -0.4249315145 -0.4485399026 -0.3629841942 -0.3650604665 -0.4480123992 -0.4615615229 -0.3634853927 -0.3617729835 -0.5974397526 0.2945693600 -0.4312937015 -0.3540041319 -0.3565087731
-0.3452011354 -0.3935734401 -0.4184865361 -0.3282756999 -0.3303328035 -0.4179791479 -0.4322027763 -0.3288077333 -0.3267057466 -0.5755949439 0.2560096986 -0.4003210006 -0.3188070267 -0.3214617303
-0.3122752674 -0.3630374544 -0.3892231434 -0.2944818998 -0.2965017306 -0.3887422096 -0.4036134360 -0.2950444442 -0.2925215558 -0.5543352389 0.2184497814 -0.3701655871 -0.2845377064 -0.2873403938
-0.2802330750 -0.3333146650 -0.3607411029 -0.2615930512 -0.2635577861 -0.3602928619 -0.3757850775 -0.2621857824 -0.2592112156 -0.5336537618 0.1818792165 -0.3408185767 -0.2511863106 -0.2541349098
-0.2490649932 -0.3043961799 -0.3330317930 -0.2295994112 -0.2314915088 -0.3326223823 -0.3487092767 -0.2302220046 -0.2267655305 -0.5135436366 0.1462876120 -0.3122710851 -0.2187429788 -0.2218354239
-0.2187614570 -0.2762731067 -0.3060865920 -0.1984912371 -0.2002934371 -0.3057220483 -0.3223776090 -0.1991433680 -0.1951753049 -0.4939979872 0.1116645763 -0.2845142279 -0.1871978505 -0.1904320820
-0.1893129012 -0.2489365532 -0.2798968782 -0.1682587861 -0.1699541096 -0.2795831375 -0.2967816504 -0.1689401295 -0.1644313435 -0.4750099376 0.0779997174 -0.2575391211 -0.1565410654 -0.1599150301
-0.1607097609 -0.2223776270 -0.2544540300 -0.1388923154 -0.1404640649 -0.2541969274 -0.2719129763 -0.1396025459 -0.1345244507 -0.4565726121 0.0452826436 -0.2313368802 -0.1267627629 -0.1302744140
-0.1329424710 -0.1965874361 -0.2297494257 -0.1103820823 -0.1118138414 -0.2295546956 -0.2477631626 -0.1111208742 -0.1054454310 -0.4386791344 0.0135029630 -0.2058986210 -0.0978530827 -0.1015003795
-0.1060014664 -0.1715570881 -0.2057744436 -0.0827183440 -0.0839939778 -0.2056477196 -0.2243237849 -0.0834853714 -0.0771850889 -0.4213226288 -0.0173497160 -0.1812154593 -0.0698021642 -0.0735830726
-0.0798771821 -0.1472776907 -0.1825204621 -0.0558913577 -0.0569950126 -0.1824672770 -0.2015864188 -0.0566862945 -0.0497342290 -0.4044962191 -0.0472857854 -0.1572785107 -0.0426001471 -0.0465126391
-0.0545600530 -0.1237403518 -0.1599788595 -0.0298913807 -0.0308074843 -0.1600046453 -0.1795426402 -0.0307139002 -0.0230836557 -0.3881930294 -0.0763156370 -0.1340788911 -0.0162371708 -0.0202792248
-0.0300405141 -0.1009361791 -0.1381410141 -0.0047086701 -0.0054219315 -0.1382511020 -0.1581840246 -0.0055584456 0.0027758264 -0.3724061839 -0.1044496625 -0.1116077160 0.0092966250 0.0051270243
-0.0063090002 -0.0788562803 -0.1169983043 0.0196665168 0.0191711072 -0.1171979248 -0.1375021477 0.0187898124 0.0278534129 -0.3571288064 -0.1316982538 -0.0898561013 0.0340111007 0.0297159624
