-0.8340529238 -0.8781972305 -0.8854884115 -0.8167331633 -0.8831120832 -0.8600569162 -0.9216997603 -0.8181513949 -0.4357820320 -0.9448636928 0.7562462152 -0.8751207219 -0.8192285836 -0.8178661497
-0.8469986962 -0.8874635847 -0.8953606569 -0.8333717499 -0.8882433624 -0.8705677395 -0.9276160660 -0.8347505288 -0.4333592509 -0.9472465250 0.7699254926 -0.8849856226 -0.8357663104 -0.8344505208
-0.8593821869 -0.8963477080 -0.9047633552 -0.8491468655 -0.8933003368 -0.8806466006 -0.9333020189 -0.8504838435 -0.4312501299 -0.9496241161 0.7831914863 -0.8944240531 -0.8514379876 -0.8501706662
-0.8712080493 -0.9048515628 -0.9137000328 -0.8640692598 -0.8982799235 -0.8902961560 -0.9387573653 -0.8653621353 -0.4294466174 -0.9519926244 0.7960458305 -0.9034387036 -0.8662546339 -0.8650375079
-0.8824809365 -0.9129771117 -0.9221742163 -0.8781496823 -0.9031790401 -0.8995190617 -0.9439818520 -0.8793962011 -0.4279406620 -0.9543482079 0.8084901595 -0.9120322644 -0.8802272681 -0.8790619674
-0.8932055019 -0.9207263174 -0.9301894321 -0.8913988825 -0.9079946039 -0.9083179742 -0.9489752255 -0.8925968373 -0.4267242123 -0.9566870251 0.8205261075 -0.9202074259 -0.8933669090 -0.8922549664
-0.9033863988 -0.9281011422 -0.9377492066 -0.9038276101 -0.9127235323 -0.9166955496 -0.9537372321 -0.9049748407 -0.4257892166 -0.9590052341 0.8321553088 -0.9279668781 -0.9056845755 -0.9046274268
-0.9130282804 -0.9351035488 -0.9448570663 -0.9154466146 -0.9173627427 -0.9246544442 -0.9582676186 -0.9165410078 -0.4251276237 -0.9612989932 0.8433793976 -0.9353133114 -0.9171912861 -0.9161902703
-0.9221358000 -0.9417354998 -0.9515165377 -0.9262666455 -0.9219091524 -0.9321973143 -0.9625661313 -0.9273061353 -0.4247313819 -0.9635644605 0.8542000082 -0.9422494161 -0.9278980598 -0.9269544186
-0.9307136110 -0.9479989576 -0.9577311472 -0.9362984526 -0.9263596789 -0.9393268160 -0.9666325169 -0.9372810198 -0.4245924398 -0.9657977944 0.8646187748 -0.9487778825 -0.9378159154 -0.9369307935
-0.9387663666 -0.9538958848 -0.9635044213 -0.9455527853 -0.9307112396 -0.9460456057 -0.9704665218 -0.9464764579 -0.4247027460 -0.9679951530 0.8746373316 -0.9549014007 -0.9469558715 -0.9461303166
-0.9462987200 -0.9594282440 -0.9688398864 -0.9540403932 -0.9349607517 -0.9523563397 -0.9740678927 -0.9549032463 -0.4250542489 -0.9701526946 0.8842573130 -0.9606226610 -0.9553289470 -0.9545639097
-0.9533153246 -0.9645979977 -0.9737410690 -0.9617720259 -0.9391051328 -0.9582616741 -0.9774363759 -0.9625721816 -0.4256388971 -0.9722665775 0.8934803532 -0.9659443537 -0.9629461607 -0.9622424946
-0.9598208336 -0.9694071084 -0.9782114956 -0.9687584330 -0.9431413002 -0.9637642652 -0.9805717181 -0.9694940605 -0.4264486391 -0.9743329598 0.9023080864 -0.9708691691 -0.9698185312 -0.9691769929
-0.9658199004 -0.9738575388 -0.9822546926 -0.9750103640 -0.9470661712 -0.9688667693 -0.9834736657 -0.9756796794 -0.4274754235 -0.9763479998 0.9107421468 -0.9753997974 -0.9759570776 -0.9753783265
-0.9713171782 -0.9779512513 -0.9858741865 -0.9805385686 -0.9508766634 -0.9735718427 -0.9861419654 -0.9811398351 -0.4287111987 -0.9783078557 0.9187841688 -0.9795389289 -0.9813728184 -0.9808574170
-0.9763173203 -0.9816902085 -0.9890735037 -0.9853537962 -0.9545696940 -0.9778821415 -0.9885763636 -0.9858853243 -0.4301479132 -0.9802086858 0.9264357866 -0.9832892539 -0.9860767724 -0.9856251863
-0.9808249800 -0.9850763730 -0.9918561707 -0.9894667964 -0.9581421804 -0.9818003221 -0.9907766068 -0.9899269434 -0.4317775157 -0.9820466483 0.9336986343 -0.9866534625 -0.9900799585 -0.9896925559
-0.9848448105 -0.9881117073 -0.9942257139 -0.9928883189 -0.9615910400 -0.9853290407 -0.9927424416 -0.9932754892 -0.4335919547 -0.9838179014 0.9405743464 -0.9896342451 -0.9933933955 -0.9930704477
-0.9883814652 -0.9907981739 -0.9961856599 -0.9956291132 -0.9649131903 -0.9884709535 -0.9944736145 -0.9959417583 -0.4355831785 -0.9855186034 0.9470645570 -0.9922342920 -0.9960281021 -0.9957697834
