0.0395526806 0.3971571800 0.7356547717 -0.0403057304 0.2375399172 0.0524791535 0.9910781946 -0.0400300523 0.6521908348 0.0951323942 0.0349170132 0.4366215766 -0.0791082509 -0.0499295945
0.0100188155 0.3711642107 0.7141744877 -0.0696887392 0.2113584356 0.0225800282 0.9860417918 -0.0693852271 0.6359922579 0.0641860839 0.0625749809 0.4088491407 -0.1078690000 -0.0794851352
-0.0208086328 0.3435151300 0.6910546174 -0.1000972956 0.1835732677 -0.0086291477 0.9798430746 -0.0997691143 0.6183470171 0.0318629027 0.0914136259 0.3793515910 -0.1375684162 -0.1100188605
-0.0529482962 0.3141842497 0.6662692253 -0.1315451895 0.1541595123 -0.0411672090 0.9724620763 -0.1311955686 0.5992314194 -0.0018569229 0.1214500224 0.3481024261 -0.1682188718 -0.1415436512
-0.0864188066 0.2831458818 0.6397923762 -0.1640462104 0.1230922683 -0.0750529906 0.9638788300 -0.1636784447 0.5786217716 -0.0369931665 0.1527012446 0.3150751444 -0.1998327395 -0.1740723884
-0.1212387962 0.2503743382 0.6115981346 -0.1976141481 0.0903466346 -0.1103053272 0.9540733687 -0.1972315974 0.5564943809 -0.0735656015 0.1851843667 0.2802432443 -0.2324223919 -0.2076179532
-0.1574268969 0.2158439309 0.5816605651 -0.2322627921 0.0558977102 -0.1469430537 0.9430257258 -0.2318688813 0.5328255542 -0.1115940016 0.2189164628 0.2435802244 -0.2660002013 -0.2421932265
-0.1950017406 0.1795289718 0.5499537325 -0.2680059322 0.0197205938 -0.1849850049 0.9307159342 -0.2676041511 0.5075915984 -0.1510981402 0.2539146071 0.2050595830 -0.3005785405 -0.2778110894
-0.2339819594 0.1414037728 0.5164517013 -0.3048573580 -0.0182096156 -0.2244500157 0.9171240271 -0.3044512616 0.4807688207 -0.1920977909 0.2901958738 0.1646548186 -0.3361697819 -0.3144844230
-0.2743861853 0.1014426459 0.4811285361 -0.3428308591 -0.0579178191 -0.2653569208 0.9022300378 -0.3424240674 0.4523335278 -0.2346127272 0.3277773370 0.1223394298 -0.3727862980 -0.3522261082
-0.3162330501 0.0596199031 0.4439583017 -0.3819402253 -0.0994289179 -0.3077245550 0.8860139992 -0.3815364233 0.4222620269 -0.2786627226 0.3666760710 0.0780869149 -0.4104404615 -0.3910490260
-0.3595411860 0.0159098562 0.4049150626 -0.4221992462 -0.1427678130 -0.3515717533 0.8684559446 -0.4218021841 0.3905306249 -0.3242675507 0.4069091499 0.0318707725 -0.4491446449 -0.4309660576
-0.4043292249 -0.0297131829 0.3639728835 -0.4636217115 -0.1879594056 -0.3969173504 0.8495359072 -0.4632352043 0.3571156288 -0.3714469850 0.4484936479 -0.0163354990 -0.4889112206 -0.4719900840
-0.4506157988 -0.0772749021 0.3211058289 -0.5062214108 -0.2350285967 -0.4437801811 0.8292339199 -0.5058493387 0.3219933456 -0.4202207990 0.4914466391 -0.0665584012 -0.5297525613 -0.5141339860
-0.4984195397 -0.1268009895 0.2762879636 -0.5500121337 -0.2840002876 -0.4921790803 0.8075300161 -0.5496584420 0.2851400822 -0.4706087663 0.5357851978 -0.1188244355 -0.5716810395 -0.5574106449
-0.5477590796 -0.1783171332 0.2294933522 -0.5950076700 -0.3348993792 -0.5421328828 0.7844042288 -0.5946763689 0.2465321457 -0.5226306603 0.5815263981 -0.1731601035 -0.6147090277 -0.6018329416
-0.5986530504 -0.2318490212 0.1806960593 -0.6412218093 -0.3877507728 -0.5936604234 0.7598365911 -0.6409169742 0.2061458430 -0.5763062546 0.6286873142 -0.2295919068 -0.6588488985 -0.6474137572
-0.6511200842 -0.2874223417 0.1298701495 -0.6886683413 -0.4425793694 -0.6467805370 0.7338071363 -0.6883941125 0.1639574812 -0.6316553228 0.6772850203 -0.2881463468 -0.7041130244 -0.6941659726
-0.7051788129 -0.3450627827 0.0769896875 -0.7373610555 -0.4994100701 -0.7015120583 0.7062958974 -0.7371216386 0.1199433671 -0.6886976383 0.7273365905 -0.3488499252 -0.7505137780 -0.7421024689
-0.7608478685 -0.4047960322 0.0220287379 -0.7873137418 -0.5582677761 -0.7578738222 0.6772829076 -0.7871134071 0.0740798078 -0.7474529747 0.7788590991 -0.4117291434 -0.7980635318 -0.7912361271
