-0.8633012355 -0.7136062000 -0.7744805046 -0.8983225455 -0.6504809872 -0.8004029416 -0.6633294503 -0.8973700225 -0.4925631785 -0.5555889079 0.6244163873 -0.7458848090 -0.9148082342 -0.8997656649
-0.8517816921 -0.6960211279 -0.7596897207 -0.8883380518 -0.6330465810 -0.7872839973 -0.6451917368 -0.8873277786 -0.4715167348 -0.5377618954 0.6071524318 -0.7290595901 -0.9059559017 -0.8902969787
-0.8398661879 -0.6780351247 -0.7444859217 -0.8779369657 -0.6154000683 -0.7738729519 -0.6266929516 -0.8768679894 -0.4503485228 -0.5199127371 0.5897537907 -0.7117946415 -0.8967166537 -0.8804633818
-0.8275629689 -0.6596592240 -0.7288743916 -0.8671261235 -0.5975578422 -0.7601819089 -0.6078422226 -0.8659974928 -0.4290790299 -0.5020633568 0.5722389820 -0.6940994364 -0.8870976247 -0.8702729964
-0.8148802808 -0.6409044590 -0.7128604143 -0.8559123615 -0.5795362959 -0.7462229719 -0.5886486779 -0.8547231267 -0.4077287434 -0.4842356780 0.5546265237 -0.6759834479 -0.8771059490 -0.8597339446
-0.8018263696 -0.6217818630 -0.6964492739 -0.8443025162 -0.5613518227 -0.7320082443 -0.5691214454 -0.8430517291 -0.3863181508 -0.4664516244 0.5369349338 -0.6574561489 -0.8667487608 -0.8488543487
-0.7884094813 -0.6023024695 -0.6796462544 -0.8323034238 -0.5430208156 -0.7175498297 -0.5492696533 -0.8309901378 -0.3648677392 -0.4487331195 0.5191827305 -0.6385270126 -0.8560331946 -0.8376423308
-0.7746378616 -0.5824773118 -0.6624566398 -0.8199219207 -0.5245596680 -0.7028598317 -0.5291024294 -0.8185451908 -0.3433979962 -0.4311020871 0.5013884316 -0.6192055121 -0.8449663845 -0.8261060130
-0.7605197565 -0.5623174232 -0.6448857142 -0.8071648434 -0.5059847730 -0.6879503537 -0.5086289019 -0.8057237260 -0.3219294090 -0.4135804507 0.4835705553 -0.5995011204 -0.8335554649 -0.8142535176
-0.7460634119 -0.5418338371 -0.6269387615 -0.7940390282 -0.4873125238 -0.6728334993 -0.4878581986 -0.7925325813 -0.3004824650 -0.3961901340 0.4657476196 -0.5794233107 -0.8218075701 -0.8020929668
-0.7312770736 -0.5210375869 -0.6086210657 -0.7805513113 -0.4685593136 -0.6575213720 -0.4667994477 -0.7789785947 -0.2790776516 -0.3789530605 0.4479381425 -0.5589815559 -0.8097298345 -0.7896324826
-0.7161689877 -0.4999397060 -0.5899379109 -0.7667085293 -0.4497415356 -0.6420260753 -0.4454617772 -0.7650686039 -0.2577354561 -0.3618911540 0.4301606421 -0.5381853292 -0.7973293923 -0.7768801873
-0.7007473999 -0.4785512276 -0.5708945811 -0.7525175184 -0.4308755829 -0.6263597128 -0.4238543150 -0.7508094470 -0.2364763658 -0.3450263380 0.4124336363 -0.5170441037 -0.7846133778 -0.7638442030
-0.6850205561 -0.4568831851 -0.5514963603 -0.7379851151 -0.4119778488 -0.6105343880 -0.4019861891 -0.7362079618 -0.2153208683 -0.3283805361 0.3947756433 -0.4955673524 -0.7715889254 -0.7505326519
-0.6689967023 -0.4349466120 -0.5317485325 -0.7231181556 -0.3930647265 -0.5945622045 -0.3798665277 -0.7212709864 -0.1942894507 -0.3119756721 0.3772051810 -0.4737645485 -0.7582631694 -0.7369536562
-0.6526840844 -0.4127525415 -0.5116563817 -0.7079234764 -0.3741526091 -0.5784552657 -0.3575044586 -0.7060053585 -0.1734026004 -0.2958336694 0.3597407675 -0.4516451649 -0.7446432441 -0.7231153380
-0.6360909482 -0.3903120070 -0.4912251920 -0.6924079138 -0.3552578899 -0.5622256752 -0.3349091100 -0.6904179161 -0.1526808049 -0.2799764518 0.3424009209 -0.4292186748 -0.7307362837 -0.7090258196
-0.6192255396 -0.3676360419 -0.4704602473 -0.6765783041 -0.3363969620 -0.5458855365 -0.3120896098 -0.6745154971 -0.1321445514 -0.2644259428 0.3252041591 -0.4064945513 -0.7165494227 -0.6946932231
-0.6020961045 -0.3447356795 -0.4493668316 -0.6604414838 -0.3175862186 -0.5294469531 -0.2890550860 -0.6583049395 -0.1118143274 -0.2492040661 0.3081690002 -0.3834822674 -0.7020897952 -0.6801256707
-0.5847108889 -0.3216219532 -0.4279502291 -0.6440042892 -0.2988420530 -0.5129220286 -0.2658146666 -0.6417930811 -0.0917106201 -0.2343327453 0.2913139623 -0.3601912963 -0.6873645358 -0.6653312844
