0.5438526571 0.2860509800 0.1021243186 0.4647492247 0.7228392790 0.5917088452 0.0616407072 0.4634867100 0.8754921706 0.6967045386 -0.6784420132 0.2748710302 0.4669920403 0.4641860286
0.5227409136 0.2682754461 0.0852764730 0.4429699054 0.7040269330 0.5705218428 0.0461077917 0.4416845600 0.8615382377 0.6774601856 -0.6608296807 0.2567651205 0.4453526450 0.4425445810
0.5013008266 0.2501901658 0.0681930563 0.4209537751 0.6847536060 0.5489868229 0.0303114299 0.4196461509 0.8469517468 0.6577850775 -0.6428808566 0.2383690391 0.4234775783 0.4206697163
0.4795468256 0.2318087075 0.0508861594 0.3987133407 0.6650347664 0.5271184908 0.0142639967 0.3973840042 0.8317491352 0.6376942114 -0.6246063702 0.2196960595 0.4013791505 0.3985736936
0.4574933397 0.2131446398 0.0333678729 0.3762611090 0.6448858826 0.5049315520 -0.0020221326 0.3749106415 0.8159468401 0.6172025844 -0.6060170505 0.2007594550 0.3790696715 0.3762687719
0.4351547981 0.1942115312 0.0156502877 0.3536095868 0.6243224233 0.4824407118 -0.0185345831 0.3522385842 0.7995612987 0.5963251938 -0.5871237269 0.1815724990 0.3565614516 0.3537672102
0.4125456302 0.1750229502 -0.0022545054 0.3307712809 0.6033598568 0.4596606756 -0.0352609796 0.3293803540 0.7826089483 0.5750770367 -0.5679372286 0.1621484651 0.3338668009 0.3310812676
0.3896802652 0.1555924655 -0.0203344156 0.3077586982 0.5820136516 0.4366061489 -0.0521889470 0.3063484722 0.7651062259 0.5534731102 -0.5484683847 0.1425006266 0.3109980295 0.3082232030
0.3665731323 0.1359336454 -0.0385773522 0.2845843455 0.5602992761 0.4132918369 -0.0693061102 0.2831554605 0.7470695689 0.5315284116 -0.5287280245 0.1226422569 0.2879674475 0.2852052756
0.3432386608 0.1160600586 -0.0569712245 0.2612607295 0.5382321990 0.3897324452 -0.0866000943 0.2598138404 0.7285154145 0.5092579380 -0.5087269772 0.1025866294 0.2647873651 0.2620397444
0.3196912800 0.0959852736 -0.0755039415 0.2378003572 0.5158278885 0.3659426791 -0.1040585239 0.2363361333 0.7094601999 0.4866766866 -0.4884760719 0.0823470177 0.2414700924 0.2387388684
0.2959454191 0.0757228589 -0.0941634125 0.2142157354 0.4931018132 0.3419372439 -0.1216690242 0.2127348609 0.6899203623 0.4637996545 -0.4679861380 0.0619366950 0.2180279396 0.2153149066
0.2720155073 0.0552863831 -0.1129375468 0.1905193708 0.4700694416 0.3177308451 -0.1394192199 0.1890225445 0.6699123389 0.4406418390 -0.4472680047 0.0413689349 0.1944732168 0.1917801180
0.2479159741 0.0346894146 -0.1318142535 0.1667237702 0.4467462421 0.2933381881 -0.1572967360 0.1652117059 0.6494525670 0.4172182371 -0.4263325010 0.0206570107 0.1708182341 0.1681467618
0.2236612485 0.0139455221 -0.1507814420 0.1428414406 0.4231476831 0.2687739783 -0.1752891974 0.1413148664 0.6285574837 0.3935438461 -0.4051904563 -0.0001858042 0.1470753016 0.1444270970
0.1992657598 -0.0069317261 -0.1698270213 0.1188848888 0.3992892333 0.2440529210 -0.1933842291 0.1173445476 0.6072435263 0.3696336631 -0.3838526998 -0.0211462362 0.1232567295 0.1206333825
0.1747439374 -0.0279287612 -0.1889389007 0.0948666214 0.3751863610 0.2191897216 -0.2115694558 0.0933132710 0.5855271320 0.3455026853 -0.3623300607 -0.0422110121 0.0993748279 0.0967778774
0.1501102105 -0.0490320149 -0.2081049895 0.0707991455 0.3508545347 0.1941990856 -0.2298325025 0.0692335582 0.5634247380 0.3211659098 -0.3406333681 -0.0633668583 0.0754419070 0.0728728408
0.1253790082 -0.0702279185 -0.2273131967 0.0466949677 0.3263092228 0.1690957182 -0.2481609942 0.0451179306 0.5409527815 0.2966383339 -0.3187734514 -0.0846005015 0.0514702768 0.0489305316
0.1005647600 -0.0915029035 -0.2465514318 0.0225665950 0.3015658939 0.1438943250 -0.2665425557 0.0209789098 0.5181276998 0.2719349547 -0.2967611397 -0.1058986682 0.0274722476 0.0249632090
