-0.6833123816 -0.8554635414 -0.9036364852 -0.5155726642 -0.5571452519 -0.7702800624 -0.9936486280 -0.5236724550 -0.3517988858 -0.9886480503 0.0569382635 -0.8518598776 -0.4762921851 -0.4654529526
-0.6909282428 -0.8608788739 -0.9090855429 -0.5240799637 -0.5608357733 -0.7763822226 -0.9948109872 -0.5321819342 -0.3528612116 -0.9875449210 0.0603533235 -0.8576724354 -0.4853160472 -0.4744447530
-0.6984748708 -0.8662040920 -0.9143923144 -0.5325404957 -0.5645045870 -0.7824169783 -0.9958575277 -0.5406433195 -0.3539245498 -0.9863967620 0.0637812167 -0.8633845082 -0.4942937436 -0.4833923585
-0.7059513417 -0.8714383877 -0.9195552731 -0.5409534251 -0.5681519018 -0.7883836958 -0.9967877464 -0.5490557619 -0.3549896582 -0.9852043878 0.0672223543 -0.8689950830 -0.5032243453 -0.4922948664
-0.7133567316 -0.8765809528 -0.9245728927 -0.5493179169 -0.5717779264 -0.7942817416 -0.9976011401 -0.5574184126 -0.3560572943 -0.9839686128 0.0706771475 -0.8745031466 -0.5121069233 -0.5011513738
-0.7206901167 -0.8816309790 -0.9294436466 -0.5576331362 -0.5753828698 -0.8001104821 -0.9982972055 -0.5657304225 -0.3571282160 -0.9826902517 0.0741460073 -0.8799076863 -0.5209405488 -0.5099609782
-0.7279505731 -0.8865876583 -0.9341660086 -0.5658982478 -0.5789669406 -0.8058692835 -0.9988754397 -0.5739909428 -0.3582031808 -0.9813701190 0.0776293449 -0.8852076889 -0.5297242928 -0.5187227767
-0.7351371771 -0.8914501825 -0.9387384521 -0.5741124168 -0.5825303477 -0.8115575123 -0.9993353394 -0.5821991245 -0.3592829466 -0.9800090292 0.0811275714 -0.8904021414 -0.5384572262 -0.5274358667
-0.7422490048 -0.8962177434 -0.9431594507 -0.5822748081 -0.5860732998 -0.8171745349 -0.9996764014 -0.5903541187 -0.3603682709 -0.9786077968 0.0846410980 -0.8954900309 -0.5471384203 -0.5360993453
-0.7492851323 -0.9008895327 -0.9474274779 -0.5903845869 -0.5895960058 -0.8227197176 -0.9998981227 -0.5984550765 -0.3614599115 -0.9771672365 0.0881703358 -0.9004703444 -0.5557669460 -0.5447123099
-0.7562446357 -0.9054647424 -0.9515410074 -0.5984409180 -0.5930986744 -0.8281924268 -1.0000000000 -0.6065011489 -0.3625586261 -0.9756881626 0.0917156959 -0.9053420688 -0.5643418743 -0.5532738577
-0.7631265914 -0.9099425643 -0.9554985127 -0.6064429664 -0.5965815145 -0.8335920289 -0.9999815302 -0.6144914869 -0.3636651723 -0.9741713898 0.0952775894 -0.9101041912 -0.5728622764 -0.5617830860
-0.7699300753 -0.9143221902 -0.9592984674 -0.6143898971 -0.6000447347 -0.8389178902 -0.9998422102 -0.6224252418 -0.3647803078 -0.9726177326 0.0988564276 -0.9147556986 -0.5813272233 -0.5702390920
-0.7766541638 -0.9186028119 -0.9629393449 -0.6222808752 -0.6034885440 -0.8441693771 -0.9995815368 -0.6303015644 -0.3659047904 -0.9710280055 0.1024526215 -0.9192955779 -0.5897357861 -0.5786409731
-0.7832979328 -0.9227836213 -0.9664196190 -0.6301150655 -0.6069131510 -0.8493458560 -0.9991990069 -0.6381196060 -0.3670393777 -0.9694030230 0.1060665823 -0.9237228162 -0.5980870357 -0.5869878265
-0.7898604587 -0.9268638101 -0.9697377631 -0.6378916332 -0.6103187646 -0.8544466933 -0.9986941172 -0.6458785175 -0.3681848274 -0.9677435998 0.1096987211 -0.9280364005 -0.6063800432 -0.5952787494
-0.7963408175 -0.9308425703 -0.9728922509 -0.6456097432 -0.6137055936 -0.8594712554 -0.9980663647 -0.6535774500 -0.3693418973 -0.9660505503 0.1133494491 -0.9322353178 -0.6146138798 -0.6035128391
-0.8027380854 -0.9347190936 -0.9758815558 -0.6532685604 -0.6170738468 -0.8644189086 -0.9973152462 -0.6612155546 -0.3705113449 -0.9643246890 0.1170191773 -0.9363185551 -0.6227876164 -0.6116891930
-0.8090513386 -0.9384925719 -0.9787041515 -0.6608672499 -0.6204237329 -0.8692890192 -0.9964402585 -0.6687919824 -0.3716939280 -0.9625668306 0.1207083169 -0.9402850993 -0.6309003241 -0.6198069082
-0.8152796532 -0.9421621970 -0.9813585114 -0.6684049766 -0.6237554608 -0.8740809538 -0.9954408985 -0.6763058844 -0.3728904043 -0.9607777895 0.1244172790 -0.9441339376 -0.6389510739 -0.6278650820
