0.9969239277 0.9337059791 0.6814015672 0.8030682409 0.9931010882 0.9914845874 0.9372029170 0.8000274080 0.9898612852 0.9648663869 -0.9631832623 0.9551234794 0.8049092678 0.8025247845
0.9947025175 0.9312657642 0.6774338520 0.7975638477 0.9897244934 0.9878659025 0.9346500687 0.7945157583 0.9857375989 0.9572526801 -0.9553347237 0.9523430378 0.7994385571 0.7966749675
0.9919183583 0.9282961334 0.6730245163 0.7915598620 0.9857272887 0.9836597306 0.9315656674 0.7885056510 0.9809609308 0.9489843630 -0.9468213818 0.9490224958 0.7934677683 0.7903233940
0.9885926165 0.9248186929 0.6681957797 0.7850806763 0.9811295428 0.9788879490 0.9279714560 0.7820214738 0.9755508521 0.9400852677 -0.9376668970 0.9451839177 0.7870212648 0.7834948293
0.9847464586 0.9208550488 0.6629698617 0.7781506829 0.9759513242 0.9735724352 0.9238891775 0.7750876143 0.9695269339 0.9305792262 -0.9278949297 0.9408493677 0.7801234102 0.7762140387
0.9804010511 0.9164268070 0.6573689817 0.7707942743 0.9702127014 0.9677350665 0.9193405746 0.7677284603 0.9629087473 0.9204900706 -0.9175291402 0.9360409103 0.7727985678 0.7685057874
0.9755775603 0.9115555738 0.6514153593 0.7630358429 0.9639337428 0.9613977201 0.9143473904 0.7599683994 0.9557158635 0.9098416329 -0.9065931890 0.9307806097 0.7650711013 0.7603948408
0.9702971527 0.9062629552 0.6451312140 0.7548997811 0.9571345169 0.9545822735 0.9089313677 0.7518318194 0.9479678535 0.8986577451 -0.8951107364 0.9250905302 0.7569653740 0.7519059641
0.9645809948 0.9005705572 0.6385387654 0.7464104813 0.9498350924 0.9473106041 0.9031142494 0.7433431080 0.9396842885 0.8869622394 -0.8831054428 0.9189927361 0.7485057493 0.7430639226
0.9584502529 0.8944999861 0.6316602328 0.7375923360 0.9420555377 0.9396045891 0.8969177784 0.7345266528 0.9308847397 0.8747789477 -0.8706009685 0.9125092918 0.7397165909 0.7338934817
0.9519260936 0.8880728478 0.6245178359 0.7284697376 0.9338159212 0.9314861059 0.8903636975 0.7254068416 0.9215887782 0.8621317021 -0.8576209740 0.9056622616 0.7306222621 0.7244194065
0.9450296832 0.8813107486 0.6171337941 0.7190670784 0.9251363116 0.9229770318 0.8834737499 0.7160080621 0.9118159751 0.8490443348 -0.8441891196 0.8984737097 0.7212471264 0.7146664624
0.9377821882 0.8742352944 0.6095303270 0.7094087510 0.9160367772 0.9140992443 0.8762696781 0.7063547019 0.9015859016 0.8355406774 -0.8303290658 0.8909657005 0.7116155473 0.7046594147
0.9302047751 0.8668680913 0.6017296540 0.6995191477 0.9065373867 0.9048746206 0.8687732253 0.6964711487 0.8909181287 0.8216445623 -0.8160644728 0.8831602983 0.7017518882 0.6944230286
0.9223186102 0.8592307455 0.5937539947 0.6894226609 0.8966582085 0.8953250381 0.8610061343 0.6863817904 0.8798322277 0.8073798215 -0.8014190011 0.8750795674 0.6916805126 0.6839820695
0.9141448601 0.8513448631 0.5856255686 0.6791436831 0.8864193111 0.8854723742 0.8529901480 0.6761110144 0.8683477696 0.7927702870 -0.7864163110 0.8667455721 0.6814257840 0.6733613026
0.9057046911 0.8432320500 0.5773665952 0.6687066066 0.8758407630 0.8753385062 0.8447470093 0.6656832086 0.8564843256 0.7778397909 -0.7710800630 0.8581803768 0.6710120659 0.6625854932
0.8970192697 0.8349139126 0.5689992940 0.6581358240 0.8649426328 0.8649453115 0.8362984611 0.6551227607 0.8442614669 0.7626121651 -0.7554339173 0.8494060457 0.6604637217 0.6516794067
0.8881097624 0.8264120567 0.5605458845 0.6474557276 0.8537449890 0.8543146673 0.8276662462 0.6444540583 0.8316987645 0.7471112418 -0.7395015344 0.8404446431 0.6498051149 0.6406678082
0.8789973355 0.8177480885 0.5520285862 0.6366907098 0.8422679000 0.8434684511 0.8188721077 0.6337014892 0.8188157895 0.7313608530 -0.7233065747 0.8313182333 0.6390606089 0.6295754631
