0.0039057419 -0.0856308276 -0.0112974211 -0.0108011547 -0.4365032726 -0.1239938850 -0.2553691472 -0.0123735342 -0.7680715963 -0.6638305789 0.7450222357 -0.1006792143 -0.0240890185 -0.0274229433
-0.0014663108 -0.0866648055 -0.0108377134 -0.0176028944 -0.4380345603 -0.1290306866 -0.2528036919 -0.0191361353 -0.7661445345 -0.6662300439 0.7504483671 -0.1016003697 -0.0321128406 -0.0354337778
-0.0064057560 -0.0872171938 -0.0099642709 -0.0240128512 -0.4389132718 -0.1335718007 -0.2497614184 -0.0255050091 -0.7634928168 -0.6678537130 0.7551564912 -0.1020356585 -0.0397796424 -0.0430857463
-0.0109025087 -0.0872780680 -0.0086685951 -0.0300213814 -0.4391267864 -0.1376062551 -0.2462334623 -0.0314704874 -0.7601036932 -0.6686868822 0.7591323932 -0.1019751234 -0.0470801556 -0.0503695546
-0.0149464837 -0.0868375037 -0.0069421876 -0.0356188410 -0.4386624831 -0.1411230779 -0.2422109594 -0.0370229021 -0.7559644137 -0.6687148474 0.7623618580 -0.1014088066 -0.0540051121 -0.0572759088
-0.0185275961 -0.0858855763 -0.0047765501 -0.0407955862 -0.4375077412 -0.1441112968 -0.2376850453 -0.0421525850 -0.7510622283 -0.6679229048 0.7648306706 -0.1003267507 -0.0605452435 -0.0637955148
-0.0216357607 -0.0844123613 -0.0021631841 -0.0455419730 -0.4356499398 -0.1465599398 -0.2326468555 -0.0468498680 -0.7453843871 -0.6662963503 0.7665246158 -0.0987189981 -0.0666912816 -0.0699190786
-0.0242608926 -0.0824079342 0.0009064088 -0.0498483576 -0.4330764579 -0.1484580346 -0.2270875258 -0.0511050830 -0.7389181401 -0.6638204799 0.7674294787 -0.0965755912 -0.0724339582 -0.0756373061
-0.0263929066 -0.0798623705 0.0044407269 -0.0537050961 -0.4297746748 -0.1497946092 -0.2209981917 -0.0549085618 -0.7316507374 -0.6604805897 0.7675310443 -0.0938865726 -0.0777640050 -0.0809409034
-0.0280217177 -0.0767657457 0.0084482687 -0.0571025447 -0.4257319696 -0.1505586915 -0.2143699890 -0.0582506362 -0.7235694289 -0.6562619755 0.7668150975 -0.0906419847 -0.0826721539 -0.0858205762
-0.0291372408 -0.0731081353 0.0129375325 -0.0600310594 -0.4209357214 -0.1507393094 -0.2071940533 -0.0611216383 -0.7146614648 -0.6511499335 0.7652674232 -0.0868318700 -0.0871491365 -0.0902670307
-0.0297293909 -0.0688796147 0.0179170167 -0.0624809963 -0.4153733094 -0.1503254906 -0.1994615202 -0.0635118997 -0.7049140950 -0.6451297596 0.7628738065 -0.0824462708 -0.0911856846 -0.0942709728
-0.0297880830 -0.0640702596 0.0233952198 -0.0644427117 -0.4090321127 -0.1493062631 -0.1911635253 -0.0654117524 -0.6943145696 -0.6381867499 0.7596200323 -0.0774752297 -0.0947725300 -0.0978231084
-0.0293032319 -0.0586701453 0.0293806400 -0.0659065615 -0.4018995104 -0.1476706548 -0.1822912043 -0.0668115283 -0.6828501386 -0.6303062002 0.7554918856 -0.0719087891 -0.0979004044 -0.1009141435
-0.0282647526 -0.0526693474 0.0358817759 -0.0668629020 -0.3939628818 -0.1454076935 -0.1728356929 -0.0677015592 -0.6705080521 -0.6214734067 0.7504751512 -0.0657369915 -0.1005600397 -0.1035347840
-0.0266625600 -0.0460579413 0.0429071258 -0.0673020892 -0.3852096058 -0.1425064071 -0.1627881266 -0.0680721769 -0.6572755601 -0.6116736654 0.7445556143 -0.0589498793 -0.1027421675 -0.1056757360
-0.0244865692 -0.0388260026 0.0504651881 -0.0672144793 -0.3756270617 -0.1389558235 -0.1521396412 -0.0679137133 -0.6431399126 -0.6008922722 0.7377190598 -0.0515374949 -0.1044375197 -0.1073277053
-0.0217266950 -0.0309636067 0.0585644612 -0.0665904284 -0.3652026286 -0.1347449705 -0.1408813722 -0.0672165003 -0.6280883596 -0.5891145231 0.7299512726 -0.0434898809 -0.1056368279 -0.1084813980
-0.0183728523 -0.0224608292 0.0672134435 -0.0654202926 -0.3539236857 -0.1298628761 -0.1290044554 -0.0659708698 -0.6121081513 -0.5763257142 0.7212380377 -0.0347970797 -0.1063308240 -0.1091275199
-0.0144149562 -0.0133077455 0.0764206333 -0.0636944280 -0.3417776120 -0.1242985681 -0.1165000263 -0.0641671536 -0.5951865376 -0.5625111415 0.7115651400 -0.0254491338 -0.1065102397 -0.1092567771
