0.0163020605 0.0204944795 -0.0436858970 0.1466892597 0.4080317679 0.1985755941 -0.0466218699 0.1463438286 0.9995669330 0.9097464727 -0.6092570876 0.0081771216 0.1831263345 0.1782296900
0.0080677103 0.0151793879 -0.0477717023 0.1366209098 0.4006259687 0.1889962113 -0.0480519060 0.1362962146 0.9998958215 0.9015123637 -0.5943008269 0.0030810462 0.1720676325 0.1671019837
0.0000574002 0.0100592891 -0.0516581750 0.1267614218 0.3933378266 0.1796079630 -0.0493073387 0.1264573504 1.0000000000 0.8929069410 -0.5791847028 -0.0018190415 0.1612181328 0.1561853721
-0.0077169331 0.0051442821 -0.0553358015 0.1171235071 0.3861776417 0.1704231067 -0.0503803071 0.1168399356 0.9998803502 0.8839287475 -0.5639159204 -0.0065131440 0.1505910624 0.1454931389
-0.0152433530 0.0004444661 -0.0587950684 0.1077198771 0.3791557143 0.1614538999 -0.0512629500 0.1074566694 0.9995377539 0.8745763260 -0.5485016849 -0.0109912642 0.1401996478 0.1350385681
-0.0225099227 -0.0040300600 -0.0620264620 0.0985632433 0.3722823444 0.1527126001 -0.0519474065 0.0983202515 0.9989730928 0.8648482193 -0.5329492012 -0.0152434048 0.1300571160 0.1248349436
-0.0295047055 -0.0082691969 -0.0650204689 0.0896663171 0.3655678322 0.1442114647 -0.0524258155 0.0894433811 0.9981872485 0.8547429700 -0.5172656745 -0.0192595685 0.1201766936 0.1148955493
-0.0362157647 -0.0122628456 -0.0677675755 0.0810418099 0.3590224778 0.1359627514 -0.0526903160 0.0808387579 0.9971811029 0.8442591211 -0.5014583098 -0.0230297581 0.1105716073 0.1052336690
-0.0426311634 -0.0160009071 -0.0702582683 0.0727024331 0.3526565814 0.1279787174 -0.0527330471 0.0725190811 0.9959555377 0.8333952154 -0.4855343123 -0.0265439762 0.1012550841 0.0958625866
-0.0487389651 -0.0194732823 -0.0724830337 0.0646608982 0.3464804431 0.1202716205 -0.0525461477 0.0644970503 0.9945114345 0.8221497955 -0.4695008869 -0.0297922256 0.0922403505 0.0867955860
-0.0545272330 -0.0226698721 -0.0744323582 0.0569299166 0.3405043630 0.1128537180 -0.0521217567 0.0567853649 0.9928496751 0.8105214044 -0.4533652388 -0.0327645091 0.0835406334 0.0780459512
-0.0599840303 -0.0255805774 -0.0760967283 0.0495221997 0.3347386413 0.1057372674 -0.0514520131 0.0493967243 0.9909711412 0.7985085848 -0.4371345730 -0.0354508292 0.0751691595 0.0696269660
-0.0650974203 -0.0281952991 -0.0774666304 0.0424504590 0.3291935782 0.0989345263 -0.0505290560 0.0423438280 0.9888767145 0.7861098794 -0.4208160946 -0.0378411889 0.0671391555 0.0615519142
-0.0698554664 -0.0305039381 -0.0785325510 0.0357274058 0.3238794736 0.0924577520 -0.0493450242 0.0356393754 0.9865672768 0.7733238312 -0.4044170087 -0.0399255907 0.0594638483 0.0538340799
-0.0742462317 -0.0324963955 -0.0792849767 0.0293657517 0.3188066279 0.0863192022 -0.0478920568 0.0292960661 0.9840437098 0.7601489828 -0.3879445204 -0.0416940374 0.0521564645 0.0464867468
-0.0782577796 -0.0341625721 -0.0797143937 0.0233782079 0.3139853412 0.0805311343 -0.0461622928 0.0233265993 0.9813068952 0.7465838771 -0.3714058347 -0.0431365318 0.0452302310 0.0395231989
-0.0818781733 -0.0354923688 -0.0798112887 0.0177774860 0.3094259135 0.0751058058 -0.0441478711 0.0177436746 0.9783577148 0.7326270568 -0.3548081567 -0.0442430766 0.0386983745 0.0329567200
-0.0850954761 -0.0364756865 -0.0795661480 0.0125762974 0.3051386450 0.0700554742 -0.0418409307 0.0125599915 0.9751970502 0.7182770648 -0.3381586914 -0.0450036744 0.0325741216 0.0268005940
-0.0878977513 -0.0371024262 -0.0789694582 0.0077873535 0.3011338359 0.0653923970 -0.0392336106 0.0077882492 0.9718257831 0.7035324439 -0.3214646440 -0.0454083281 0.0268706993 0.0210681049
-0.0902730621 -0.0373624888 -0.0780117057 0.0034233658 0.2974217863 0.0611288317 -0.0363180498 0.0034411474 0.9682447954 0.6883917367 -0.3047332195 -0.0454470403 0.0216013342 0.0157725365
