0.7854325807 0.7529973407 0.6750695816 0.9086408861 0.7293540482 0.8146420406 0.7048413772 0.9076969279 0.6286373086 0.8736556895 -0.9751821844 0.7671778798 0.9200083396 0.9475341699
0.7932270943 0.7610712269 0.6805923467 0.9112833543 0.7429811228 0.8223262579 0.7144872537 0.9103255343 0.6490484898 0.8813453594 -0.9789735293 0.7747992223 0.9221859934 0.9496140792
0.8008735643 0.7690069754 0.6860126120 0.9137864533 0.7563314168 0.8298477191 0.7239903043 0.9128150417 0.6690446902 0.8888082225 -0.9824559274 0.7822834412 0.9242240263 0.9515488741
0.8083722086 0.7768047884 0.6913324451 0.9161537225 0.7693985496 0.8372064302 0.7333496146 0.9151689994 0.6886105944 0.8960428172 -0.9856280704 0.7896310523 0.9261262505 0.9533423906
0.8157232450 0.7844648677 0.6965539134 0.9183887014 0.7821761408 0.8444023972 0.7425642705 0.9173909566 0.7077308870 0.9030476817 -0.9884886499 0.7968425711 0.9278964785 0.9549984645
0.8229268913 0.7919874154 0.7016790844 0.9204949292 0.7946578099 0.8514356262 0.7516333576 0.9194844626 0.7263902524 0.9098213543 -0.9910363576 0.8039185136 0.9295385223 0.9565209318
0.8299833652 0.7993726335 0.7067100257 0.9224759456 0.8068371763 0.8583061233 0.7605559617 0.9214530667 0.7445733752 0.9163623734 -0.9932698852 0.8108593953 0.9310561944 0.9579136284
0.8368928846 0.8066207241 0.7116488047 0.9243352897 0.8187078594 0.8650138944 0.7693311684 0.9233003181 0.7622649399 0.9226692773 -0.9951879242 0.8176657320 0.9324533068 0.9591803901
0.8436556672 0.8137318890 0.7164974890 0.9260765011 0.8302634788 0.8715589456 0.7779580636 0.9250297661 0.7794496312 0.9287406042 -0.9967891664 0.8243380395 0.9337336721 0.9603250530
0.8502719308 0.8207063304 0.7212581459 0.9277031192 0.8414976540 0.8779412830 0.7864357329 0.9266449599 0.7961121335 0.9345748924 -0.9980723035 0.8308768334 0.9349011022 0.9613514529
0.8567418933 0.8275442502 0.7259328431 0.9292186833 0.8524040043 0.8841609126 0.7947632621 0.9281494489 0.8122371314 0.9401706804 -0.9990360270 0.8372826296 0.9359594096 0.9622634258
0.8630657723 0.8342458505 0.7305236481 0.9306267329 0.8629761493 0.8902178403 0.8029397368 0.9295467822 0.8278093095 0.9455265064 -0.9996790286 0.8435559436 0.9369124066 0.9630648075
0.8692437858 0.8408113332 0.7350326282 0.9319308073 0.8732077084 0.8961120724 0.8109642428 0.9308405093 0.8428133523 0.9506409086 -1.0000000000 0.8496972913 0.9377639052 0.9637594340
0.8752761515 0.8472409004 0.7394618511 0.9331344461 0.8830923012 0.9018436147 0.8188358659 0.9320341792 0.8572339443 0.9555124255 -0.9999976328 0.8557071884 0.9385177179 0.9643511411
0.8811630872 0.8535347541 0.7438133842 0.9342411885 0.8926235470 0.9074124733 0.8265536916 0.9331313413 0.8710557702 0.9601395953 -0.9996706188 0.8615861505 0.9391776569 0.9648437649
0.8869048107 0.8596930962 0.7480892950 0.9352545740 0.9017950655 0.9128186544 0.8341168059 0.9341355449 0.8842635143 0.9645209563 -0.9990176495 0.8673346935 0.9397475345 0.9652411412
0.8925015398 0.8657161289 0.7522916511 0.9361781421 0.9106004759 0.9180621638 0.8415242943 0.9350503392 0.8968418614 0.9686550469 -0.9980374166 0.8729533330 0.9402311628 0.9655471059
0.8979534922 0.8716040540 0.7564225198 0.9370154320 0.9190333979 0.9231430077 0.8487752427 0.9358792734 0.9087754959 0.9725404053 -0.9967286117 0.8784425847 0.9406323542 0.9657654949
0.9032608858 0.8773570736 0.7604839688 0.9377699833 0.9270874508 0.9280611921 0.8558687366 0.9366258970 0.9200491024 0.9761755699 -0.9950899266 0.8838029645 0.9409549210 0.9659001442
0.9084239384 0.8829753898 0.7644780655 0.9384453352 0.9347562542 0.9328167230 0.8628038620 0.9372937590 0.9306473655 0.9795590789 -0.9931200528 0.8890349879 0.9412026753 0.9659548897
