0.0051489141 -0.0344312602 -0.1660940045 -0.0443865394 -0.1134706985 0.0085935678 -0.1564404356 -0.0388883714 0.4850599801 -0.1553294768 0.0445050876 -0.0483777862 -0.0330598510 -0.0505637904
0.0244613828 -0.0156470817 -0.1489534829 -0.0253589792 -0.0978477407 0.0280116571 -0.1394926714 -0.0198120091 0.4847226417 -0.1447146139 0.0401805108 -0.0298149452 -0.0138342038 -0.0315476067
0.0437657459 0.0031420113 -0.1317730493 -0.0063232563 -0.0823243356 0.0474052875 -0.1225084852 -0.0007292354 0.4842564675 -0.1342027915 0.0359389693 -0.0112429548 0.0053959908 -0.0125212581
0.0630555988 0.0219301225 -0.1145573327 0.0127144961 -0.0669082661 0.0667673768 -0.1054923336 0.0183537719 0.4836581710 -0.1238006557 0.0317849316 0.0073324877 0.0246244116 0.0065091293
0.0823245371 0.0407113553 -0.0973109622 0.0317481446 -0.0516073155 0.0860908429 -0.0884486731 0.0374308353 0.4829244656 -0.1135148522 0.0277228666 0.0259056850 0.0438447372 0.0255374292
0.1015661562 0.0594798132 -0.0800385667 0.0507715560 -0.0364292667 0.1053686036 -0.0713819602 0.0564957773 0.4820520647 -0.1033520269 0.0237572429 0.0444709399 0.0630506463 0.0445575157
0.1207740515 0.0782295999 -0.0627447754 0.0697785969 -0.0213819029 0.1245935768 -0.0542966516 0.0755424204 0.4810376817 -0.0933188257 0.0198925291 0.0630225549 0.0822358175 0.0635632625
0.1399418186 0.0969548186 -0.0454342172 0.0887631340 -0.0064730071 0.1437586803 -0.0371972038 0.0945645868 0.4798780302 -0.0834218945 0.0161331939 0.0815548329 0.1013939295 0.0825485435
0.1590630528 0.1156495731 -0.0281115211 0.1077190341 0.0082896375 0.1628568321 -0.0200880733 0.1135560992 0.4785698235 -0.0736678790 0.0124837061 0.1000620765 0.1205186609 0.1015072327
0.1781313496 0.1343079668 -0.0107813162 0.1266401639 0.0228982479 0.1818809498 -0.0029737167 0.1325107799 0.4771097750 -0.0640634253 0.0089485343 0.1185385885 0.1396036904 0.1204332038
0.1971403046 0.1529241033 0.0065517685 0.1455203900 0.0373450410 0.2008239515 0.0141414096 0.1514224514 0.4754945982 -0.0546151791 0.0055321472 0.1369786714 0.1586426966 0.1393203307
0.2160835131 0.1714920859 0.0238831040 0.1643535792 0.0516222336 0.2196787549 0.0312528489 0.1702849360 0.4737210065 -0.0453297863 0.0022390135 0.1553766281 0.1776293582 0.1581624874
0.2349545707 0.1900060183 0.0412080613 0.1831335981 0.0657220427 0.2384382779 0.0483561446 0.1890920564 0.4717857133 -0.0362138928 -0.0009263982 0.1737267613 0.1965573538 0.1769535477
0.2537470727 0.2084600040 0.0585220112 0.2018543134 0.0796366852 0.2570954383 0.0654468404 0.2078376348 0.4696854322 -0.0272741445 -0.0039596191 0.1920233735 0.2154203621 0.1956873854
0.2724546147 0.2268481464 0.0758203250 0.2205095919 0.0933583781 0.2756431539 0.0825204795 0.2265154937 0.4674168764 -0.0185171872 -0.0068561806 0.2102607676 0.2342120617 0.2143578744
0.2910707920 0.2451645492 0.0930983734 0.2390933003 0.1068793381 0.2940743427 0.0995726054 0.2451194556 0.4649767594 -0.0099496667 -0.0096116140 0.2284332463 0.2529261313 0.2329588887
0.3095892003 0.2634033157 0.1103515275 0.2575993052 0.1201917823 0.3123819225 0.1165987617 0.2636433430 0.4623617947 -0.0015782291 -0.0122214506 0.2465351121 0.2715562495 0.2514843020
0.3280034348 0.2815585496 0.1275751582 0.2760214734 0.1332879275 0.3305588111 0.1335944917 0.2820809781 0.4595686957 0.0065904800 -0.0146812218 0.2645606679 0.2900960950 0.2699279883
0.3463070911 0.2996243543 0.1447646365 0.2943536715 0.1461599907 0.3485979264 0.1505553390 0.3004261836 0.4565941758 0.0145498145 -0.0169864587 0.2825042164 0.3085393464 0.2882838213
0.3644937647 0.3175948333 0.1619153335 0.3125897662 0.1588001887 0.3664921862 0.1674768469 0.3186727818 0.4534349484 0.0222931287 -0.0191326929 0.3003600602 0.3268796824 0.3065456751
