-0.8863517219 -0.9822088345 -0.9241156200 -0.5017998948 -0.7510535009 -0.9957164424 -0.9166833702 -0.5047976934 -0.5541562106 -0.8568676682 0.9404014012 -0.9803086195 -0.4037870153 -0.4112189080
-0.8976127428 -0.9857162114 -0.9321238705 -0.5348019729 -0.7354407653 -0.9971198096 -0.9105723539 -0.5376285846 -0.5281283019 -0.8482458907 0.9337319001 -0.9840023183 -0.4417448457 -0.4489921446
-0.9082478501 -0.9888293332 -0.9396616987 -0.5665401321 -0.7199454073 -0.9982444927 -0.9043924408 -0.5692013059 -0.5025381094 -0.8397259292 0.9267514733 -0.9873027302 -0.4782983796 -0.4853573756
-0.9182634922 -0.9915520237 -0.9467334079 -0.5970282914 -0.7045664414 -0.9990926726 -0.8981437502 -0.5995297014 -0.4773813694 -0.8313054488 0.9194647278 -0.9902136245 -0.5134632095 -0.5203303068
-0.9276661180 -0.9938881071 -0.9533433012 -0.6262803695 -0.6893028821 -0.9996665300 -0.8918264010 -0.6286276148 -0.4526538183 -0.8229821144 0.9118762707 -0.9927387704 -0.5472549280 -0.5539266442
-0.9364621761 -0.9958414072 -0.9594956819 -0.6543102854 -0.6741537439 -0.9999682455 -0.8854405124 -0.6565088903 -0.4283511927 -0.8147535912 0.9039907092 -0.9948819369 -0.5796891277 -0.5861620936
-0.9446581150 -0.9974157482 -0.9651948532 -0.6811319576 -0.6591180413 -1.0000000000 -0.8789862036 -0.6831873718 -0.4044692290 -0.8066175443 0.8958126503 -0.9966468932 -0.6107814012 -0.6170523608
-0.9522603836 -0.9986149539 -0.9704451184 -0.7067593052 -0.6441947888 -0.9997639741 -0.8724635936 -0.7086769032 -0.3810036636 -0.7985716386 0.8873467011 -0.9980374085 -0.6405473411 -0.6466131518
-0.9592754303 -0.9994428485 -0.9752507807 -0.7312062469 -0.6293830009 -0.9992623487 -0.8658728016 -0.7329913285 -0.3579502328 -0.7906135393 0.8785974687 -0.9990572520 -0.6690025400 -0.6748601725
-0.9657097039 -0.9999032559 -0.9796161434 -0.7544867015 -0.6146816920 -0.9984973043 -0.8592139468 -0.7561444916 -0.3353046732 -0.7827409115 0.8695695602 -0.9997101927 -0.6961625905 -0.7018091286
-0.9715696530 -1.0000000000 -0.9835455096 -0.7766145879 -0.6000898767 -0.9974710218 -0.8524871481 -0.7781502366 -0.3130627212 -0.7749514201 0.8602675827 -1.0000000000 -0.7220430851 -0.7274757261
-0.9768617263 -0.9997369049 -0.9870431826 -0.7976038248 -0.5856065695 -0.9961856820 -0.8456925249 -0.7990224073 -0.2912201133 -0.7672427303 0.8506961433 -0.9999304429 -0.7466596164 -0.7518756708
-0.9815923724 -0.9991177947 -0.9901134657 -0.8174683311 -0.5712307847 -0.9946434654 -0.8388301961 -0.8187748478 -0.2697725858 -0.7596125072 0.8408598491 -0.9995052906 -0.7700277771 -0.7750246687
-0.9857680399 -0.9981464932 -0.9927606621 -0.8362220255 -0.5569615370 -0.9928465529 -0.8319002809 -0.8374214020 -0.2487158751 -0.7520584157 0.8307633072 -0.9987283122 -0.7921631596 -0.7969384256
-0.9893951776 -0.9968268244 -0.9949890749 -0.8538788270 -0.5427978408 -0.9907971253 -0.8249028985 -0.8549759138 -0.2280457178 -0.7445781210 0.8204111247 -0.9976032769 -0.8130813567 -0.8176326473
-0.9924802339 -0.9951626125 -0.9968030075 -0.8704526543 -0.5287387106 -0.9884973632 -0.8178381679 -0.8714522272 -0.2077578503 -0.7371692882 0.8098079087 -0.9961339539 -0.8327979609 -0.8371230398
-0.9950296578 -0.9931576814 -0.9982067631 -0.8859574262 -0.5147831608 -0.9859494473 -0.8107062082 -0.8868641862 -0.1878480090 -0.7298295822 0.7989582663 -0.9943241123 -0.8513285648 -0.8554253090
-0.9970498976 -0.9908158550 -0.9992046449 -0.9004070616 -0.5009302061 -0.9831555585 -0.8035071387 -0.9012256348 -0.1683119302 -0.7225566682 0.7878668045 -0.9921775213 -0.8686887609 -0.8725551606
-0.9985474022 -0.9881409574 -0.9998009561 -0.9138154792 -0.4871788608 -0.9801178774 -0.7962410784 -0.9145504168 -0.1491453506 -0.7153482113 0.7765381305 -0.9896979501 -0.8848941419 -0.8885283006
-0.9995286201 -0.9851368125 -1.0000000000 -0.9261965979 -0.4735281394 -0.9768385848 -0.7889081464 -0.9268523763 -0.1303440064 -0.7082018765 0.7649768514 -0.9868891678 -0.8999603004 -0.9033604348
