-0.7234286819 -0.5039031022 -0.4446198342 -0.8725799516 -0.1661630530 -0.5282494630 -0.2182938101 -0.8706635579 0.0245921484 -0.0395855350 0.2015980597 -0.5168809593 -0.8998945589 -0.9005985668
-0.7251828627 -0.5058966300 -0.4423695479 -0.8697231793 -0.1743707516 -0.5313004007 -0.2217343661 -0.8678307581 0.0143085066 -0.0445653165 0.2095928077 -0.5188851878 -0.8965614621 -0.8972768083
-0.7270960845 -0.5081616475 -0.4402963080 -0.8668703067 -0.1829766198 -0.5346295231 -0.2255496234 -0.8650039929 0.0035399501 -0.0499951394 0.2179632691 -0.5211578897 -0.8931918042 -0.8939183697
-0.7291711790 -0.5107023398 -0.4384035141 -0.8640227257 -0.1919856120 -0.5382409919 -0.2297448189 -0.8621846786 -0.0077192829 -0.0558809663 0.2267141431 -0.5237032158 -0.8897865088 -0.8905241721
-0.7314109779 -0.5135228926 -0.4366945661 -0.8611818280 -0.2014026826 -0.5421389689 -0.2343251895 -0.8593742317 -0.0194749545 -0.0622287600 0.2358501290 -0.5265253169 -0.8863464995 -0.8870951364
-0.7338183130 -0.5166274911 -0.4351728636 -0.8583490053 -0.2112327860 -0.5463276159 -0.2392959718 -0.8565740685 -0.0317328268 -0.0690444832 0.2453759260 -0.5296283438 -0.8828726998 -0.8836321837
-0.7363960161 -0.5200203208 -0.4338418063 -0.8555256495 -0.2214808765 -0.5508110945 -0.2446624028 -0.8537856052 -0.0444986616 -0.0763340985 0.2552962333 -0.5330164474 -0.8793660333 -0.8801362350
-0.7391469188 -0.5237055670 -0.4327047940 -0.8527131522 -0.2321519086 -0.5555935668 -0.2504297193 -0.8510102583 -0.0577782211 -0.0841035687 0.2656157501 -0.5366937784 -0.8758274235 -0.8766082113
-0.7420738531 -0.5276874152 -0.4317652263 -0.8499129052 -0.2432508366 -0.5606791942 -0.2566031580 -0.8482494441 -0.0715772672 -0.0923588564 0.2763391757 -0.5406644878 -0.8722577941 -0.8730490335
-0.7451796506 -0.5319700507 -0.4310265030 -0.8471263004 -0.2547826148 -0.5660721388 -0.2631879558 -0.8455045789 -0.0859015619 -0.1011059244 0.2874712093 -0.5449327263 -0.8686580685 -0.8694596228
-0.7484671430 -0.5365576588 -0.4304920238 -0.8443547294 -0.2667521977 -0.5717765621 -0.2701893494 -0.8427770792 -0.1007568672 -0.1103507353 0.2990165502 -0.5495026447 -0.8650291704 -0.8658409000
-0.7519391623 -0.5414544251 -0.4301651883 -0.8415995840 -0.2791645395 -0.5777966260 -0.2776125758 -0.8400683611 -0.1161489451 -0.1200992519 0.3109798974 -0.5543783940 -0.8613720233 -0.8621937863
-0.7555985400 -0.5466645348 -0.4300493964 -0.8388622560 -0.2920245948 -0.5841364924 -0.2854628716 -0.8373798411 -0.1320835577 -0.1303574368 0.3233659503 -0.5595641248 -0.8576875508 -0.8585192025
-0.7594481081 -0.5521921735 -0.4301480478 -0.8361441370 -0.3053373178 -0.5908003228 -0.2937454738 -0.8347129356 -0.1485664668 -0.1411312528 0.3361794082 -0.5650639881 -0.8539766764 -0.8548180698
-0.7634906981 -0.5580415264 -0.4304645420 -0.8334466190 -0.3191076630 -0.5977922791 -0.3024656190 -0.8320690608 -0.1656034346 -0.1524266625 0.3494249701 -0.5708821346 -0.8502403238 -0.8510913091
-0.7677291420 -0.5642167789 -0.4310022790 -0.8307710936 -0.3333405847 -0.6051165232 -0.3116285442 -0.8294496332 -0.1832002231 -0.1642496287 0.3631073353 -0.5770227153 -0.8464794164 -0.8473398414
-0.7721662714 -0.5707221165 -0.4317646582 -0.8281189526 -0.3480410372 -0.6127772166 -0.3212394861 -0.8268560689 -0.2013625941 -0.1766061141 0.3772312032 -0.5834898808 -0.8426948779 -0.8435645878
-0.7768049181 -0.5775617245 -0.4327550796 -0.8254915878 -0.3632139750 -0.6207785213 -0.3313036816 -0.8242897845 -0.2200963098 -0.1895020812 0.3918012728 -0.5902877821 -0.8388876318 -0.8397664692
-0.7816479139 -0.5847397883 -0.4339769428 -0.8228903908 -0.3788643524 -0.6291245990 -0.3418263674 -0.8217521963 -0.2394071322 -0.2029434930 0.4068222434 -0.5974205700 -0.8350586017 -0.8359464067
-0.7866980905 -0.5922604933 -0.4354336475 -0.8203167535 -0.3949971238 -0.6378196115 -0.3528127803 -0.8192447205 -0.2593008231 -0.2169363119 0.4222988143 -0.6048923953 -0.8312087112 -0.8321053212
