0.2946527437 -0.0019857760 0.2136216160 0.4718112685 0.1390178521 -0.1639810070 -0.1762834337 0.4691790821 0.3404247870 -0.1453828695 -0.4702939860 0.0276008184 0.4419468972 0.4373822837
0.2854821411 0.0003763222 0.2111859584 0.4621240382 0.1720905736 -0.1595433220 -0.1484185384 0.4594041586 0.3753505889 -0.1233420204 -0.4946146033 0.0283288063 0.4312055446 0.4264760570
0.2770936205 0.0032658416 0.2093470198 0.4531113633 0.2044198505 -0.1545808970 -0.1208496858 0.4503048291 0.4091657285 -0.1020134856 -0.5183042688 0.0296254030 0.4211468875 0.4162535386
0.2694732729 0.0066713663 0.2080928922 0.4447611707 0.2360112318 -0.1491053414 -0.0935783048 0.4418690243 0.4418831825 -0.0813876398 -0.5413671978 0.0314787628 0.4117589748 0.4067028011
0.2626071892 0.0105814802 0.2074116678 0.4370613872 0.2668702662 -0.1431282648 -0.0666058247 0.4340846747 0.4735159274 -0.0614548576 -0.5638076062 0.0338770400 0.4030298554 0.3978119171
0.2564814605 0.0149847672 0.2072914388 0.4299999396 0.2970025027 -0.1366612766 -0.0399336744 0.4269397110 0.5040769399 -0.0422055136 -0.5856297093 0.0368083887 0.3949475782 0.3895689591
0.2510821777 0.0198698114 0.2077202974 0.4235647547 0.3264134900 -0.1297159863 -0.0135632832 0.4204220637 0.5335791966 -0.0236299824 -0.6068377230 0.0402609632 0.3875001921 0.3819619998
0.2463954319 0.0252251967 0.2086863358 0.4177437594 0.3551087771 -0.1223040034 0.0125039201 0.4145196633 0.5620356742 -0.0057186388 -0.6274358627 0.0442229179 0.3806757459 0.3749791117
0.2424073141 0.0310395071 0.2101776462 0.4125248803 0.3830939128 -0.1144369372 0.0382665062 0.4092204406 0.5894593492 0.0115381427 -0.6474283441 0.0486824069 0.3744622887 0.3686083675
0.2391039151 0.0373013265 0.2121823207 0.4078960444 0.4103744460 -0.1061263973 0.0637230461 0.4045123260 0.6158631985 0.0281499875 -0.6668193827 0.0536275845 0.3688478692 0.3628378397
0.2364713262 0.0439992389 0.2146884514 0.4038451785 0.4369559255 -0.0973839932 0.0888721107 0.4003832502 0.6412601984 0.0441265209 -0.6856131943 0.0590466050 0.3638205364 0.3576556009
0.2344956381 0.0511218283 0.2176841307 0.4003602093 0.4628439001 -0.0882213342 0.1137122709 0.3968211438 0.6656633258 0.0594773683 -0.7038139943 0.0649276226 0.3593683392 0.3530497236
0.2331629420 0.0586576786 0.2211574506 0.3974290637 0.4880439188 -0.0786500300 0.1382420976 0.3938139373 0.6890855573 0.0742121551 -0.7214259984 0.0712587916 0.3554793264 0.3490082806
0.2324593287 0.0665953738 0.2250965034 0.3950396684 0.5125615304 -0.0686816898 0.1624601618 0.3913495613 0.7115398694 0.0883405066 -0.7384534223 0.0780282662 0.3521415470 0.3455193443
0.2323708894 0.0749234979 0.2294893812 0.3931799503 0.5364022837 -0.0583279232 0.1863650344 0.3894159465 0.7330392388 0.1018720482 -0.7549004814 0.0852242007 0.3493430499 0.3425709873
0.2328837150 0.0836306348 0.2343241762 0.3918378363 0.5595717277 -0.0476003397 0.2099552862 0.3880010233 0.7535966422 0.1148164053 -0.7707713915 0.0928347494 0.3470718839 0.3401512823
0.2339838965 0.0927053685 0.2395889805 0.3910012530 0.5820754111 -0.0365105487 0.2332294883 0.3870927225 0.7732250562 0.1271832033 -0.7860703680 0.1008480665 0.3453160980 0.3382483018
0.2356575249 0.1021362830 0.2452718865 0.3906581273 0.6039188828 -0.0250701597 0.2561862114 0.3866789746 0.7919374575 0.1389820675 -0.8008016267 0.1092523062 0.3440637411 0.3368501184
0.2378906911 0.1119119621 0.2513609861 0.3907963861 0.6251076918 -0.0132907822 0.2788240266 0.3867477101 0.8097468226 0.1502226233 -0.8149693831 0.1180356229 0.3433028619 0.3359448047
0.2406694863 0.1220209900 0.2578443717 0.3914039561 0.6456473867 -0.0011840256 0.3011415048 0.3872868597 0.8266661281 0.1609144961 -0.8285778529 0.1271861708 0.3430215096 0.3355204333
