0.2113741508 0.1579595330 0.1119867837 0.3065509875 0.4843318312 -0.5018366792 0.1030076460 0.3067666863 0.5151269642 -0.7759830698 -0.5625672248 0.1303385845 0.3393729592 0.3218080042
0.1922023721 0.1345824812 0.0868984847 0.2853525120 0.4758459914 -0.5169338399 0.0782982076 0.2855707460 0.5148606491 -0.7780454306 -0.5484855174 0.1067207085 0.3185426751 0.3008578431
0.1729650652 0.1111385993 0.0617340395 0.2640288096 0.4672964765 -0.5319895501 0.0535459232 0.2642494949 0.5145561867 -0.7800314960 -0.5342621276 0.0830491603 0.2975742003 0.2797773728
0.1536688511 0.0876395759 0.0365089926 0.2425894511 0.4586833031 -0.5469932965 0.0287643512 0.2428125025 0.5142093891 -0.7819361559 -0.5199011180 0.0593358727 0.2764768975 0.2585759587
0.1343203511 0.0640970996 0.0112388888 0.2210440075 0.4500064874 -0.5619345655 0.0039670497 0.2212693379 0.5138160689 -0.7837543000 -0.5054065511 0.0355927786 0.2552601291 0.2372629660
0.1149261864 0.0405228587 -0.0140607276 0.1994020497 0.4412660460 -0.5768028438 -0.0208324228 0.1996295704 0.5133720385 -0.7854808182 -0.4907824895 0.0118318108 0.2339332578 0.2158477601
0.0954929782 0.0169285418 -0.0393743119 0.1776731488 0.4324619952 -0.5915876178 -0.0456205082 0.1779027695 0.5128731100 -0.7871106004 -0.4760329957 -0.0119350978 0.2125056461 0.1943397064
0.0760273477 -0.0066741626 -0.0646863196 0.1558668755 0.4235943516 -0.6062783741 -0.0703836481 0.1560985044 0.5123150961 -0.7886385363 -0.4611621323 -0.0356960143 0.1909866565 0.1727481702
0.0565359162 -0.0302735659 -0.0899812062 0.1339928010 0.4146631316 -0.6208645994 -0.0951082843 0.1342263443 0.5116938089 -0.7900595159 -0.4461739618 -0.0594390060 0.1693856518 0.1510825169
0.0370253047 -0.0538579798 -0.1152434271 0.1120604960 0.4056683517 -0.6353357800 -0.1197808586 0.1122958586 0.5110050610 -0.7913684290 -0.4310725467 -0.0831521399 0.1477119944 0.1293521118
0.0175021346 -0.0774157157 -0.1404574377 0.0900795317 0.3966100282 -0.6496814026 -0.1443878126 0.0903166166 0.5102446646 -0.7925601653 -0.4158619497 -0.1068234831 0.1259750469 0.1075663202
-0.0020269729 -0.1009350850 -0.1656076936 0.0680594788 0.3874881776 -0.6638909538 -0.1689155880 0.0682981876 0.5094084321 -0.7936296148 -0.4005462332 -0.1304411030 0.1041841720 0.0857345076
-0.0215553967 -0.1244043994 -0.1906786502 0.0460099084 0.3783028164 -0.6779539200 -0.1933506267 0.0462501409 0.5084921760 -0.7945716673 -0.3851294599 -0.1539930665 0.0823487321 0.0638660392
-0.0410765156 -0.1478119702 -0.2156547629 0.0239403914 0.3690539610 -0.6918597878 -0.2176793703 0.0241820457 0.5074917086 -0.7953812127 -0.3696156922 -0.1774674409 0.0604780898 0.0419702804
-0.0605837082 -0.1711461090 -0.2405204872 0.0018604987 0.3597416278 -0.7055980439 -0.2418882605 0.0021034715 0.5064028422 -0.7960531406 -0.3540089928 -0.2008522932 0.0385816078 0.0200565966
-0.0800703536 -0.1943951274 -0.2652602786 -0.0202201987 0.3503658334 -0.7191581746 -0.2659637391 -0.0199760125 0.5052213893 -0.7965823411 -0.3383134241 -0.2241356907 0.0166686486 -0.0018656469
-0.0995298303 -0.2175473367 -0.2898585924 -0.0422921299 0.3409265941 -0.7325296667 -0.2898922478 -0.0420468371 0.5039431622 -0.7969637039 -0.3225330488 -0.2473057005 -0.0052514253 -0.0237870847
-0.1189555173 -0.2405910485 -0.3142998842 -0.0643457238 0.3314239264 -0.7457020065 -0.3136602283 -0.0640994328 0.5025639733 -0.7971921190 -0.3066719293 -0.2703503897 -0.0271692512 -0.0456983515
-0.1383407932 -0.2635145743 -0.3385686094 -0.0863714097 0.3218578468 -0.7586646808 -0.3372541224 -0.0861242305 0.5010796349 -0.7972624760 -0.2907341283 -0.2932578255 -0.0490754665 -0.0675900820
-0.1576790370 -0.2863062255 -0.3626492234 -0.1083596165 0.3122283716 -0.7714071760 -0.3606603718 -0.1081116607 0.4994859595 -0.7971696649 -0.2747237083 -0.3160160750 -0.0709607088 -0.0894529108
