-0.2550223390 -0.1682040490 -0.2198594936 -0.3179287771 -0.6294769776 -0.1331511291 -0.0385439600 -0.3174442446 -0.1195253763 0.4317438806 0.7051773859 -0.1647460778 -0.3304077774 -0.3287840792
-0.2272691405 -0.1412827614 -0.1925072761 -0.2897756482 -0.6342909899 -0.1067053089 -0.0185361843 -0.2892945923 -0.1362480465 0.4496861094 0.7094010208 -0.1378836442 -0.3021774254 -0.3005602483
-0.1989200846 -0.1138635121 -0.1645971487 -0.2609472873 -0.6394484483 -0.0797953144 0.0016398253 -0.2604703164 -0.1535252898 0.4676125058 0.7138744656 -0.1105261934 -0.2732557755 -0.2716473108
-0.1699706709 -0.0859432075 -0.1361249583 -0.2314377647 -0.6449549104 -0.0524183314 0.0219828715 -0.2309654958 -0.1713636699 0.4855202330 0.7186020354 -0.0826706248 -0.2436366326 -0.2420391175
-0.1404163992 -0.0575187543 -0.1070865516 -0.2012411505 -0.6508159334 -0.0245715454 0.0424917570 -0.2007742097 -0.1897697507 0.5034064541 0.7235880452 -0.0543138378 -0.2133138016 -0.2117295195
-0.1102527690 -0.0285870590 -0.0774777755 -0.1703515149 -0.6570370748 0.0037478578 0.0631652844 -0.1698905373 -0.2087500958 0.5212683322 0.7288368102 -0.0254527320 -0.1822810872 -0.1807123676
-0.0794752798 0.0008549717 -0.0472944767 -0.1387629281 -0.6636238919 0.0325426927 0.0840022564 -0.1383085576 -0.2283112690 0.5391030305 0.7343526453 0.0039157934 -0.1505322943 -0.1489815128
-0.0480794315 0.0308104314 -0.0165325020 -0.1064694603 -0.6705819421 0.0618157735 0.1050014756 -0.1060223497 -0.2484598342 0.5569077121 0.7401398658 0.0337948389 -0.1180612277 -0.1165308060
-0.0160607234 0.0612824134 0.0148123017 -0.0734651817 -0.6779167828 0.0915699146 0.1261617447 -0.0730259927 -0.2692023551 0.5746795402 0.7462027865 0.0641875049 -0.0848616921 -0.0833540981
0.0165853447 0.0922740112 0.0467440878 -0.0397441625 -0.6856339713 0.1218079304 0.1474818663 -0.0393135657 -0.2905453954 0.5924156778 0.7525457227 0.0950968921 -0.0509274925 -0.0494452400
0.0498632732 0.1237883182 0.0792670094 -0.0053004728 -0.6937390650 0.1525326352 0.1689606431 -0.0048791479 -0.3124955189 0.6101132881 0.7591729894 0.1265261011 -0.0162524335 -0.0147980827
0.0837775625 0.1558284278 0.1123852198 0.0298718171 -0.7022376212 0.1837468433 0.1905968778 0.0302831817 -0.3350592895 0.6277695342 0.7660889016 0.1584782324 0.0191696798 0.0205935229
0.1183327130 0.1883974335 0.1461028720 0.0657786371 -0.7111351974 0.2154533691 0.2123893731 0.0661793439 -0.3582432707 0.6453815793 0.7732977744 0.1909563865 0.0553450428 0.0567357260
0.1535332252 0.2214984286 0.1804241195 0.1024259169 -0.7204373508 0.2476550269 0.2343369314 0.1028152597 -0.3820540266 0.6629465865 0.7808039230 0.2239636640 0.0922798507 0.0936346754
0.1893835993 0.2551345067 0.2153531153 0.1398195865 -0.7301496389 0.2803546311 0.2564383557 0.1401968500 -0.4064981207 0.6804617190 0.7886116623 0.2575031656 0.1299802985 0.1312965204
0.2258883358 0.2893087611 0.2508940127 0.1779655755 -0.7402776191 0.3135549961 0.2786924484 0.1783300356 -0.4315821169 0.6979241398 0.7967253074 0.2915779917 0.1684525815 0.1697274101
0.2630519350 0.3240242853 0.2870509650 0.2168698139 -0.7508268487 0.3472589360 0.3010980123 0.2172207374 -0.4573125790 0.7153310122 0.8051491735 0.3261912429 0.2077028949 0.2089334934
0.3008788974 0.3592841726 0.3238281252 0.2565382314 -0.7618028850 0.3814692654 0.3236538500 0.2568748764 -0.4836960706 0.7326794992 0.8138875755 0.3613460197 0.2477374338 0.2489209195
0.3393737234 0.3950915166 0.3612296466 0.2969767578 -0.7732112855 0.4161887986 0.3463587641 0.2972983733 -0.5107391557 0.7499667639 0.8229448286 0.3970454228 0.2885623934 0.2896958374
0.3785409132 0.4314494106 0.3992596825 0.3381913230 -0.7850576075 0.4514203498 0.3692115574 0.3384971492 -0.5384483978 0.7671899696 0.8323252478 0.4332925527 0.3301839690 0.3312643963
