0.2145380736 0.0302181749 0.2557801608 0.5040207252 -0.8718669795 -0.0804999273 -0.4249795982 0.5114938082 -0.9684531704 -0.8380541624 0.4565155587 0.0383216891 0.5154705119 0.5287083004
0.2351495921 0.0533188973 0.2834801936 0.5260568801 -0.8661922322 -0.0557961376 -0.4045911887 0.5335878366 -0.9727592514 -0.8266445982 0.4555584122 0.0621167535 0.5370345216 0.5503231467
0.2552094538 0.0761770757 0.3109709029 0.5473449849 -0.8605409294 -0.0310618800 -0.3840487014 0.5549299513 -0.9767572362 -0.8147828620 0.4547165242 0.0856967328 0.5578177470 0.5711478940
0.2746902748 0.0987715350 0.3382313940 0.5678530279 -0.8549241156 -0.0063106355 -0.3633635036 0.5754880432 -0.9804451976 -0.8024630069 0.4539994305 0.1090408848 0.5777875823 0.5911497227
0.2935646713 0.1210810998 0.3652407720 0.5875489971 -0.8493528352 0.0184441148 -0.3425469630 0.5952300027 -0.9838212081 -0.7896790858 0.4534166672 0.1321284672 0.5969114219 0.6102958133
0.3118052593 0.1430845950 0.3919781421 0.6064008809 -0.8438381326 0.0431888901 -0.3216104470 0.6141237206 -0.9868833405 -0.7764251518 0.4529777703 0.1549387375 0.6151566601 0.6285533464
0.3293846551 0.1647608454 0.4184226097 0.6243766673 -0.8383910524 0.0679102094 -0.3005653231 0.6321370875 -0.9896296674 -0.7626952580 0.4526922759 0.1774509535 0.6324906911 0.6458895025
0.3462754748 0.1860886756 0.4445532799 0.6414443446 -0.8330226390 0.0925945917 -0.2794229589 0.6492379940 -0.9920582613 -0.7484834574 0.4525697200 0.1996443728 0.6488809091 0.6622714622
0.3624503344 0.2070469105 0.4703492579 0.6575719009 -0.8277439369 0.1172285561 -0.2581947218 0.6653943308 -0.9941671950 -0.7337838031 0.4526196385 0.2214982531 0.6642947086 0.6776664059
0.3778818501 0.2276143748 0.4957896490 0.6727273244 -0.8225659905 0.1417986216 -0.2368919794 0.6805739884 -0.9959545411 -0.7185903480 0.4528515676 0.2429918521 0.6786994837 0.6920415142
0.3925426381 0.2477698934 0.5208535584 0.6868786033 -0.8174998443 0.1662913072 -0.2155260992 0.6947448576 -0.9974183722 -0.7028971452 0.4532750433 0.2641044274 0.6920626288 0.7053639676
0.4064053144 0.2674922909 0.5455200913 0.6999937258 -0.8125565427 0.1906931320 -0.1941084486 0.7078748289 -0.9985567611 -0.6866982478 0.4538996015 0.2848152367 0.7043515381 0.7176009466
0.4194424951 0.2867603921 0.5697683529 0.7120406801 -0.8077471303 0.2149906149 -0.1726503952 0.7199317930 -0.9993677802 -0.6699877088 0.4547347784 0.3051035377 0.7155336059 0.7287196318
0.4316267965 0.3055530219 0.5935774485 0.7229874543 -0.8030826514 0.2391702752 -0.1511633065 0.7308836405 -0.9998495023 -0.6527595813 0.4557901099 0.3249485881 0.7255762265 0.7386872037
0.4429308346 0.3238490049 0.6169264832 0.7328020367 -0.7985741506 0.2632186317 -0.1296585500 0.7406982621 -1.0000000000 -0.6350079182 0.4570751320 0.3443296455 0.7344467942 0.7474708428
0.4533272255 0.3416271660 0.6397945624 0.7414524154 -0.7942326723 0.2871222035 -0.1081474933 0.7493435484 -0.9998173460 -0.6167267727 0.4585993808 0.3632259675 0.7421127032 0.7550377297
0.4627885854 0.3588663299 0.6621607911 0.7489065785 -0.7900692609 0.3108675097 -0.0866415037 0.7567873900 -0.9992996128 -0.5979101977 0.4603723923 0.3816168120 0.7485413478 0.7613550449
0.4712875304 0.3755453214 0.6840042747 0.7551325144 -0.7860949609 0.3344410693 -0.0651519488 0.7629976775 -0.9984448732 -0.5785522463 0.4624037026 0.3994814365 0.7537001224 0.7663899688
0.4787966766 0.3916429652 0.7053041183 0.7600982111 -0.7823208169 0.3578294013 -0.0436901962 0.7679423017 -0.9972511998 -0.5586469716 0.4647028476 0.4167990986 0.7575564211 0.7701096821
0.4852886402 0.4071380862 0.7260394272 0.7637716569 -0.7787578731 0.3810190248 -0.0222676134 0.7715891531 -0.9957166651 -0.5381884266 0.4672793634 0.4335490562 0.7600776383 0.7724813653
