-0.9309821096 -0.9731001024 -0.9647399196 -0.8743085066 -0.9953725424 -0.9778485466 -0.9947287103 -0.8741858512 -0.8934711380 -0.9707035728 0.9692460804 -0.9669853377 -0.8630039242 -0.8625648822
-0.9249813057 -0.9697441873 -0.9611380916 -0.8662625874 -0.9967173545 -0.9745779423 -0.9933446370 -0.8661212745 -0.8995042761 -0.9738968642 0.9725710677 -0.9631823417 -0.8544150095 -0.8539660392
-0.9187547839 -0.9662015939 -0.9573714847 -0.8580020774 -0.9978304290 -0.9710937141 -0.9918022777 -0.8578413590 -0.9053568112 -0.9769032309 0.9756975438 -0.9591848825 -0.8456038214 -0.8451452022
-0.9123054585 -0.9624740456 -0.9534415099 -0.8495301823 -0.9987134985 -0.9673980164 -0.9901024907 -0.8493493288 -0.9110291751 -0.9797231835 0.9786270730 -0.9549949036 -0.8365738508 -0.8361058596
-0.9056362435 -0.9585632662 -0.9493495783 -0.8408501082 -0.9993682952 -0.9634930038 -0.9882461343 -0.8406484077 -0.9165218000 -0.9823572325 0.9813612192 -0.9506143487 -0.8273285883 -0.8268515001
-0.8987500532 -0.9544709792 -0.9450971008 -0.8319650609 -0.9997965515 -0.9593808305 -0.9862340669 -0.8317418197 -0.9218351180 -0.9848058886 0.9839015468 -0.9460451615 -0.8178715247 -0.8173856119
-0.8916498015 -0.9501989083 -0.9406854884 -0.8228782463 -1.0000000000 -0.9550636512 -0.9840671467 -0.8226327886 -0.9269695610 -0.9870696624 0.9862496199 -0.9412892856 -0.8082061509 -0.8077116838
-0.8843384027 -0.9457487771 -0.9361161521 -0.8135928704 -0.9999803729 -0.9505436202 -0.9817462322 -0.8133245385 -0.9319255613 -0.9891490646 0.9884070026 -0.9363486647 -0.7983359575 -0.7978332041
-0.8768187709 -0.9411223093 -0.9313905029 -0.8041121391 -0.9997394028 -0.9458228920 -0.9792721815 -0.8038202932 -0.9367035508 -0.9910446058 0.9903752591 -0.9312252424 -0.7882644354 -0.7877536613
-0.8690938201 -0.9363212284 -0.9265099517 -0.7944392582 -0.9992788219 -0.9409036211 -0.9766458531 -0.7941232766 -0.9413039617 -0.9927567966 0.9921559536 -0.9259209623 -0.7779950754 -0.7774765440
-0.8611664646 -0.9313472581 -0.9214759096 -0.7845774337 -0.9986003627 -0.9357879618 -0.9738681053 -0.7842367127 -0.9457272260 -0.9942861476 0.9937506503 -0.9204377681 -0.7675313682 -0.7670053407
-0.8530396184 -0.9262021220 -0.9162897875 -0.7745298714 -0.9977057576 -0.9304780687 -0.9709397964 -0.7741638254 -0.9499737758 -0.9956331695 0.9951609132 -0.9147776034 -0.7568768046 -0.7563435397
-0.8447161957 -0.9208875437 -0.9109529965 -0.7642997774 -0.9965967391 -0.9249760963 -0.9678617848 -0.7639078386 -0.9540440431 -0.9967983729 0.9963883066 -0.9089424120 -0.7460348753 -0.7454946298
-0.8361991106 -0.9154052469 -0.9054669475 -0.7538903575 -0.9952750394 -0.9192841989 -0.9646349286 -0.7534719763 -0.9579384600 -0.9977822684 0.9974343947 -0.9029341373 -0.7350090712 -0.7344620992
-0.8274912773 -0.9097569551 -0.8998330515 -0.7433048176 -0.9937423910 -0.9134045310 -0.9612600864 -0.7428594623 -0.9616574586 -0.9985853667 0.9983007415 -0.8967547231 -0.7238028830 -0.7232494366
-0.8185956097 -0.9039443921 -0.8940527195 -0.7325463636 -0.9920005263 -0.9073392471 -0.9577381164 -0.7320735206 -0.9652014710 -0.9992081784 0.9989889113 -0.8904061130 -0.7124198015 -0.7118601304
-0.8095150222 -0.8979692814 -0.8881273625 -0.7216182015 -0.9900511778 -0.9010905017 -0.9540698770 -0.7211173751 -0.9685709293 -0.9996512141 0.9995004682 -0.8838902507 -0.7008633175 -0.7002976692
-0.8002524288 -0.8918333467 -0.8820583915 -0.7105235371 -0.9878960778 -0.8946604491 -0.9502562264 -0.7099942498 -0.9717662654 -0.9999149844 0.9998369764 -0.8772090797 -0.6891369217 -0.6885655414
-0.7908107436 -0.8855383115 -0.8758472175 -0.6992655764 -0.9855369586 -0.8880512438 -0.9462980230 -0.6987073684 -0.9747879115 -1.0000000000 1.0000000000 -0.8703645438 -0.6772441049 -0.6766672355
-0.7811928807 -0.8790858996 -0.8694952514 -0.6878475252 -0.9829755528 -0.8812650404 -0.9421961252 -0.6872599551 -0.9776362997 -0.9999067715 0.9999911032 -0.8633585866 -0.6651883579 -0.6646062400
