-0.3007862143 -0.3232053944 -0.3366545608 -0.1997544469 0.5806485921 -0.2867689778 -0.4804987471 -0.2074851900 0.8884551716 -0.9119281208 -0.8714020337 -0.2880703338 -0.0853830899 -0.1114061861
-0.2703798855 -0.2937073325 -0.3080570006 -0.1677886338 0.5910727401 -0.2559435288 -0.4577946958 -0.1753528610 0.8836450142 -0.9084196643 -0.8758310722 -0.2572911897 -0.0554523891 -0.0811763822
-0.2403923600 -0.2646072085 -0.2798764809 -0.1363230311 0.6013537352 -0.2255608958 -0.4353894071 -0.1437228404 0.8789028138 -0.9049900305 -0.8801795071 -0.2269531699 -0.0260048199 -0.0514282220
-0.2108215998 -0.2359029015 -0.2521105239 -0.1053549315 0.6114920259 -0.1956186562 -0.4132811407 -0.1125924091 0.8742278750 -0.9016383429 -0.8844474980 -0.1970538647 0.0029622654 -0.0221590885
-0.1816655670 -0.2075922904 -0.2247566519 -0.0748816278 0.6214880611 -0.1661143875 -0.3914681563 -0.0819588479 0.8696195026 -0.8983637249 -0.8886352049 -0.1675908647 0.0314515148 0.0066336353
-0.1529222236 -0.1796732541 -0.1978123871 -0.0449004127 0.6313422893 -0.1370456672 -0.3699487137 -0.0518194379 0.8650770013 -0.8951652997 -0.8927427878 -0.1385617603 0.0594655761 0.0349525664
-0.1245895315 -0.1521436717 -0.1712752518 -0.0154085790 0.6410551593 -0.1084100727 -0.3487210723 -0.0221714600 0.8605996758 -0.8920421909 -0.8967704064 -0.1099641419 0.0870070969 0.0628003220
-0.0966654528 -0.1250014221 -0.1451427683 0.0135965808 0.6506271199 -0.0802051815 -0.3277834921 0.0069878049 0.8561868309 -0.8889935218 -0.9007182207 -0.0817956001 0.1140787252 0.0901795190
-0.0691479495 -0.0982443842 -0.1194124586 0.0421177738 0.6600586196 -0.0524285711 -0.3071342326 0.0356610759 0.8518377713 -0.8860184158 -0.9045863905 -0.0540537252 0.1406831087 0.1170927745
-0.0420349835 -0.0718704371 -0.0940818453 0.0701577073 0.6693501073 -0.0250778190 -0.2867715535 0.0638510720 0.8475518016 -0.8831159963 -0.9083750758 -0.0267361078 0.1668228954 0.1435427056
-0.0153245170 -0.0458774597 -0.0691484503 0.0977190885 0.6785020315 0.0018494974 -0.2666937146 0.0915605122 0.8433282267 -0.8802853867 -0.9120844364 0.0001596618 0.1925007328 0.1695319292
0.0109854882 -0.0202633310 -0.0446097961 0.1248046249 0.6875148411 0.0283558006 -0.2468989756 0.1187921157 0.8391663512 -0.8775257105 -0.9157146322 0.0266359930 0.2177192690 0.1950630624
0.0368970699 0.0049740702 -0.0204634049 0.1514170237 0.6963889847 0.0544435131 -0.2273855960 0.1455486015 0.8350654799 -0.8748360909 -0.9192658232 0.0526952954 0.2424811517 0.2201387223
0.0624122662 0.0298368647 0.0032932011 0.1775589920 0.7051249111 0.0801150575 -0.2081518356 0.1718326886 0.8310249175 -0.8722156513 -0.9227381690 0.0783399786 0.2667890287 0.2447615259
0.0875331152 0.0543271737 0.0266624996 0.2032332373 0.7137230689 0.1053728562 -0.1891959542 0.1976470962 0.8270439688 -0.8696635153 -0.9261318298 0.1035724521 0.2906455478 0.2689340902
0.1122616546 0.0784471181 0.0496469684 0.2284424668 0.7221839069 0.1302193319 -0.1705162113 0.2229945432 0.8231219383 -0.8671788061 -0.9294469653 0.1283951253 0.3140533568 0.2926590324
0.1365999227 0.1021988190 0.0722490853 0.2531893877 0.7305078736 0.1546569070 -0.1521108668 0.2478777488 0.8192581310 -0.8647606472 -0.9326837355 0.1528104080 0.3370151036 0.3159389693
0.1605499572 0.1255843975 0.0944713279 0.2774767074 0.7386954180 0.1786880040 -0.1339781801 0.2722994320 0.8154518514 -0.8624081620 -0.9358423001 0.1768207096 0.3595334359 0.3387765181
0.1841137964 0.1486059746 0.1163161740 0.3013071331 0.7467469886 0.2023150456 -0.1161164112 0.2962623119 0.8117024043 -0.8601204738 -0.9389228192 0.2004284396 0.3816110015 0.3611742958
0.2072934780 0.1712656712 0.1377861014 0.3246833722 0.7546630342 0.2255404541 -0.0985238196 0.3197691075 0.8080090945 -0.8578967060 -0.9419254526 0.2236360076 0.4032504484 0.3831349195
