-1.0000000000 -0.9687872967 -0.9737412383 -0.9560319762 -0.8010173332 -0.9970847604 -0.8364274096 -0.9579580293 -0.3647852902 -0.9882091154 0.9906775178 -0.9597019881 -0.9545755789 -0.9515945079
-0.9992787652 -0.9624627271 -0.9678283091 -0.9621187207 -0.7944324446 -0.9947105693 -0.8282047777 -0.9639326089 -0.3576349901 -0.9840253299 0.9939893913 -0.9526949046 -0.9606084661 -0.9578211088
-0.9978093548 -0.9555178258 -0.9612812021 -0.9677788118 -0.7873083419 -0.9916166132 -0.8194626911 -0.9694750946 -0.3501296276 -0.9791787585 0.9965896781 -0.9450861248 -0.9662370680 -0.9636459767
-0.9955803514 -0.9479435569 -0.9540907845 -0.9730055986 -0.7796366374 -0.9877917665 -0.8101934970 -0.9745787584 -0.3422636403 -0.9736585676 0.9984662765 -0.9368670076 -0.9714552140 -0.9690629325
-0.9925803376 -0.9397308843 -0.9462479234 -0.9777924300 -0.7714089433 -0.9832249036 -0.8003895424 -0.9792368721 -0.3340314663 -0.9674539238 0.9996070844 -0.9280289121 -0.9762567339 -0.9740657969
-0.9887978960 -0.9308707719 -0.9377434857 -0.9821326553 -0.7626168719 -0.9779048988 -0.7900431743 -0.9834427076 -0.3254275432 -0.9605539934 1.0000000000 -0.9185631973 -0.9806354572 -0.9786483906
-0.9842216093 -0.9213541837 -0.9285683386 -0.9860196234 -0.7532520356 -0.9718206266 -0.7791467397 -0.9871895367 -0.3164463089 -0.9529479431 0.9996329215 -0.9084612221 -0.9845852135 -0.9828045343
-0.9788400601 -0.9111720834 -0.9187133492 -0.9894466835 -0.7433060466 -0.9649609612 -0.7676925856 -0.9904706314 -0.3070822012 -0.9446249392 0.9984937470 -0.8977143456 -0.9880998323 -0.9865280488
-0.9726418310 -0.9003154351 -0.9081693845 -0.9924071846 -0.7327705173 -0.9573147771 -0.7556730593 -0.9932792635 -0.2973296581 -0.9355741483 0.9965703746 -0.8863139267 -0.9911731433 -0.9898127548
-0.9656155047 -0.8887752026 -0.8969273116 -0.9948944757 -0.7216370599 -0.9488709487 -0.7430805075 -0.9956087048 -0.2871831172 -0.9257847369 0.9938507024 -0.8742513245 -0.9937989759 -0.9926524730
-0.9577496638 -0.8765423500 -0.8849779975 -0.9969019060 -0.7098972867 -0.9396183502 -0.7299072775 -0.9974522272 -0.2766370165 -0.9152458714 0.9903226287 -0.8615178980 -0.9959711599 -0.9950410242
-0.9490328909 -0.8636078410 -0.8723123095 -0.9984228245 -0.6975428101 -0.9295458562 -0.7161457162 -0.9988031027 -0.2656857938 -0.9039467183 0.9859740514 -0.8481050061 -0.9976835247 -0.9969722290
-0.9394537686 -0.8499626396 -0.8589211144 -0.9994505803 -0.6845652422 -0.9186423409 -0.7017881707 -0.9996546030 -0.2543238868 -0.8918764441 0.9807928688 -0.8340040079 -0.9989298999 -0.9984399083
-0.9290008796 -0.8355977098 -0.8447952795 -0.9999785224 -0.6709561955 -0.9068966788 -0.6868269880 -1.0000000000 -0.2425457335 -0.8790242154 0.9747669789 -0.8192062623 -0.9997041152 -0.9994378827
-0.9176628065 -0.8205040155 -0.8299256717 -1.0000000000 -0.6567072822 -0.8942977441 -0.6712545151 -0.9998325656 -0.2303457717 -0.8653791985 0.9678842799 -0.8037031284 -1.0000000000 -0.9999599731
-0.9054281319 -0.8046725205 -0.8143031581 -0.9995083621 -0.6418101146 -0.8808344114 -0.6550630992 -0.9991455717 -0.2177184391 -0.8509305600 0.9601326699 -0.7874859651 -0.9998113840 -1.0000000000
-0.8922854384 -0.7880941887 -0.7979186059 -0.9984969577 -0.6262563050 -0.8664955549 -0.6382450871 -0.9979322901 -0.2046581737 -0.8356674663 0.9515000471 -0.7705461315 -0.9991320968 -0.9995517843
-0.8782233088 -0.7707599842 -0.7807628821 -0.9969591359 -0.6100374656 -0.8512700490 -0.6207928261 -0.9961859927 -0.1911594132 -0.8195790840 0.9419743096 -0.7528749865 -0.9979559679 -0.9986091467
-0.8632303256 -0.7526608709 -0.7628268538 -0.9948882459 -0.5931452089 -0.8351467682 -0.6026986630 -0.9938999514 -0.1772165955 -0.8026545795 0.9315433555 -0.7344638892 -0.9962768269 -0.9971659078
-0.8472950714 -0.7337878125 -0.7441013880 -0.9922776366 -0.5755711470 -0.8181145868 -0.5839549450 -0.9910674380 -0.1628241584 -0.7848831193 0.9201950829 -0.7153041986 -0.9940885033 -0.9952158886
