-0.9688540795 -0.9762457167 -0.9760284903 -0.9640207560 -0.9840863666 -0.9790827882 -0.9826232434 -0.9641323959 -0.9833800684 -0.9936824631 0.9827027628 -0.9760963955 -0.9621922016 -0.9619422179
-0.9382313125 -0.9528821855 -0.9524494151 -0.9286608777 -0.9683931070 -0.9585107418 -0.9655082860 -0.9288820768 -0.9853989771 -0.9874516154 0.9656257528 -0.9525864824 -0.9250429820 -0.9245466490
-0.9081279104 -0.9299064747 -0.9292598413 -0.8939159121 -0.9529185213 -0.9382812015 -0.9486530944 -0.8942446036 -0.9872837363 -0.9813064576 0.9487673788 -0.9294673090 -0.8885476065 -0.8878085385
-0.8785400844 -0.9073156525 -0.9064568357 -0.8597814061 -0.9376609100 -0.9183915080 -0.9320556349 -0.8602155370 -0.9890350875 -0.9752459903 0.9321260500 -0.9067359232 -0.8527013401 -0.8517231318
-0.8494640459 -0.8851067872 -0.8840374654 -0.8262529066 -0.9226185735 -0.8988390022 -0.9157138743 -0.8267904375 -0.9906537725 -0.9692692142 0.9157001752 -0.8843893732 -0.8174994481 -0.8162856741
-0.8208960060 -0.8632769471 -0.8619987972 -0.7933259605 -0.9077898120 -0.8796210247 -0.8996257788 -0.7939648661 -0.9921405330 -0.9633751300 0.8994881634 -0.8624247070 -0.7829371957 -0.7814914108
-0.7928321761 -0.8418232004 -0.8403378980 -0.7609961147 -0.8931729260 -0.8607349162 -0.8837893150 -0.7617343834 -0.9934961106 -0.9575627383 0.8834884235 -0.8408389729 -0.7490098480 -0.7473355872
-0.7652687674 -0.8207426155 -0.8190518348 -0.7292589161 -0.8787662157 -0.8421780176 -0.8682024495 -0.7300945501 -0.9947212471 -0.9518310397 0.8676993646 -0.8196292188 -0.7157126704 -0.7138134487
-0.7382019912 -0.8000322606 -0.7981376745 -0.6981099116 -0.8645679816 -0.8239476695 -0.8528631487 -0.6990409270 -0.9958166840 -0.9461790350 0.8521193957 -0.7987924929 -0.6830409279 -0.6809202404
-0.7116280588 -0.7796892039 -0.7775924840 -0.6675446482 -0.8505765239 -0.8060412128 -0.8377693791 -0.6685690748 -0.9967831632 -0.9406057248 0.8367469255 -0.7783258432 -0.6509898858 -0.6486512078
-0.6855431815 -0.7597105137 -0.7574133302 -0.6375586726 -0.8367901431 -0.7884559881 -0.8229191072 -0.6386745541 -0.9976214262 -0.9351101097 0.8215803633 -0.7582263180 -0.6195548093 -0.6170015962
-0.6599435705 -0.7400932583 -0.7375972801 -0.6081475319 -0.8232071395 -0.7711893362 -0.8083102995 -0.6093529258 -0.9983322148 -0.9296911905 0.8066181178 -0.7384909652 -0.5887309635 -0.5859666509
-0.6348254370 -0.7208345060 -0.7181414005 -0.5793067730 -0.8098258135 -0.7542385978 -0.7939409226 -0.5805997506 -0.9989162707 -0.9243479677 0.7918585981 -0.7191168330 -0.5585136137 -0.5555416171
-0.6101849925 -0.7019313250 -0.6990427584 -0.5510319427 -0.7966444653 -0.7376011137 -0.7798089428 -0.5524105891 -0.9993743354 -0.9190794421 0.7773002131 -0.7001009695 -0.5288980251 -0.5257217403
-0.5860184481 -0.6833807836 -0.6802984207 -0.5233185879 -0.7836613954 -0.7212742247 -0.7659123267 -0.5247810022 -0.9997071508 -0.9138846142 0.7629413718 -0.6814404227 -0.4998794628 -0.4965022657
-0.5623220151 -0.6651799500 -0.6619054542 -0.4961622557 -0.7708749041 -0.7052552714 -0.7522490408 -0.4977065504 -0.9999154584 -0.9087624848 0.7487804832 -0.6631322408 -0.4714531920 -0.4678784386
-0.5390919048 -0.6473258926 -0.6438609261 -0.4695584927 -0.7582832917 -0.6895415946 -0.7388170516 -0.4711827947 -1.0000000000 -0.9037120546 0.7348159562 -0.6451734719 -0.4436144781 -0.4398455044
-0.5163243285 -0.6298156796 -0.6261619030 -0.4435028461 -0.7458848586 -0.6741305351 -0.7256143256 -0.4452052955 -0.9999615173 -0.8987323241 0.7210461998 -0.6275611641 -0.4163585860 -0.4123987084
-0.4940154975 -0.6126463793 -0.6088054520 -0.4179908627 -0.7336779052 -0.6590194335 -0.7126388293 -0.4197696138 -0.9998007518 -0.8938222940 0.7074696230 -0.6102923654 -0.3896807811 -0.3855332958
-0.4721616229 -0.5958150599 -0.5917886400 -0.3930180893 -0.7216607318 -0.6442056308 -0.6998885291 -0.3948713102 -0.9995184454 -0.8889809650 0.6940846346 -0.5933641241 -0.3635763286 -0.3592445121
