-0.5212933392 -0.6473457167 -0.5962944580 -0.3007196995 -0.9994472298 -0.5426226411 -0.7773451570 -0.3023662011 -0.5607953551 -0.9995010673 0.5871813882 -0.6159812343 -0.2600021251 -0.2643374109
-0.4958458560 -0.6280519725 -0.5744643198 -0.2633504457 -0.9998639722 -0.5177066361 -0.7645969041 -0.2650709241 -0.5920094007 -0.9983344636 0.5615763919 -0.5951430451 -0.2204873274 -0.2250625478
-0.4711536494 -0.6092499245 -0.5532276245 -0.2270668910 -1.0000000000 -0.4934435027 -0.7520910847 -0.2288571773 -0.6219440109 -0.9965104343 0.5362072058 -0.5748606322 -0.1821254830 -0.1869347807
-0.4472073646 -0.5909333307 -0.5325769597 -0.1918565978 -0.9998579078 -0.4698254574 -0.7398242593 -0.1937125768 -0.6506138009 -0.9940392251 0.5110731734 -0.5551270065 -0.1449034723 -0.1499410388
-0.4239976468 -0.5730959492 -0.5125049133 -0.1577071284 -0.9994402901 -0.4468447168 -0.7277929881 -0.1596247387 -0.6780333858 -0.9909310814 0.4861736382 -0.5359351785 -0.1088081753 -0.1140682515
-0.4015151412 -0.5557315378 -0.4930040729 -0.1246060452 -0.9987497414 -0.4244934976 -0.7159938313 -0.1265812792 -0.7042173810 -0.9871962489 0.4615079435 -0.5172781589 -0.0738264722 -0.0793033478
-0.3797504932 -0.5388338546 -0.4740670264 -0.0925409107 -0.9977888562 -0.4027640165 -0.7044233493 -0.0945698145 -0.7291804014 -0.9828449730 0.4370754329 -0.4991489583 -0.0399452431 -0.0456332571
-0.3586943480 -0.5223966576 -0.4556863615 -0.0614992870 -0.9965602290 -0.3816484899 -0.6930781022 -0.0635779605 -0.7529370625 -0.9778874992 0.4128754498 -0.4815405875 -0.0071513682 -0.0130449086
-0.3383373508 -0.5064137047 -0.4378546659 -0.0314687367 -0.9950664542 -0.3611391346 -0.6819546505 -0.0335933336 -0.7755019792 -0.9723340732 0.3889073377 -0.4644460570 0.0245682723 0.0184747684
-0.3186701468 -0.4908787539 -0.4205645274 -0.0024368220 -0.9933101265 -0.3412281671 -0.6710495543 -0.0046035498 -0.7968897669 -0.9661949403 0.3651704400 -0.4478583775 0.0552267983 0.0489388449
-0.2996833814 -0.4757855633 -0.4038085337 0.0256088947 -0.9912938402 -0.3219078041 -0.6603593740 0.0234037747 -0.8171150408 -0.9594803463 0.3416641003 -0.4317705596 0.0848373298 0.0783603914
-0.2813676998 -0.4611278908 -0.3875792727 0.0526808510 -0.9890201899 -0.3031702622 -0.6498806697 0.0504410238 -0.8361924159 -0.9522005365 0.3183876620 -0.4161756141 0.1134129864 0.1067524788
-0.2637137472 -0.4468994944 -0.3718693320 0.0787914846 -0.9864917702 -0.2850077580 -0.6396100019 0.0765205813 -0.8541365076 -0.9443657565 0.2953404686 -0.4010665515 0.1409668880 0.1341281779
-0.2467121689 -0.4330941320 -0.3566712993 0.1039532331 -0.9837111754 -0.2674125081 -0.6295439307 0.1016548312 -0.8709619309 -0.9359862520 0.2725218635 -0.3864363826 0.1675121546 0.1605005594
-0.2303536101 -0.4197055617 -0.3419777625 0.1281785342 -0.9806810001 -0.2503767291 -0.6196790165 0.1258561572 -0.8866833012 -0.9270722683 0.2499311901 -0.3722781179 0.1930619059 0.1858826940
-0.2146287161 -0.4067275414 -0.3277813093 0.1514798254 -0.9774038387 -0.2338926377 -0.6100118195 0.1491369432 -0.9013152335 -0.9176340510 0.2275677921 -0.3585847681 0.2176292618 0.2102876526
-0.1995281321 -0.3941538292 -0.3140745275 0.1738695445 -0.9738822859 -0.2179524505 -0.6005389000 0.1715095731 -0.9148723432 -0.9076818458 0.2054310127 -0.3453493440 0.2412273422 0.2337285059
-0.1850425034 -0.3819781830 -0.3008500047 0.1953601291 -0.9701189361 -0.2025483840 -0.5912568183 0.1929864308 -0.9273692453 -0.8972258980 0.1835201955 -0.3325648561 0.2638692669 0.2562183247
-0.1711624752 -0.3701943607 -0.2881003288 0.2159640168 -0.9661163838 -0.1876726550 -0.5821621346 0.2135799001 -0.9388205550 -0.8862764532 0.1618346840 -0.3202243150 0.2855681557 0.2777701797
-0.1578786928 -0.3587961205 -0.2758180875 0.2356936452 -0.9618772235 -0.1733174799 -0.5732514092 0.2333023649 -0.9492408876 -0.8748437570 0.1403738216 -0.3083207315 0.3063371285 0.2983971417
