-0.8882073862 -0.9093862548 -0.9628225642 -0.6743976496 -0.9084678327 -0.9131124404 -0.9153744707 -0.6967650452 -0.9108846357 -0.9660960148 0.9487828519 -0.8903942483 -0.4244939483 -0.3429958066
-0.8716579474 -0.8942449799 -0.9539488090 -0.6622514674 -0.8936409241 -0.8981894108 -0.9006451227 -0.6843485679 -0.8962433651 -0.9588553518 0.9381593123 -0.8735813693 -0.4145393204 -0.3330901982
-0.8541695819 -0.8780945051 -0.9442003208 -0.6493517720 -0.8778801189 -0.8822369296 -0.8848826824 -0.6711648405 -0.8806634818 -0.9509623375 0.9266745730 -0.8557504231 -0.4039738331 -0.3226115537
-0.8357816473 -0.8609687976 -0.9335972412 -0.6357330516 -0.8612226335 -0.8652876660 -0.8681193639 -0.6572488146 -0.8641817114 -0.9424288960 0.9143634171 -0.8369372726 -0.3928276983 -0.3115894152
-0.8165335013 -0.8429018241 -0.9221597118 -0.6214297941 -0.8437056844 -0.8473742892 -0.8503873813 -0.6426354418 -0.8468347793 -0.9332669517 0.9012606276 -0.8171777806 -0.3811311276 -0.3000533251
-0.7964645017 -0.8239275518 -0.9099078744 -0.6064764877 -0.8253664882 -0.8285294683 -0.8317189486 -0.6273596734 -0.8286594111 -0.9234884286 0.8874009875 -0.7965078098 -0.3689143331 -0.2880328254
-0.7756140060 -0.8040799474 -0.8968618706 -0.5909076204 -0.8062422612 -0.8087858725 -0.8121462797 -0.6114564612 -0.8096923323 -0.9131052511 0.8728192799 -0.7749632231 -0.3562075266 -0.2755574584
-0.7540213721 -0.7833929780 -0.8830418421 -0.5747576803 -0.7863702200 -0.7881761709 -0.7917015887 -0.5949607567 -0.7899702686 -0.9021293432 0.8575502879 -0.7525798833 -0.3430409199 -0.2626567662
-0.7317259575 -0.7619006106 -0.8684679305 -0.5580611555 -0.7657875810 -0.7667330327 -0.7704170897 -0.5779075114 -0.7695299453 -0.8905726293 0.8416287943 -0.7293936530 -0.3294447249 -0.2493602910
-0.7087671201 -0.7396368121 -0.8531602775 -0.5408525340 -0.7445315607 -0.7444891271 -0.7483249967 -0.5603316768 -0.7484080880 -0.8784470334 0.8250895823 -0.7054403952 -0.3154491534 -0.2356975751
-0.6851842175 -0.7166355494 -0.8371390248 -0.5231663040 -0.7226393756 -0.7214771232 -0.7254575237 -0.5422682045 -0.7266414223 -0.8657644799 0.8079674349 -0.6807559726 -0.3010844172 -0.2216981605
-0.6610166074 -0.6929307895 -0.8204243139 -0.5050369534 -0.7001482421 -0.6977296901 -0.7018468847 -0.5237520460 -0.7042666737 -0.8525368928 0.7902971351 -0.6553762480 -0.2863807283 -0.2073915894
-0.6363036475 -0.6685564993 -0.8030362867 -0.4864989704 -0.6770953768 -0.6732794971 -0.6775252937 -0.5048181530 -0.6813205677 -0.8387761964 0.7721134660 -0.6293370841 -0.2713682985 -0.1928074041
-0.6110846955 -0.6435466458 -0.7849950847 -0.4675868430 -0.6535179961 -0.6481592133 -0.6525249649 -0.4855014769 -0.6578398299 -0.8244943149 0.7534512106 -0.6026743439 -0.2560773396 -0.1779751468
-0.5853991091 -0.6179351960 -0.7663208495 -0.4483350594 -0.6294533166 -0.6224015078 -0.6268781122 -0.4658369693 -0.6338611857 -0.8097031725 0.7343451519 -0.5754238900 -0.2405380634 -0.1629243595
-0.5592862460 -0.5917561168 -0.7470337230 -0.4287781075 -0.6049385546 -0.5960390499 -0.6006169496 -0.4458595817 -0.6094213608 -0.7944146934 0.7148300730 -0.5476215853 -0.2247806819 -0.1476845846
-0.5327854640 -0.5650433752 -0.7271538466 -0.4089504755 -0.5800109266 -0.5691045086 -0.5737736912 -0.4256042657 -0.5845570806 -0.7786408018 0.6949407568 -0.5193032925 -0.2088354069 -0.1322853641
-0.5059361206 -0.5378309381 -0.7067013621 -0.3888866514 -0.5547076492 -0.5416305531 -0.5463805510 -0.4051059729 -0.5593050707 -0.7623934218 0.6747119865 -0.4905048744 -0.1927324503 -0.1167562403
-0.4787775736 -0.5101527724 -0.6856964112 -0.3686211233 -0.5290659388 -0.5136498527 -0.5184697431 -0.3843996547 -0.5337020565 -0.7456844778 0.6541785450 -0.4612621939 -0.1765020238 -0.1011267554
-0.4513491807 -0.4820428452 -0.6641591355 -0.3481883793 -0.5031230119 -0.4851950763 -0.4900734814 -0.3635202628 -0.5077847638 -0.7285258938 0.6333752154 -0.4316111137 -0.1601743394 -0.0854264514
