-0.0805818711 -0.3183034599 -0.3590055598 0.1359967124 -0.5704295794 -0.1756284933 -0.6020484726 0.1259273355 -0.6858986379 -0.4461054494 0.3894330408 -0.3377982903 0.2196838103 0.2274485521
-0.1030704807 -0.3297030061 -0.3690627519 0.1098094031 -0.5709779727 -0.1904018529 -0.6034232635 0.1002936479 -0.6701872733 -0.4293539824 0.3828021937 -0.3498468394 0.1901059120 0.1982601530
-0.1254281900 -0.3412800690 -0.3793261828 0.0837570809 -0.5719895612 -0.2053085826 -0.6052043857 0.0747784283 -0.6552867585 -0.4138142630 0.3770317122 -0.3620309526 0.1607488958 0.1692707137
-0.1476487806 -0.3530246928 -0.3897856026 0.0578465318 -0.5734510342 -0.2203389539 -0.6073794247 0.0493886695 -0.6411810165 -0.3994624986 0.3721023659 -0.3743413314 0.1316185610 0.1404863669
-0.1697260339 -0.3649269219 -0.4004307616 0.0320845419 -0.5753490812 -0.2354832385 -0.6099359660 0.0241313642 -0.6278539705 -0.3862748969 0.3679949247 -0.3867686774 0.1027207068 0.1119132453
-0.1916537314 -0.3769768006 -0.4112514098 0.0064778974 -0.5776703917 -0.2507317078 -0.6128615950 -0.0009864947 -0.6152895436 -0.3742276655 0.3646901583 -0.3993036923 0.0740611324 0.0835574816
-0.2134256547 -0.3891643731 -0.4222372976 -0.0189666157 -0.5804016552 -0.2660746335 -0.6161438970 -0.0259579146 -0.6034716590 -0.3632970119 0.3621688363 -0.4119370775 0.0456456370 0.0554252084
-0.2350355851 -0.4014796839 -0.4333781749 -0.0442422113 -0.5835295610 -0.2815022870 -0.6197704575 -0.0507759026 -0.5923842399 -0.3534591439 0.3604117286 -0.4246595346 0.0174800199 0.0275225584
-0.2564773041 -0.4139127772 -0.4446637921 -0.0693421033 -0.5870407988 -0.2970049399 -0.6237288619 -0.0754334660 -0.5820112093 -0.3446902690 0.3593996048 -0.4374617653 -0.0104299197 -0.0001443357
-0.2777445933 -0.4264536973 -0.4560838992 -0.0942595055 -0.5909220578 -0.3125728639 -0.6280066956 -0.0999236120 -0.5723364905 -0.3369665947 0.3591132346 -0.4503344711 -0.0380783826 -0.0275693413
-0.2988312341 -0.4390924886 -0.4676282465 -0.1189876319 -0.5951600276 -0.3281963304 -0.6325915441 -0.1242393478 -0.5633440065 -0.3302643288 0.3595333879 -0.4632683536 -0.0654595695 -0.0547463257
-0.3197310080 -0.4518191953 -0.4792865841 -0.1435196963 -0.5997413977 -0.3438656110 -0.6374709928 -0.1483736808 -0.5550176805 -0.3245596788 0.3606408342 -0.4762541143 -0.0925676812 -0.0816691563
-0.3404376964 -0.4646238618 -0.4910486622 -0.1678489128 -0.6046528575 -0.3595709773 -0.6426326270 -0.1723196180 -0.5473414357 -0.3198288523 0.3624163434 -0.4892824549 -0.1193969186 -0.1083317003
-0.3609450809 -0.4774965324 -0.5029042310 -0.1919684951 -0.6098810965 -0.3753027008 -0.6480640323 -0.1960701669 -0.5402991952 -0.3160480569 0.3648406851 -0.5023440769 -0.1459414822 -0.1347278252
-0.3812469429 -0.4904272513 -0.5148430405 -0.2158716572 -0.6154128040 -0.3910510530 -0.6537527940 -0.2196183345 -0.5338748822 -0.3131935002 0.3678946292 -0.5154296820 -0.1721955731 -0.1608513982
-0.4013370639 -0.5034060630 -0.5268548411 -0.2395516130 -0.6212346697 -0.4068063056 -0.6596864975 -0.2429571282 -0.5280524197 -0.3112413898 0.3715589453 -0.5285299716 -0.1981533918 -0.1866962866
-0.4212092253 -0.5164230116 -0.5389293829 -0.2630015764 -0.6273333829 -0.4225587301 -0.6658527283 -0.2660795552 -0.5228157309 -0.3101679333 0.3758144031 -0.5416356474 -0.2238091392 -0.2122563579
-0.4408572087 -0.5294681416 -0.5510564159 -0.2862147613 -0.6336956331 -0.4382985981 -0.6722390718 -0.2889786226 -0.5181487391 -0.3099493384 0.3806417723 -0.5547374109 -0.2491570160 -0.2375254793
-0.4602747955 -0.5425314972 -0.5632256905 -0.3091843815 -0.6403081098 -0.4540161810 -0.6788331133 -0.3116473378 -0.5140353673 -0.3105618126 0.3860218228 -0.5678259637 -0.2741912231 -0.2624975182
-0.4794557672 -0.5556031228 -0.5754269568 -0.3319036511 -0.6471575025 -0.4697017505 -0.6856224385 -0.3340787080 -0.5104595386 -0.3119815635 0.3919353242 -0.5808920075 -0.2989059611 -0.2871663419
