0.7978540918 0.8123909653 0.9247396399 0.8711498432 0.6237867892 0.7651678177 0.9087251972 0.8709889121 0.4871848380 0.7875452641 -0.6062895072 0.8368679867 0.8608191521 0.8628137620
0.7838063490 0.8008297467 0.9163774851 0.8593635833 0.6124397028 0.7510161367 0.9031942368 0.8591947344 0.4800775276 0.7816513173 -0.5935290857 0.8257636835 0.8487505421 0.8508156741
0.7692529466 0.7889288799 0.9075552221 0.8470094870 0.6010562216 0.7364441391 0.8975404915 0.8468327685 0.4732648401 0.7758213303 -0.5806775670 0.8142918917 0.8361267664 0.8382607805
0.7541906900 0.7766888795 0.8982699939 0.8340812731 0.5896429445 0.7214512980 0.8917675014 0.8338967502 0.4667589063 0.7700627353 -0.5677407687 0.8024524330 0.8229417071 0.8251428605
0.7386163848 0.7641102601 0.8885189434 0.8205726605 0.5782064707 0.7060370862 0.8858788067 0.8203804152 0.4605718570 0.7643829644 -0.5547245082 0.7902451288 0.8091892466 0.8114556933
0.7225268361 0.7511935365 0.8782992134 0.8064773682 0.5667533992 0.6902009767 0.8798779475 0.8062774991 0.4547158231 0.7587894500 -0.5416346032 0.7776698008 0.7948632669 0.7971930581
0.7059188494 0.7379392233 0.8676079470 0.7917891150 0.5552903290 0.6739424424 0.8737684638 0.7915817376 0.4492029353 0.7532896242 -0.5284768713 0.7647262705 0.7799576505 0.7823487341
0.6887892302 0.7243478351 0.8564422869 0.7765016198 0.5438238594 0.6572609562 0.8675538959 0.7762868664 0.4440453243 0.7478909192 -0.5152571300 0.7514143594 0.7644662794 0.7669165004
0.6711347836 0.7104198866 0.8447993760 0.7606086015 0.5323605892 0.6401559911 0.8612377838 0.7603866212 0.4392551212 0.7426007673 -0.5019811970 0.7377338891 0.7483830359 0.7508901363
0.6529523153 0.6961558926 0.8326763573 0.7441037790 0.5209071176 0.6226270199 0.8548236677 0.7438747375 0.4348444565 0.7374266006 -0.4886548897 0.7236846811 0.7317018023 0.7342634210
0.6342386305 0.6815563676 0.8200703735 0.7269808713 0.5094700436 0.6046735156 0.8483150878 0.7267449512 0.4308254612 0.7323758514 -0.4752840259 0.7092665570 0.7144164608 0.7170301336
0.6149905346 0.6666218263 0.8069785678 0.7092335972 0.4980559663 0.5862949511 0.8417155840 0.7089909978 0.4272102660 0.7274559519 -0.4618744231 0.6944793385 0.6965208936 0.6991840534
0.5952048330 0.6513527835 0.7933980828 0.6908556756 0.4866714848 0.5674907994 0.8350286966 0.6906066130 0.4240110017 0.7226743343 -0.4484318989 0.6793228469 0.6780089829 0.6807189595
0.5748783311 0.6357497537 0.7793260615 0.6718408254 0.4753231981 0.5482605332 0.8282579657 0.6715855326 0.4212397992 0.7180384308 -0.4349622708 0.6637969039 0.6588746110 0.6616286311
0.5540078342 0.6198132516 0.7647596468 0.6521827655 0.4640177053 0.5286036257 0.8214069314 0.6519214921 0.4189087893 0.7135556737 -0.4214713565 0.6479013310 0.6391116602 0.6419068474
0.5325901478 0.6035437920 0.7496959815 0.6318752149 0.4527616054 0.5085195496 0.8144791339 0.6316082273 0.4170301027 0.7092334950 -0.4079649735 0.6316359498 0.6187140125 0.6215473877
0.5106220773 0.5869418894 0.7341322087 0.6109118924 0.4415614975 0.4880077780 0.8074781132 0.6106394739 0.4156158702 0.7050793272 -0.3944489395 0.6150005819 0.5976755504 0.6005440311
0.4881004279 0.5700080585 0.7180654711 0.5892865168 0.4304239807 0.4670677837 0.8004074094 0.5890089674 0.4146782227 0.7011006023 -0.3809290719 0.5979950487 0.5759901559 0.5788905568
0.4650220051 0.5527428140 0.7014929116 0.5669928072 0.4193556541 0.4456990396 0.7932705629 0.5667104437 0.4142292910 0.6973047526 -0.3674111884 0.5806191719 0.5536517114 0.5565807440
0.4413836144 0.5351466706 0.6844116732 0.5440244825 0.4083631166 0.4239010187 0.7860711135 0.5437376382 0.4142812058 0.6936992103 -0.3539011066 0.5628727730 0.5306540991 0.5336083718
