0.3789506906 0.5589029797 0.9849586437 0.5454637309 -0.7658791419 0.7659375698 0.3622004240 0.5515970488 -0.8992334982 -0.0364452566 0.5816165263 0.6163470724 0.5109496693 0.5177677203
0.3593483874 0.5579008445 0.9900153547 0.5165696762 -0.7688595420 0.7823220205 0.3804524353 0.5225454782 -0.8904769949 -0.0036724440 0.5917430231 0.6173870482 0.4799220550 0.4862867114
0.3381538402 0.5558515065 0.9940687406 0.4857111225 -0.7722830762 0.7982246625 0.3984265592 0.4915218382 -0.8813391560 0.0297785251 0.6023471472 0.6174237305 0.4468746391 0.4527684635
0.3153396651 0.5527337906 0.9970979066 0.4528560579 -0.7761607888 0.8136320147 0.4161114281 0.4584940194 -0.8718180541 0.0639135976 0.6134384347 0.6164363769 0.4117748158 0.4171801570
0.2908784782 0.5485265215 0.9990819580 0.4179724705 -0.7805037245 0.8285305963 0.4334956746 0.4234299124 -0.8619117617 0.0987387204 0.6250264215 0.6144042451 0.3745899795 0.3794889725
0.2647428957 0.5432085239 1.0000000000 0.3810283486 -0.7853229275 0.8429069263 0.4505679312 0.3862974079 -0.8516183516 0.1342598406 0.6371206437 0.6113065928 0.3352875244 0.3396620906
0.2369055336 0.5367586227 0.9998311378 0.3419916803 -0.7906294425 0.8567475237 0.4673168303 0.3470643966 -0.8409358964 0.1704829051 0.6497306374 0.6071226775 0.2938348448 0.2976666917
0.2073390081 0.5291556426 0.9985544766 0.3008304539 -0.7964343138 0.8700389075 0.4837310045 0.3056987689 -0.8298624687 0.2074138608 0.6628659385 0.6018317571 0.2501993349 0.2534699564
0.1760159354 0.5203784084 0.9961491217 0.2575126574 -0.8027485859 0.8827675967 0.4997990862 0.2621684156 -0.8183961412 0.2450586547 0.6765360830 0.5954130892 0.2043483891 0.2070390651
0.1429089315 0.5104057448 0.9925941783 0.2120062792 -0.8095833032 0.8949201105 0.5155097079 0.2164412274 -0.8065349865 0.2834232338 0.6907506071 0.5878459314 0.1562494017 0.1583411986
0.1079906126 0.4992164767 0.9878687516 0.1642793073 -0.8169495104 0.9064829679 0.5308515021 0.1684850948 -0.7942770772 0.3225135450 0.7055190467 0.5791095415 0.1058697669 0.1073435371
0.0712335948 0.4867894287 0.9819519468 0.1142997300 -0.8248582517 0.9174426878 0.5458131014 0.1182679084 -0.7816204861 0.3623355353 0.7208509378 0.5691831770 0.0531768790 0.0540132614
0.0326104942 0.4731034257 0.9748228691 0.0620355354 -0.8333205716 0.9277857894 0.5603831381 0.0657575590 -0.7685632857 0.4028951516 0.7367558165 0.5580460956 -0.0018618678 -0.0016824482
-0.0079060730 0.4581372923 0.9664606238 0.0074547118 -0.8423475147 0.9374987916 0.5745502449 0.0109219372 -0.7551035487 0.4441983410 0.7532432188 0.5456775551 -0.0592790791 -0.0597764110
-0.0503434907 0.4418698535 0.9568443160 -0.0494747528 -0.8519501254 0.9465682136 0.5883030541 -0.0462710665 -0.7412393477 0.4862510502 0.7703226807 0.5320568131 -0.1191073606 -0.1203014465
-0.0947291429 0.4242799339 0.9459530511 -0.1087848700 -0.8621394481 0.9549805743 0.6016301983 -0.1058535614 -0.7269687554 0.5290592265 0.7880037382 0.5171631273 -0.1813793181 -0.1832903742
-0.1410904133 0.4053463584 0.9337659342 -0.1705076518 -0.8729265273 0.9627223927 0.6145203099 -0.1678576568 -0.7122898444 0.5726288165 0.8062959275 0.5009757553 -0.2461275573 -0.2487760136
-0.1894546859 0.3850479516 0.9202620706 -0.2346751099 -0.8843224075 0.9697801880 0.6269620216 -0.2323154621 -0.6972006874 0.6169657675 0.8252087844 0.4834739548 -0.3133846839 -0.3167911842
-0.2398493444 0.3633635384 0.9054205654 -0.3013192562 -0.8963381331 0.9761404791 0.6389439656 -0.2992590867 -0.6816993569 0.6620760262 0.8447518450 0.4646369835 -0.3831833036 -0.3873687054
-0.2923017729 0.3402719436 0.8892205239 -0.3704721025 -0.9089847486 0.9817897851 0.6504547747 -0.3687206399 -0.6657839257 0.7079655396 0.8649346454 0.4444440991 -0.4555560222 -0.4605413967
