-0.9954514367 -0.9924213370 -0.9818541464 -0.9955210223 -0.9944667119 -0.9483650114 -0.9624602303 -0.9957681430 -0.9328211311 -0.6663813942 0.9927156663 -0.9922752814 -0.9927276436 -0.9930974624
-0.9979770523 -0.9877293617 -0.9751530174 -0.9979759690 -0.9903480678 -0.9382573460 -0.9535159749 -0.9981445825 -0.9247871854 -0.6507680786 0.9880797766 -0.9875430006 -0.9959229051 -0.9961979266
-0.9994997080 -0.9818754649 -0.9673496568 -0.9994749803 -0.9850550801 -0.9271751905 -0.9435523283 -0.9995612417 -0.9157418589 -0.6345317647 0.9822754660 -0.9816476575 -0.9982114480 -0.9983931738
-1.0000000000 -0.9748381478 -0.9584246729 -1.0000000000 -0.9785654069 -0.9151018771 -0.9325516294 -1.0000000000 -0.9056661669 -0.6176632971 0.9752814855 -0.9745679411 -0.9995761777 -0.9996661997
-0.9994585245 -0.9665959114 -0.9483586740 -0.9995329724 -0.9708567065 -0.9020207378 -0.9204962171 -0.9994427368 -0.8945411248 -0.6001535199 0.9670765859 -0.9662825407 -1.0000000000 -1.0000000000
-0.9978558778 -0.9571272570 -0.9371322681 -0.9980558414 -0.9619066371 -0.8879151048 -0.9073684303 -0.9978713316 -0.8823477478 -0.5819932777 0.9576395181 -0.9567701452 -0.9994658205 -0.9993775704
-0.9951726561 -0.9464106856 -0.9247260634 -0.9955505511 -0.9516928569 -0.8727683102 -0.8931506080 -0.9952676637 -0.8690670513 -0.5631734149 0.9469490329 -0.9460094437 -0.9979565448 -0.9977819067
-0.9913894557 -0.9344246984 -0.9111206683 -0.9919990457 -0.9401930242 -0.8565636861 -0.8778250891 -0.9916136127 -0.8546800506 -0.5436847757 0.9349838812 -0.9339791254 -0.9954550786 -0.9951960046
-0.9864868727 -0.9211477967 -0.8962966909 -0.9873832692 -0.9273847971 -0.8392845646 -0.8613742125 -0.9868910580 -0.8391677609 -0.5235182047 0.9217228138 -0.9206578793 -0.9919443274 -0.9916028598
-0.9804455035 -0.9065584814 -0.8802347393 -0.9816851655 -0.9132458338 -0.8209142779 -0.8437803172 -0.9810818790 -0.8225111976 -0.5026645461 0.9071445816 -0.9060243945 -0.9874071970 -0.9869854681
-0.9732459442 -0.8906352538 -0.8629154218 -0.9748866790 -0.8977537926 -0.8014361580 -0.8250257420 -0.9741679551 -0.8046913760 -0.4811146444 0.8912279354 -0.8900573601 -0.9818265929 -0.9813268252
-0.9648687911 -0.8733566151 -0.8443193465 -0.9669697535 -0.8808863318 -0.7808335371 -0.8050928259 -0.9661311659 -0.7856893114 -0.4588593440 0.8739516262 -0.8727354652 -0.9751854208 -0.9746099269
-0.9552946405 -0.8547010663 -0.8244271217 -0.9579163331 -0.8626211094 -0.7590897473 -0.7839639078 -0.9569533906 -0.7654860191 -0.4358894892 0.8552944047 -0.8540373988 -0.9674665862 -0.9668177688
-0.9445040885 -0.8346471086 -0.8032193556 -0.9477083620 -0.8429357837 -0.7361881207 -0.7616213267 -0.9466165089 -0.7440625143 -0.4121959245 0.8352350219 -0.8339418502 -0.9586529950 -0.9579333468
-0.9324777314 -0.8131732432 -0.7806766564 -0.9363277841 -0.8218080131 -0.7121119894 -0.7380474215 -0.9351024000 -0.7213998125 -0.3877694941 0.8137522285 -0.8124275082 -0.9487275525 -0.9479396565
-0.9191961655 -0.7902579712 -0.7567796322 -0.9237565437 -0.7992154555 -0.6868446856 -0.7132245311 -0.9223929435 -0.6974789288 -0.3626010426 0.7908247755 -0.7894730621 -0.9376731646 -0.9368196937
-0.9046399869 -0.7658797937 -0.7315088913 -0.9099765846 -0.7751357694 -0.6603695413 -0.6871349944 -0.9084700188 -0.6722808787 -0.3366814142 0.7664314137 -0.7650572010 -0.9254727368 -0.9245564542
-0.8887897920 -0.7400172120 -0.7048450418 -0.8949698511 -0.7495466128 -0.6326698887 -0.6597611504 -0.8933155053 -0.6457866774 -0.3100014535 0.7405508939 -0.7391586138 -0.9121091748 -0.9111329336
-0.8716261769 -0.7126487271 -0.6767686920 -0.8787182871 -0.7224256441 -0.6037290599 -0.6310853379 -0.8769112825 -0.6179773402 -0.2825520047 0.7131619671 -0.7117559897 -0.8975653841 -0.8965321277
-0.8531297380 -0.6837528402 -0.6472604500 -0.8612038368 -0.6937505214 -0.5735303870 -0.6010898960 -0.8592392298 -0.5888338825 -0.2543239122 0.6842433840 -0.6828280178 -0.8818242705 -0.8807370322
