-0.9773460533 -0.9875058804 -0.9747453237 -0.9162396511 -0.9938076396 -0.9848798245 -1.0000000000 -0.9168921580 -0.8474654403 -0.9984932746 0.9905255969 -0.9860407677 -0.9070957555 -0.9122733910
-0.9823050014 -0.9912167558 -0.9800195239 -0.9250172910 -0.9908555793 -0.9889618479 -0.9997293127 -0.9256421896 -0.8376957880 -0.9969322000 0.9937312576 -0.9899849186 -0.9162279211 -0.9211978349
-0.9866325472 -0.9942644378 -0.9846574734 -0.9332699189 -0.9873520702 -0.9923877527 -0.9989592933 -0.9338663702 -0.8276715923 -0.9948426844 0.9962713019 -0.9932639426 -0.9248463438 -0.9296029521
-0.9903376657 -0.9966577648 -0.9886674090 -0.9410045133 -0.9833055755 -0.9951668105 -0.9976965161 -0.9415716943 -0.8173973274 -0.9922322529 0.9981559562 -0.9958869210 -0.9329578018 -0.9374956809
-0.9934293318 -0.9984055753 -0.9920575677 -0.9482280530 -0.9787245583 -0.9973082926 -0.9959475556 -0.9487651565 -0.8068774676 -0.9891084304 0.9993954468 -0.9978629348 -0.9405690729 -0.9448829598
-0.9959165206 -0.9995167075 -0.9948361864 -0.9549475164 -0.9736174819 -0.9988214706 -0.9937189863 -0.9554537515 -0.7961164870 -0.9854787421 1.0000000000 -0.9992010651 -0.9476869353 -0.9517717273
-0.9978082068 -1.0000000000 -0.9970115020 -0.9611698821 -0.9679928093 -0.9997156159 -0.9910173826 -0.9616444738 -0.7851188600 -0.9813507131 0.9999798422 -0.9999103932 -0.9543181669 -0.9581689218
-0.9991133655 -0.9998642910 -0.9985917515 -0.9669021287 -0.9618590037 -1.0000000000 -0.9878493191 -0.9673443181 -0.7738890609 -0.9767318685 0.9993451997 -1.0000000000 -0.9604695457 -0.9640814817
-0.9998409716 -0.9991184190 -0.9995851719 -0.9721512348 -0.9552245282 -0.9996838943 -0.9842213701 -0.9725602790 -0.7624315638 -0.9716297334 0.9981062988 -0.9994789668 -0.9661478498 -0.9695163455
-1.0000000000 -0.9977712224 -1.0000000000 -0.9769241790 -0.9480978460 -0.9987765702 -0.9801401100 -0.9772993510 -0.7507508430 -0.9660518328 0.9962733659 -0.9983563746 -0.9713598572 -0.9744804515
-0.9995994257 -0.9958315395 -0.9998444728 -0.9812279397 -0.9404874203 -0.9972872993 -0.9756121135 -0.9815685289 -0.7388513728 -0.9600056919 0.9938566274 -0.9966413047 -0.9761123459 -0.9789807382
-0.9986482236 -0.9933082087 -0.9991268272 -0.9850694957 -0.9324017142 -0.9952253531 -0.9706439548 -0.9853748071 -0.7267376274 -0.9534988358 0.9908663094 -0.9943428380 -0.9804120939 -0.9830241441
-0.9971553687 -0.9902100685 -0.9978553001 -0.9884558255 -0.9238491908 -0.9926000028 -0.9652422085 -0.9887251804 -0.7144140812 -0.9465387895 0.9873126385 -0.9914700558 -0.9842658792 -0.9866176076
-0.9951298358 -0.9865459572 -0.9960381285 -0.9913939076 -0.9148383133 -0.9894205201 -0.9594134490 -0.9916266432 -0.7018852082 -0.9391330782 0.9832058409 -0.9880320392 -0.9876804799 -0.9897680671
-0.9925806000 -0.9823247131 -0.9936835493 -0.9938907206 -0.9053775448 -0.9856961764 -0.9531642508 -0.9940861903 -0.6891554829 -0.9312892269 0.9785561429 -0.9840378693 -0.9906626740 -0.9924824610
-0.9895166362 -0.9775551747 -0.9907997994 -0.9959532432 -0.8954753485 -0.9814362431 -0.9465011883 -0.9961108162 -0.6762293794 -0.9230147608 0.9733737710 -0.9794966271 -0.9932192394 -0.9947677278
-0.9859469193 -0.9722461804 -0.9873951158 -0.9975884538 -0.8851401876 -0.9766499917 -0.9394308360 -0.9977075155 -0.6631113719 -0.9143172048 0.9676689513 -0.9744173940 -0.9953569542 -0.9966308059
-0.9818804243 -0.9664065686 -0.9834777354 -0.9988033311 -0.8743805251 -0.9713466937 -0.9319597683 -0.9988832828 -0.6498059349 -0.9052040842 0.9614519104 -0.9688092509 -0.9970825965 -0.9980786337
-0.9773261260 -0.9600451776 -0.9790558951 -0.9996048537 -0.8632048243 -0.9655356205 -0.9240945597 -0.9996451128 -0.6363175425 -0.8956829240 0.9547328744 -0.9626812790 -0.9984029442 -0.9991181497
-0.9722929995 -0.9531708459 -0.9741378319 -1.0000000000 -0.8516215482 -0.9592260435 -0.9158417847 -1.0000000000 -0.6226506689 -0.8857612493 0.9475220698 -0.9560425594 -0.9993247753 -0.9997562924
