-0.2044948750 -0.1927392704 -0.2523388612 -0.1025631436 -0.1690940673 -0.1993794297 -0.2914300302 -0.1054180122 -0.2114370724 -0.2700056895 -0.3264632359 -0.2459603162 -0.0762998492 -0.0758867986
-0.2021893087 -0.1916010939 -0.2506456456 -0.0979759939 -0.1767432415 -0.1991280209 -0.2925889080 -0.1008534764 -0.2414709009 -0.2815383010 -0.3090423293 -0.2448172354 -0.0713704461 -0.0708357537
-0.1997739761 -0.1903505787 -0.2488283369 -0.0933141180 -0.1842451326 -0.1987585781 -0.2936011139 -0.0962134240 -0.2713000103 -0.2928814286 -0.2916948106 -0.2435490507 -0.0663742098 -0.0657185372
-0.1972426339 -0.1889806887 -0.2468801981 -0.0885730019 -0.1915866448 -0.1982634409 -0.2944578769 -0.0914933210 -0.3008985649 -0.3040191380 -0.2744398386 -0.2421486529 -0.0613069012 -0.0605309949
-0.1945890386 -0.1874843879 -0.2447944922 -0.0837481309 -0.1987546824 -0.1976349486 -0.2951504261 -0.0866886331 -0.3302407290 -0.3149354952 -0.2572965722 -0.2406089326 -0.0561642809 -0.0552689725
-0.1918069470 -0.1858546404 -0.2425644825 -0.0788349909 -0.2057361494 -0.1968654409 -0.2956699902 -0.0817948262 -0.3593006666 -0.3256145658 -0.2402841702 -0.2389227806 -0.0509421098 -0.0499283158
-0.1888901157 -0.1840844102 -0.2401834319 -0.0738290674 -0.2125179501 -0.1959472572 -0.2960077984 -0.0768073662 -0.3880525421 -0.3360404157 -0.2234217914 -0.2370830879 -0.0456361487 -0.0445048705
-0.1858323013 -0.1821666613 -0.2376446037 -0.0687258461 -0.2190869887 -0.1948727370 -0.2961550795 -0.0717217189 -0.4164705197 -0.3461971107 -0.2067285948 -0.2350827451 -0.0402421584 -0.0389944823
-0.1826272605 -0.1800943577 -0.2349412609 -0.0635208125 -0.2254301694 -0.1936342198 -0.2961030625 -0.0665333501 -0.4445287635 -0.3560687166 -0.1902237391 -0.2329146430 -0.0347558996 -0.0333929971
-0.1792687499 -0.1778604634 -0.2320666667 -0.0582094525 -0.2315343963 -0.1922240450 -0.2958429764 -0.0612377257 -0.4722014378 -0.3656392993 -0.1739263832 -0.2305716724 -0.0291731333 -0.0276962605
-0.1757505262 -0.1754579423 -0.2290140841 -0.0527872515 -0.2373865736 -0.1906345522 -0.2953660501 -0.0558303115 -0.4994627068 -0.3748929245 -0.1578556859 -0.2280467241 -0.0234896201 -0.0219001184
-0.1720663460 -0.1728797586 -0.2257767763 -0.0472496952 -0.2429736056 -0.1888580809 -0.2946635125 -0.0503065734 -0.5262867347 -0.3838136580 -0.1420308062 -0.2253326889 -0.0177011210 -0.0160004164
-0.1682099659 -0.1701188762 -0.2223480063 -0.0415922693 -0.2482823963 -0.1868869705 -0.2937265926 -0.0446619772 -0.5526476858 -0.3923855657 -0.1264709027 -0.2224224575 -0.0118033966 -0.0099930003
-0.1641751427 -0.1671682592 -0.2187210374 -0.0358104594 -0.2532998501 -0.1847135606 -0.2925465195 -0.0388919888 -0.5785197243 -0.4005927134 -0.1111951345 -0.2193089208 -0.0057922077 -0.0038737159
-0.1599556330 -0.1640208715 -0.2148891325 -0.0298997511 -0.2580128711 -0.1823301906 -0.2911145219 -0.0329920740 -0.6038770143 -0.4084191668 -0.0962226602 -0.2159849695 0.0003366848 0.0023615911
-0.1555451933 -0.1606696771 -0.2108455548 -0.0238556301 -0.2624083634 -0.1797292001 -0.2894218289 -0.0269576986 -0.6286937201 -0.4158489918 -0.0815726388 -0.2124434945 0.0065875201 0.0087170750
-0.1509375804 -0.1571076401 -0.2065835674 -0.0176735821 -0.2664732313 -0.1769029284 -0.2874596695 -0.0207843286 -0.6529440060 -0.4228662542 -0.0672642291 -0.2086773864 0.0129645374 0.0151968900
-0.1461265509 -0.1533277245 -0.2020964334 -0.0113490926 -0.2701943790 -0.1738437152 -0.2852192725 -0.0144674297 -0.6766020360 -0.4294550198 -0.0533165900 -0.2046795362 0.0194719760 0.0218051903
-0.1411058614 -0.1493228942 -0.1973774159 -0.0048776472 -0.2735587106 -0.1705438999 -0.2826918670 -0.0080024678 -0.6996419746 -0.4355993544 -0.0397488803 -0.2004428344 0.0261140750 0.0285461302
-0.1358692687 -0.1450861133 -0.1924197781 0.0017452683 -0.2765531304 -0.1669958219 -0.2798686818 -0.0013849088 -0.7220379857 -0.4412833239 -0.0265802588 -0.1959601721 0.0328950737 0.0354238640
