-0.7097280490 -0.8001994116 -0.7573488820 -0.6575459663 -0.9518476955 -0.8172797138 -0.8755476995 -0.6553569789 -0.9976878107 -0.9331661646 0.9939070157 -0.7855558158 -0.6505068008 -0.6548911456
-0.6994550805 -0.7919134648 -0.7481145492 -0.6472983173 -0.9472949134 -0.8094193689 -0.8689276625 -0.6450827448 -0.9986414259 -0.9284160893 0.9924350934 -0.7769020043 -0.6405084296 -0.6449113967
-0.6890296711 -0.7834629388 -0.7387215884 -0.6369634687 -0.9425278600 -0.8013928425 -0.8621279737 -0.6347219999 -0.9993468392 -0.9234840199 0.9908049120 -0.7680848355 -0.6304404828 -0.6348591778
-0.6784531949 -0.7748480572 -0.7291707661 -0.6265444220 -0.9375454473 -0.7932000945 -0.8551480328 -0.6242777612 -0.9998007856 -0.9183681508 0.9890166695 -0.7591047645 -0.6203062186 -0.6247376961
-0.6677270263 -0.7660690434 -0.7194628491 -0.6160441786 -0.9323465875 -0.7848410850 -0.8479872395 -0.6137530459 -1.0000000000 -0.9130666767 0.9870705638 -0.7499622465 -0.6101088950 -0.6145501587
-0.6568525393 -0.7571261209 -0.7095986039 -0.6054657400 -0.9269301928 -0.7763157739 -0.8406449935 -0.6031508709 -0.9999412175 -0.9075777920 0.9849667929 -0.7406577369 -0.5998517704 -0.6042997727
-0.6458311083 -0.7480195132 -0.6995787972 -0.5948121078 -0.9212951753 -0.7676241212 -0.8331206945 -0.5924742533 -0.9996211732 -0.9018996914 0.9827055547 -0.7311916908 -0.5895381029 -0.5939897454
-0.6346641075 -0.7387494436 -0.6894041955 -0.5840862834 -0.9154404473 -0.7587660871 -0.8254137423 -0.5817262100 -0.9990366019 -0.8960305693 0.9802870472 -0.7215645633 -0.5791711506 -0.5836232838
-0.6233529111 -0.7293161357 -0.6790755656 -0.5732912683 -0.9093649209 -0.7497416313 -0.8175235364 -0.5709097581 -0.9981842388 -0.8899686203 0.9777114682 -0.7117768099 -0.5687541718 -0.5732035950
-0.6118988933 -0.7197198129 -0.6685936740 -0.5624300640 -0.9030675083 -0.7405507141 -0.8094494766 -0.5600279147 -0.9970608188 -0.8837120389 0.9749790157 -0.7018288855 -0.5582904246 -0.5627338862
-0.6003034283 -0.7099606987 -0.6579592874 -0.5515056719 -0.8965471216 -0.7311932953 -0.8011909626 -0.5490836968 -0.9956630769 -0.8772590196 0.9720898877 -0.6917212455 -0.5477831673 -0.5522173645
-0.5885678905 -0.7000390166 -0.6471731724 -0.5405210937 -0.8898026731 -0.7216693350 -0.7927473941 -0.5380801213 -0.9939877482 -0.8706077570 0.9690442821 -0.6814543451 -0.5372356579 -0.5416572370
-0.5766936539 -0.6899549899 -0.6362360957 -0.5294793308 -0.8828330748 -0.7119787931 -0.7841181708 -0.5270202054 -0.9920315677 -0.8637564457 0.9658423968 -0.6710286395 -0.5266511546 -0.5310567109
-0.5646820929 -0.6797088423 -0.6251488238 -0.5183833846 -0.8756372389 -0.7021216298 -0.7753026923 -0.5159069660 -0.9897912703 -0.8567032802 0.9624844298 -0.6604445839 -0.5160329157 -0.5204189932
-0.5525345816 -0.6693007970 -0.6139121234 -0.5072362567 -0.8682140778 -0.6920978049 -0.7663003584 -0.5047434201 -0.9872635911 -0.8494464549 0.9589705790 -0.6497026335 -0.5053841993 -0.5097472912
-0.5402524943 -0.6587310777 -0.6025267612 -0.4960409485 -0.8605625033 -0.6819072785 -0.7571105688 -0.4935325849 -0.9844452651 -0.8419841646 0.9553010423 -0.6388032435 -0.4947082636 -0.4990448119
-0.5278372051 -0.6479999077 -0.5909935037 -0.4848004616 -0.8526814279 -0.6715500106 -0.7477327231 -0.4822774773 -0.9813330272 -0.8343146036 0.9514760177 -0.6277468692 -0.4840083668 -0.4883147625
-0.5152900885 -0.6371075105 -0.5793131176 -0.4735177974 -0.8445697636 -0.6610259612 -0.7381662211 -0.4709811144 -0.9779236126 -0.8264359665 0.9474957031 -0.6165339657 -0.4732877671 -0.4775603501
-0.5026125184 -0.6260541096 -0.5674863695 -0.4621959574 -0.8362264226 -0.6503350903 -0.7284104624 -0.4596465131 -0.9742137562 -0.8183464479 0.9433602965 -0.6051649882 -0.4625497225 -0.4667847818
-0.4898058693 -0.6148399284 -0.5555140260 -0.4508379432 -0.8276503171 -0.6394773579 -0.7184648468 -0.4482766905 -0.9702001930 -0.8100442423 0.9390699957 -0.5936403921 -0.4517974914 -0.4559912648
