-0.0664645540 -0.1315838972 0.0959625628 0.2801502227 -0.7939394225 -0.2004285049 -0.1076690380 0.2757074518 -0.9210392985 -0.1338609702 0.9629568242 -0.1493801713 0.3059068133 0.2935257685
-0.0464318703 -0.1093777166 0.1144807106 0.2942693489 -0.7834053212 -0.1774375088 -0.0857153315 0.2899052122 -0.9154524394 -0.1114772751 0.9593719996 -0.1269882443 0.3194346185 0.3072797596
-0.0260420876 -0.0868368006 0.1332290046 0.3086003920 -0.7725833556 -0.1540642010 -0.0634436722 0.3043166175 -0.9096617941 -0.0887619300 0.9556134022 -0.1042487792 0.3331706741 0.3212464856
-0.0052929538 -0.0639592340 0.1522086803 0.3231446842 -0.7614717462 -0.1303063398 -0.0408523236 0.3189430100 -0.9036661296 -0.0657132779 0.9516799738 -0.0811597442 0.3471163144 0.3354273071
0.0158177827 -0.0407431014 0.1714209733 0.3379035573 -0.7500687131 -0.1061616836 -0.0179395489 0.3337857325 -0.8974642129 -0.0423296617 0.9475706563 -0.0577191075 0.3612728738 0.3498235843
0.0372923738 -0.0171864876 0.1908671190 0.3528783435 -0.7383724768 -0.0816279906 0.0052963886 0.3488461272 -0.8910548111 -0.0186094242 0.9432843917 -0.0339248370 0.3756416869 0.3644366774
0.0591330714 0.0067125227 0.2105483531 0.3680703748 -0.7263812577 -0.0567030192 0.0288572255 0.3641255368 -0.8844366911 0.0054490917 0.9388201219 -0.0097749011 0.3902240880 0.3792679469
0.0813421273 0.0309558448 0.2304659108 0.3834809831 -0.7140932760 -0.0313845277 0.0527446985 0.3796253037 -0.8776086200 0.0298475430 0.9341767887 0.0147327323 0.4050214116 0.3943187530
0.1039217932 0.0555453941 0.2506210279 0.3991115006 -0.7015067521 -0.0056702745 0.0769605443 0.3953467705 -0.8705693649 0.0545875869 0.9293533341 0.0396000950 0.4200349920 0.4095904561
0.1268743211 0.0804830859 0.2710149398 0.4149632592 -0.6886199064 0.0204419822 0.1015064996 0.4112912795 -0.8633176928 0.0796708804 0.9243487001 0.0648292188 0.4352661637 0.4250844164
0.1502019627 0.1057708354 0.2916488820 0.4310375910 -0.6754309592 0.0469544840 0.1263843010 0.4274601734 -0.8558523706 0.1050990807 0.9191618284 0.0904221357 0.4507162611 0.4408019943
0.1739069698 0.1314105580 0.3125240899 0.4473358280 -0.6619381308 0.0738694726 0.1515956852 0.4438547945 -0.8481721655 0.1308738448 0.9137916611 0.1163808775 0.4663866186 0.4567445500
0.1979915944 0.1574041690 0.3336417992 0.4638593022 -0.6481396417 0.1011891897 0.1771423890 0.4604764855 -0.8402758445 0.1569968299 0.9082371400 0.1427074762 0.4822785707 0.4729134440
0.2224580882 0.1837535837 0.3550032454 0.4806093456 -0.6340337120 0.1289158769 0.2030261490 0.4773265887 -0.8321621745 0.1834696931 0.9024972071 0.1694039635 0.4983934518 0.4893100365
0.2473087030 0.2104607173 0.3766096638 0.4975872903 -0.6196185623 0.1570517759 0.2292487018 0.4944064467 -0.8238299227 0.2102940914 0.8965708042 0.1964723714 0.5147325963 0.5059356878
0.2725456906 0.2375274853 0.3984622902 0.5147944684 -0.6048924128 0.1855991285 0.2558117843 0.5117174021 -0.8152778560 0.2374716820 0.8904568733 0.2239147318 0.5312973386 0.5227917582
0.2981713030 0.2649558028 0.4205623598 0.5322322117 -0.5898534838 0.2145601762 0.2827171329 0.5292607971 -0.8065047415 0.2650041220 0.8841543562 0.2517330765 0.5480890132 0.5398796080
0.3241877919 0.2927475852 0.4429111084 0.5499018524 -0.5744999958 0.2439371608 0.3099664845 0.5470379745 -0.7975093462 0.2928930684 0.8776621950 0.2799294373 0.5651089544 0.5572005977
0.3505974091 0.3209047479 0.4655097713 0.5678047225 -0.5588301691 0.2737323239 0.3375615757 0.5650502766 -0.7882904372 0.3211401784 0.8709793314 0.3085058463 0.5823584967 0.5747560873
0.3774024065 0.3494292061 0.4883595841 0.5859421540 -0.5428422239 0.3039479072 0.3655041431 0.5832990460 -0.7788467814 0.3497471091 0.8641047075 0.3374643352 0.5998389746 0.5925474374
