-0.7111020298 -0.7294543283 -0.7075833389 -0.6762307478 -0.4274295244 -0.4331101647 -0.6951645286 -0.6769485377 -0.2431271527 0.3277791733 -0.0203605142 -0.7279655160 -0.6873768978 -0.6724867695
-0.7251620383 -0.7424637833 -0.7210334217 -0.6921367322 -0.4485222187 -0.4545058226 -0.7085786605 -0.6928043770 -0.2635339209 0.3081567320 0.0002909157 -0.7410690291 -0.7029990784 -0.6885189868
-0.7389835680 -0.7552725158 -0.7342987020 -0.7077438317 -0.4693933678 -0.4756792513 -0.7218372629 -0.7083634916 -0.2838361120 0.2884166180 0.0209422365 -0.7539680901 -0.7183085574 -0.7042424179
-0.7525572323 -0.7678705343 -0.7473686060 -0.7230435661 -0.4900318784 -0.4966180460 -0.7349290078 -0.7236173630 -0.3040254727 0.2685665752 0.0415856184 -0.7666527708 -0.7332979434 -0.7196493373
-0.7658736445 -0.7802478471 -0.7602325599 -0.7380274552 -0.5104266575 -0.5173098017 -0.7478425668 -0.7385574727 -0.3240937495 0.2486143473 0.0622132317 -0.7791131431 -0.7479598453 -0.7347320194
-0.7789234180 -0.7923944628 -0.7728799900 -0.7526870189 -0.5305666117 -0.5377421136 -0.7605666119 -0.7531753021 -0.3440326891 0.2285676784 0.0828172469 -0.7913392787 -0.7622868719 -0.7494827389
-0.7916971660 -0.8043003899 -0.7853003226 -0.7670137768 -0.5504406481 -0.5579025767 -0.7730898149 -0.7674623329 -0.3638340381 0.2084343122 0.1033898343 -0.8033212495 -0.7762716320 -0.7638937701
-0.8041855020 -0.8159556368 -0.7974829840 -0.7809992487 -0.5700376734 -0.5777787863 -0.7854008477 -0.7814100464 -0.3834895429 0.1882219926 0.1239231641 -0.8150491274 -0.7899067342 -0.7779573876
-0.8163790393 -0.8273502120 -0.8094174004 -0.7946349546 -0.5893465945 -0.5973583374 -0.7974883820 -0.7950099241 -0.4029909503 0.1679384636 0.1444094067 -0.8265129841 -0.8031847874 -0.7916658658
-0.8282683912 -0.8384741240 -0.8210929981 -0.8079124140 -0.6083563182 -0.6166288251 -0.8093410898 -0.8082534475 -0.4223300067 0.1475914689 0.1648407325 -0.8377028915 -0.8160984004 -0.8050114792
-0.8398441712 -0.8493173812 -0.8324992034 -0.8208231469 -0.6270557514 -0.6355778446 -0.8209476429 -0.8211320981 -0.4414984587 0.1271887524 0.1852093118 -0.8486089213 -0.8286401819 -0.8179865024
-0.8510969924 -0.8598699920 -0.8436254425 -0.8333586730 -0.6454338009 -0.6541929909 -0.8322967130 -0.8336373574 -0.4604880530 0.1067380581 0.2055073148 -0.8592211455 -0.8408027408 -0.8305832098
-0.8620174684 -0.8701219652 -0.8544611417 -0.8455105121 -0.6634793736 -0.6724618592 -0.8433769722 -0.8457607069 -0.4792905362 0.0862471295 0.2257269120 -0.8695296359 -0.8525786857 -0.8427938760
-0.8725962123 -0.8800633089 -0.8649957273 -0.8572701841 -0.6811813763 -0.6903720446 -0.8541770922 -0.8574936280 -0.4978976547 0.0657237109 0.2458602737 -0.8795244642 -0.8639606255 -0.8546107753
-0.8828238377 -0.8896840318 -0.8752186256 -0.8686292085 -0.6985287158 -0.7079111421 -0.8646857448 -0.8688276022 -0.5163011552 0.0451755460 0.2658995701 -0.8891957024 -0.8749411688 -0.8660261824
-0.8926909578 -0.8989741422 -0.8851192628 -0.8795791054 -0.7155102990 -0.7250667470 -0.8748916019 -0.8797541110 -0.5344927843 0.0246103786 0.2858369717 -0.8985334221 -0.8855129246 -0.8770323716
-0.9021881859 -0.9079236488 -0.8946870652 -0.8901113944 -0.7321150328 -0.7418264543 -0.8847833354 -0.8902646360 -0.5524642886 0.0040359527 0.3056646488 -0.9075276954 -0.8956685016 -0.8876216175
-0.9113061355 -0.9165225599 -0.9039114590 -0.9002175954 -0.7483318240 -0.7581778591 -0.8943496171 -0.9003506585 -0.5702074145 -0.0165399880 0.3253747716 -0.9161685939 -0.9054005085 -0.8977861946
-0.9200354199 -0.9247608840 -0.9127818706 -0.9098892281 -0.7641495793 -0.7741085565 -0.9035791188 -0.9100036601 -0.5877139088 -0.0371096995 0.3449595106 -0.9244461895 -0.9147015542 -0.9075183773
-0.9283666524 -0.9326286295 -0.9212877262 -0.9191178123 -0.7795572058 -0.7896061418 -0.9124605123 -0.9192151222 -0.6049755180 -0.0576654380 0.3644110361 -0.9323505541 -0.9235642473 -0.9168104402
