0.9913056077 0.8459724914 0.8237419618 0.9707121797 -0.4663154488 0.4551735199 -0.2578232145 0.9710357305 -0.8998467755 -0.7483164396 -0.4375593486 0.8524148060 0.9630139207 0.9630755955
0.9887957382 0.8534421518 0.8316607070 0.9665201988 -0.4556426094 0.4636567155 -0.2480055634 0.9668635263 -0.8930515912 -0.7397675981 -0.4318952064 0.8595792644 0.9584060539 0.9584708208
0.9859592003 0.8607524127 0.8394259818 0.9620326007 -0.4448587173 0.4721031314 -0.2381103930 0.9623954350 -0.8860116771 -0.7310391035 -0.4260768024 0.8665897473 0.9535109579 0.9535787533
0.9827928647 0.8679011686 0.8470356695 0.9572466173 -0.4339636170 0.4805121174 -0.2281374636 0.9576286804 -0.8787250403 -0.7221292851 -0.4201019810 0.8734443083 0.9483259510 0.9483967108
0.9792936023 0.8748863142 0.8544876533 0.9521594807 -0.4229571526 0.4888830232 -0.2180865356 0.9525604866 -0.8711896882 -0.7130364724 -0.4139685864 0.8801410010 0.9428483519 0.9429220111
0.9754582838 0.8817057438 0.8617798165 0.9467684230 -0.4118391687 0.4972151983 -0.2079573691 0.9471880776 -0.8634036280 -0.7037589946 -0.4076744629 0.8866778791 0.9370754788 0.9371519720
0.9712837800 0.8883573520 0.8689100422 0.9410706763 -0.4006095094 0.5055079925 -0.1977497245 0.9415086774 -0.8553648670 -0.6942951813 -0.4012174547 0.8930529962 0.9310046503 0.9310839114
0.9667669619 0.8948390334 0.8758762138 0.9350634726 -0.3892680192 0.5137607555 -0.1874633621 0.9355195101 -0.8470714123 -0.6846433618 -0.3945954061 0.8992644060 0.9246331849 0.9247151470
0.9619047001 0.9011486825 0.8826762143 0.9287440441 -0.3778145424 0.5219728369 -0.1770980420 0.9292177996 -0.8385212712 -0.6748018655 -0.3878061613 0.9053101621 0.9179584009 0.9180429968
0.9566938655 0.9072841938 0.8893079271 0.9221096228 -0.3662489233 0.5301435865 -0.1666535247 0.9226007699 -0.8297124510 -0.6647690218 -0.3808475645 0.9111883182 0.9109776169 0.9110647784
0.9511313290 0.9132434619 0.8957692353 0.9151574407 -0.3545710063 0.5382723537 -0.1561295704 0.9156656450 -0.8206429589 -0.6545431600 -0.3737174601 0.9168969280 0.9036881512 0.9037778098
0.9452139612 0.9190243812 0.9020580222 0.9078847300 -0.3427806357 0.5463584885 -0.1455259394 0.9084096490 -0.8113108021 -0.6441226096 -0.3664136923 0.9224340450 0.8960873224 0.8961794087
0.9389386332 0.9246248464 0.9081721710 0.9002887228 -0.3308776558 0.5544013403 -0.1348423919 0.9008300059 -0.8017139879 -0.6335057000 -0.3589341053 0.9277977230 0.8881724489 0.8882668929
0.9323022155 0.9300427519 0.9141095649 0.8923666511 -0.3188619110 0.5624002590 -0.1240786883 0.8929239396 -0.7918505236 -0.6226907606 -0.3512765434 0.9329860156 0.8799408491 0.8800375803
0.9253015791 0.9352759922 0.9198680872 0.8841157469 -0.3067332457 0.5703545941 -0.1132345889 0.8846886742 -0.7817184162 -0.6116761207 -0.3434388509 0.9379969764 0.8713898416 0.8714887887
0.9179335949 0.9403224620 0.9254456210 0.8755332424 -0.2944915041 0.5782636954 -0.1023098538 0.8761214337 -0.7713156732 -0.6004601097 -0.3354188719 0.9428286591 0.8625167446 0.8626178358
0.9101951335 0.9451800557 0.9308400497 0.8666163697 -0.2821365306 0.5861269124 -0.0913042434 0.8672194421 -0.7606403017 -0.5890410571 -0.3272144508 0.9474791173 0.8533188768 0.8534220396
0.9020830658 0.9498466678 0.9360492563 0.8573623608 -0.2696681695 0.5939435950 -0.0802175180 0.8579799233 -0.7496903090 -0.5774172922 -0.3188234317 0.9519464048 0.8437935566 0.8438987179
0.8935942626 0.9543201930 0.9410711242 0.8477684478 -0.2570862653 0.6017130927 -0.0690494379 0.8484001015 -0.7384637023 -0.5655871445 -0.3102436590 0.9562285750 0.8339381024 0.8340451883
0.8847255947 0.9585985256 0.9459035366 0.8378318627 -0.2443906621 0.6094347552 -0.0577997633 0.8384772006 -0.7269584889 -0.5535489432 -0.3014729769 0.9603236818 0.8237498326 0.8238587689
