0.1048747938 0.0818933694 0.0824320621 0.1934354761 0.1613152222 -0.0301462519 0.0807555046 0.1930365281 0.1923487912 0.0465150908 -0.2617172762 0.0987534454 0.1893144755 0.1980343889
0.1154314171 0.0931780361 0.0945651686 0.2028077475 0.1695031758 -0.0139003828 0.0922354780 0.2024113430 0.1992397160 0.0691463036 -0.2671123662 0.1106524474 0.1984716327 0.2072353566
0.1256991834 0.1041719626 0.1063987142 0.2118818136 0.1774128448 0.0020513858 0.1034229867 0.2114880234 0.2058581143 0.0917459168 -0.2722334265 0.1222503278 0.2073337874 0.2161387583
0.1356654757 0.1148621751 0.1179192315 0.2206454922 0.1850328250 0.0176939833 0.1143049471 0.2202543866 0.2121932456 0.1143035808 -0.2770703866 0.1335337086 0.2158888939 0.2247324978
0.1453176769 0.1252356999 0.1291132534 0.2290866011 0.1923517121 0.0330123392 0.1248682752 0.2286982502 0.2182343695 0.1368089458 -0.2816131762 0.1444892120 0.2241249063 0.2330044794
0.1546431701 0.1352795631 0.1399673125 0.2371929581 0.1993581019 0.0479913826 0.1350998872 0.2368074317 0.2239707455 0.1592516624 -0.2858517247 0.1551034599 0.2320297790 0.2409426070
0.1636293381 0.1449807909 0.1504679418 0.2449523811 0.2060405902 0.0626160430 0.1449866995 0.2445697484 0.2293916330 0.1816213807 -0.2897759616 0.1653630744 0.2395914662 0.2485347847
0.1722635639 0.1543264095 0.1606016739 0.2523526879 0.2123877727 0.0768712498 0.1545156281 0.2519730179 0.2344862915 0.2039077512 -0.2933758165 0.1752546778 0.2467979221 0.2557689165
0.1805332305 0.1633034452 0.1703550417 0.2593816962 0.2183882452 0.0907419321 0.1636735893 0.2590050576 0.2392439807 0.2261004241 -0.2966412188 0.1847648920 0.2536371010 0.2626329066
0.1884257207 0.1718989241 0.1797145778 0.2660272240 0.2240306034 0.1042130194 0.1724474992 0.2656536851 0.2436539599 0.2481890500 -0.2995620981 0.1938803392 0.2600969572 0.2691146589
0.1959284177 0.1800998724 0.1886668151 0.2722770889 0.2293034432 0.1172694411 0.1808242741 0.2719067177 0.2477054886 0.2701632790 -0.3021283839 0.2025876414 0.2661654447 0.2752020776
0.2030287042 0.1878933162 0.1971982862 0.2781191089 0.2341953602 0.1298961264 0.1887908302 0.2777519730 0.2513878265 0.2920127615 -0.3043300058 0.2108734208 0.2718305180 0.2808830666
0.2097139633 0.1952662819 0.2052955241 0.2835411017 0.2386949503 0.1420780047 0.1963340837 0.2831772684 0.2546902329 0.3137271480 -0.3061568932 0.2187242993 0.2770801313 0.2861455301
0.2159715779 0.2022057956 0.2129450614 0.2885308852 0.2427908091 0.1538000053 0.2034409506 0.2881704215 0.2576019674 0.3352960886 -0.3075989756 0.2261268992 0.2819022388 0.2909773720
0.2217889310 0.2086988834 0.2201334310 0.2930762771 0.2464715325 0.1650470576 0.2100983474 0.2927192496 0.2601122895 0.3567092338 -0.3086461826 0.2330678425 0.2862847947 0.2953664965
0.2271534055 0.2147325716 0.2268471655 0.2971650953 0.2497257162 0.1758040909 0.2162931901 0.2968115703 0.2622104586 0.3779562340 -0.3092884437 0.2395337512 0.2902157533 0.2993008075
0.2320523843 0.2202938864 0.2330727978 0.3007851575 0.2525419560 0.1860560345 0.2220123950 0.3004352010 0.2638857344 0.3990267394 -0.3095156884 0.2455112476 0.2936830689 0.3027682092
0.2364732505 0.2253698540 0.2387968606 0.3039242817 0.2549088477 0.1957878178 0.2272428782 0.3035779592 0.2651273763 0.4199104005 -0.3093178462 0.2509869536 0.2966746956 0.3057566056
0.2404033870 0.2299475005 0.2440058867 0.3065702856 0.2568149869 0.2049843701 0.2319715559 0.3062276624 0.2659246437 0.4405968675 -0.3086848467 0.2559474914 0.2991785878 0.3082539008
0.2438301767 0.2340138522 0.2486864088 0.3087109870 0.2582489696 0.2136306208 0.2361853444 0.3083721281 0.2662667963 0.4610757908 -0.3076066194 0.2603794830 0.3011826997 0.3102479988
