0.9979421004 0.9331823526 0.8322281263 0.9997212909 0.9680083256 0.9459035377 0.7976219417 0.9997433230 0.9339285077 0.6023435006 -0.9768042208 0.9059037673 0.9494548345 0.9504810706
0.9986457051 0.9382936937 0.8407606165 0.9999221490 0.9714866604 0.9503586420 0.8062140493 0.9999332516 0.9384593306 0.6112880402 -0.9795639016 0.9119037011 0.9490930987 0.9502926791
0.9992052676 0.9432199639 0.8491091553 1.0000000000 0.9747743265 0.9546395145 0.8146512551 1.0000000000 0.9428373031 0.6201589950 -0.9821589328 0.9177331859 0.9486180843 0.9499905549
0.9996188178 0.9479587960 0.8572704503 0.9999525641 0.9778695458 0.9587437325 0.8229313546 0.9999412959 0.9470615050 0.6289553250 -0.9845871694 0.9233892935 0.9480276066 0.9495724626
0.9998843853 0.9525078228 0.8652412090 0.9997775615 0.9807705402 0.9626688736 0.8310521430 0.9997548669 0.9511310164 0.6376759901 -0.9868464666 0.9288690958 0.9473194810 0.9490361670
1.0000000000 0.9568646772 0.8730181388 0.9994727120 0.9834755317 0.9664125153 0.8390114161 0.9994384406 0.9550449172 0.6463199503 -0.9889346793 0.9341696645 0.9464915230 0.9483794329
0.9999636915 0.9610269918 0.8805979473 0.9990357359 0.9859827424 0.9699722351 0.8468069691 0.9989897445 0.9588022873 0.6548861654 -0.9908496628 0.9392880715 0.9455415479 0.9476000249
0.9997734895 0.9649923994 0.8879773419 0.9984643532 0.9882903941 0.9733456104 0.8544365976 0.9984065064 0.9624022067 0.6633735954 -0.9925892720 0.9442213887 0.9444673712 0.9466957077
0.9994274239 0.9687585328 0.8951530302 0.9977562839 0.9903967087 0.9765302187 0.8618980970 0.9976864537 0.9658437554 0.6717812002 -0.9941513620 0.9489666878 0.9432668082 0.9456642462
0.9989235243 0.9723230248 0.9021217197 0.9969092482 0.9922999084 0.9795236376 0.8691892628 0.9968273141 0.9691260133 0.6801079398 -0.9955337878 0.9535210406 0.9419376743 0.9445034049
0.9982598204 0.9756835081 0.9088801178 0.9959209661 0.9939982150 0.9823234445 0.8763078905 0.9958268152 0.9722480603 0.6883527741 -0.9967344047 0.9578815191 0.9404777849 0.9432109487
0.9974343420 0.9788376155 0.9154249321 0.9947891576 0.9954898505 0.9849272168 0.8832517755 0.9946826846 0.9752089765 0.6965146630 -0.9977510676 0.9620451950 0.9388849554 0.9417846422
0.9964451189 0.9817829797 0.9217528701 0.9935115430 0.9967730368 0.9873325322 0.8900187132 0.9933926500 0.9780078417 0.7045925665 -0.9985816316 0.9660091401 0.9371570013 0.9402222501
0.9952901807 0.9845172336 0.9278606394 0.9920858422 0.9978459960 0.9895369680 0.8966064992 0.9919544388 0.9806437360 0.7125854444 -0.9992239517 0.9697704263 0.9352917379 0.9385215373
0.9939675571 0.9870380099 0.9337449473 0.9905097753 0.9987069499 0.9915381018 0.9030129289 0.9903657788 0.9831157392 0.7204922568 -0.9996758831 0.9733261254 0.9332869805 0.9366802684
0.9924752780 0.9893429414 0.9394025014 0.9887810623 0.9993541206 0.9933335111 0.9092357977 0.9886243974 0.9854229313 0.7283119636 -0.9999352809 0.9766733092 0.9311405447 0.9346962081
0.9908113730 0.9914296609 0.9448300092 0.9868974235 0.9997857300 0.9949207733 0.9152729012 0.9867280224 0.9875643923 0.7360435247 -1.0000000000 0.9798090495 0.9288502457 0.9325671211
0.9889738719 0.9932958010 0.9500241782 0.9848565787 1.0000000000 0.9962974659 0.9211220347 0.9846743814 0.9895392022 0.7436858999 -0.9998678956 0.9827304183 0.9264138991 0.9302907723
0.9869608044 0.9949389946 0.9549817159 0.9826562482 0.9999951527 0.9974611665 0.9267809938 0.9824612018 0.9913464408 0.7512380494 -0.9995368227 0.9854344872 0.9238293202 0.9278649262
0.9847702003 0.9963568745 0.9596993299 0.9802941519 0.9997694099 0.9984094524 0.9322475739 0.9800862114 0.9929851882 0.7586989329 -0.9990046365 0.9879183281 0.9210943243 0.9252873476
