0.1937657939 -0.2669748355 -0.5817456175 -0.0781614570 0.8066221774 0.0827264179 -0.2590630990 -0.0761389246 0.7078985221 0.1628583901 -0.6874961453 -0.2283654145 -0.0200324643 -0.0180316527
0.1921512094 -0.2704353777 -0.5831113631 -0.0770068364 0.7987276500 0.0778913773 -0.2637602867 -0.0750221660 0.6996999071 0.1531980052 -0.6795102774 -0.2314308733 -0.0185452909 -0.0166558765
0.1903667969 -0.2740093661 -0.5845360717 -0.0759519929 0.7907045477 0.0729140962 -0.2685459049 -0.0740059064 0.6914165635 0.1434815084 -0.6714505894 -0.2346242536 -0.0171621220 -0.0153856784
0.1884148083 -0.2776948856 -0.5860185077 -0.0749955946 0.7825546500 0.0677968160 -0.2734182171 -0.0730888032 0.6830497241 0.1337105570 -0.6633181396 -0.2379435238 -0.0158816233 -0.0142196980
0.1862974954 -0.2814900208 -0.5875574355 -0.0741363094 0.7742797367 0.0625417785 -0.2783754866 -0.0722695139 0.6746006220 0.1238868079 -0.6551139860 -0.2413866518 -0.0147024602 -0.0131565751
0.1840171101 -0.2853928564 -0.5891516198 -0.0733728054 0.7658815874 0.0571512254 -0.2834159766 -0.0715466961 0.6660704900 0.1140119183 -0.6468391866 -0.2449516058 -0.0136232984 -0.0121949493
0.1815759042 -0.2894014770 -0.5907998249 -0.0727037504 0.7573619818 0.0516273984 -0.2885379505 -0.0709190072 0.6574605613 0.1040875453 -0.6384947997 -0.2486363540 -0.0126428034 -0.0113334602
0.1789761294 -0.2935139674 -0.5925008154 -0.0721278125 0.7487226995 0.0459725391 -0.2937396716 -0.0703851047 0.6487720687 0.0941153460 -0.6300818832 -0.2524388644 -0.0117596408 -0.0105707477
0.1762200377 -0.2977284124 -0.5942533557 -0.0716436597 0.7399655202 0.0401888892 -0.2990194032 -0.0699436463 0.6400062452 0.0840969775 -0.6216014952 -0.2563571052 -0.0109724762 -0.0099054513
0.1733098808 -0.3020428964 -0.5960562104 -0.0712499598 0.7310922235 0.0342786904 -0.3043754086 -0.0695932892 0.6311643237 0.0740340969 -0.6130546939 -0.2603890445 -0.0102799752 -0.0093362108
0.1702479106 -0.3064555044 -0.5979081440 -0.0709453809 0.7221045891 0.0282441843 -0.3098059512 -0.0693326911 0.6222475374 0.0639283613 -0.6044425374 -0.2645326504 -0.0096808034 -0.0088616658
0.1670363789 -0.3109643208 -0.5998079208 -0.0707285910 0.7130043966 0.0220876127 -0.3153092943 -0.0691605095 0.6132571190 0.0537814278 -0.5957660837 -0.2687858911 -0.0091736262 -0.0084804561
0.1636775375 -0.3155674306 -0.6017543055 -0.0705982581 0.7037934257 0.0158112171 -0.3208837012 -0.0690754019 0.6041943017 0.0435949535 -0.5870263909 -0.2731467346 -0.0087571094 -0.0081912213
0.1601736383 -0.3202629183 -0.6037460625 -0.0705530500 0.6944734560 0.0094172394 -0.3265274352 -0.0690760257 0.5950603183 0.0333705954 -0.5782245170 -0.2776131491 -0.0084299184 -0.0079926011
0.1565269330 -0.3250488686 -0.6057819563 -0.0705916348 0.6850462673 0.0029079212 -0.3322387597 -0.0691610386 0.5858564018 0.0231100108 -0.5693615203 -0.2821831027 -0.0081907189 -0.0078832352
0.1527396735 -0.3299233662 -0.6078607514 -0.0707126804 0.6755136391 -0.0037144960 -0.3380159379 -0.0693290979 0.5765837853 0.0128148567 -0.5604384588 -0.2868545635 -0.0080381765 -0.0078617632
0.1488141117 -0.3348844959 -0.6099812123 -0.0709148549 0.6658773511 -0.0104477703 -0.3438572332 -0.0695788612 0.5672437016 0.0024867902 -0.5514563905 -0.2916254997 -0.0079709566 -0.0079268250
0.1447524993 -0.3399303423 -0.6121421035 -0.0711968262 0.6561391830 -0.0172896601 -0.3497609089 -0.0699089860 0.5578373838 -0.0078725317 -0.5424163736 -0.2964938793 -0.0079877250 -0.0080770601
0.1405570881 -0.3450589901 -0.6143421894 -0.0715572623 0.6463009144 -0.0242379237 -0.3557252282 -0.0703181298 0.5483660647 -0.0182614517 -0.5333194662 -0.3014576705 -0.0080871471 -0.0083111083
0.1362301301 -0.3502685240 -0.6165802346 -0.0719948311 0.6363643250 -0.0312903195 -0.3617484547 -0.0708049501 0.5388309775 -0.0286783128 -0.5241667262 -0.3065148414 -0.0082678885 -0.0086276092
