0.9572869131 0.5930540001 0.4465571286 0.9961074164 0.9320616761 0.9897887911 0.3300177535 0.9960090335 0.7510796150 0.9513754490 -0.9874201241 0.6131729174 0.9958787760 0.9954558409
0.9602353833 0.5979420337 0.4483273647 0.9933190451 0.9432929970 0.9936446777 0.3344118184 0.9931877759 0.7746164718 0.9606283395 -0.9913777499 0.6167369723 0.9930324677 0.9924797073
0.9622927691 0.6019911481 0.4493904891 0.9898060969 0.9534600664 0.9965790364 0.3380598083 0.9896419199 0.7968797191 0.9688655852 -0.9945765449 0.6194931921 0.9894703929 0.9887920542
0.9634734996 0.6052149118 0.4497585928 0.9855810784 0.9625783530 0.9986065728 0.3409740984 0.9853839869 0.8178857942 0.9761021833 -0.9970273381 0.6214548502 0.9852048617 0.9844051407
0.9637920043 0.6076268933 0.4494437665 0.9806564966 0.9706633252 0.9997419922 0.3431670637 0.9804264984 0.8376511343 0.9823531311 -0.9987409590 0.6226352200 0.9802481841 0.9793312258
0.9632627122 0.6092406612 0.4484581010 0.9750448583 0.9777304514 1.0000000000 0.3446510794 0.9747819761 0.8561921767 0.9876334255 -0.9997282365 0.6230475749 0.9746126704 0.9735825685
0.9619000527 0.6100697840 0.4468136870 0.9687586703 0.9837952001 0.9993953015 0.3454385204 0.9684629414 0.8735253584 0.9919580639 -1.0000000000 0.6227051885 0.9683106307 0.9671714279
0.9597184551 0.6101278303 0.4445226154 0.9618104393 0.9888730399 0.9979426023 0.3455417620 0.9614819158 0.8896671169 0.9953420434 -0.9995670787 0.6216213339 0.9613543750 0.9601100629
0.9567323485 0.6094283685 0.4415969768 0.9542126723 0.9929794391 0.9956566075 0.3449731792 0.9538514208 0.9046338892 0.9978003611 -0.9984403017 0.6198092848 0.9537562136 0.9524107328
0.9529561623 0.6079849672 0.4380488622 0.9459778761 0.9961298663 0.9925520227 0.3437451471 0.9455839780 0.9184421126 0.9993480143 -0.9966304984 0.6172823146 0.9455284566 0.9440856964
0.9484043257 0.6058111949 0.4338903623 0.9371185574 0.9983397898 0.9886435533 0.3418700407 0.9366921090 0.9311082243 1.0000000000 -0.9941484978 0.6140536966 0.9366834140 0.9351472128
0.9430912680 0.6029206202 0.4291335678 0.9276472231 0.9996246782 0.9839459046 0.3393602352 0.9271883351 0.9426486615 0.9997713155 -0.9910051293 0.6101367042 0.9272333962 0.9256075411
0.9370314183 0.5993268116 0.4237905696 0.9175763801 1.0000000000 0.9784737820 0.3362281057 0.9170851780 0.9530798615 0.9986769579 -0.9872112220 0.6055446109 0.9171907130 0.9154789403
0.9302392061 0.5950433376 0.4178734584 0.9069185351 0.9994812236 0.9722418909 0.3324860273 0.9063951592 0.9624182614 0.9967319245 -0.9827776051 0.6002906902 0.9065676748 0.9047736693
0.9227290605 0.5900837668 0.4113943250 0.8956861949 0.9980838174 0.9652649368 0.3281463750 0.8951308001 0.9706802986 0.9939512123 -0.9777151079 0.5943882154 0.8953765916 0.8935039874
0.9145154108 0.5844616677 0.4043652602 0.8838918664 0.9958232501 0.9575576249 0.3232215239 0.8833046224 0.9778824101 0.9903498185 -0.9720345595 0.5878504599 0.8836297736 0.8816821534
0.9056126863 0.5781906088 0.3967983548 0.8715480565 0.9927149899 0.9491346607 0.3177238492 0.8709291475 0.9840410332 0.9859427404 -0.9657467893 0.5806906972 0.8713395309 0.8693204265
0.8960353161 0.5712841587 0.3887056996 0.8586672718 0.9887745054 0.9400107496 0.3116657259 0.8580168970 0.9891726051 0.9807449750 -0.9588626263 0.5729222007 0.8585181737 0.8564310656
0.8857977296 0.5637558858 0.3800993853 0.8452620193 0.9840172651 0.9302005969 0.3050595291 0.8445803923 0.9932935632 0.9747715196 -0.9513928999 0.5645582438 0.8451780120 0.8430263298
0.8749143561 0.5556193588 0.3709915028 0.8313448058 0.9784587374 0.9197189081 0.2979176339 0.8306321551 0.9964203444 0.9680373712 -0.9433484391 0.5556121000 0.8313313560 0.8291184782
