0.5229322142 0.8374220299 0.8486983016 0.3997649611 0.0707263691 0.7207962545 0.4429397375 0.4000982099 -0.7166403223 -0.5263033201 0.8736313844 0.8803184945 0.3902205611 0.3885338994
0.5189551526 0.8448461797 0.8536607717 0.3919382487 0.0925621542 0.7271011712 0.4622755943 0.3922855369 -0.6986377327 -0.5043960527 0.8724170885 0.8874568883 0.3820644609 0.3803988168
0.5137868371 0.8513294897 0.8575915275 0.3831214990 0.1144758612 0.7324809458 0.4814270971 0.3834820168 -0.6797104097 -0.4818787926 0.8713243015 0.8936245338 0.3729389349 0.3712951377
0.5074033165 0.8568505345 0.8604680017 0.3732956685 0.1364627061 0.7369145591 0.5003858559 0.3736685863 -0.6598440382 -0.4587444845 0.8703593605 0.8987995591 0.3628254301 0.3612043170
0.4997806393 0.8613878884 0.8622676267 0.3624417134 0.1585179050 0.7403809922 0.5191434807 0.3628261822 -0.6390243033 -0.4349860731 0.8695286028 0.9029600921 0.3517053934 0.3501078093
0.4908948541 0.8649201256 0.8629678350 0.3505405901 0.1806366739 0.7428592258 0.5376915815 0.3509357411 -0.6172368899 -0.4105965032 0.8688383652 0.9060842606 0.3395602718 0.3379870696
0.4807220097 0.8674258206 0.8625460591 0.3375732549 0.2028142288 0.7443282410 0.5560217684 0.3379781998 -0.5944674831 -0.3855687195 0.8682949850 0.9081501926 0.3263715123 0.3248235526
0.4692381545 0.8688835478 0.8609797314 0.3235206643 0.2250457856 0.7447670186 0.5741256514 0.3239344949 -0.5707017680 -0.3598956668 0.8679047993 0.9091360161 0.3121205619 0.3105987132
0.4564193373 0.8692718813 0.8582462846 0.3083637747 0.2473265605 0.7441545395 0.5919948405 0.3087855632 -0.5459254294 -0.3335702898 0.8676741451 0.9090198590 0.2967888675 0.2952940060
0.4422416067 0.8685693957 0.8543231510 0.2920835423 0.2696517694 0.7424697847 0.6096209457 0.2925123413 -0.5201241524 -0.3065855333 0.8676093595 0.9077798492 0.2803578761 0.2788908860
0.4266810112 0.8667546652 0.8491877632 0.2746609235 0.2920166284 0.7396917350 0.6269955772 0.2750957661 -0.4932836221 -0.2789343420 0.8677167796 0.9053941146 0.2628090346 0.2613708080
0.4097135995 0.8638062643 0.8428175536 0.2560768747 0.3144163535 0.7357993714 0.6441103448 0.2565167741 -0.4653895235 -0.2506096607 0.8680027425 0.9018407831 0.2441237902 0.2427152267
0.3913154203 0.8597027672 0.8351899548 0.2363123523 0.3368461606 0.7307716748 0.6609568587 0.2367563021 -0.4364275415 -0.2216044340 0.8684735853 0.8970979828 0.2242835897 0.2229055970
0.3714625222 0.8544227482 0.8262823992 0.2153483126 0.3593012659 0.7245876261 0.6775267288 0.2157952868 -0.4063833612 -0.1919116068 0.8691356451 0.8911438415 0.2032698801 0.2019233736
0.3501309537 0.8479447819 0.8160723194 0.1931657120 0.3817768853 0.7172262062 0.6938115652 0.1936146649 -0.3752426676 -0.1615241238 0.8699952590 0.8839564872 0.1810641084 0.1797500113
0.3272967636 0.8402474424 0.8045371479 0.1697455069 0.4042682349 0.7086663960 0.7098029779 0.1701953731 -0.3429911457 -0.1304349297 0.8710587640 0.8755140478 0.1576477215 0.1563669651
0.3029360004 0.8313093042 0.7916543170 0.1450686535 0.4267705306 0.6988871765 0.7254925769 0.1455183481 -0.3096144805 -0.0986369693 0.8723324973 0.8657946512 0.1330021665 0.1317556896
0.2770247128 0.8211089415 0.7774012594 0.1191161084 0.4492789885 0.6878675284 0.7408719723 0.1195645267 -0.2750983570 -0.0661231873 0.8738227960 0.8547764253 0.1071088903 0.1058976396
0.2495389493 0.8096249288 0.7617554075 0.0918688277 0.4717888246 0.6755864329 0.7559327741 0.0923148454 -0.2394284604 -0.0328865284 0.8755359971 0.8424374981 0.0799493398 0.0787742700
0.2204547587 0.7968358405 0.7446941939 0.0633077680 0.4942952550 0.6620228706 0.7706665923 0.0637502411 -0.2025904754 0.0010800625 0.8774784378 0.8287559976 0.0515049622 0.0503670356
