-0.9350059417 -0.8677313604 -0.8663389275 -0.9632307837 -0.2832298264 -0.8653174390 -0.6278820399 -0.9629625969 0.9160908535 0.8475847521 -0.2810342310 -0.8369952391 -0.9719073369 -0.9740556436
-0.9265128697 -0.8568903591 -0.8557992965 -0.9566770568 -0.2648867656 -0.8541362816 -0.6138496501 -0.9563951463 0.9257684774 0.8596845644 -0.2929581225 -0.8253420108 -0.9660354010 -0.9683987744
-0.9174666001 -0.8455822427 -0.8448070868 -0.9495497024 -0.2464135368 -0.8424789346 -0.5995171421 -0.9492552552 0.9349039200 0.8713505231 -0.3048596300 -0.8132478514 -0.9595733866 -0.9621506220
-0.9078618147 -0.8338026278 -0.8333568063 -0.9418408428 -0.2278142566 -0.8303420081 -0.5848824202 -0.9415350161 0.9434866975 0.8825735283 -0.3167385354 -0.8007090430 -0.9525129860 -0.9553025670
-0.8976931950 -0.8215471310 -0.8214429628 -0.9335426004 -0.2090930418 -0.8177221124 -0.5699433891 -0.9332265215 0.9515063255 0.8933444804 -0.3285946205 -0.7877218676 -0.9448458920 -0.9478459904
-0.8869554227 -0.8088113688 -0.8090600640 -0.9246470977 -0.1902540090 -0.8046158576 -0.5546979532 -0.9243218637 0.9589523202 0.9036542800 -0.3404276672 -0.7742826073 -0.9365637971 -0.9397722727
-0.8756431795 -0.7955909580 -0.7962026177 -0.9151464571 -0.1713012751 -0.7910198538 -0.5391440171 -0.9148131352 0.9658141973 0.9134938272 -0.3522374573 -0.7603875443 -0.9276583938 -0.9310727946
-0.8637511470 -0.7818815150 -0.7828651318 -0.9050328009 -0.1522389567 -0.7769307112 -0.5232794853 -0.9046924285 0.9720814727 0.9228540226 -0.3640237727 -0.7460329606 -0.9181213748 -0.9217389370
-0.8512740069 -0.7676786566 -0.7690421141 -0.8942982517 -0.1330711706 -0.7623450400 -0.5071022622 -0.8939518359 0.9777436624 0.9317257664 -0.3757863952 -0.7312151382 -0.9079444327 -0.9117620804
-0.8382064409 -0.7529779992 -0.7547280723 -0.8829349317 -0.1138020335 -0.7472594504 -0.4906102525 -0.8825834501 0.9827902822 0.9400999591 -0.3875251068 -0.7159303593 -0.8971192600 -0.9011336058
-0.8245431305 -0.7377751595 -0.7399175142 -0.8709349634 -0.0944356622 -0.7316705525 -0.4738013607 -0.8705793632 0.9872108480 0.9479675011 -0.3992396892 -0.7001749059 -0.8856375493 -0.8898448936
-0.8102787575 -0.7220657542 -0.7246049477 -0.8582904693 -0.0749761733 -0.7155749566 -0.4566734912 -0.8579316679 0.9909948758 0.9553192927 -0.4109299243 -0.6839450602 -0.8734909932 -0.8778873248
-0.7954080035 -0.7058453997 -0.7087848805 -0.8449935716 -0.0554276836 -0.6989692727 -0.4392245486 -0.8446324566 0.9941318814 0.9621462342 -0.4225955941 -0.6672371041 -0.8606712843 -0.8652522800
-0.7799255501 -0.6891097127 -0.6924518205 -0.8310363929 -0.0357943098 -0.6818501110 -0.4214524373 -0.8306738216 0.9966113807 0.9684392262 -0.4342364802 -0.6500473199 -0.8471701152 -0.8519311399
-0.7638260790 -0.6718543099 -0.6756002755 -0.8164110556 -0.0160801688 -0.6642140818 -0.4033550620 -0.8160478555 0.9984228897 0.9741891689 -0.4458523647 -0.6323719895 -0.8329791784 -0.8379152852
-0.7471042719 -0.6540748077 -0.6582247531 -0.8011096819 0.0037106230 -0.6460577951 -0.3849303271 -0.8007466507 0.9995559241 0.9793869628 -0.4574430293 -0.6142073951 -0.8180901666 -0.8231960967
-0.7297548104 -0.6357668229 -0.6403197613 -0.7851243945 0.0235739485 -0.6273778612 -0.3661761372 -0.7847622996 1.0000000000 0.9840235082 -0.4690082559 -0.5955498187 -0.8024947723 -0.8077649552
-0.7117723761 -0.6169259720 -0.6218798079 -0.7684473156 0.0435056913 -0.6081708902 -0.3470903967 -0.7680868947 0.9997446332 0.9880897054 -0.4805478264 -0.5763955424 -0.7861846881 -0.7916132412
-0.6931516508 -0.5975478715 -0.6028994006 -0.7510705676 0.0635017344 -0.5884334923 -0.3276710103 -0.7507125284 0.9987793396 0.9915764550 -0.4920615226 -0.5567408482 -0.7691516066 -0.7747323356
-0.6738873161 -0.5776281382 -0.5833730473 -0.7329862731 0.0835579613 -0.5681622776 -0.3079158823 -0.7326312931 0.9970936351 0.9944746572 -0.5035491264 -0.5365820184 -0.7513872204 -0.7571136190
