-0.9914824516 -0.9917427243 -0.9952511031 -0.9953341471 -0.9954168293 -0.9946935237 -0.9920712772 -0.9950835285 0.3838165827 -0.7595786230 0.2844133369 -0.9915360039 -0.9955803977 -0.9958955931
-0.9884175102 -0.9888083623 -0.9931493157 -0.9930126165 -0.9930800464 -0.9921262855 -0.9894577021 -0.9927034045 0.3841183130 -0.7590101757 0.2858539209 -0.9886044210 -0.9932946786 -0.9937107454
-0.9848995475 -0.9854445387 -0.9906743267 -0.9902413256 -0.9902824335 -0.9890735914 -0.9864868336 -0.9898720849 0.3845278406 -0.7580662666 0.2870557950 -0.9852534831 -0.9905492749 -0.9910746517
-0.9809349681 -0.9816571500 -0.9878307652 -0.9870264077 -0.9870317738 -0.9855425234 -0.9831631282 -0.9865957473 0.3850418789 -0.7567535415 0.2880234278 -0.9814888877 -0.9873505078 -0.9879934379
-0.9765301765 -0.9774520927 -0.9846232601 -0.9833739961 -0.9833358504 -0.9815401638 -0.9794910425 -0.9828805692 0.3856571413 -0.7550786463 0.2887612881 -0.9773163319 -0.9837046988 -0.9844732303
-0.9716915773 -0.9728352632 -0.9810564404 -0.9792902240 -0.9792024463 -0.9770735947 -0.9754750330 -0.9787327282 0.3863703413 -0.7530482269 0.2892738446 -0.9727415132 -0.9796181690 -0.9805201550
-0.9664255750 -0.9678125581 -0.9771349352 -0.9747812248 -0.9746393446 -0.9721498983 -0.9711195563 -0.9741584019 0.3871781923 -0.7506689290 0.2895655658 -0.9677701287 -0.9750972401 -0.9761403380
-0.9607385741 -0.9623898739 -0.9728633735 -0.9698531317 -0.9696543285 -0.9667761566 -0.9664290690 -0.9691637678 0.3880774077 -0.7479473987 0.2896409206 -0.9624078758 -0.9701482331 -0.9713399056
-0.9546369793 -0.9565731070 -0.9682463844 -0.9645120781 -0.9642551810 -0.9609594519 -0.9614080275 -0.9637550035 0.3890647010 -0.7448902817 0.2895043776 -0.9566604519 -0.9647774696 -0.9661249838
-0.9481271949 -0.9503681538 -0.9632885968 -0.9587641973 -0.9584496852 -0.9547068663 -0.9560608885 -0.9579382865 0.3901367856 -0.7415042240 0.2891604054 -0.9505335541 -0.9589912708 -0.9605016989
-0.9412156256 -0.9437809110 -0.9579946398 -0.9526156226 -0.9522456242 -0.9480254819 -0.9503921085 -0.9517197943 0.3912903750 -0.7377958713 0.2886134728 -0.9440328798 -0.9527959582 -0.9544761768
-0.9339086760 -0.9368172750 -0.9523691423 -0.9460724872 -0.9456507811 -0.9409223810 -0.9444061440 -0.9451057047 0.3925221824 -0.7337718696 0.2878680484 -0.9371641263 -0.9461978530 -0.9480545438
-0.9262127505 -0.9294831423 -0.9464167335 -0.9391409245 -0.9386729390 -0.9334046456 -0.9381074515 -0.9381021951 0.3938289215 -0.7294388648 0.2869286010 -0.9299329909 -0.9392032766 -0.9412429259
-0.9181342536 -0.9217844093 -0.9401420423 -0.9318270678 -0.9313198810 -0.9254793579 -0.9315004877 -0.9307154430 0.3952073055 -0.7248035026 0.2857995991 -0.9223451708 -0.9318185503 -0.9340474494
-0.9096795900 -0.9137269726 -0.9335496978 -0.9241370503 -0.9235993901 -0.9171536001 -0.9245897091 -0.9229516261 0.3966540480 -0.7198724290 0.2844855116 -0.9144063635 -0.9240499956 -0.9264742402
-0.9008551642 -0.9053167285 -0.9266443290 -0.9160770054 -0.9155192495 -0.9084344542 -0.9173795722 -0.9148169218 0.3981658624 -0.7146522898 0.2829908070 -0.9061222661 -0.9159039337 -0.9185294247
-0.8916673807 -0.8965595738 -0.9194305649 -0.9076530663 -0.9070872422 -0.8993290026 -0.9098745335 -0.9063175079 0.3997394621 -0.7091497309 0.2813199540 -0.8974985760 -0.9073866861 -0.9102191288
-0.8821226440 -0.8874614047 -0.9119130345 -0.8988713664 -0.8983111513 -0.8898443272 -0.9020790497 -0.8974595617 0.4013715605 -0.7033713982 0.2794774214 -0.8885409905 -0.8985045739 -0.9015494787
-0.8722273587 -0.8780281178 -0.9040963668 -0.8897380390 -0.8891987600 -0.8799875103 -0.8939975772 -0.8882492609 0.4030588711 -0.6973239375 0.2774676778 -0.8792552068 -0.8892639187 -0.8925266006
-0.8619879293 -0.8682656095 -0.8959851909 -0.8802592174 -0.8797578513 -0.8697656340 -0.8856345726 -0.8786927831 0.4047981072 -0.6910139947 0.2752951919 -0.8696469223 -0.8796710418 -0.8831566205
