-0.7540213721 -0.7833929780 -0.8830418421 -0.5747576803 -0.7863702200 -0.7881761709 -0.7917015887 -0.5949607567 -0.7899702686 -0.9021293432 0.8575502879 -0.7525798833 -0.3430409199 -0.2626567662
-0.7317259575 -0.7619006106 -0.8684679305 -0.5580611555 -0.7657875810 -0.7667330327 -0.7704170897 -0.5779075114 -0.7695299453 -0.8905726293 0.8416287943 -0.7293936530 -0.3294447249 -0.2493602910
-0.7087671201 -0.7396368121 -0.8531602775 -0.5408525340 -0.7445315607 -0.7444891271 -0.7483249967 -0.5603316768 -0.7484080880 -0.8784470334 0.8250895823 -0.7054403952 -0.3154491534 -0.2356975751
-0.6851842175 -0.7166355494 -0.8371390248 -0.5231663040 -0.7226393756 -0.7214771232 -0.7254575237 -0.5422682045 -0.7266414223 -0.8657644799 0.8079674349 -0.6807559726 -0.3010844172 -0.2216981605
-0.6610166074 -0.6929307895 -0.8204243139 -0.5050369534 -0.7001482421 -0.6977296901 -0.7018468847 -0.5237520460 -0.7042666737 -0.8525368928 0.7902971351 -0.6553762480 -0.2863807283 -0.2073915894
-0.6363036475 -0.6685564993 -0.8030362867 -0.4864989704 -0.6770953768 -0.6732794971 -0.6775252937 -0.5048181530 -0.6813205677 -0.8387761964 0.7721134660 -0.6293370841 -0.2713682985 -0.1928074041
-0.6110846955 -0.6435466458 -0.7849950847 -0.4675868430 -0.6535179961 -0.6481592133 -0.6525249649 -0.4855014769 -0.6578398299 -0.8244943149 0.7534512106 -0.6026743439 -0.2560773396 -0.1779751468
-0.5853991091 -0.6179351960 -0.7663208495 -0.4483350594 -0.6294533166 -0.6224015078 -0.6268781122 -0.4658369693 -0.6338611857 -0.8097031725 0.7343451519 -0.5754238900 -0.2405380634 -0.1629243595
-0.5592862460 -0.5917561168 -0.7470337230 -0.4287781075 -0.6049385546 -0.5960390499 -0.6006169496 -0.4458595817 -0.6094213608 -0.7944146934 0.7148300730 -0.5476215853 -0.2247806819 -0.1476845846
-0.5327854640 -0.5650433752 -0.7271538466 -0.4089504755 -0.5800109266 -0.5691045086 -0.5737736912 -0.4256042657 -0.5845570806 -0.7786408018 0.6949407568 -0.5193032925 -0.2088354069 -0.1322853641
-0.5059361206 -0.5378309381 -0.7067013621 -0.3888866514 -0.5547076492 -0.5416305531 -0.5463805510 -0.4051059729 -0.5593050707 -0.7623934218 0.6747119865 -0.4905048744 -0.1927324503 -0.1167562403
-0.4787775736 -0.5101527724 -0.6856964112 -0.3686211233 -0.5290659388 -0.5136498527 -0.5184697431 -0.3843996547 -0.5337020565 -0.7456844778 0.6541785450 -0.4612621939 -0.1765020238 -0.1011267554
-0.4513491807 -0.4820428452 -0.6641591355 -0.3481883793 -0.5031230119 -0.4851950763 -0.4900734814 -0.3635202628 -0.5077847638 -0.7285258938 0.6333752154 -0.4316111137 -0.1601743394 -0.0854264514
-0.4236902997 -0.4535351233 -0.6421096767 -0.3276229074 -0.4769160850 -0.4562988933 -0.4612239800 -0.3425027486 -0.4815899178 -0.7109295941 0.6123367807 -0.4015874966 -0.1437796088 -0.0696848707
-0.3958402881 -0.4246635738 -0.6195681763 -0.3069591957 -0.4504823744 -0.4269939728 -0.4319534529 -0.3213820638 -0.4551542443 -0.6929075029 0.5910980240 -0.3712272053 -0.1273480440 -0.0539315554
-0.3678385037 -0.3954621635 -0.5965547762 -0.2862317324 -0.4238590969 -0.3973129838 -0.4022941142 -0.3001931599 -0.4285144687 -0.6744715444 0.5696937282 -0.3405661028 -0.1109098568 -0.0381960477
-0.3397243042 -0.3659648595 -0.5730896179 -0.2654750054 -0.3970834687 -0.3672885957 -0.3722781778 -0.2789709883 -0.4017073166 -0.6556336428 0.5481586765 -0.3096400517 -0.0944952590 -0.0225078897
-0.3115370473 -0.3362056286 -0.5491928432 -0.2447235029 -0.3701927064 -0.3369534775 -0.3419378579 -0.2577505008 -0.3747695135 -0.6364057222 0.5265276517 -0.2784849149 -0.0781344626 -0.0068966237
-0.2833160906 -0.3062184379 -0.5248845936 -0.2240117128 -0.3432240264 -0.3063402984 -0.3113053684 -0.2365666487 -0.3477377849 -0.6167997069 0.5048354371 -0.2471365552 -0.0618576793 0.0086082082
-0.2551007920 -0.2760372543 -0.5001850108 -0.2033741234 -0.3162146453 -0.2754817275 -0.2804129233 -0.2154543838 -0.3206488563 -0.5968275211 0.4831168155 -0.2156308353 -0.0456951209 0.0239770638
