-0.6749664319 -0.6458817547 -0.6377887379 -0.7377482858 -0.7376060601 -0.7034064015 -0.6354260081 -0.7365393556 -0.7330732613 -0.7491053845 0.8796275407 -0.6521343476 -0.7554784940 -0.7503141620
-0.6664292786 -0.6358293404 -0.6264562607 -0.7300366713 -0.7316204707 -0.6952344316 -0.6246809695 -0.7288156419 -0.7284097168 -0.7413877535 0.8760533901 -0.6423803934 -0.7481871002 -0.7429008734
-0.6578897201 -0.6257292390 -0.6150221106 -0.7223025952 -0.7256962947 -0.6870511438 -0.6138648773 -0.7210700832 -0.7238440022 -0.7336355670 0.8725126210 -0.6325872056 -0.7408760185 -0.7354671225
-0.6493526075 -0.6155857583 -0.6034898590 -0.7145504161 -0.7198390799 -0.6788611715 -0.6029817440 -0.7133070511 -0.7193820304 -0.7258529696 0.8690098660 -0.6227591910 -0.7335495847 -0.7280172524
-0.6408227918 -0.6054032061 -0.5918630774 -0.7067844925 -0.7140543742 -0.6706691485 -0.5920355821 -0.7055309171 -0.7150297143 -0.7180441060 0.8655497576 -0.6129007562 -0.7262121345 -0.7205556058
-0.6323051244 -0.5951858903 -0.5801453371 -0.6990091830 -0.7083477255 -0.6624797081 -0.5810304040 -0.6977460527 -0.7107929670 -0.7102131209 0.8621369282 -0.6030163080 -0.7188680036 -0.7130865259
-0.6238044562 -0.5849381186 -0.5683402095 -0.6912288463 -0.7027246817 -0.6542974841 -0.5699702222 -0.6899568296 -0.7066777014 -0.7023641588 0.8587760105 -0.5931102529 -0.7115215279 -0.7056143555
-0.6153256384 -0.5746641989 -0.5564512660 -0.6834478409 -0.6971907907 -0.6461271099 -0.5588590492 -0.6821676193 -0.7026898304 -0.6945013646 0.8554716369 -0.5831869977 -0.7041770430 -0.6981434376
-0.6068735222 -0.5643684390 -0.5444820779 -0.6756705253 -0.6917516003 -0.6379732192 -0.5477008974 -0.6743827935 -0.6988352670 -0.6866288829 0.8522284399 -0.5732509490 -0.6968388849 -0.6906781150
-0.5984529587 -0.5540551466 -0.5324362167 -0.6679012582 -0.6864126584 -0.6298404454 -0.5364997794 -0.6666067236 -0.6951199242 -0.6787508584 0.8490510521 -0.5633065136 -0.6895113892 -0.6832227308
-0.5900687990 -0.5437286296 -0.5203172537 -0.6601443982 -0.6811795129 -0.6217334222 -0.5252597076 -0.6588437813 -0.6915497149 -0.6708714357 0.8459441059 -0.5533580980 -0.6821988918 -0.6757816279
-0.5817258943 -0.5333931958 -0.5081287604 -0.6524043038 -0.6760577117 -0.6136567831 -0.5139846945 -0.6510983381 -0.6881305520 -0.6629947595 0.8429122338 -0.5434101090 -0.6749057283 -0.6683591491
-0.5734290957 -0.5230531530 -0.4958743081 -0.6446853337 -0.6710528026 -0.6056151617 -0.5026787526 -0.6433747656 -0.6848683487 -0.6551249746 0.8399600685 -0.5334669533 -0.6676362346 -0.6609596376
-0.5651832544 -0.5127128091 -0.4835574682 -0.6369918463 -0.6661703336 -0.5976131915 -0.4913458943 -0.6356774353 -0.6817690177 -0.6472662255 0.8370922423 -0.5235330375 -0.6603947465 -0.6535874361
-0.5569932214 -0.5023764718 -0.4711818121 -0.6293282003 -0.6614158525 -0.5896555061 -0.4799901321 -0.6280107189 -0.6788384720 -0.6394226570 0.8343133879 -0.5136127683 -0.6531855996 -0.6462468876
-0.5488638480 -0.4920484489 -0.4587509112 -0.6216987543 -0.6567949072 -0.5817467391 -0.4686154786 -0.6203789880 -0.6760826247 -0.6315984137 0.8316281376 -0.5037105525 -0.6460131298 -0.6389423352
-0.5407999852 -0.4817330482 -0.4462683368 -0.6141078669 -0.6523130456 -0.5738915241 -0.4572259461 -0.6127866140 -0.6735073886 -0.6237976404 0.8290411241 -0.4938307965 -0.6388816729 -0.6316781216
-0.5328064842 -0.4714345776 -0.4337376604 -0.6065598966 -0.6479758156 -0.5660944945 -0.4458255472 -0.6052379686 -0.6711186768 -0.6160244816 0.8265569798 -0.4839779073 -0.6317955646 -0.6244585899
-0.5248881962 -0.4611573449 -0.4211624534 -0.5990592020 -0.6437887650 -0.5583602840 -0.4344182943 -0.5977374234 -0.6689224022 -0.6082830822 0.8241803373 -0.4741562913 -0.6247591406 -0.6172880829
-0.5170499722 -0.4509056579 -0.4085462871 -0.5916101418 -0.6397574417 -0.5506935262 -0.4230081999 -0.5902893498 -0.6669244777 -0.6005775867 0.8219158290 -0.4643703554 -0.6177767369 -0.6101709437
