0.4999510254 0.4969545728 0.8536244560 0.7506137583 -0.7606586115 0.5366501494 0.1256388432 0.7580822889 -0.9752689118 -0.3789874982 0.4938823821 0.5331606738 0.7376049958 0.7485814678
0.4973197083 0.5068672024 0.8690912751 0.7427967711 -0.7591828711 0.5577647900 0.1463388378 0.7501910210 -0.9709381029 -0.3538887001 0.4990211610 0.5446222705 0.7282717549 0.7389874088
0.4934247536 0.5159867321 0.8838055065 0.7333994266 -0.7580177313 0.5785593934 0.1668973551 0.7407129961 -0.9662490866 -0.3281831092 0.5045231350 0.5553294816 0.7173099811 0.7277499444
0.4882387776 0.5242919865 0.8977462553 0.7223897130 -0.7571742364 0.5990204786 0.1873030276 0.7296161048 -0.9611999355 -0.3018647783 0.5103978401 0.5652615648 0.7046870685 0.7148362552
0.4817343962 0.5317617905 0.9108926269 0.7097356185 -0.7566634309 0.6191345647 0.2075444878 0.7168682377 -0.9557887224 -0.2749277605 0.5166548122 0.5743977777 0.6903704115 0.7002135216
0.4738842257 0.5383749689 0.9232237264 0.6954051312 -0.7564963593 0.6388881707 0.2276103681 0.7024372854 -0.9500135197 -0.2473661090 0.5233035873 0.5827173780 0.6743274043 0.6838489243
0.4646608822 0.5441103464 0.9347186591 0.6793662394 -0.7566840661 0.6582678157 0.2474893011 0.6862911386 -0.9438724003 -0.2191738767 0.5303537016 0.5901996235 0.6565254412 0.6657096436
0.4540369818 0.5489467477 0.9453565301 0.6615869312 -0.7572375957 0.6772600187 0.2671699192 0.6683976880 -0.9373634366 -0.1903451166 0.5378146911 0.5968237716 0.6369319166 0.6457628602
0.4419851406 0.5528629977 0.9551164448 0.6420351948 -0.7581679925 0.6958512987 0.2866408549 0.6487248241 -0.9304847014 -0.1608738818 0.5456960917 0.6025690802 0.6155142246 0.6239757545
0.4284779748 0.5558379212 0.9639775082 0.6206790184 -0.7594863011 0.7140281748 0.3058907408 0.6272404376 -0.9232342674 -0.1307542254 0.5540074395 0.6074148070 0.5922397597 0.6003155072
0.4134881004 0.5578503428 0.9719188257 0.5974863901 -0.7612035659 0.7317771660 0.3249082093 0.6039124191 -0.9156102070 -0.0999802004 0.5627582705 0.6113402095 0.5670759159 0.5747492987
0.3969881336 0.5588790874 0.9789195025 0.5724252982 -0.7633308313 0.7490847913 0.3436818928 0.5787086593 -0.9076105931 -0.0685458598 0.5719581207 0.6143245454 0.5399900877 0.5472443095
0.3789506906 0.5589029797 0.9849586437 0.5454637309 -0.7658791419 0.7659375698 0.3622004240 0.5515970488 -0.8992334982 -0.0364452566 0.5816165263 0.6163470724 0.5109496693 0.5177677203
0.3593483874 0.5579008445 0.9900153547 0.5165696762 -0.7688595420 0.7823220205 0.3804524353 0.5225454782 -0.8904769949 -0.0036724440 0.5917430231 0.6173870482 0.4799220550 0.4862867114
0.3381538402 0.5558515065 0.9940687406 0.4857111225 -0.7722830762 0.7982246625 0.3984265592 0.4915218382 -0.8813391560 0.0297785251 0.6023471472 0.6174237305 0.4468746391 0.4527684635
0.3153396651 0.5527337906 0.9970979066 0.4528560579 -0.7761607888 0.8136320147 0.4161114281 0.4584940194 -0.8718180541 0.0639135976 0.6134384347 0.6164363769 0.4117748158 0.4171801570
0.2908784782 0.5485265215 0.9990819580 0.4179724705 -0.7805037245 0.8285305963 0.4334956746 0.4234299124 -0.8619117617 0.0987387204 0.6250264215 0.6144042451 0.3745899795 0.3794889725
0.2647428957 0.5432085239 1.0000000000 0.3810283486 -0.7853229275 0.8429069263 0.4505679312 0.3862974079 -0.8516183516 0.1342598406 0.6371206437 0.6113065928 0.3352875244 0.3396620906
0.2369055336 0.5367586227 0.9998311378 0.3419916803 -0.7906294425 0.8567475237 0.4673168303 0.3470643966 -0.8409358964 0.1704829051 0.6497306374 0.6071226775 0.2938348448 0.2976666917
0.2073390081 0.5291556426 0.9985544766 0.3008304539 -0.7964343138 0.8700389075 0.4837310045 0.3056987689 -0.8298624687 0.2074138608 0.6628659385 0.6018317571 0.2501993349 0.2534699564
