0.2467275390 0.2501225503 0.1221557453 0.2499516627 0.4643153945 0.3641703078 0.2287322512 0.2504074918 0.5361731466 0.6119638873 -0.7467168564 0.2448354802 0.2858567409 0.2830708652
0.2490145179 0.2513563394 0.1242433877 0.2568040559 0.4625384262 0.3648458347 0.2285485374 0.2572712401 0.5327545909 0.6098529094 -0.7448826114 0.2460679414 0.2945240179 0.2913974174
0.2510233379 0.2522978385 0.1260913524 0.2634336495 0.4603615599 0.3651846871 0.2280620470 0.2639121791 0.5288922323 0.6072893762 -0.7425549400 0.2470098340 0.3029791218 0.2995085017
0.2527627758 0.2529566217 0.1277079667 0.2698458504 0.4577976292 0.3651974000 0.2272833025 0.2703357099 0.5246004660 0.6042870772 -0.7397480725 0.2476707077 0.3112262865 0.3074085909
0.2542416086 0.2533422630 0.1291015579 0.2760460660 0.4548594676 0.3648945083 0.2262228263 0.2765472333 0.5198936876 0.6008598016 -0.7364762395 0.2480601121 0.3192697455 0.3151021582
0.2554686131 0.2534643365 0.1302804532 0.2820397034 0.4515599088 0.3642865469 0.2248911409 0.2825521503 0.5147862923 0.5970213388 -0.7327536711 0.2481875969 0.3271137326 0.3225936763
0.2564525661 0.2533324162 0.1312529799 0.2878321698 0.4479117864 0.3633840507 0.2232987689 0.2883558619 0.5092926757 0.5927854781 -0.7285945978 0.2480627118 0.3347624813 0.3298876183
0.2572022444 0.2529560762 0.1320274652 0.2934288723 0.4439279341 0.3621975545 0.2214562327 0.2939637690 0.5034272332 0.5881660089 -0.7240132500 0.2476950065 0.3422202255 0.3369884571
0.2577264249 0.2523448904 0.1326122364 0.2988352182 0.4396211854 0.3607375933 0.2193740548 0.2993812725 0.4972043601 0.5831767205 -0.7190238581 0.2470940306 0.3494911987 0.3439006657
0.2580338845 0.2515084329 0.1330156207 0.3040566146 0.4350043740 0.3590147020 0.2170627578 0.3046137734 0.4906384518 0.5778314023 -0.7136406523 0.2462693337 0.3565796347 0.3506287169
0.2581334000 0.2504562778 0.1332459454 0.3090984686 0.4300903335 0.3570394155 0.2145328641 0.3096666726 0.4837439039 0.5721438435 -0.7078778631 0.2452304657 0.3634897671 0.3571770839
0.2580337482 0.2491979992 0.1333115377 0.3139661875 0.4248918975 0.3548222687 0.2117948962 0.3145453710 0.4765351116 0.5661278335 -0.7017497209 0.2439869760 0.3702258296 0.3635502395
0.2577437060 0.2477431709 0.1332207249 0.3186651785 0.4194218995 0.3523737964 0.2088593767 0.3192552697 0.4690264704 0.5597971617 -0.6952704559 0.2425484145 0.3767920558 0.3697526567
0.2572720502 0.2461013671 0.1329818343 0.3232008487 0.4136931733 0.3497045337 0.2057368280 0.3238017695 0.4612323757 0.5531656174 -0.6884542987 0.2409243307 0.3831926795 0.3757888084
0.2566275578 0.2442821618 0.1326031930 0.3275786052 0.4077185525 0.3468250153 0.2024377726 0.3281902713 0.4531672229 0.5462469899 -0.6813154795 0.2391242744 0.3894319343 0.3816631676
0.2558190054 0.2422951291 0.1320931284 0.3318038553 0.4015108706 0.3437457763 0.1989727331 0.3324261762 0.4448454075 0.5390550685 -0.6738682287 0.2371577951 0.3955140538 0.3873802072
0.2548551700 0.2401498430 0.1314599676 0.3358820061 0.3950829613 0.3404773515 0.1953522319 0.3365148851 0.4362813248 0.5316036427 -0.6661267766 0.2350344426 0.4014432719 0.3929444002
0.2537448284 0.2378558775 0.1307120381 0.3398184649 0.3884476582 0.3370302757 0.1915867916 0.3404617989 0.4274893702 0.5239065018 -0.6581053538 0.2327637666 0.4072238220 0.3983602195
0.2524967575 0.2354228067 0.1298576669 0.3436186387 0.3816177949 0.3334150840 0.1876869345 0.3442723185 0.4184839392 0.5159774350 -0.6498181905 0.2303553166 0.4128599380 0.4036321382
0.2511197341 0.2328602046 0.1289051813 0.3472879348 0.3746062051 0.3296423111 0.1836631833 0.3479518449 0.4092794272 0.5078302317 -0.6412795170 0.2278186425 0.4183558535 0.4087646291
