0.7112225206 0.5875408612 0.4766599193 0.6578185898 0.7521910981 0.3942542133 0.3654100755 0.6552372641 -0.3623904606 -0.9918607033 -0.4975859703 0.6000263295 0.6820209794 0.6788450239
0.7239146511 0.6021966478 0.4940633228 0.6718565786 0.7598188998 0.4136161228 0.3813284582 0.6693315267 -0.3650150628 -0.9896386624 -0.5036417403 0.6145230653 0.6957857511 0.6927069550
0.7363846112 0.6166952048 0.5112939661 0.6856735932 0.7674777525 0.4327945592 0.3972740385 0.6832052715 -0.3673298210 -0.9871529273 -0.5098456130 0.6288550218 0.7093079493 0.7063253063
0.7486277648 0.6310299606 0.5283449362 0.6992646165 0.7751587494 0.4517823678 0.4132360036 0.6968534568 -0.3693430845 -0.9844046983 -0.5161872349 0.6430158316 0.7225831068 0.7196956071
0.7606394760 0.6451943436 0.5452093200 0.7126246312 0.7828529833 0.4705723936 0.4292035409 0.7102710404 -0.3710632021 -0.9813951757 -0.5226562523 0.6569991273 0.7356067560 0.7328133866
0.7724151085 0.6591817819 0.5618802044 0.7257486200 0.7905515474 0.4891574819 0.4451658379 0.7234529806 -0.3724985228 -0.9781255599 -0.5292423116 0.6707985417 0.7483744296 0.7456741742
0.7839500265 0.6729857040 0.5783506765 0.7386315657 0.7982455346 0.5075304777 0.4611120820 0.7363942354 -0.3736573957 -0.9745970511 -0.5359350592 0.6844077073 0.7608816603 0.7582734991
0.7952395939 0.6865995382 0.5946138231 0.7512684509 0.8059260380 0.5256842262 0.4770314605 0.7490897629 -0.3745481697 -0.9708108496 -0.5427241414 0.6978202569 0.7731239805 0.7706068907
0.8062791746 0.7000167128 0.6106627312 0.7636542586 0.8135841507 0.5436115725 0.4929131609 0.7615345212 -0.3751791938 -0.9667681558 -0.5495992047 0.7110298231 0.7850969229 0.7826698780
0.8170641327 0.7132306561 0.6264904878 0.7757839713 0.8212109656 0.5613053619 0.5087463705 0.7737234684 -0.3755588170 -0.9624701701 -0.5565498953 0.7240300385 0.7967960202 0.7944579905
0.8275898321 0.7262347965 0.6420901798 0.7876525718 0.8287975759 0.5787584394 0.5245202767 0.7856515627 -0.3756953884 -0.9579180926 -0.5635658598 0.7368145358 0.8082168048 0.8059667575
0.8378516367 0.7390225623 0.6574548942 0.7992550430 0.8363350744 0.5959636502 0.5402240670 0.7973137619 -0.3755972569 -0.9531131238 -0.5706367444 0.7493769477 0.8193548095 0.8171917081
0.8478449105 0.7515873817 0.6725777179 0.8105863674 0.8438145543 0.6129138394 0.5558469287 0.8087050244 -0.3752727714 -0.9480564639 -0.5777521955 0.7617109069 0.8302055669 0.8281283716
0.8575650176 0.7639226832 0.6874517379 0.8216415278 0.8512271085 0.6296018522 0.5713780492 0.8198203081 -0.3747302811 -0.9427493133 -0.5849018595 0.7738100459 0.8407646095 0.8387722774
0.8670073218 0.7760218951 0.7020700410 0.8324155071 0.8585638302 0.6460205338 0.5868066160 0.8306545712 -0.3739781348 -0.9371928723 -0.5920753829 0.7856679975 0.8510274700 0.8491189547
0.8761671871 0.7878784456 0.7164257144 0.8429032878 0.8658158123 0.6621627292 0.6021218164 0.8412027717 -0.3730246816 -0.9313883412 -0.5992624119 0.7972783944 0.8609896809 0.8591639328
0.8850399776 0.7994857632 0.7305118448 0.8530998528 0.8729741479 0.6780212837 0.6173128378 0.8514598678 -0.3718782705 -0.9253369204 -0.6064525929 0.8086348690 0.8706467749 0.8689027409
0.8936210571 0.8108372760 0.7443215194 0.8630001848 0.8800299299 0.6935890423 0.6323688676 0.8614208175 -0.3705472505 -0.9190398101 -0.6136355724 0.8197310543 0.8799942846 0.8783309084
0.9019057896 0.8219264126 0.7578478249 0.8725992666 0.8869742515 0.7088588503 0.6472790932 0.8710805789 -0.3690399705 -0.9124982106 -0.6208009967 0.8305605827 0.8890277426 0.8874439644
0.9098895391 0.8327466011 0.7710838484 0.8818920808 0.8937982056 0.7238235528 0.6620327021 0.8804341102 -0.3673647795 -0.9057133223 -0.6279385121 0.8411170869 0.8977426814 0.8962374384
