0.8638058942 0.8337657363 0.8452710052 0.9312659540 0.8236323832 0.8548629232 0.8315875688 0.9289939834 0.8206510851 0.8479424910 -0.8588756265 0.8443100757 0.9707239171 0.9701435236
0.8307718342 0.7935589867 0.8080814188 0.9144316602 0.7810993356 0.8197796072 0.7908544050 0.9116126381 0.7774191872 0.8112531236 -0.8248167606 0.8065593725 0.9633912263 0.9627020090
0.7981389557 0.7538872753 0.7713312465 0.8977355897 0.7391821750 0.7851707901 0.7506637328 0.8943777995 0.7348215507 0.7750870667 -0.7912405573 0.7692729764 0.9560532113 0.9552693852
0.7659049563 0.7147477580 0.7350186877 0.8811770105 0.6978770733 0.7510335306 0.7110128091 0.8772886892 0.6928542402 0.7394409735 -0.7581439021 0.7324486852 0.9487099438 0.9478455768
0.7340675334 0.6761375907 0.6991419418 0.8647551907 0.6571802028 0.7173648877 0.6718988911 0.8603445288 0.6515133201 0.7043114972 -0.7255236810 0.6960842968 0.9413614957 0.9404305083
0.7026243846 0.6380539293 0.6636992083 0.8484693982 0.6170877355 0.6841619200 0.6333192357 0.8435445397 0.6107948551 0.6696952911 -0.6933767795 0.6601776092 0.9340079388 0.9330241044
0.6715732074 0.6004939295 0.6286886867 0.8323189012 0.5775958436 0.6514216864 0.5952710999 0.8268879437 0.5706949095 0.6355890084 -0.6617000836 0.6247264203 0.9266493451 0.9256262895
0.6409116992 0.5634547473 0.5941085763 0.8163029678 0.5387006993 0.6191412456 0.5577517407 0.8103739623 0.5312095480 0.6019893025 -0.6304904788 0.5897285280 0.9192857864 0.9182369882
0.6106375576 0.5269335386 0.5599570767 0.8004208660 0.5003984745 0.5873176565 0.5207584151 0.7940018170 0.4923348351 0.5688928265 -0.5997448510 0.5551817302 0.9119173345 0.9108561250
0.5807484800 0.4909274591 0.5262323872 0.7846718638 0.4626853415 0.5559479779 0.4842883801 0.7777707295 0.4540668352 0.5362962336 -0.5694600859 0.5210838248 0.9045440614 0.9034836245
0.5512421639 0.4554336647 0.4929327074 0.7690552293 0.4255574724 0.5250292685 0.4483388928 0.7616799213 0.4164016130 0.5041961772 -0.5396330692 0.4874326098 0.8971660388 0.8961194112
0.5221163069 0.4204493114 0.4600562366 0.7535702307 0.3890110393 0.4945585871 0.4129072100 0.7457286140 0.3793352330 0.4725893105 -0.5102606867 0.4542258831 0.8897833386 0.8887634097
0.4933686065 0.3859715550 0.4276011744 0.7382161359 0.3530422143 0.4645329926 0.3779905889 0.7299160291 0.3428637596 0.4414722867 -0.4813398242 0.4214614425 0.8823960327 0.8814155445
0.4649967601 0.3519975513 0.3955657201 0.7229922129 0.3176471696 0.4349495438 0.3435862864 0.7142413883 0.3069832574 0.4108417591 -0.4528673673 0.3891370861 0.8750041929 0.8740757402
0.4369984652 0.3185244562 0.3639480733 0.7078977300 0.2828220772 0.4058052994 0.3096915595 0.6987039132 0.2716897910 0.3806943809 -0.4248402018 0.3572506117 0.8676078911 0.8667439213
0.4093714194 0.2855494256 0.3327464333 0.6929319551 0.2485631093 0.3770973182 0.2763036652 0.6833028252 0.2369794249 0.3510268054 -0.3972552134 0.3257998172 0.8602071992 0.8594200123
0.3821133201 0.2530696154 0.3019589997 0.6780941563 0.2148664380 0.3488226590 0.2434198606 0.6680373460 0.2028482235 0.3218356858 -0.3701092880 0.2947825007 0.8528021889 0.8521039378
0.3552218648 0.2210821813 0.2715839718 0.6633836016 0.1817282355 0.3209783807 0.2110374026 0.6529066972 0.1692922515 0.2931176754 -0.3433993112 0.2641964599 0.8453929323 0.8447956224
0.3286947511 0.1895842793 0.2416195491 0.6487995592 0.1491446738 0.2935615419 0.1791535482 0.6379101003 0.1363075733 0.2648694274 -0.3171221687 0.2340394928 0.8379795010 0.8374949906
0.3025296764 0.1585730652 0.2120639311 0.6343412970 0.1171119251 0.2665692016 0.1477655545 0.6230467769 0.1038902535 0.2370875950 -0.2912747464 0.2043093973 0.8305619670 0.8302019669
