-0.8523505064 -0.9542039351 -0.9693379891 -0.8141723917 -0.8904260124 -0.9437335170 -0.9770977584 -0.8160425588 0.1358191024 0.0459907665 0.2497729153 -0.9737204951 -0.7840683871 -0.7802546545
-0.8626137726 -0.9593021892 -0.9730636180 -0.8248324483 -0.8815746068 -0.9498217338 -0.9739881307 -0.8266094973 0.1588925532 0.0681380498 0.2370928752 -0.9775101533 -0.7957110188 -0.7918691264
-0.8725525302 -0.9641218142 -0.9765728329 -0.8352576138 -0.8724160137 -0.9555795237 -0.9706684903 -0.8369440204 0.1818746393 0.0902427631 0.2244258388 -0.9810187509 -0.8071207908 -0.8032629441
-0.8821614608 -0.9686584269 -0.9798601416 -0.8454400105 -0.8629543498 -0.9610034968 -0.9671367418 -0.8470382205 0.2047548767 0.1122958066 0.2117720245 -0.9842425700 -0.8182893955 -0.8144274883
-0.8914352461 -0.9729076438 -0.9829200519 -0.8553717610 -0.8531937318 -0.9660902634 -0.9633907898 -0.8568841901 0.2275227811 0.1342880808 0.1991316503 -0.9871778926 -0.8292085255 -0.8253541397
-0.9003685677 -0.9768650814 -0.9857470715 -0.8650449875 -0.8431382766 -0.9708364336 -0.9594285387 -0.8664740215 0.2501678685 0.1562104861 0.1865049344 -0.9898210009 -0.8398698735 -0.8360342790
-0.9089561073 -0.9805263565 -0.9883357084 -0.8744518126 -0.8327921008 -0.9752386175 -0.9552478930 -0.8757998073 0.2726796549 0.1780539229 0.1738920950 -0.9921681769 -0.8502651321 -0.8464592869
-0.9171925465 -0.9838870857 -0.9906804702 -0.8835843586 -0.8221593211 -0.9792934254 -0.9508467574 -0.8848536399 0.2950476560 0.1998092915 0.1612933501 -0.9942157027 -0.8603859938 -0.8566205441
-0.9250725670 -0.9869428854 -0.9927758648 -0.8924347479 -0.8112440543 -0.9829974673 -0.9462230362 -0.8936276116 0.3172613878 0.2214674922 0.1487089179 -0.9959598604 -0.8702241511 -0.8665094314
-0.9325908505 -0.9896893723 -0.9946164000 -0.9009951029 -0.8000504171 -0.9863473536 -0.9413746340 -0.9021138150 0.3393103662 0.2430194256 0.1361390166 -0.9973969321 -0.8797712968 -0.8761173295
-0.9397420785 -0.9921221631 -0.9961965836 -0.9092575461 -0.7885825263 -0.9893396942 -0.9362994554 -0.9103043425 0.3611841071 0.2644559920 0.1235838642 -0.9985231998 -0.8890191233 -0.8854356192
-0.9465209328 -0.9942368743 -0.9975109233 -0.9172141999 -0.7768444985 -0.9919710995 -0.9309954049 -0.9181912866 0.3828721264 0.2857680916 0.1110436790 -0.9993349456 -0.8979593233 -0.8944556810
-0.9529220950 -0.9960291225 -0.9985539270 -0.9248571866 -0.7648404506 -0.9942381796 -0.9254603869 -0.9257667396 0.4043639400 0.3069466250 0.0985186791 -0.9998284517 -0.9065835894 -0.9031688959
-0.9589402467 -0.9974945243 -0.9993201025 -0.9321786287 -0.7525744992 -0.9961375446 -0.9196923060 -0.9330227940 0.4256490637 0.3279824926 0.0860090826 -1.0000000000 -0.9148836141 -0.9115666444
-0.9645700697 -0.9986286964 -0.9998039576 -0.9391706485 -0.7400507610 -0.9976658048 -0.9136890667 -0.9399515423 0.4467170135 0.3488665945 0.0735151077 -0.9998458727 -0.9228510899 -0.9196403073
-0.9698062455 -0.9994272553 -1.0000000000 -0.9458253686 -0.7272733529 -0.9988195702 -0.9074485735 -0.9465450770 0.4675573053 0.3695898314 0.0610369725 -0.9993623519 -0.9304777096 -0.9273812654
-0.9746434558 -0.9998858176 -0.9999027376 -0.9521349112 -0.7142463914 -0.9995954511 -0.9009687310 -0.9527954903 0.4881594549 0.3901431034 0.0485748952 -0.9985457196 -0.9377551657 -0.9347808993
-0.9790763823 -1.0000000000 -0.9995066782 -0.9580913989 -0.7009739934 -0.9999900577 -0.8942474437 -0.9586948748 0.5085129783 0.4105173111 0.0361290938 -0.9973922579 -0.9446751507 -0.9418305897
-0.9830997066 -0.9997654190 -0.9988063296 -0.9636869539 -0.6874602756 -1.0000000000 -0.8872826161 -0.9642353230 0.5286073914 0.4307033548 0.0236997866 -0.9958982489 -0.9512293573 -0.9485217175
-0.9867081104 -0.9991776912 -0.9977961995 -0.9689136988 -0.6737093548 -0.9996218883 -0.8800721526 -0.9694089272 0.5484322100 0.4506921349 0.0112871917 -0.9940599748 -0.9574094780 -0.9548456633
