-0.2021222365 -0.5301272495 -0.7334579295 -0.4428904747 -0.4179138482 -0.5933367565 -0.7903479179 -0.4442180378 -0.6740096080 -0.9854547880 0.6671606734 -0.4683429770 -0.3697670054 -0.3642588596
-0.2228839613 -0.5492628521 -0.7471910146 -0.4591787898 -0.4390957727 -0.6108961973 -0.8021263799 -0.4605285306 -0.6888895984 -0.9880916764 0.6807274049 -0.4885551240 -0.3866697293 -0.3814341295
-0.2435560277 -0.5681460284 -0.7606352411 -0.4753290297 -0.4600612427 -0.6281958884 -0.8136397340 -0.4766999863 -0.7035401979 -0.9904757883 0.6940791312 -0.5085345964 -0.4034569732 -0.3984924662
-0.2641299747 -0.5867666317 -0.7737841544 -0.4913360294 -0.4807991745 -0.6452264058 -0.8248807694 -0.4927272065 -0.7179521383 -0.9926033844 0.7072112689 -0.5282709967 -0.4201234656 -0.4154283692
-0.2845973414 -0.6051145157 -0.7866313002 -0.5071946237 -0.5012984843 -0.6619783257 -0.8358422755 -0.5086049932 -0.7321161514 -0.9944707256 0.7201192347 -0.5477539275 -0.4366639351 -0.4322363380
-0.3049496662 -0.6231795332 -0.7991702235 -0.5228996476 -0.5215480879 -0.6784422232 -0.8465170413 -0.5243281478 -0.7460229684 -0.9960740712 0.7327984454 -0.5669729907 -0.4530731105 -0.4489108720
-0.3251784887 -0.6409515380 -0.8113944701 -0.5384459359 -0.5415369021 -0.6946086751 -0.8568978564 -0.5398914722 -0.7596633215 -0.9974096830 0.7452443175 -0.5859177891 -0.4693457203 -0.4654464709
-0.3452753476 -0.6584203832 -0.8232975854 -0.5538283235 -0.5612538427 -0.7104682571 -0.8669775100 -0.5552897680 -0.7730279422 -0.9984738212 0.7574522675 -0.6045779250 -0.4854764931 -0.4818376342
-0.3652317818 -0.6755759223 -0.8348731148 -0.5690416454 -0.5806878262 -0.7260115451 -0.8767487913 -0.5705178371 -0.7861075622 -0.9992627464 0.7694177123 -0.6229430009 -0.5014601577 -0.4980788612
-0.3850393304 -0.6924080086 -0.8461146037 -0.5840807363 -0.5998277685 -0.7412291150 -0.8862044897 -0.5855704810 -0.7988929132 -0.9997727192 0.7811360683 -0.6410026191 -0.5172914426 -0.5141646517
-0.4046895324 -0.7089064954 -0.8570155976 -0.5989404313 -0.6186625861 -0.7561115429 -0.8953373944 -0.6004425016 -0.8113747269 -1.0000000000 0.7926027524 -0.6587463820 -0.5329650765 -0.5300895050
-0.4241739266 -0.7250612361 -0.8675696420 -0.6136155652 -0.6371811950 -0.7706494046 -0.9041402946 -0.6151287004 -0.8235437349 -0.9999408495 0.8038131811 -0.6761638921 -0.5484757880 -0.5458479206
-0.4434840521 -0.7408620841 -0.8777702822 -0.6281009728 -0.6553725115 -0.7848332761 -0.9126059798 -0.6296238794 -0.8353906690 -0.9995915283 0.8147627710 -0.6932447518 -0.5638183058 -0.5614343982
-0.4626114479 -0.7562988926 -0.8876110638 -0.6423914892 -0.6732254518 -0.7986537334 -0.9207272390 -0.6439228400 -0.8469062608 -0.9989482969 0.8254469388 -0.7099785634 -0.5789873584 -0.5768434372
-0.4815476528 -0.7713615151 -0.8970855322 -0.6564819491 -0.6907289321 -0.8121013524 -0.9284968618 -0.6580203842 -0.8580812420 -0.9980074159 0.8358611012 -0.7263549295 -0.5939776746 -0.5920695372
-0.5002842059 -0.7860398049 -0.9061872328 -0.6703671875 -0.7078718686 -0.8251667090 -0.9359076372 -0.6719113135 -0.8689063443 -0.9967651458 0.8460006748 -0.7423634523 -0.6087839829 -0.6071071975
-0.5188126461 -0.8003236152 -0.9149097110 -0.6840420393 -0.7246431775 -0.8378403792 -0.9429523547 -0.6855904298 -0.8793722994 -0.9952177473 0.8558610763 -0.7579937343 -0.6234010120 -0.6219509179
-0.5371245124 -0.8142027996 -0.9232465124 -0.6975013393 -0.7410317750 -0.8501129389 -0.9496238034 -0.6990525346 -0.8894698390 -0.9933614809 0.8654377222 -0.7732353780 -0.6378234905 -0.6365951976
-0.5552113438 -0.8276672113 -0.9311911824 -0.7107399225 -0.7570265773 -0.8619749641 -0.9559147727 -0.7122924298 -0.8991896948 -0.9911926071 0.8747260293 -0.7880779856 -0.6520461471 -0.6510345364
-0.5730646793 -0.8407067037 -0.9387372663 -0.7237526237 -0.7726165007 -0.8734170307 -0.9618180518 -0.7253049171 -0.9085225984 -0.9887073866 0.8837214141 -0.8025111597 -0.6660637104 -0.6652634337
