-0.0346285199 -0.0815435077 -0.0513384922 0.1458534225 -0.5753247790 -0.0735272255 -0.1487373835 0.1412409453 -0.9041123872 -0.6533730367 0.5670469702 -0.0613853362 0.1490916442 0.1549638290
-0.0304733611 -0.0754495889 -0.0450565122 0.1469860240 -0.5683937350 -0.0691170125 -0.1402219050 0.1424360293 -0.8959851588 -0.6446996274 0.5733182211 -0.0555293195 0.1499557026 0.1557739961
-0.0259651463 -0.0690276935 -0.0384650776 0.1484610905 -0.5609263377 -0.0643418928 -0.1314057957 0.1439742052 -0.8875049905 -0.6354957914 0.5791202773 -0.0493489155 0.1511672089 0.1569301936
-0.0210981724 -0.0622728742 -0.0315595367 0.1502848160 -0.5529149369 -0.0591960534 -0.1222849968 0.1458616627 -0.8786693480 -0.6257543280 0.5844443536 -0.0428391762 0.1527324828 0.1584387329
-0.0158667366 -0.0551801835 -0.0243352378 0.1524633948 -0.5443518828 -0.0536736816 -0.1128554498 0.1481045914 -0.8694756972 -0.6154680369 0.5892816649 -0.0359951536 0.1546578440 0.1603059254
-0.0102651361 -0.0477446742 -0.0167875290 0.1550030209 -0.5352295254 -0.0477689646 -0.1031130958 0.1507091810 -0.8599215040 -0.6046297174 0.5936234261 -0.0288118998 0.1569496120 0.1625380826
-0.0042876679 -0.0399613988 -0.0089117585 0.1579098885 -0.5255402147 -0.0414760894 -0.0930538761 0.1536816210 -0.8500042341 -0.5932321691 0.5974608519 -0.0212844668 0.1596141066 0.1651415159
0.0020713709 -0.0318254100 -0.0007032746 0.1611901918 -0.5152763008 -0.0347892433 -0.0826737321 0.1570281012 -0.8397213536 -0.5812681913 0.6007851572 -0.0134079067 0.1626576474 0.1681225368
0.0088176831 -0.0233317603 0.0078425746 0.1648501249 -0.5044301337 -0.0277026135 -0.0719686049 0.1607548111 -0.8290703281 -0.5687305837 0.6035875569 -0.0051772714 0.1660865540 0.1714874567
0.0159569716 -0.0144755024 0.0167304408 0.1688958820 -0.4929940635 -0.0202103871 -0.0609344360 0.1648679404 -0.8180486236 -0.5556121457 0.6058592659 0.0034123870 0.1699071461 0.1752425869
0.0234949393 -0.0052516889 0.0259649758 0.1733336572 -0.4809604402 -0.0123067512 -0.0495671665 0.1693736786 -0.8066537059 -0.5419056768 0.6075914989 0.0123660166 0.1741257434 0.1793942390
0.0314372891 0.0043446276 0.0355508315 0.1781696447 -0.4683216139 -0.0039858932 -0.0378627378 0.1742782156 -0.7948830408 -0.5276039764 0.6087754709 0.0216885652 0.1787486654 0.1839487244
0.0397897239 0.0143183945 0.0454926595 0.1834100385 -0.4550699345 0.0047579999 -0.0258170911 0.1795877408 -0.7827340942 -0.5126998441 0.6094023966 0.0313849808 0.1837822319 0.1889123545
0.0485579466 0.0246745591 0.0557951117 0.1890610330 -0.4411977522 0.0139307408 -0.0134261677 0.1853084439 -0.7702043320 -0.4971860792 0.6094634910 0.0414602114 0.1892327624 0.1942914407
0.0577476601 0.0354180688 0.0664628399 0.1951288221 -0.4266974169 0.0235381424 -0.0006859089 0.1914465146 -0.7572912199 -0.4810554814 0.6089499689 0.0519192051 0.1951065767 0.2000922945
0.0673645671 0.0465538710 0.0775004958 0.2016196001 -0.4115612788 0.0335860176 0.0124077440 0.1980081424 -0.7439922239 -0.4643008500 0.6078530452 0.0627669096 0.2014099944 0.2063212272
0.0774143707 0.0580869131 0.0889127313 0.2085395612 -0.3957816878 0.0440801791 0.0258588498 0.2049995171 -0.7303048097 -0.4469149846 0.6061639346 0.0740082732 0.2081493351 0.2129845504
0.0879027737 0.0700221425 0.1007041981 0.2158948994 -0.3793509941 0.0550264398 0.0396714671 0.2124268282 -0.7162264433 -0.4288906846 0.6038738521 0.0856482436 0.2153309185 0.2200885755
0.0988354791 0.0823645066 0.1128795481 0.2236918089 -0.3622615475 0.0664306125 0.0538496547 0.2202962654 -0.7017545904 -0.4102207495 0.6009740124 0.0976917689 0.2229610642 0.2276396138
0.1102181896 0.0951189526 0.1254434329 0.2319364838 -0.3445056983 0.0782985100 0.0683974714 0.2286140182 -0.6868867170 -0.3908979789 0.5974556305 0.1101437971 0.2310460919 0.2356439769
