0.2272501606 0.2008001321 0.3988240668 0.1281987756 -0.3021424228 0.0596273960 0.0320083654 0.1311459425 -0.6178924784 -0.5710029209 0.4090414971 0.2183695987 0.1338152644 0.1436769377
0.1794115035 0.1534201849 0.3637809745 0.0822543398 -0.3309297748 0.0159550024 -0.0112311166 0.0851353511 -0.6350605412 -0.5936373238 0.4373468826 0.1706341628 0.0877496161 0.0974042564
0.1298457996 0.1044036230 0.3276196575 0.0349065469 -0.3605335487 -0.0289729842 -0.0556291616 0.0377125498 -0.6525281664 -0.6162862509 0.4659590116 0.1212053126 0.0402634084 0.0496803636
0.0785293226 0.0537290635 0.2903301923 -0.0138603723 -0.3909653952 -0.0751721939 -0.1011985086 -0.0111384126 -0.6703001931 -0.6389460487 0.4948786098 0.0700605276 -0.0086595120 0.0004883978
0.0254383463 0.0013751234 0.2519026549 -0.0640621871 -0.4222369654 -0.1226582568 -0.1479518964 -0.0614334875 -0.6883814606 -0.6616130637 0.5241064026 0.0171772872 -0.0590352978 -0.0501885025
-0.0294508553 -0.0526795802 0.2123271216 -0.1157146668 -0.4543599102 -0.1714468028 -0.1959020637 -0.1131886262 -0.7067768081 -0.6842836426 0.5536431155 -0.0374669293 -0.1108801023 -0.1023671988
-0.0861620085 -0.1084564300 0.1715936686 -0.1688335807 -0.4873458806 -0.2215534621 -0.2450617494 -0.1664197800 -0.7254910746 -0.7069541317 0.5834894740 -0.0938946426 -0.1642100784 -0.1560645527
-0.1447188394 -0.1659768090 0.1296923722 -0.2234346981 -0.5212065275 -0.2729938646 -0.2954436924 -0.2211429002 -0.7445290994 -0.7296208776 0.6136462038 -0.1521283731 -0.2190413790 -0.2112974257
-0.2051450742 -0.2252621001 0.0866133085 -0.2795337883 -0.5559535019 -0.3257836404 -0.3470606313 -0.2773739381 -0.7638957216 -0.7522802269 0.6441140302 -0.2121906417 -0.2753901572 -0.2680826795
-0.2674644391 -0.2863336860 0.0423465538 -0.3371466205 -0.5915984546 -0.3799384195 -0.3999253051 -0.3351288450 -0.7835957805 -0.7749285261 0.6748936788 -0.2741039688 -0.3332725661 -0.3264371755
-0.3317006602 -0.3492129498 -0.0031178157 -0.3962889641 -0.6281530366 -0.4354738319 -0.4540504526 -0.3944235723 -0.8036341151 -0.7975621218 0.7059858752 -0.3378908752 -0.3927047586 -0.3863777753
-0.3978774638 -0.4139212743 -0.0497897237 -0.4569765883 -0.6656288989 -0.4924055077 -0.5094488126 -0.4552740712 -0.8240155646 -0.8201773604 0.7373913448 -0.4035738814 -0.4537028876 -0.4479213405
-0.4660185759 -0.4804800424 -0.0976790941 -0.5192252624 -0.7040376924 -0.5507490769 -0.5661331238 -0.5176962931 -0.8447449683 -0.8427705885 0.7691108131 -0.4711755080 -0.5162831064 -0.5110847326
-0.5361477228 -0.5489106368 -0.1467958507 -0.5830507558 -0.7433910681 -0.6105201696 -0.6241161252 -0.5817061893 -0.8658271653 -0.8653381526 0.8011450057 -0.5407182758 -0.5804615677 -0.5758848130
-0.6082886307 -0.6192344406 -0.1971499171 -0.6484688377 -0.7837006769 -0.6717344158 -0.6834105555 -0.6473197111 -0.8872669948 -0.8878763993 0.8334946481 -0.6122247052 -0.6462544248 -0.6423384435
-0.6824650257 -0.6914728366 -0.2487512171 -0.7154952774 -0.8249781697 -0.7344074455 -0.7440291536 -0.7145528098 -0.9090692958 -0.9103816752 0.8661604658 -0.6857173170 -0.7136778305 -0.7104624856
-0.7587006339 -0.7656472077 -0.3016096747 -0.7841458442 -0.8672351974 -0.7985548887 -0.8059846583 -0.7834214367 -0.9312389077 -0.9328503266 0.8991431844 -0.7612186317 -0.7827479378 -0.7802738007
-0.8370191816 -0.8417789367 -0.3557352134 -0.8544363073 -0.9104834111 -0.8641923755 -0.8692898084 -0.8539415432 -0.9537806696 -0.9552787002 0.9324435292 -0.8387511701 -0.8534808999 -0.8517892504
-0.9174443949 -0.9198894065 -0.4111377572 -0.9263824362 -0.9547344617 -0.9313355359 -0.9339573427 -0.9261290805 -0.9766994206 -0.9776631425 0.9660622259 -0.9183374526 -0.9258928696 -0.9250256963
-1.0000000000 -1.0000000000 -0.4678272297 -1.0000000000 -1.0000000000 -1.0000000000 -1.0000000000 -1.0000000000 -1.0000000000 -1.0000000000 1.0000000000 -1.0000000000 -1.0000000000 -1.0000000000
