0.2232164280 0.1887444507 0.1099316382 0.3879439359 0.2645494827 0.2661770217 0.1202143784 0.3887354557 0.2675741798 0.3785870857 -0.5032985348 0.1841894750 0.4829484733 0.4684844409
0.2209583387 0.1853877638 0.1085067077 0.3902989270 0.2563520283 0.2613047207 0.1155949146 0.3910981971 0.2571109015 0.3688225559 -0.4926948541 0.1808753977 0.4868494219 0.4720622698
0.2187117264 0.1820547302 0.1071168989 0.3926095552 0.2481781852 0.2564433970 0.1110199166 0.3934163603 0.2466788687 0.3590605190 -0.4820673493 0.1775858909 0.4906779088 0.4755722382
0.2164853679 0.1787549240 0.1057705390 0.3948812276 0.2400407870 0.2516035856 0.1064999070 0.3956953464 0.2362924768 0.3493147645 -0.4714302506 0.1743305042 0.4944381676 0.4790188191
0.2142880402 0.1754979193 0.1044759552 0.3971193514 0.2319526673 0.2467958213 0.1020454081 0.3979405562 0.2259661213 0.3395990815 -0.4607977884 0.1711187873 0.4981344321 0.4824064853
0.2121285201 0.1722932899 0.1032414750 0.3993293338 0.2239266598 0.2420306391 0.0976669426 0.4001573907 0.2157141976 0.3299272595 -0.4501841932 0.1679602899 0.5017709359 0.4857397099
0.2100155844 0.1691506100 0.1020754254 0.4015165820 0.2159755980 0.2373185738 0.0933750329 0.4023512508 0.2055511010 0.3203130878 -0.4396036952 0.1648645616 0.5053519126 0.4890229658
0.2079580100 0.1660794537 0.1009861338 0.4036865031 0.2081123157 0.2326701603 0.0891802015 0.4045275375 0.1954912270 0.3107703557 -0.4290705249 0.1618411521 0.5088815960 0.4922607259
0.2059645736 0.1630893949 0.0999819273 0.4058445043 0.2003496463 0.2280959336 0.0850929710 0.4066916517 0.1855489710 0.3013128526 -0.4185989126 0.1588996112 0.5123642197 0.4954574632
0.2040440522 0.1601900076 0.0990711333 0.4079959929 0.1927004235 0.2236064286 0.0811238637 0.4088489944 0.1757387285 0.2919543678 -0.4082030887 0.1560494884 0.5158040174 0.4986176507
0.2022052227 0.1573908661 0.0982620790 0.4101463759 0.1851774810 0.2192121801 0.0772834023 0.4110049664 0.1660748947 0.2827086906 -0.3978972835 0.1533003334 0.5192052228 0.5017457613
0.2004568617 0.1547015442 0.0975630917 0.4123010606 0.1777936523 0.2149237231 0.0735821092 0.4131649688 0.1565718651 0.2735896104 -0.3876957275 0.1506616959 0.5225720695 0.5048462680
0.1988077463 0.1521316160 0.0969824986 0.4144654541 0.1705617711 0.2107515924 0.0700305069 0.4153344025 0.1472440352 0.2646109166 -0.3776126510 0.1481431255 0.5259087912 0.5079236437
0.1972666532 0.1496906555 0.0965286269 0.4166449636 0.1634946709 0.2067063230 0.0666391179 0.4175186685 0.1381058003 0.2557863984 -0.3676622844 0.1457541720 0.5292196217 0.5109823613
0.1958423593 0.1473882369 0.0962098040 0.4188449962 0.1566051855 0.2027984498 0.0634184648 0.4197231676 0.1291715558 0.2471298452 -0.3578588579 0.1435043849 0.5325087944 0.5140268939
0.1945436414 0.1452339340 0.0960343570 0.4210709593 0.1499061483 0.1990385076 0.0603790699 0.4219533008 0.1204556973 0.2386550463 -0.3482166021 0.1414033141 0.5357805433 0.5170617144
0.1933792764 0.1432373211 0.0960106132 0.4233282598 0.1434103931 0.1954370314 0.0575314559 0.4242144690 0.1119726200 0.2303757911 -0.3387497473 0.1394605090 0.5390391018 0.5200912956
0.1923580411 0.1414079720 0.0961468999 0.4256223050 0.1371307534 0.1920045560 0.0548861452 0.4265120733 0.1037367193 0.2223058690 -0.3294725238 0.1376855195 0.5422887037 0.5231201107
0.1914887124 0.1397554609 0.0964515443 0.4279585022 0.1310800629 0.1887516165 0.0524536603 0.4288515145 0.0957623908 0.2144590692 -0.3203991621 0.1360878951 0.5455335827 0.5261526325
0.1907800671 0.1382893617 0.0969328737 0.4303422583 0.1252711552 0.1856887476 0.0502445237 0.4312381935 0.0880640298 0.2068491810 -0.3115438924 0.1346771856 0.5487779725 0.5291933339
