0.4319218344 0.3836678419 0.3982567296 0.2704024173 0.4836874809 0.4322801274 0.3340407044 0.2699256275 0.2853565095 -0.5016643960 0.6709193544 0.3284965484 0.2439538667 0.2487500302
0.4452103070 0.4003814471 0.4139666303 0.2799559253 0.5064140629 0.4452729023 0.3553276013 0.2794264583 0.2885109971 -0.5157111312 0.6575260271 0.3468981545 0.2525312769 0.2573772155
0.4594184221 0.4179142382 0.4305235892 0.2904398181 0.5291463519 0.4592072849 0.3772478767 0.2898560703 0.2909183128 -0.5303744989 0.6426737527 0.3661790253 0.2620175177 0.2669127338
0.4745629917 0.4362801425 0.4479423494 0.3018717889 0.5518799193 0.4741005871 0.3998106303 0.3012321383 0.2925620283 -0.5456653702 0.6263371194 0.3863537357 0.2724300670 0.2773740487
0.4906608275 0.4554930874 0.4662376537 0.3142695309 0.5746103368 0.4899701207 0.4230249621 0.3135723369 0.2934257151 -0.5615946161 0.6084907156 0.4074368611 0.2837864027 0.2887786238
0.5077287414 0.4755670001 0.4854242451 0.3276507373 0.5973331761 0.5068331976 0.4468999720 0.3268943406 0.2934929449 -0.5781731077 0.5891091293 0.4294429764 0.2961040026 0.3011439229
0.5257835452 0.4965158078 0.5055168667 0.3420331013 0.6200440086 0.5247071297 0.4714447600 0.3412158241 0.2927472893 -0.5954117161 0.5681669490 0.4523866569 0.3094003447 0.3144874095
0.5448420506 0.5183534379 0.5265302614 0.3574343160 0.6427384059 0.5436092288 0.4966684258 0.3565544620 0.2911723199 -0.6133213124 0.5456387627 0.4762824777 0.3236929070 0.3288265473
0.5649210695 0.5410938175 0.5484791723 0.3738720747 0.6654119397 0.5635568067 0.5225800695 0.3729279289 0.2887516083 -0.6319127676 0.5214991587 0.5011450138 0.3389991673 0.3441787999
0.5860374137 0.5647508739 0.5713783423 0.3913640705 0.6880601816 0.5845671754 0.5491887910 0.3903538994 0.2854687261 -0.6511969528 0.4957227254 0.5269888406 0.3553366035 0.3605616311
0.6082078950 0.5893385345 0.5952425143 0.4099279967 0.7106787030 0.6066576466 0.5765036900 0.4088500481 0.2813072449 -0.6711847391 0.4682840509 0.5538285330 0.3727226936 0.3779925044
0.6314493252 0.6148707264 0.6200864314 0.4295815464 0.7332630757 0.6298455322 0.6045338666 0.4284340497 0.2762507364 -0.6918869976 0.4391577234 0.5816786663 0.3911749154 0.3964888836
0.6557785161 0.6413613770 0.6459248366 0.4503424128 0.7558088711 0.6541481442 0.6332884207 0.4491235787 0.2702827722 -0.7133145993 0.4083183312 0.6105538155 0.4107107469 0.4160682322
0.6812122795 0.6688244134 0.6727724729 0.4722282892 0.7783116610 0.6795827942 0.6627764521 0.4709363098 0.2633869239 -0.7354784153 0.3757404626 0.6404685559 0.4313476660 0.4367480138
0.7077674273 0.6972737630 0.7006440831 0.4952568686 0.8007670168 0.7061667943 0.6930070607 0.4938899175 0.2555467630 -0.7583893168 0.3413987057 0.6714374625 0.4531031506 0.4585456923
0.7354607711 0.7267233530 0.7295544104 0.5194458443 0.8231705102 0.7339174561 0.7239893466 0.5180020766 0.2467458613 -0.7820581746 0.3052676489 0.7034751104 0.4759946786 0.4814787311
0.7643091230 0.7571871107 0.7595181977 0.5448129095 0.8455177127 0.7628520917 0.7557324095 0.5432904615 0.2369677902 -0.8064958601 0.2673218803 0.7365960749 0.5000397279 0.5055645940
0.7943292945 0.7886789634 0.7905501881 0.5713757573 0.8678041960 0.7929880128 0.7882453494 0.5697727470 0.2261961215 -0.8317132442 0.2275359882 0.7708149310 0.5252557765 0.5308207446
0.8255380977 0.8212128383 0.8226651243 0.5991520810 0.8900255316 0.8243425314 0.8215372661 0.5974666076 0.2144144268 -0.8577211979 0.1858845609 0.8061462539 0.5516603021 0.5572646465
0.8579523442 0.8548026626 0.8558777496 0.6281595737 0.9121772911 0.8569329592 0.8556172597 0.6263897179 0.2016062776 -0.8845305925 0.1423421865 0.8426046187 0.5792707829 0.5849137634
