0.4509495373 0.3357817075 -0.2260474707 0.2574980645 0.3408249167 0.5265822453 -0.7907732315 0.2531205177 -0.0019788126 0.1080503136 -0.1800857408 0.1995848976 0.2872189693 0.2802206684
0.4740799018 0.3612206760 -0.1902972783 0.2857547443 0.3391211029 0.5401794987 -0.7726714273 0.2814774533 -0.0218288948 0.0981907607 -0.1745895100 0.2277551893 0.3150053925 0.3080671166
0.4971307487 0.3866722980 -0.1543209079 0.3139837788 0.3373780491 0.5537347659 -0.7540783591 0.3098088473 -0.0416689526 0.0883409231 -0.1690954427 0.2560286690 0.3427338763 0.3358666171
0.5200693684 0.4120996654 -0.1181614497 0.3421480718 0.3355846210 0.5672215746 -0.7350264545 0.3380774840 -0.0614921293 0.0784975082 -0.1635959203 0.2843641378 0.3703685355 0.3635829030
0.5428630513 0.4374658699 -0.0818619943 0.3702105270 0.3337296844 0.5806134525 -0.7155481410 0.3662461477 -0.0812915684 0.0686572237 -0.1580833239 0.3127203966 0.3978734846 0.3911797072
0.5654790877 0.4627340032 -0.0454656318 0.3981340479 0.3318021050 0.5938839272 -0.6956758462 0.3942776225 -0.1010604135 0.0588167771 -0.1525500348 0.3410562466 0.4252128383 0.4186207627
0.5878847681 0.4878671570 -0.0090154527 0.4258815382 0.3297907486 0.6070065265 -0.6754419975 0.4221346928 -0.1207918078 0.0489728760 -0.1469884343 0.3693304888 0.4523507112 0.4458698027
0.6100473829 0.5128284233 0.0274454527 0.4534159017 0.3276844810 0.6199547781 -0.6548790225 0.4497801429 -0.1404788950 0.0391222281 -0.1413909036 0.3975019241 0.4792512178 0.4728905600
0.6319342225 0.5375808936 0.0638739941 0.4807000418 0.3254721679 0.6327022095 -0.6340193488 0.4771767568 -0.1601148183 0.0292615408 -0.1357498240 0.4255293536 0.5058784729 0.4996467679
0.6535125772 0.5620876597 0.1002270810 0.5076968624 0.3231426752 0.6452223487 -0.6128954038 0.5042873190 -0.1796927214 0.0193875217 -0.1300575767 0.4533715783 0.5321965911 0.5261021591
0.6747497374 0.5863118135 0.1364616232 0.5343692670 0.3206848686 0.6574887231 -0.5915396150 0.5310746137 -0.1992057476 0.0094968785 -0.1243065431 0.4809873993 0.5581696870 0.5522204669
0.6956129937 0.6102164466 0.1725345303 0.5606801594 0.3180876139 0.6694748605 -0.5699844101 0.5575014251 -0.2186470404 -0.0004136813 -0.1184891042 0.5083356176 0.5837618751 0.5779654241
0.7160696363 0.6337646508 0.2084027120 0.5865924431 0.3153397769 0.6811542886 -0.5482622165 0.5835305375 -0.2380097432 -0.0103474501 -0.1125976415 0.5353750342 0.6089372702 0.6033007639
0.7360869556 0.6569195179 0.2440230778 0.6120690218 0.3124302232 0.6925005352 -0.5264054618 0.6091247351 -0.2572869996 -0.0203077204 -0.1066245361 0.5620644501 0.6336599869 0.6281902192
0.7556322421 0.6796441395 0.2793525375 0.6370727992 0.3093478188 0.7034871277 -0.5044465734 0.6342468022 -0.2764719529 -0.0302977845 -0.1005621694 0.5883626664 0.6578941398 0.6525975231
0.7746727861 0.7019016076 0.3143480006 0.6615666789 0.3060814294 0.7140875941 -0.4824179790 0.6588595230 -0.2955577465 -0.0403209349 -0.0944029225 0.6142284841 0.6816038434 0.6764864086
0.7931758781 0.7236550137 0.3489663769 0.6855135647 0.3026199207 0.7242754619 -0.4603521060 0.6829256818 -0.3145375241 -0.0503804639 -0.0881391767 0.6396207043 0.7047532125 0.6998206088
0.8111088085 0.7448674498 0.3831645759 0.7088763601 0.2989521585 0.7340242588 -0.4382813819 0.7064080628 -0.3334044289 -0.0604796641 -0.0817633133 0.6644981278 0.7273063617 0.7225638565
0.8284388676 0.7655020074 0.4168995074 0.7316179687 0.2950670086 0.7433075126 -0.4162382344 0.7292694503 -0.3521516045 -0.0706218279 -0.0752677135 0.6888195559 0.7492274056 0.7446798850
0.8451333458 0.7855217784 0.4501280810 0.7537012944 0.2909533368 0.7520987509 -0.3942550909 0.7514726286 -0.3707721944 -0.0808102476 -0.0686447586 0.7125437894 0.7704804587 0.7661324271
