-0.6604942041 -0.8374427432 -0.7657707766 -0.3339005200 -0.9570134235 -0.8316402913 -0.9021134045 -0.3488823308 -0.9924939715 -0.9884749354 0.9877689637 -0.7969781150 -0.2217831942 -0.2365895189
-0.6446981258 -0.8268002843 -0.7534169307 -0.3127492333 -0.9508751703 -0.8202443968 -0.8936839641 -0.3279741003 -0.9896946692 -0.9850657575 0.9842329871 -0.7849221190 -0.1986143506 -0.2137007557
-0.6286190201 -0.8158172032 -0.7407592381 -0.2914571025 -0.9443097034 -0.8084894209 -0.8848858171 -0.3069192163 -0.9864370998 -0.9811999102 0.9802344862 -0.7725348775 -0.1753462582 -0.1907070364
-0.6122621358 -0.8044932085 -0.7277987176 -0.2700337908 -0.9373138192 -0.7963766831 -0.8757165817 -0.2857271139 -0.9827153021 -0.9768720652 0.9757685102 -0.7598177653 -0.1519906600 -0.1676197867
-0.5956327216 -0.7928280089 -0.7145363882 -0.2484889614 -0.9298843142 -0.7839075029 -0.8661738766 -0.2644072278 -0.9785233150 -0.9720768946 0.9708301082 -0.7467721569 -0.1285592990 -0.1444504326
-0.5787360262 -0.7808213130 -0.7009732687 -0.2268322773 -0.9220179849 -0.7710831996 -0.8562553201 -0.2429689928 -0.9738551773 -0.9668090700 0.9654143294 -0.7333994271 -0.1050639182 -0.1212103996
-0.5615772983 -0.7684728295 -0.6871103780 -0.2050734017 -0.9137116275 -0.7579050927 -0.8459585306 -0.2214218439 -0.9687049279 -0.9610632635 0.9595162231 -0.7197009505 -0.0815162606 -0.0979111138
-0.5441617865 -0.7557822670 -0.6729487349 -0.1832219978 -0.9049620387 -0.7443745015 -0.8352811267 -0.1997752159 -0.9630666056 -0.9548341468 0.9531308383 -0.7056781019 -0.0579280693 -0.0745640007
-0.5264947396 -0.7427493341 -0.6584893584 -0.1612877286 -0.8957660147 -0.7304927456 -0.8242207268 -0.1780385436 -0.9569342493 -0.9481163918 0.9462532243 -0.6913322559 -0.0343110872 -0.0511804863
-0.5085814062 -0.7293737395 -0.6437332673 -0.1392802573 -0.8861203522 -0.7162611443 -0.8127749492 -0.1562212618 -0.9503018978 -0.9409046704 0.9388784302 -0.6766647872 -0.0106770573 -0.0277719964
-0.4904270351 -0.7156551919 -0.6286814805 -0.1172092471 -0.8760218474 -0.7016810170 -0.8009414125 -0.1343328055 -0.9431635900 -0.9331936544 0.9310015052 -0.6616770704 0.0129622772 -0.0043499566
-0.4720368749 -0.7015933998 -0.6133350169 -0.0950843610 -0.8654672968 -0.6867536832 -0.7887177352 -0.1123826095 -0.9355133647 -0.9249780157 0.9226174985 -0.6463704803 0.0365951735 0.0190742072
-0.4534161743 -0.6871880719 -0.5976948954 -0.0729152623 -0.8544534970 -0.6714804623 -0.7761015355 -0.0903801086 -0.9273452608 -0.9162524262 0.9137214593 -0.6307463916 0.0602098886 0.0424890692
-0.4345701820 -0.6724389169 -0.5817621347 -0.0507116139 -0.8429772442 -0.6558626737 -0.7630904321 -0.0683347376 -0.9186533171 -0.9070115577 0.9043084368 -0.6148061788 0.0837946793 0.0658832036
-0.4155041466 -0.6573456433 -0.5655377539 -0.0284830792 -0.8310353350 -0.6399016368 -0.7496820433 -0.0462559315 -0.9094315725 -0.8972500820 0.8943734800 -0.5985512168 0.1073378027 0.0892451847
-0.3962233170 -0.6419079599 -0.5490227718 -0.0062393211 -0.8186245657 -0.6235986710 -0.7358739876 -0.0241531250 -0.8996740658 -0.8869626711 0.8839116383 -0.5819828801 0.1308275158 0.1125635866
-0.3767329417 -0.6261255753 -0.5322182072 0.0160099971 -0.8057417329 -0.6069550958 -0.7216638835 -0.0020357530 -0.8893748359 -0.8761439968 0.8729179607 -0.5651025434 0.1542520755 0.1358269835
-0.3570382695 -0.6099981981 -0.5151250791 0.0382552124 -0.7923836329 -0.5899722305 -0.7070493493 0.0200867496 -0.8785279217 -0.8647887310 0.8613874965 -0.5479115815 0.1775997389 0.1590239497
-0.3371445491 -0.5935255370 -0.4977444063 0.0604866615 -0.7785470622 -0.5726513947 -0.6920280036 0.0422049479 -0.8671273619 -0.8528915454 0.8493152949 -0.5304113690 0.2008587630 0.1821430594
-0.3170570291 -0.5767073006 -0.4800772076 0.0826946815 -0.7642288172 -0.5549939076 -0.6765974647 0.0643094073 -0.8551671955 -0.8404471120 0.8366964050 -0.5126032806 0.2240174047 0.2051728867
