-0.7009779536 -0.7403564478 -0.8622524933 -0.6689632969 -0.6483461055 -0.6918191887 -0.8302961097 -0.6722143765 -0.5966080957 -0.6435877673 0.4021387336 -0.7847534335 -0.6317552429 -0.6143642364
-0.7146106219 -0.7522189851 -0.8690054103 -0.6798062272 -0.6621315655 -0.7054414824 -0.8387576953 -0.6830426573 -0.6104521967 -0.6565467456 0.4163101190 -0.7958432936 -0.6430314931 -0.6261921421
-0.7278937739 -0.7637813720 -0.8755825343 -0.6904652453 -0.6756011519 -0.7187212677 -0.8469899336 -0.6936852515 -0.6240073262 -0.6691816060 0.4302726339 -0.8066159437 -0.6541318598 -0.6378334158
-0.7408296278 -0.7750452277 -0.8819843367 -0.7009405226 -0.6887572481 -0.7316608953 -0.8549938418 -0.7041423555 -0.6372758777 -0.6814954091 0.4440276053 -0.8170733145 -0.6650563688 -0.6492881725
-0.7534204014 -0.7860121716 -0.8882112895 -0.7112322310 -0.7016022373 -0.7442627162 -0.8627704370 -0.7144141656 -0.6502602447 -0.6934912153 0.4575763600 -0.8272173368 -0.6758050458 -0.6605565269
-0.7656683127 -0.7966838231 -0.8942638641 -0.7213405420 -0.7141385029 -0.7565290812 -0.8703207366 -0.7245008782 -0.6629628207 -0.7051720852 0.4709202250 -0.8370499414 -0.6863779166 -0.6716385940
-0.7775755796 -0.8070618014 -0.9001425324 -0.7312656273 -0.7263684281 -0.7684623410 -0.8776457578 -0.7344026897 -0.6753859990 -0.7165410792 0.4840605272 -0.8465730590 -0.6967750071 -0.6825344885
-0.7891444202 -0.8171477259 -0.9058477660 -0.7410076585 -0.7382943962 -0.7800648467 -0.8847465179 -0.7441197964 -0.6875321733 -0.7276012578 0.4969985934 -0.8557886203 -0.7069963430 -0.6932443253
-0.8003770523 -0.8269432160 -0.9113800367 -0.7505668073 -0.7499187906 -0.7913389490 -0.8916240340 -0.7536523947 -0.6994037368 -0.7383556815 0.5097357507 -0.8646985563 -0.7170419501 -0.7037682192
-0.8112756939 -0.8364498909 -0.9167398161 -0.7599432452 -0.7612439946 -0.8022869987 -0.8982793233 -0.7630006809 -0.7110030832 -0.7488074109 0.5222733258 -0.8733047975 -0.7269118541 -0.7141062850
-0.8218425630 -0.8456693700 -0.9219275759 -0.7691371441 -0.7722723913 -0.8129113468 -0.9047134032 -0.7721648514 -0.7223326059 -0.7589595063 0.5346126458 -0.8816092749 -0.7366060809 -0.7242586377
-0.8320798775 -0.8546032726 -0.9269437878 -0.7781486754 -0.7830063643 -0.8232143440 -0.9109272908 -0.7811451025 -0.7333946983 -0.7688150283 0.5467550375 -0.8896139192 -0.7461246562 -0.7342253921
-0.8419898554 -0.8632532181 -0.9317889236 -0.7869780108 -0.7934482966 -0.8331983413 -0.9169220035 -0.7899416307 -0.7441917539 -0.7783770374 0.5587018278 -0.8973206611 -0.7554676059 -0.7440066629
-0.8515747146 -0.8716208258 -0.9364634549 -0.7956253221 -0.8036005717 -0.8428656894 -0.9226985583 -0.7985546322 -0.7547261662 -0.7876485941 0.5704543437 -0.9047314313 -0.7646349556 -0.7536025651
-0.8608366731 -0.8797077150 -0.9409678534 -0.8040907807 -0.8134655727 -0.8522187392 -0.9282579726 -0.8069843034 -0.7650003286 -0.7966327588 0.5820139121 -0.9118481608 -0.7736267312 -0.7630132135
-0.8697779488 -0.8875155051 -0.9453025908 -0.8123745585 -0.8230456832 -0.8612598415 -0.9336012636 -0.8152308407 -0.7750166347 -0.8053325921 0.5933818598 -0.9186727803 -0.7824429585 -0.7722387229
-0.8784007597 -0.8950458154 -0.9494681388 -0.8204768269 -0.8323432862 -0.8699913473 -0.9387294484 -0.8232944404 -0.7847774778 -0.8137511545 0.6045595139 -0.9252072204 -0.7910836633 -0.7812792082
-0.8867073237 -0.9023002652 -0.9534649691 -0.8283977577 -0.8413607651 -0.8784156073 -0.9436435445 -0.8311752990 -0.7942852514 -0.8218915063 0.6155482011 -0.9314534120 -0.7995488713 -0.7901347841
-0.8946998589 -0.9092804739 -0.9572935534 -0.8361375226 -0.8501005033 -0.8865349724 -0.9483445689 -0.8388736127 -0.8035423490 -0.8297567082 0.6263492484 -0.9374132859 -0.8078386082 -0.7988055656
-0.9023805831 -0.9159880608 -0.9609543634 -0.8436962930 -0.8585648840 -0.8943517935 -0.9528335389 -0.8463895779 -0.8125511642 -0.8373498206 0.6369639828 -0.9430887728 -0.8159529000 -0.8072916676
