-0.6578750702 -0.4629454609 -0.4960196176 -0.7524659625 -0.6291310356 -0.6501295265 -0.1530578338 -0.7509357054 -0.2073733117 -0.2492938354 0.9993723793 -0.4337191752 -0.7476953445 -0.7453324089
-0.6260566092 -0.4279333921 -0.4590659716 -0.7273762848 -0.6107260468 -0.6174474691 -0.1245833852 -0.7257315653 -0.2061585797 -0.2202773730 0.9979853429 -0.3991899920 -0.7225439082 -0.7199874211
-0.5926552680 -0.3913789087 -0.4206140092 -0.7009462509 -0.5910650078 -0.5831311441 -0.0949572490 -0.6991828269 -0.2043028153 -0.1898847854 0.9958271804 -0.3631645062 -0.6960689271 -0.6933103529
-0.5576505356 -0.3532622620 -0.3806451642 -0.6731587671 -0.5701300240 -0.5471591424 -0.0641646469 -0.6712723362 -0.2017947314 -0.1580977553 0.9928861815 -0.3256236169 -0.6682536868 -0.6652843594
-0.5210219010 -0.3135637030 -0.3391408706 -0.6439967395 -0.5479032004 -0.5095100550 -0.0321908004 -0.6419829395 -0.1986230414 -0.1248979652 0.9891506359 -0.2865482234 -0.6390814728 -0.6358925956
-0.4827488532 -0.2722634831 -0.2960825622 -0.6134430743 -0.5243666425 -0.4701624726 0.0009790688 -0.6112974827 -0.1947764581 -0.0902670979 0.9846088331 -0.2459192250 -0.6085355708 -0.6051182165
-0.4428108814 -0.2293418533 -0.2514516727 -0.5814806779 -0.4995024552 -0.4290949862 0.0353597390 -0.5791988121 -0.1902436948 -0.0541868359 0.9792490627 -0.2037175207 -0.5765992665 -0.5729443773
-0.4011874744 -0.1847790648 -0.2052296361 -0.5480924563 -0.4732927439 -0.3862861866 0.0709659885 -0.5456697736 -0.1850134646 -0.0166388620 0.9730596145 -0.1599240099 -0.5432558454 -0.5393542329
-0.3578581213 -0.1385553689 -0.1573978862 -0.5132613158 -0.4457196137 -0.3417146647 0.1078125957 -0.5106932134 -0.1790744805 0.0223951413 0.9660287779 -0.1145195917 -0.5084885932 -0.5043309383
-0.3128023111 -0.0906510166 -0.1079378569 -0.4769701627 -0.4167651700 -0.2953590113 0.1459143389 -0.4742519775 -0.1724154556 0.0629334912 0.9581448427 -0.0674851653 -0.4722807955 -0.4678576487
-0.2659995329 -0.0410462592 -0.0568309819 -0.4392019032 -0.3864115178 -0.2471978174 0.1852859965 -0.4363289121 -0.1650251031 0.1049945052 0.9493960985 -0.0188016300 -0.4346157378 -0.4299175191
-0.2174292756 0.0102786522 -0.0040586952 -0.3999394434 -0.3546407623 -0.1972096738 0.2259423468 -0.3969068633 -0.1568921361 0.1485965006 0.9397708348 0.0315501151 -0.3954767059 -0.3904937045
-0.1670710283 0.0633434663 0.0503975694 -0.3591656896 -0.3214350089 -0.1453731714 0.2678981682 -0.3559686772 -0.1480052676 0.1937577947 0.9292573414 0.0835891707 -0.3548469853 -0.3495693600
-0.1149042799 0.1181679321 0.1065563781 -0.3168635480 -0.2867763627 -0.0916669010 0.3111682390 -0.3134971998 -0.1383532109 0.2404967050 0.9178439078 0.1373346377 -0.3127098617 -0.3071276405
-0.0609085196 0.1747717983 0.1644362969 -0.2730159248 -0.2506469288 -0.0360694536 0.3557673375 -0.2694752773 -0.1279246788 0.2888315487 0.9055188237 0.1928056168 -0.2690486207 -0.2631517012
-0.0050632363 0.2331748138 0.2240558922 -0.2276057263 -0.2130288126 0.0214405801 0.4017102421 -0.2238857558 -0.1167083847 0.3387806432 0.8922703787 0.2500212088 -0.2238465478 -0.2176246971
0.0526520810 0.2933967274 0.2854337300 -0.1806158586 -0.1739041192 0.0808846091 0.4490117311 -0.1767114813 -0.1046930416 0.3903623059 0.8780868624 0.3090005145 -0.1770869288 -0.1705297832
0.1122579432 0.3554572879 0.3485883764 -0.1320292280 -0.1332549539 0.1422840425 0.4976865829 -0.1279352999 -0.0918673625 0.4435948541 0.8629565644 0.3697626347 -0.1287530493 -0.1218501145
0.1737748614 0.4193762441 0.4135383977 -0.0818287408 -0.0910634218 0.2056602895 0.5477495758 -0.0775400578 -0.0782200606 0.4984966052 0.8468677744 0.4323266702 -0.0788281948 -0.0715688462
0.2372233464 0.4851733450 0.4803023600 -0.0299973030 -0.0473116281 0.2710347592 0.5992154882 -0.0255086011 -0.0637398490 0.5550858765 0.8298087820 0.4967117218 -0.0272956509 -0.0196691333
