0.3372463182 0.2568212097 0.2055375489 0.3728811017 0.4022848818 0.1942062315 0.1835861525 0.3709980680 0.4494130436 -0.1127634195 -0.5392871587 0.2344484976 0.3904460823 0.3820563626
0.3309958221 0.2515356415 0.2005805570 0.3664209296 0.3964261710 0.1890312476 0.1789173454 0.3645314615 0.4441836699 -0.1155611288 -0.5321751657 0.2291070889 0.3838281398 0.3754234921
0.3245503342 0.2460771188 0.1954629727 0.3597572860 0.3903615562 0.1836966899 0.1740941071 0.3578617283 0.4387425211 -0.1184419958 -0.5248220304 0.2235969447 0.3770022250 0.3685842667
0.3179194199 0.2404545338 0.1901934178 0.3528999133 0.3841004988 0.1782112811 0.1691248619 0.3509986113 0.4330987926 -0.1213991445 -0.5172381447 0.2179269492 0.3699781981 0.3615485406
0.3111126440 0.2346767789 0.1847805138 0.3458585546 0.3776524604 0.1725837434 0.1640180341 0.3439518536 0.4272616799 -0.1244256990 -0.5094339002 0.2121059868 0.3627659198 0.3543261680
0.3041395716 0.2287527462 0.1792328825 0.3386429525 0.3710269023 0.1668227993 0.1587820481 0.3367311983 0.4212403785 -0.1275147832 -0.5014196889 0.2061429417 0.3553752504 0.3469270029
0.2970097679 0.2226913279 0.1735591455 0.3312628498 0.3642332861 0.1609371714 0.1534253280 0.3293463884 0.4150440839 -0.1306595214 -0.4932059025 0.2000466982 0.3478160503 0.3393608994
0.2897327978 0.2165014165 0.1677679245 0.3237279893 0.3572810732 0.1549355821 0.1479562983 0.3218071671 0.4086819916 -0.1338530373 -0.4848029328 0.1938261406 0.3400981801 0.3316377118
0.2823182265 0.2101919040 0.1618678411 0.3160481138 0.3501797249 0.1488267537 0.1423833833 0.3141232772 0.4021632971 -0.1370884551 -0.4762211717 0.1874901531 0.3322315002 0.3237672941
0.2747756189 0.2037716828 0.1558675170 0.3082329660 0.3429387029 0.1426194088 0.1367150073 0.3063044620 0.3954971959 -0.1403588989 -0.4674710109 0.1810476200 0.3242258709 0.3157595005
0.2671145401 0.1972496451 0.1497755739 0.3002922887 0.3355674684 0.1363222699 0.1309595945 0.2983604645 0.3886928835 -0.1436574925 -0.4585628423 0.1745074255 0.3160911529 0.3076241851
0.2593445552 0.1906346831 0.1436006334 0.2922358247 0.3280754831 0.1299440594 0.1251255694 0.2903010278 0.3817595553 -0.1469773601 -0.4495070576 0.1678784541 0.3078372064 0.2993712020
0.2514752293 0.1839356891 0.1373513172 0.2840733167 0.3204722083 0.1234934997 0.1192213562 0.2821358948 0.3747064069 -0.1503116257 -0.4403140487 0.1611695898 0.2994738920 0.2910104054
0.2435161274 0.1771615554 0.1310362470 0.2758145076 0.3127671055 0.1169793133 0.1132553792 0.2738748087 0.3675426337 -0.1536534133 -0.4309942074 0.1543897170 0.2910110701 0.2825516493
0.2354768145 0.1703211741 0.1246640444 0.2674691401 0.3049696361 0.1104102226 0.1072360628 0.2655275125 0.3602774313 -0.1569958470 -0.4215579255 0.1475477200 0.2824586011 0.2740047880
0.2273668557 0.1634234376 0.1182433311 0.2590469570 0.2970892616 0.1037949502 0.1011718313 0.2571037493 0.3529199951 -0.1603320506 -0.4120155947 0.1406524831 0.2738263455 0.2653796756
0.2191958161 0.1564772381 0.1117827288 0.2505577010 0.2891354435 0.0971422184 0.0950711089 0.2486132622 0.3454795206 -0.1636551484 -0.4023776069 0.1337128904 0.2651241637 0.2566861662
0.2109732607 0.1494914678 0.1052908591 0.2420111150 0.2811176431 0.0904607498 0.0889423201 0.2400657942 0.3379652033 -0.1669582643 -0.3926543539 0.1267378263 0.2563619163 0.2479341139
0.2027087545 0.1424750190 0.0987763436 0.2334169416 0.2730453221 0.0837592668 0.0827938890 0.2314710883 0.3303862388 -0.1702345223 -0.3828562275 0.1197361751 0.2475494635 0.2391333728
0.1944118628 0.1354367839 0.0922478042 0.2247849238 0.2649279417 0.0770464917 0.0766342401 0.2228388877 0.3227518224 -0.1734770465 -0.3729936195 0.1127168210 0.2386966659 0.2302937971
