-0.4748082407 -0.5299039566 -0.4093042715 -0.2416730113 -0.9493306774 -0.5173190193 -0.7303949142 -0.2425897684 -0.9539595626 -0.9287281711 0.9810113215 -0.5399079289 -0.2164111256 -0.2162998688
-0.4621939395 -0.5173660180 -0.3956886017 -0.2273326216 -0.9446725283 -0.5035216498 -0.7201013508 -0.2282704948 -0.9593979710 -0.9235237558 0.9788946159 -0.5274033311 -0.2019455044 -0.2018725413
-0.4495511442 -0.5047601895 -0.3820493522 -0.2130495552 -0.9398125150 -0.4896098992 -0.7096562464 -0.2140088126 -0.9645169996 -0.9181169648 0.9766777099 -0.5148241965 -0.1875477287 -0.1875146321
-0.4368847314 -0.4920906632 -0.3683916352 -0.1988303831 -0.9347510023 -0.4755873600 -0.6990619617 -0.1998112944 -0.9693119187 -0.9125059343 0.9743623385 -0.5021745981 -0.1732245611 -0.1732329244
-0.4241995779 -0.4793616314 -0.3547205632 -0.1846816760 -0.9294883551 -0.4614576247 -0.6883208578 -0.1856845123 -0.9737779990 -0.9066888007 0.9719502365 -0.4894586086 -0.1589827643 -0.1590342014
-0.4115005602 -0.4665772865 -0.3410412486 -0.1706100050 -0.9240249382 -0.4472242860 -0.6774352956 -0.1716350386 -0.9779105109 -0.9006637003 0.9694431389 -0.4766803012 -0.1448291010 -0.1449252463
-0.3987925551 -0.4537418206 -0.3273588037 -0.1566219409 -0.9183611163 -0.4328909362 -0.6664076359 -0.1576694457 -0.9817047250 -0.8944287695 0.9668427805 -0.4638437485 -0.1307703341 -0.1309128424
-0.3860804393 -0.4408594260 -0.3136783409 -0.1427240547 -0.9124972543 -0.4184611682 -0.6552402396 -0.1437943059 -0.9851559118 -0.8879821445 0.9641508962 -0.4509530236 -0.1168132260 -0.1170037728
-0.3733690895 -0.4279342951 -0.3000049726 -0.1289229171 -0.9064337168 -0.4039385742 -0.6439354676 -0.1300161914 -0.9882593418 -0.8813219616 0.9613692209 -0.4380121994 -0.1029645397 -0.1032048207
-0.3606633823 -0.4149706201 -0.2863438112 -0.1152250991 -0.9001708688 -0.3893267470 -0.6324956809 -0.1163416746 -0.9910102855 -0.8744463573 0.9584994894 -0.4250253488 -0.0892310377 -0.0895227694
-0.3479681945 -0.4019725932 -0.2726999691 -0.1016371717 -0.8937090749 -0.3746292791 -0.6209232403 -0.1027773277 -0.9934040135 -0.8673534677 0.9555434367 -0.4119965446 -0.0756194828 -0.0759644021
-0.3352884028 -0.3889444068 -0.2590785585 -0.0881657056 -0.8870487001 -0.3598497629 -0.6092205068 -0.0893297231 -0.9954357963 -0.8600414293 0.9525027977 -0.3989298599 -0.0621366377 -0.0625365019
-0.3226288837 -0.3758902531 -0.2454846920 -0.0748172719 -0.8801901090 -0.3449917912 -0.5973898412 -0.0760054330 -0.9971009043 -0.8525083784 0.9493793072 -0.3858293674 -0.0487892651 -0.0492458521
-0.3099945141 -0.3628143244 -0.2319234818 -0.0615984413 -0.8731336665 -0.3300589563 -0.5854336045 -0.0628110298 -0.9983946082 -0.8447524512 0.9461747000 -0.3726991402 -0.0355841277 -0.0360992358
-0.2973901706 -0.3497208130 -0.2184000404 -0.0485157849 -0.8658797373 -0.3150548510 -0.5733541575 -0.0497530857 -0.9993121784 -0.8367717841 0.9428907112 -0.3595432511 -0.0225279883 -0.0231034364
-0.2848207299 -0.3366139111 -0.2049194802 -0.0355758734 -0.8584286863 -0.2999830676 -0.5611538612 -0.0368381731 -0.9998488855 -0.8285645134 0.9395290756 -0.3463657730 -0.0096276094 -0.0102652369
-0.2722910687 -0.3234978110 -0.1914869135 -0.0227852778 -0.8507808783 -0.2848471988 -0.5488350764 -0.0240728642 -1.0000000000 -0.8201287755 0.9360915280 -0.3331707789 0.0031102460 0.0024085793
-0.2598060637 -0.3103767051 -0.1781074527 -0.0101505690 -0.8429366780 -0.2696508372 -0.5364001640 -0.0114637314 -0.9997607924 -0.8114627066 0.9325798034 -0.3199623417 0.0156788155 0.0149112292
-0.2473705915 -0.2972547855 -0.1647862102 0.0023216821 -0.8348964502 -0.2543975752 -0.5238514850 0.0009826531 -0.9991265332 -0.8025644431 0.9289956366 -0.3067445342 0.0280713362 0.0272359294
-0.2349895290 -0.2841362445 -0.1515282983 0.0146249046 -0.8266605597 -0.2390910055 -0.5111914003 0.0132597170 -0.9980924930 -0.7934321213 0.9253407625 -0.2935214294 0.0402810454 0.0393758969
