-0.3867905549 -0.3532915436 -0.4384699758 -0.3180816945 0.5661371866 -0.0795245218 -0.3131353453 -0.3177246337 0.4601070272 0.5218011893 -0.5581504347 -0.3326913736 -0.3085590560 -0.3123760849
-0.3783944832 -0.3413253439 -0.4283979588 -0.3066070317 0.5976012289 -0.0630314166 -0.2996540286 -0.3062059835 0.4920562903 0.5535245253 -0.5897228711 -0.3205619133 -0.2970032124 -0.3010477659
-0.3706372325 -0.3299532679 -0.4188569219 -0.2958228471 0.6277356823 -0.0474214288 -0.2867623111 -0.2953760892 0.5229019434 0.5840172976 -0.6199839332 -0.3090580997 -0.2861521040 -0.2904292151
-0.3635081664 -0.3191661398 -0.4098383079 -0.2857182854 0.6565573005 -0.0326816510 -0.2744514207 -0.2852241333 0.5526558903 0.6132943071 -0.6489496614 -0.2981702782 -0.2759946605 -0.2805092305
-0.3569966485 -0.3089547839 -0.4013335595 -0.2762824911 0.6840828374 -0.0187991755 -0.2627125853 -0.2757392978 0.5813300350 0.6413703544 -0.6766360961 -0.2878887939 -0.2665198114 -0.2712766099
-0.3510920424 -0.2993100245 -0.3933341194 -0.2675046089 0.7103290471 -0.0057610950 -0.2515370327 -0.2669107652 0.6089362813 0.6682602402 -0.7030592779 -0.2782039922 -0.2577164863 -0.2627201512
-0.3457837117 -0.2902226858 -0.3858314301 -0.2593737833 0.7353126833 0.0064454982 -0.2409159908 -0.2587277177 0.6354865331 0.6939787654 -0.7282352473 -0.2691062184 -0.2495736146 -0.2548286524
-0.3410610200 -0.2816835921 -0.3788169345 -0.2518791590 0.7590505000 0.0178335115 -0.2308406875 -0.2511793376 0.6609926944 0.7185407306 -0.7521800446 -0.2605858177 -0.2420801260 -0.2475909114
-0.3369133310 -0.2736835678 -0.3722820752 -0.2450098804 0.7815592511 0.0284158526 -0.2213023505 -0.2442548071 0.6854666691 0.7419609365 -0.7749097105 -0.2526331355 -0.2352249501 -0.2409957259
-0.3333300081 -0.2662134370 -0.3662182948 -0.2387550923 0.8028556903 0.0382054288 -0.2122922078 -0.2379433086 0.7089203609 0.7642541840 -0.7964402852 -0.2452385169 -0.2289970163 -0.2350318940
-0.3303004151 -0.2592640241 -0.3606170361 -0.2331039392 0.8229565717 0.0472151478 -0.2038014871 -0.2322340243 0.7313656739 0.7854352736 -0.8167878094 -0.2383923074 -0.2233852542 -0.2296882135
-0.3278139156 -0.2528261533 -0.3554697417 -0.2280455657 0.8418786492 0.0554579171 -0.1958214165 -0.2271161365 0.7528145119 0.8055190062 -0.8359683235 -0.2320848521 -0.2183785935 -0.2249534823
-0.3258598731 -0.2468906489 -0.3507678543 -0.2235691165 0.8596386765 0.0629466442 -0.1883432236 -0.2225788275 0.7732787789 0.8245201825 -0.8539978679 -0.2263064965 -0.2139659636 -0.2208164983
-0.3244276512 -0.2414483352 -0.3465028167 -0.2196637360 0.8762534077 0.0696942366 -0.1813581364 -0.2186112796 0.7927703787 0.8424536031 -0.8708924832 -0.2210475856 -0.2101362941 -0.2172660594
-0.3235066136 -0.2364900364 -0.3426660714 -0.2163185689 0.8917395965 0.0757136018 -0.1748573827 -0.2152026749 0.8113012152 0.8593340689 -0.8866682098 -0.2162984649 -0.2068785146 -0.2142909635
-0.3230861239 -0.2320065769 -0.3392490612 -0.2135227598 0.9061139970 0.0810176474 -0.1688321904 -0.2123421960 0.8288831923 0.8751763805 -0.9013410881 -0.2120494796 -0.2041815547 -0.2118800084
-0.3231555456 -0.2279887809 -0.3362432287 -0.2112654533 0.9193933629 0.0856192810 -0.1632737874 -0.2100190249 0.8455282140 0.8899953388 -0.9149271588 -0.2082909750 -0.2020343438 -0.2100219922
-0.3237042424 -0.2244274727 -0.3336400167 -0.2095357940 0.9315944483 0.0895314099 -0.1581734014 -0.2082223439 0.8612481840 0.9038057443 -0.9274424622 -0.2050132964 -0.2004258115 -0.2087057126
-0.3247215779 -0.2213134766 -0.3314308677 -0.2083229265 0.9427340068 0.0927669418 -0.1535222604 -0.2069413355 0.8760550064 0.9166223979 -0.9389030387 -0.2022067890 -0.1993448875 -0.2079199675
-0.3261969156 -0.2186376168 -0.3296072246 -0.2076159954 0.9528287926 0.0953387842 -0.1493115921 -0.2061651817 0.8899605850 0.9284601002 -0.9493249290 -0.1998617982 -0.1987805012 -0.2076535550
