-0.6276357553 -0.1289095168 -0.2623949246 -0.9889286318 0.6250642668 0.0304424279 0.1924680042 -0.9889698317 0.9988782805 0.9985001429 -0.9953562759 -0.1449146647 -0.9896535866 -0.9892360239
-0.6291749413 -0.1301982055 -0.2635707641 -0.9905749527 0.6234654252 0.0286701158 0.1913230999 -0.9905724031 0.9974181521 0.9968429501 -0.9926094114 -0.1463731055 -0.9915729451 -0.9912093818
-0.6307806446 -0.1317081636 -0.2649239227 -0.9920981650 0.6214016707 0.0266191596 0.1898569565 -0.9920591726 0.9953763808 0.9945987973 -0.9892559031 -0.1480501242 -0.9932985468 -0.9929861381
-0.6324470017 -0.1334313599 -0.2664470644 -0.9934957221 0.6188847515 0.0242986433 0.1880790132 -0.9934274454 0.9927663686 0.9917810966 -0.9853096157 -0.1499376556 -0.9948293241 -0.9945652715
-0.6341681488 -0.1353597634 -0.2681328533 -0.9947650774 0.6159264159 0.0217176510 0.1859987089 -0.9946745267 0.9896015178 0.9884032601 -0.9807844138 -0.1520276349 -0.9961642093 -0.9959457612
-0.6359382223 -0.1374853428 -0.2699739533 -0.9959036843 0.6125384122 0.0188852667 0.1836254828 -0.9957977218 0.9858952305 0.9844787002 -0.9756941624 -0.1543119972 -0.9973021347 -0.9971265859
-0.6377513584 -0.1398000672 -0.2719630286 -0.9969089960 0.6087324886 0.0158105745 0.1809687739 -0.9967943357 0.9816609088 0.9800208288 -0.9700527261 -0.1567826774 -0.9982420329 -0.9981067248
-0.6396016934 -0.1422959053 -0.2740927430 -0.9977784661 0.6045203933 0.0125026584 0.1780380213 -0.9976616737 0.9769119548 0.9750430582 -0.9638739697 -0.1594316106 -0.9989828361 -0.9988851567
-0.6414833636 -0.1449648261 -0.2763557606 -0.9985095479 0.5999138748 0.0089706025 0.1748426641 -0.9983970411 0.9716617707 0.9695588004 -0.9571717579 -0.1622507319 -0.9995234768 -0.9994608605
-0.6433905054 -0.1477987984 -0.2787447454 -0.9990996947 0.5949246811 0.0052234907 0.1713921413 -0.9989977430 0.9659237585 0.9635814677 -0.9499599555 -0.1652319762 -0.9998628873 -0.9998328153
-0.6453172550 -0.1507897911 -0.2812523615 -0.9995463599 0.5895645606 0.0012704072 0.1676958921 -0.9994610846 0.9597113205 0.9571244722 -0.9422524273 -0.1683672786 -1.0000000000 -1.0000000000
-0.6472577488 -0.1539297731 -0.2838712729 -0.9998469969 0.5838452615 -0.0028795640 0.1637633554 -0.9997843712 0.9530378588 0.9502012260 -0.9340630380 -0.1716485743 -0.9999337473 -0.9999613935
-0.6492061229 -0.1572107134 -0.2865941436 -0.9999990592 0.5777785321 -0.0072173389 0.1596039703 -0.9999649079 0.9459167755 0.9428251413 -0.9254056523 -0.1750677981 -0.9996630616 -0.9997159748
-0.6511565138 -0.1606245806 -0.2894136376 -1.0000000000 0.5713761206 -0.0117338335 0.1552271760 -1.0000000000 0.9383614726 0.9350096303 -0.9162941350 -0.1786168852 -0.9991868752 -0.9992627228
-0.6531030578 -0.1641633439 -0.2923224189 -0.9998472728 0.5646497754 -0.0164199636 0.1506424115 -0.9998869526 0.9303853525 0.9267681050 -0.9067423509 -0.1822877706 -0.9985041206 -0.9986006165
-0.6550398910 -0.1678189719 -0.2953131516 -0.9995383308 0.5576112446 -0.0212666453 0.1458591158 -0.9996230710 0.9220018171 0.9181139777 -0.8967641646 -0.1860723893 -0.9976137301 -0.9977286349
-0.6569611499 -0.1715834337 -0.2983784996 -0.9990706276 0.5502722765 -0.0262647944 0.1408867281 -0.9992056604 0.9132242687 0.9090606605 -0.8863734411 -0.1899626764 -0.9965146360 -0.9966457568
-0.6588609707 -0.1754486981 -0.3015111271 -0.9984416165 0.5426446195 -0.0314053270 0.1357346873 -0.9986320260 0.9040661093 0.8996215655 -0.8755840449 -0.1939505669 -0.9952057709 -0.9953509613
-0.6607334897 -0.1794067339 -0.3047036979 -0.9976487508 0.5347400217 -0.0366791591 0.1304124326 -0.9978994729 0.8945407410 0.8898101049 -0.8644098409 -0.1980279959 -0.9936860670 -0.9938432272
-0.6625728432 -0.1834495101 -0.3079488762 -0.9966894839 0.5265702314 -0.0420772065 0.1249294031 -0.9970053064 0.8846615661 0.8796396909 -0.8528646939 -0.2021868984 -0.9919544568 -0.9921215336
