-0.0896295249 -0.0796209812 -0.0971070761 -0.0234342054 0.0574571584 0.0025782672 -0.0826912131 -0.0246033773 0.1710249970 0.3521634811 -0.3723406139 -0.1080781239 -0.0052415355 -0.0124749780
-0.0861384813 -0.0753822620 -0.0911877173 -0.0198953033 0.0568949247 0.0041438262 -0.0786138540 -0.0210262287 0.1676360529 0.3438201746 -0.3632525864 -0.1036855466 -0.0016370701 -0.0089766338
-0.0823315453 -0.0708460510 -0.0849961268 -0.0160680851 0.0566672562 0.0060251537 -0.0742346654 -0.0171610283 0.1645902699 0.3357646170 -0.3544075972 -0.0989869752 0.0022471251 -0.0051936073
-0.0782014237 -0.0660056253 -0.0785266116 -0.0119457074 0.0567832678 0.0082302675 -0.0695467956 -0.0130009513 0.1618979644 0.3280077470 -0.3458159168 -0.0939756117 0.0064177344 -0.0011190966
-0.0737408231 -0.0608542619 -0.0717734785 -0.0075213269 0.0572520751 0.0107671858 -0.0645433927 -0.0085391729 0.1595694531 0.3205605030 -0.3374878161 -0.0886446578 0.0108814420 0.0032537001
-0.0689424503 -0.0553852378 -0.0647310342 -0.0027881001 0.0580827931 0.0136439263 -0.0592176050 -0.0037688682 0.1576150525 0.3134338238 -0.3294335657 -0.0829873156 0.0156449319 0.0079315845
-0.0637990120 -0.0495918299 -0.0573935855 0.0022608162 0.0592845371 0.0168685072 -0.0535625806 0.0013167874 0.1560450791 0.3066386480 -0.3216634364 -0.0769967869 0.0207148885 0.0129213583
-0.0583032148 -0.0434673154 -0.0497554392 0.0076322655 0.0608664224 0.0204489462 -0.0475714678 0.0067246190 0.1548698495 0.3001859142 -0.3141876987 -0.0706662737 0.0260979957 0.0182298235
-0.0524477654 -0.0370049712 -0.0418109021 0.0133330911 0.0628375643 0.0243932614 -0.0412374146 0.0124614511 0.1540996802 0.2940865610 -0.3070166234 -0.0639889778 0.0318009379 0.0238637816
-0.0462253707 -0.0301980743 -0.0335542811 0.0193701364 0.0652070780 0.0287094708 -0.0345535693 0.0185341087 0.1537448878 0.2883515272 -0.3001604812 -0.0569581013 0.0378303992 0.0298300347
-0.0396287372 -0.0230399018 -0.0249798829 0.0257502449 0.0679840787 0.0334055922 -0.0275130802 0.0249494166 0.1538157889 0.2829917512 -0.2936295428 -0.0495668460 0.0441930638 0.0361353843
-0.0326505718 -0.0155237306 -0.0160820143 0.0324802598 0.0711776817 0.0384896436 -0.0201090953 0.0317141995 0.1543227001 0.2780181717 -0.2874340789 -0.0418084139 0.0508956158 0.0427866323
-0.0252835810 -0.0076428377 -0.0068549821 0.0395670246 0.0747970023 0.0439696430 -0.0123347628 0.0388352823 0.1552759377 0.2734417274 -0.2815843602 -0.0336760068 0.0579447395 0.0497905805
-0.0175204717 0.0006094998 0.0027069069 0.0470173827 0.0788511557 0.0498536084 -0.0041832310 0.0463194898 0.1566858185 0.2692733568 -0.2760906573 -0.0251628267 0.0653471189 0.0571540306
-0.0093539504 0.0092400049 0.0126093459 0.0548381773 0.0833492571 0.0561495576 0.0043523519 0.0541736468 0.1585626589 0.2655239987 -0.2709632410 -0.0162620755 0.0731094384 0.0648837844
-0.0007767240 0.0182554006 0.0228580281 0.0630362520 0.0883004219 0.0628655086 0.0132788379 0.0624045780 0.1609167756 0.2622045916 -0.2662123821 -0.0069669551 0.0812383819 0.0729866438
0.0082185009 0.0276624099 0.0334586467 0.0716184500 0.0937137652 0.0700094795 0.0226030786 0.0710191084 0.1637584850 0.2593260741 -0.2618483511 0.0027293326 0.0897406338 0.0814694104
0.0176390176 0.0374677559 0.0444168949 0.0805916148 0.0995984023 0.0775894880 0.0323319259 0.0800240627 0.1670981038 0.2568993850 -0.2578814187 0.0128335856 0.0986228782 0.0903388861
0.0274921193 0.0476781614 0.0557384660 0.0899625897 0.1059634485 0.0856135523 0.0424722316 0.0894262657 0.1709459484 0.2549354627 -0.2543218557 0.0233526020 0.1078917993 0.0996018726
0.0377850994 0.0583003495 0.0674290530 0.0997382181 0.1128180191 0.0940896901 0.0530308475 0.0992325422 0.1753123355 0.2534452460 -0.2511799328 0.0342931800 0.1175540812 0.1092651717
