0.6784085570 0.6014654826 -0.1366628113 0.3621009109 0.7702985960 0.8089749170 -0.0896976481 0.3612577521 0.6537342243 0.7909167768 -0.8318090042 0.6056248242 0.4275358915 0.4221063013
0.6722370355 0.5995478671 -0.1512696019 0.3480523321 0.7753541959 0.8064219593 -0.0884597872 0.3471851274 0.6635023253 0.7918602413 -0.8310776127 0.6026358543 0.4146653586 0.4092088742
0.6663740509 0.5979877118 -0.1648918892 0.3345296387 0.7804272811 0.8041088920 -0.0867093299 0.3336387923 0.6731712032 0.7929728089 -0.8305556658 0.6000375320 0.4022498291 0.3967763996
0.6608138094 0.5967776779 -0.1775444184 0.3215251878 0.7855147528 0.8020302605 -0.0844561011 0.3206111028 0.6827389606 0.7942495783 -0.8302378548 0.5978221566 0.3902825647 0.3848019824
0.6555505173 0.5959104263 -0.1892419350 0.3090313369 0.7906135122 0.8001806098 -0.0817099254 0.3080944148 0.6922037005 0.7956856482 -0.8301188710 0.5959820272 0.3787568268 0.3732787271
0.6505783806 0.5953786183 -0.1999991842 0.2970404431 0.7957204607 0.7985544850 -0.0784806275 0.2960810841 0.7015635254 0.7972761171 -0.8301934057 0.5945094428 0.3676658772 0.3621997385
0.6458916058 0.5951749148 -0.2098309114 0.2855448637 0.8008324993 0.7971464313 -0.0747780322 0.2845634665 0.7108165381 0.7990160839 -0.8304561505 0.5933967027 0.3570029776 0.3515581213
0.6414843988 0.5952919770 -0.2187518619 0.2745369561 0.8059465293 0.7959509938 -0.0706119641 0.2735339181 0.7199608415 0.8009006470 -0.8309017966 0.5926361060 0.3467613894 0.3413469801
0.6373509660 0.5957224659 -0.2267767810 0.2640090775 0.8110594520 0.7949627178 -0.0659922479 0.2629847945 0.7289945382 0.8029249053 -0.8315250354 0.5922199518 0.3369343743 0.3315594195
0.6334855135 0.5964590427 -0.2339204140 0.2539535853 0.8161681686 0.7941761482 -0.0609287084 0.2529084518 0.7379157310 0.8050839573 -0.8323205582 0.5921405393 0.3275151941 0.3221885444
0.6298822475 0.5974943683 -0.2401975062 0.2443628365 0.8212695803 0.7935858303 -0.0554311703 0.2432972458 0.7467225226 0.8073729018 -0.8332830565 0.5923901676 0.3184971102 0.3132274594
0.6265353742 0.5988211039 -0.2456228030 0.2352291887 0.8263605883 0.7931863093 -0.0495094582 0.2341435324 0.7554130158 0.8097868373 -0.8344072216 0.5929611358 0.3098733843 0.3046692692
0.6234390998 0.6004319106 -0.2502110497 0.2265449990 0.8314380938 0.7929721302 -0.0431733969 0.2254396674 0.7639853133 0.8123208626 -0.8356877449 0.5938457431 0.3016372780 0.2965070784
0.6205876305 0.6023194494 -0.2539769916 0.2183026247 0.8364989981 0.7929378382 -0.0364328111 0.2171780067 0.7724375179 0.8149700763 -0.8371193177 0.5950362886 0.2937820530 0.2887339918
0.6179751726 0.6044763814 -0.2569353741 0.2104944231 0.8415402024 0.7930779784 -0.0292975254 0.2093509062 0.7807677324 0.8177295771 -0.8386966314 0.5965250715 0.2863009709 0.2813431139
0.6155959321 0.6068953677 -0.2591009424 0.2031127515 0.8465586080 0.7933870961 -0.0217773647 0.2019507218 0.7889740594 0.8205944636 -0.8404143774 0.5983043908 0.2791872932 0.2743275496
0.6134441153 0.6095690695 -0.2604884419 0.1961499671 0.8515511160 0.7938597362 -0.0138821536 0.1949698094 0.7970546017 0.8235598345 -0.8422672470 0.6003665459 0.2724342817 0.2676804035
0.6115139284 0.6124901476 -0.2611126179 0.1895984273 0.8565146276 0.7944904441 -0.0056217167 0.1884005248 0.8050074621 0.8266207885 -0.8442499316 0.6027038357 0.2660351980 0.2613947803
0.6097995776 0.6156512634 -0.2609882157 0.1834504893 0.8614460442 0.7952737647 0.0029941211 0.1822352239 0.8128307434 0.8297724242 -0.8463571226 0.6053085594 0.2599833036 0.2554637846
0.6082952691 0.6190450777 -0.2601299807 0.1776985105 0.8663422669 0.7962042434 0.0119555353 0.1764662626 0.8205225481 0.8330098403 -0.8485835114 0.6081730161 0.2542718602 0.2498805212
