-0.5298710059 -0.5259447069 -0.5637652406 -0.5542120347 -0.4807263309 -0.4145941301 -0.6160473317 -0.5559437837 -0.5243255213 -0.2958249722 0.3092769257 -0.5414485926 -0.4705416202 -0.4313952273
-0.4967588222 -0.4936586080 -0.5342004219 -0.5221502615 -0.4459137257 -0.3746803781 -0.5903652312 -0.5239911847 -0.4928528713 -0.2492526553 0.2634693016 -0.5101257255 -0.4412301943 -0.4036515811
-0.4640725033 -0.4619442247 -0.5051801041 -0.4904091652 -0.4118008194 -0.3354706225 -0.5652058807 -0.4923559291 -0.4620751808 -0.2037167757 0.2186611320 -0.4793434232 -0.4121592587 -0.3761133973
-0.4318100342 -0.4307964805 -0.4766991386 -0.4589891782 -0.3783809369 -0.2969594493 -0.5405637523 -0.4610384694 -0.4319852220 -0.1592076212 0.1748430241 -0.4490969327 -0.3833305605 -0.3487827551
-0.3999693996 -0.4002102985 -0.4487523771 -0.4278907326 -0.3456474030 -0.2591414444 -0.5164333184 -0.4300392579 -0.4025757669 -0.1157154793 0.1320055855 -0.4193815005 -0.3547458471 -0.3216617335
-0.3685485844 -0.3701806023 -0.4213346711 -0.3971142608 -0.3135935425 -0.2220111936 -0.4928090512 -0.3993587470 -0.3738395877 -0.0732306378 0.0901394237 -0.3901923736 -0.3264068657 -0.2947524116
-0.3375455734 -0.3407023150 -0.3944408721 -0.3666601950 -0.2822126802 -0.1855632829 -0.4696854230 -0.3689973890 -0.3457694564 -0.0317433844 0.0492351459 -0.3615247985 -0.2983153634 -0.2680568685
-0.3069583514 -0.3117703601 -0.3680658317 -0.3365289675 -0.2514981410 -0.1497922983 -0.4470569059 -0.3389556364 -0.3183581451 0.0087559934 0.0092833598 -0.3333740222 -0.2704730875 -0.2415771834
-0.2767849034 -0.2833796609 -0.3422044014 -0.3067210107 -0.2214432498 -0.1146928255 -0.4249179724 -0.3092339414 -0.2915984258 0.0482772077 -0.0297253273 -0.3057352913 -0.2428817853 -0.2153154353
-0.2470232140 -0.2555251407 -0.3168514328 -0.2772367567 -0.1920413313 -0.0802594505 -0.4032630947 -0.2798327565 -0.2654830707 0.0868299710 -0.0678003079 -0.2786038526 -0.2155432039 -0.1892737032
-0.2176712682 -0.2282017228 -0.2920017775 -0.2480766380 -0.1632857104 -0.0464867591 -0.3820867449 -0.2507525340 -0.2400048518 0.1244239955 -0.1049509746 -0.2519749529 -0.1884590907 -0.1634540664
-0.1887270508 -0.2014043307 -0.2676502870 -0.2192410866 -0.1351697119 -0.0133693374 -0.3613833955 -0.2219937263 -0.2151565412 0.1610689937 -0.1411867199 -0.2258438389 -0.1616311928 -0.1378586038
-0.1601885466 -0.1751278876 -0.2437918129 -0.1907305350 -0.1076866607 0.0190982288 -0.3411475186 -0.1935567857 -0.1909309110 0.1967746777 -0.1765169363 -0.2002057573 -0.1350612575 -0.1124893946
-0.1320537404 -0.1493673168 -0.2204212067 -0.1625454153 -0.0808298816 0.0509213537 -0.3213735865 -0.1654421647 -0.1673207332 0.2315507600 -0.2109510166 -0.1750559550 -0.1087510319 -0.0873485179
-0.1043206172 -0.1241175417 -0.1975333199 -0.1346861600 -0.0545926995 0.0821054512 -0.3020560714 -0.1376503155 -0.1443187800 0.2654069529 -0.2444983531 -0.1503896786 -0.0827022634 -0.0624380527
-0.0769871616 -0.0993734857 -0.1751230042 -0.1071532012 -0.0289684390 0.1126559355 -0.2831894457 -0.1101816906 -0.1219178233 0.2983529686 -0.2771683385 -0.1262021750 -0.0569166992 -0.0377600782
-0.0500513586 -0.0751300720 -0.1531851111 -0.0799469713 -0.0039504252 0.1425782207 -0.2647681817 -0.0830367424 -0.1001106354 0.3303985196 -0.3089703653 -0.1024886908 -0.0313960865 -0.0133166734
-0.0235111929 -0.0513822241 -0.1317144921 -0.0530679024 0.0204680171 0.1718777210 -0.2467867514 -0.0562159231 -0.0788899882 0.3615533182 -0.3399138260 -0.0792444729 -0.0061421725 0.0108900825
0.0026353505 -0.0281248652 -0.1107059988 -0.0265164270 0.0442935633 0.2005598503 -0.2292396273 -0.0297196852 -0.0582486539 0.3918270766 -0.3700081133 -0.0564647680 0.0188432956 0.0348581105
0.0283902869 -0.0053529187 -0.0901544827 -0.0002929772 0.0675328883 0.2286300228 -0.2121212816 -0.0035484810 -0.0381794045 0.4212295072 -0.3992626197 -0.0341448228 0.0435585704 0.0585853315
