0.0839181468 -0.0873195759 -0.0353357038 -0.0577371949 -0.1469108646 0.0076738860 -0.2546694914 -0.0556740092 -0.2430530068 -0.3350844258 -0.3939052012 -0.0546148469 -0.0798943246 -0.0689166106
0.1230971246 -0.0556278441 -0.0005934374 -0.0213790737 -0.1219852860 0.0422507308 -0.2302898038 -0.0192700832 -0.2309546931 -0.3150494197 -0.4372948625 -0.0218463366 -0.0439876936 -0.0327449872
0.1612351733 -0.0249047431 0.0332188091 0.0142442960 -0.0983226573 0.0757237970 -0.2068111781 0.0163949369 -0.2199637924 -0.2959465772 -0.4788080818 0.0099133991 -0.0087689416 0.0027179210
0.1983439839 0.0048629399 0.0661124653 0.0491380044 -0.0759015725 0.1081080973 -0.1842193783 0.0513262212 -0.2100582636 -0.2777596078 -0.5184726761 0.0406780355 0.0257659778 0.0374764992
0.2344352476 0.0336884181 0.0980989611 0.0833071417 -0.0547006251 0.1394186444 -0.1625001686 0.0855289396 -0.2012160656 -0.2604722209 -0.5563164627 0.0704612484 0.0596211113 0.0715351324
0.2695206556 0.0615849044 0.1291897261 0.1167567980 -0.0346984090 0.1696704508 -0.1416393131 0.1190082623 -0.1934151572 -0.2440681258 -0.5923672586 0.0992767132 0.0928005053 0.1048982059
0.3036118990 0.0885656121 0.1593961901 0.1494920634 -0.0158735178 0.1988785291 -0.1216225758 0.1517693595 -0.1866334973 -0.2285310320 -0.6266528812 0.1271381057 0.1253082063 0.1375701047
0.3367206688 0.1146437540 0.1887297828 0.1815180282 0.0017954548 0.2270578919 -0.1024357210 0.1838174012 -0.1808490446 -0.2138446488 -0.6592011475 0.1540591014 0.1571482609 0.1695552141
0.3688586562 0.1398325432 0.2172019341 0.2128397825 0.0183299150 0.2542235518 -0.0840645126 0.2151575575 -0.1760397581 -0.1999926858 -0.6900398746 0.1800533758 0.1883247155 0.2008579191
0.4000375524 0.1641451929 0.2448240736 0.2434624164 0.0337512691 0.2803905214 -0.0664947148 0.2457949986 -0.1721835967 -0.1869588521 -0.7191968799 0.2051346047 0.2188416168 0.2314826049
0.4302690484 0.1875949160 0.2716076311 0.2733910202 0.0480809234 0.3055738133 -0.0497120918 0.2757348946 -0.1692585191 -0.1747268574 -0.7466999803 0.2293164634 0.2487030111 0.2614336566
0.4595648354 0.2101949256 0.2975640364 0.3026306839 0.0613402841 0.3297884402 -0.0337024075 0.3049824155 -0.1672424842 -0.1632804110 -0.7725769931 0.2526126277 0.2779129450 0.2907154595
0.4879366045 0.2319584347 0.3227047191 0.3311864977 0.0735507576 0.3530494145 -0.0184514261 0.3335427314 -0.1661134509 -0.1526032222 -0.7968557355 0.2750367732 0.3064754650 0.3193323985
0.5153960468 0.2528986564 0.3470411091 0.3590635518 0.0847337502 0.3753717490 -0.0039449117 0.3614210126 -0.1658493780 -0.1426790006 -0.8195640246 0.2966025754 0.3343946176 0.3472888589
0.5419548535 0.2730288037 0.3705846361 0.3862669364 0.0949106680 0.3967704562 0.0098313716 0.3886224290 -0.1664282244 -0.1334914554 -0.8407296775 0.3173237099 0.3616744494 0.3745892258
0.5676247156 0.2923620897 0.3933467298 0.4128017416 0.1041029174 0.4172605488 0.0228916597 0.4151521508 -0.1678279489 -0.1250242962 -0.8603805115 0.3372138522 0.3883190068 0.4012378843
0.5924173244 0.3109117274 0.4153388200 0.4386730575 0.1123319047 0.4368570392 0.0352501885 0.4410153480 -0.1700265105 -0.1172612322 -0.8785443437 0.3562866781 0.4143323364 0.4272392197
0.6163443709 0.3286909299 0.4365723365 0.4638859743 0.1196190362 0.4555749402 0.0469211939 0.4662171909 -0.1730018678 -0.1101859730 -0.8952489912 0.3745558631 0.4397184846 0.4525976169
0.6394175462 0.3457129103 0.4570587089 0.4884455823 0.1259857180 0.4734292642 0.0579189118 0.4907628495 -0.1767319798 -0.1037822279 -0.9105222712 0.3920350827 0.4644814981 0.4773174613
0.6616485415 0.3619908814 0.4768093670 0.5123569715 0.1314533566 0.4904350240 0.0682575781 0.5146574938 -0.1811948054 -0.0980337063 -0.9243920009 0.4087380125 0.4886254232 0.5014031378
