0.0190497155 -0.0046474528 -0.2223044333 -0.2619500323 0.6436673202 -0.1641785657 0.2097660333 -0.2599844651 0.6089908177 -0.4738432917 -0.9957794818 -0.1181052599 -0.2637850098 -0.2728954858
0.0096732936 -0.0066467744 -0.2279766926 -0.2860668822 0.6618088354 -0.1652214628 0.2161372704 -0.2841581573 0.6272314390 -0.4642487808 -0.9971806089 -0.1209922368 -0.2893717579 -0.2983635378
0.0003286845 -0.0086212660 -0.2335749653 -0.3100725990 0.6796138176 -0.1662092872 0.2224773759 -0.3082210174 0.6452110357 -0.4545544207 -0.9983087171 -0.1238303887 -0.3148426155 -0.3237083727
-0.0089726150 -0.0105638099 -0.2390898721 -0.3339468191 0.6970702873 -0.1671354339 0.2287884132 -0.3321526491 0.6629154330 -0.4447598234 -0.9991583135 -0.1266120298 -0.3401764086 -0.3489090620
-0.0182191080 -0.0124672886 -0.2445120341 -0.3576691793 0.7141662654 -0.1679932977 0.2350724455 -0.3559326557 0.6803304562 -0.4348646009 -0.9997239054 -0.1293294744 -0.3653519633 -0.3739446776
-0.0273992974 -0.0143245843 -0.2498320721 -0.3812193163 0.7308897727 -0.1687762734 0.2413315361 -0.3795406408 0.6974419305 -0.4248683655 -1.0000000000 -0.1319750369 -0.3903481059 -0.3987942910
-0.0365016865 -0.0161285796 -0.2550406070 -0.4045768666 0.7472288299 -0.1694777558 0.2475677485 -0.4029562081 0.7142356811 -0.4147707291 -0.9999811045 -0.1345410316 -0.4151436624 -0.4234369739
-0.0455147783 -0.0178721566 -0.2601282596 -0.4277214669 0.7631714577 -0.1700911396 0.2537831458 -0.4261589609 0.7306975334 -0.4045713040 -0.9996617261 -0.1370197727 -0.4397174591 -0.4478517982
-0.0544270759 -0.0195481979 -0.2650856508 -0.4506327539 0.7787056770 -0.1706098198 0.2599797914 -0.4491285028 0.7468133127 -0.3942697021 -0.9990363721 -0.1394035746 -0.4640483220 -0.4720178353
-0.0632270824 -0.0211495857 -0.2699034015 -0.4732903641 0.7938195085 -0.1710271911 0.2661597486 -0.4718444374 0.7625688440 -0.3838655357 -0.9980995496 -0.1416847515 -0.4881150773 -0.4959141570
-0.0719033009 -0.0226692024 -0.2745721325 -0.4956739343 0.8085009730 -0.1713366484 0.2723250807 -0.4942863682 0.7779499528 -0.3733584168 -0.9968457659 -0.1438556179 -0.5118965512 -0.5195198350
-0.0804442345 -0.0240999304 -0.2790824648 -0.5177631011 0.8227380912 -0.1715315864 0.2784778510 -0.5164338986 0.7929424643 -0.3627479576 -0.9952695282 -0.1459084879 -0.5353715698 -0.5428139410
-0.0888383863 -0.0254346520 -0.2834250192 -0.5395375011 0.8365188839 -0.1716053999 0.2846201228 -0.5382666324 0.8075322037 -0.3520337700 -0.9933653436 -0.1478356759 -0.5585189592 -0.5657755466
-0.0970742593 -0.0266662497 -0.2875904166 -0.5609767710 0.8498313719 -0.1715514839 0.2907539595 -0.5597641729 0.8217049963 -0.3412154663 -0.9911277195 -0.1496294962 -0.5813175457 -0.5883837236
-0.1051403567 -0.0277876057 -0.2915692779 -0.5820605473 0.8626635759 -0.1713632330 0.2968814243 -0.5809061237 0.8354466674 -0.3302926585 -0.9885511629 -0.1512822631 -0.6037461553 -0.6106175436
-0.1130251815 -0.0287916025 -0.2953522239 -0.6027684669 0.8750035167 -0.1710340422 0.3030045806 -0.6016720883 0.8487430421 -0.3192649588 -0.9856301812 -0.1527862909 -0.6257836142 -0.6324560783
-0.1207172369 -0.0296711223 -0.2989298755 -0.6230801662 0.8868392151 -0.1705573061 0.3091254916 -0.6220416703 0.8615799458 -0.3081319792 -0.9823592816 -0.1541338939 -0.6474087486 -0.6538783993
-0.1282050259 -0.0304190477 -0.3022928536 -0.6429752819 0.8981586918 -0.1699264197 0.3152462207 -0.6419944732 0.8739432037 -0.2968933318 -0.9787329711 -0.1553173864 -0.6686003845 -0.6748635784
-0.1354770517 -0.0310282608 -0.3054317790 -0.6624334507 0.9089499675 -0.1691347777 0.3213688312 -0.6615101005 0.8858186412 -0.2855486288 -0.9747457572 -0.1563290828 -0.6893373482 -0.6953906873
-0.1425218172 -0.0314916441 -0.3083372728 -0.6814343092 0.9192010632 -0.1681757750 0.3274953863 -0.6805681557 0.8971920833 -0.2740974823 -0.9703921469 -0.1571612972 -0.7095984658 -0.7154387976
