-0.0756388822 -0.6097154786 -0.9528363233 0.6080553173 -0.4255480312 -0.9951934091 -0.9983552661 0.6027961555 -0.6213400049 -0.9995215852 -0.2689093485 -0.9970371354 0.6579574584 0.6568684031
-0.0725099167 -0.6063596608 -0.9440060501 0.6138048368 -0.4273883165 -0.9918783020 -0.9962847840 0.6085906636 -0.6249946593 -1.0000000000 -0.2683925869 -0.9943685679 0.6638586285 0.6627886502
-0.0689288420 -0.6023327059 -0.9344824943 0.6196844022 -0.4287342767 -0.9877330833 -0.9934019868 0.6145167298 -0.6281122457 -0.9999761520 -0.2681173799 -0.9908855347 0.6698509762 0.6688000256
-0.0649060220 -0.5976483456 -0.9242803854 0.6256880707 -0.4295954439 -0.9827735589 -0.9897216959 0.6205683805 -0.6307024043 -0.9994564835 -0.2680776137 -0.9866036403 0.6759291751 0.6748972009
-0.0604518208 -0.5923203116 -0.9134144531 0.6318098998 -0.4299813497 -0.9770155350 -0.9852587324 0.6267396421 -0.6327747748 -0.9984474367 -0.2682671743 -0.9815384889 0.6820878988 0.6810748479
-0.0555766026 -0.5863623357 -0.9018994269 0.6380439469 -0.4299015263 -0.9704748175 -0.9800279176 0.6330245410 -0.6343389972 -0.9969554540 -0.2686799480 -0.9757056849 0.6883218207 0.6873276381
-0.0502907313 -0.5797881496 -0.8897500366 0.6443842693 -0.4293655054 -0.9631672125 -0.9740440727 0.6394171038 -0.6354047114 -0.9949869776 -0.2693098207 -0.9691208327 0.6946256146 0.6936502433
-0.0446045710 -0.5726114849 -0.8769810117 0.6508249245 -0.4283828191 -0.9551085261 -0.9673220191 0.6459113568 -0.6359815574 -0.9925484498 -0.2701506787 -0.9617995367 0.7009939539 0.7000373350
-0.0385284857 -0.5648460734 -0.8636070819 0.6573599697 -0.4269629992 -0.9463145643 -0.9598765779 0.6525013265 -0.6360791750 -0.9896463128 -0.2711964081 -0.9537574013 0.7074215122 0.7064835850
-0.0320728396 -0.5565056468 -0.8496429767 0.6639834624 -0.4251155777 -0.9368011332 -0.9517225705 0.6591810393 -0.6357072042 -0.9862870089 -0.2724408949 -0.9450100308 0.7139029630 0.7129836648
-0.0252479967 -0.5476039369 -0.8351034259 0.6706894600 -0.4228500864 -0.9265840387 -0.9428748180 0.6659445216 -0.6348752849 -0.9824769804 -0.2738780253 -0.9355730295 0.7204329800 0.7195322461
-0.0180643210 -0.5381546752 -0.8200031590 0.6774720199 -0.4201760573 -0.9156790870 -0.9333481418 0.6727858000 -0.6335930569 -0.9782226696 -0.2755016854 -0.9254620019 0.7270062367 0.7261240007
-0.0105321766 -0.5281715936 -0.8043569056 0.6843251993 -0.4171030223 -0.9041020841 -0.9231573631 0.6796989008 -0.6318701603 -0.9735305188 -0.2773057614 -0.9146925523 0.7336174067 0.7327536000
-0.0026619276 -0.5176684238 -0.7881793953 0.6912430558 -0.4136405133 -0.8918688359 -0.9123173031 0.6866778505 -0.6297162350 -0.9684069701 -0.2792841393 -0.9032802851 0.7402611635 0.7394157159
0.0055360620 -0.5066588975 -0.7714853579 0.6982196466 -0.4097980622 -0.8789951487 -0.9008427832 0.6937166756 -0.6271409208 -0.9628584660 -0.2814307052 -0.8912408047 0.7469321807 0.7461050199
0.0140514282 -0.4951567463 -0.7542895229 0.7052490292 -0.4055852010 -0.8654968283 -0.8887486245 0.7008094023 -0.6241538576 -0.9568914486 -0.2837393454 -0.8785897154 0.7536251318 0.7528161836
0.0228738068 -0.4831757020 -0.7366066199 0.7123252610 -0.4010114615 -0.8513896809 -0.8760496483 0.7079500573 -0.6207646855 -0.9505123602 -0.2862039458 -0.8653426216 0.7603346905 0.7595438788
0.0319928338 -0.4707294964 -0.7184513785 0.7194423992 -0.3960863758 -0.8366895125 -0.8627606758 0.7151326670 -0.6169830443 -0.9437276431 -0.2888183926 -0.8515151277 0.7670555303 0.7662827771
0.0413981452 -0.4578318611 -0.6998385284 0.7265945014 -0.3908194756 -0.8214121291 -0.8488965285 0.7223512577 -0.6128185739 -0.9365437396 -0.2915765720 -0.8371228381 0.7737823247 0.7730275502
0.0510793769 -0.4444965278 -0.6807827993 0.7337756249 -0.3852202929 -0.8055733368 -0.8344720273 0.7295998560 -0.6082809143 -0.9289670919 -0.2944723700 -0.8221813570 0.7805097473 0.7797728696
