0.1676168889 0.1396899711 0.1163791774 0.3068152122 -0.1144531078 0.1079285830 0.0022115710 0.3041859607 -0.9559663474 -0.3022083032 0.0791685836 0.1037867243 0.3351293485 0.3391489626
0.1830588785 0.1550641753 0.1325297457 0.3206687562 -0.0986957593 0.1234658129 0.0191308159 0.3180806625 -0.9441153909 -0.2847473342 0.0694505114 0.1198937934 0.3485934351 0.3525975448
0.1989228021 0.1709025179 0.1491412517 0.3348227444 -0.0821363371 0.1395041023 0.0366352850 0.3322775886 -0.9307679262 -0.2663001718 0.0587011091 0.1364814273 0.3623363149 0.3663200112
0.2152149030 0.1872120349 0.1662204324 0.3492816910 -0.0647617454 0.1560511116 0.0547337493 0.3467812730 -0.9158981176 -0.2468508817 0.0469012178 0.1535567351 0.3763622274 0.3803205160
0.2319414246 0.2039997621 0.1837740247 0.3640501105 -0.0465588885 0.1731145012 0.0734349798 0.3615962501 -0.8994801293 -0.2263835298 0.0340316787 0.1711268262 0.3906754115 0.3946032135
0.2491086103 0.2212727357 0.2018087655 0.3791325172 -0.0275146705 0.1907019318 0.0927477476 0.3767270538 -0.8814881255 -0.2048821819 0.0200733330 0.1891988097 0.4052801066 0.4091722579
0.2667227034 0.2390379916 0.2203313916 0.3945334254 -0.0076159955 0.2088210638 0.1126808237 0.3921782185 -0.8618962705 -0.1823309037 0.0050070218 0.2077797948 0.4201805519 0.4240318034
0.2847899473 0.2573025658 0.2393486399 0.4102573496 0.0131502321 0.2274795578 0.1332429791 0.4079542781 -0.8406787283 -0.1587137611 -0.0111864138 0.2268768907 0.4353809865 0.4391860044
0.3033165852 0.2760734943 0.2588672474 0.4263088040 0.0347971082 0.2466850742 0.1544429850 0.4240597670 -0.8178096634 -0.1340148199 -0.0285261325 0.2464972068 0.4508856497 0.4546390151
0.3223088606 0.2953578131 0.2788939508 0.4426923031 0.0573377287 0.2664452736 0.1762896123 0.4404992192 -0.7932632397 -0.1082181459 -0.0470312933 0.2666478521 0.4666987807 0.4703949897
0.3417730169 0.3151625581 0.2994354872 0.4594123612 0.0807851893 0.2867678164 0.1987916321 0.4572771689 -0.7670136217 -0.0813078048 -0.0667210549 0.2873359359 0.4828246186 0.4864580826
0.3617152973 0.3354947654 0.3204985934 0.4764734927 0.1051525859 0.3076603632 0.2219578155 0.4743981502 -0.7390349735 -0.0532678627 -0.0876145763 0.3085685674 0.4992674027 0.5028324478
0.3821419453 0.3563614710 0.3420900063 0.4938802119 0.1304530142 0.3291305744 0.2457969334 0.4918666974 -0.7093014594 -0.0240823851 -0.1097310162 0.3303528559 0.5160313722 0.5195222397
0.4030592041 0.3777697108 0.3642164628 0.5116370332 0.1566995701 0.3511861107 0.2703177570 0.5096873445 -0.6777872434 0.0062645620 -0.1330895335 0.3526959105 0.5331207662 0.5365316126
0.4244733172 0.3997265209 0.3868846997 0.5297484710 0.1839053494 0.3738346324 0.2955290573 0.5278646258 -0.6444664900 0.0377889129 -0.1577092871 0.3756048404 0.5505398241 0.5538647207
0.4463905278 0.4222389372 0.4101014540 0.5482190395 0.2120834479 0.3970838002 0.3214396053 0.5464030753 -0.6093133632 0.0705066017 -0.1836094357 0.3990867550 0.5682927849 0.5715257182
0.4688170795 0.4453139958 0.4338734626 0.5670532533 0.2412469615 0.4209412745 0.3480581721 0.5653072272 -0.5723020273 0.1044335627 -0.2108091384 0.4231487633 0.5863838879 0.5895187594
0.4917592154 0.4689587325 0.4582074623 0.5862556266 0.2714089858 0.4454147158 0.3753935287 0.5845816157 -0.5334066465 0.1395857300 -0.2393275538 0.4477979747 0.6048173723 0.6078479986
0.5152231789 0.4931801835 0.4831101901 0.6058306738 0.3025826168 0.4705117846 0.4034544461 0.6042307749 -0.4926013851 0.1759790378 -0.2691838408 0.4730414983 0.6235974772 0.6265175899
0.5392152135 0.5179853846 0.5085883828 0.6257829092 0.3347809502 0.4962401415 0.4322496955 0.6242592391 -0.4498604072 0.2136294203 -0.3003971583 0.4988864433 0.6427284420 0.6455316878
