0.7234797843 0.3737317763 0.3728618986 0.7983810089 0.2555591804 -0.1150509460 0.0376462601 0.7969413410 -0.3339598671 -0.7745570615 -0.5177499470 0.4420846918 0.8289240769 0.8353550302
0.7498307201 0.4040339542 0.3958356699 0.8199436881 0.2904671305 -0.0943692990 0.0594534687 0.8186151830 -0.3014633570 -0.7641874593 -0.5451792018 0.4707797348 0.8482543111 0.8542483351
0.7747397418 0.4327891984 0.4174683055 0.8401872556 0.3237343594 -0.0748133151 0.0800547733 0.8389656146 -0.2703475377 -0.7543484661 -0.5710994854 0.4979526650 0.8663373734 0.8719043198
0.7982262530 0.4600190075 0.4377791974 0.8591297673 0.3553832092 -0.0563663265 0.0994678349 0.8580107565 -0.2405934244 -0.7450309263 -0.5955320470 0.5236247935 0.8831903582 0.8883399885
0.8203096577 0.4857448805 0.4567877372 0.8767892790 0.3854360215 -0.0390116654 0.1177103146 0.8757687292 -0.2121820324 -0.7362256844 -0.6184981358 0.5478174311 0.8988303598 0.9035723455
0.8410093595 0.5099883163 0.4745133169 0.8931838468 0.4139151382 -0.0227326637 0.1347998735 0.8922576533 -0.1850943771 -0.7279235847 -0.6400190010 0.5705518887 0.9132744727 0.9176183950
0.8603447622 0.5327708137 0.4909753281 0.9083315265 0.4408429009 -0.0075126537 0.1507541727 0.9074956493 -0.1593114738 -0.7201154716 -0.6601158915 0.5918494773 0.9265397911 0.9304951413
0.8783352696 0.5541138715 0.5061931628 0.9222503742 0.4662416516 0.0066650325 0.1655908733 0.9215008379 -0.1348143377 -0.7127921895 -0.6788100567 0.6117315078 0.9386434096 0.9422195887
0.8950002854 0.5740389886 0.5201862126 0.9349584456 0.4901337319 0.0198170629 0.1793276362 0.9342913395 -0.1115839842 -0.7059445828 -0.6961227457 0.6302192911 0.9496024224 0.9528087414
0.9103592134 0.5925676638 0.5329738694 0.9464737968 0.5125414837 0.0319601053 0.1919821227 0.9458852747 -0.0896014286 -0.6995634959 -0.7120752075 0.6473341380 0.9594339238 0.9622796037
0.9244314574 0.6097213961 0.5445755251 0.9568144837 0.5334872488 0.0431108275 0.2035719937 0.9563007642 -0.0688476862 -0.6936397731 -0.7266886913 0.6630973596 0.9681550084 0.9706491799
0.9372364211 0.6255216842 0.5550105714 0.9659985622 0.5529933689 0.0532858976 0.2141149103 0.9655559283 -0.0493037722 -0.6881642589 -0.7399844463 0.6775302667 0.9757827704 0.9779344742
0.9487935083 0.6399900270 0.5642984000 0.9740440882 0.5710821858 0.0625019833 0.2236285336 0.9736688878 -0.0309507021 -0.6831277976 -0.7519837216 0.6906541702 0.9823343042 0.9841524909
0.9591221228 0.6531479233 0.5724584029 0.9809691177 0.5877760413 0.0707757525 0.2321305247 0.9806577632 -0.0137694911 -0.6785212336 -0.7627077664 0.7024903810 0.9878267042 0.9893202342
0.9682416683 0.6650168721 0.5795099718 0.9867917067 0.6030972772 0.0781238732 0.2396385447 0.9865406750 0.0022588456 -0.6743354113 -0.7721778298 0.7130602102 0.9922770648 0.9934547085
0.9761715485 0.6756183721 0.5854724985 0.9915299109 0.6170682353 0.0845630131 0.2461702546 0.9913357437 0.0171532925 -0.6705611751 -0.7804151609 0.7223849685 0.9957024803 0.9965729179
0.9829311673 0.6849739222 0.5903653749 0.9952017865 0.6297112573 0.0901098403 0.2517433155 0.9950610901 0.0309328344 -0.6671893694 -0.7874410089 0.7304859669 0.9981200451 0.9986918668
0.9885399284 0.6931050213 0.5942079927 0.9978253892 0.6410486850 0.0947810225 0.2563753885 0.9977348345 0.0436164559 -0.6642108385 -0.7932766229 0.7373845162 0.9995468535 0.9998285594
0.9930172355 0.7000331682 0.5970197437 0.9994187751 0.6511028603 0.0985932277 0.2600841347 0.9993750976 0.0552231419 -0.6616164269 -0.7979432520 0.7431019275 1.0000000000 1.0000000000
0.9963824925 0.7057798617 0.5988200197 1.0000000000 0.6598961248 0.1015631237 0.2628872150 1.0000000000 0.0657718769 -0.6593969789 -0.8014621455 0.7476595117 0.9994965789 0.9992231928
