-0.7306113543 -0.8508547390 -0.7793205067 -0.4712350935 -0.9865969886 -0.8374690222 -0.9394285160 -0.4748749653 -0.9975473697 -0.9091028135 0.9995912908 -0.8617632187 -0.4000022154 -0.3926019481
-0.7190732849 -0.8419125729 -0.7690785591 -0.4566077038 -0.9832240489 -0.8283755108 -0.9331970037 -0.4602974804 -0.9988162068 -0.9020510175 0.9987530937 -0.8530553185 -0.3845130019 -0.3771475783
-0.7072954521 -0.8326861577 -0.7585857241 -0.4418359416 -0.9794576644 -0.8190077512 -0.9266331047 -0.4455744615 -0.9996360480 -0.8946990591 0.9974799178 -0.8440572247 -0.3689045351 -0.3615805100
-0.6952779888 -0.8231735329 -0.7478408017 -0.4269221519 -0.9752932802 -0.8093636994 -0.9197331539 -0.4307082096 -1.0000000000 -0.8870431666 0.9957662718 -0.8347668600 -0.3531799856 -0.3459040154
-0.6830210277 -0.8133727383 -0.7368425918 -0.4118686797 -0.9707263414 -0.7994413113 -0.9124934861 -0.4157010261 -0.9999011695 -0.8790795685 0.9936066645 -0.8251821468 -0.3373425239 -0.3301213664
-0.6705247018 -0.8032818136 -0.7255898941 -0.3966778700 -0.9657522930 -0.7892385428 -0.9049104361 -0.4005552122 -0.9993326630 -0.8708044929 0.9909956050 -0.8153010077 -0.3213953208 -0.3142358350
-0.6577891438 -0.7928987985 -0.7140815086 -0.3813520678 -0.9603665801 -0.7787533499 -0.8969803388 -0.3852730691 -0.9982875873 -0.8622141685 0.9879276020 -0.8051213650 -0.3053415468 -0.2982506931
-0.6448144866 -0.7822217326 -0.7023162351 -0.3658936180 -0.9545646478 -0.7679836884 -0.8886995289 -0.3698568980 -0.9967590489 -0.8533048234 0.9843971645 -0.7946411415 -0.2891843725 -0.2821692129
-0.6316008632 -0.7712486557 -0.6902928734 -0.3503048657 -0.9483419411 -0.7569275144 -0.8800643413 -0.3543090003 -0.9947401544 -0.8440726860 0.9803988013 -0.7838582594 -0.2729269685 -0.2659946662
-0.6181484062 -0.7599776074 -0.6780102235 -0.3345881558 -0.9416939050 -0.7455827837 -0.8710711108 -0.3386316772 -0.9922240106 -0.8345139848 0.9759270213 -0.7727706414 -0.2565725055 -0.2497303250
-0.6044572485 -0.7484066273 -0.6654670853 -0.3187458333 -0.9346159846 -0.7339474523 -0.8617161722 -0.3228272298 -0.9892037239 -0.8246249481 0.9709763333 -0.7613762100 -0.2401241539 -0.2333794614
-0.5905275231 -0.7365337553 -0.6526622584 -0.3027802432 -0.9271036250 -0.7220194761 -0.8519958603 -0.3068979594 -0.9856724011 -0.8144018042 0.9655412462 -0.7496728876 -0.2235850844 -0.2169453474
-0.5763593626 -0.7243570309 -0.6395945430 -0.2866937305 -0.9191522712 -0.7097968111 -0.8419065100 -0.2908461673 -0.9816231488 -0.8038407815 0.9596162690 -0.7376585968 -0.2069584677 -0.2004312548
-0.5619529001 -0.7118744938 -0.6262627387 -0.2704886401 -0.9107573683 -0.6972774131 -0.8314444560 -0.2746741546 -0.9770490736 -0.7929381084 0.9531959104 -0.7253312601 -0.1902474743 -0.1838404558
-0.5473082682 -0.6990841838 -0.6126656455 -0.2541673171 -0.9019143613 -0.6844592381 -0.8206060333 -0.2583842227 -0.9719432822 -0.7816900132 0.9462746795 -0.7126888000 -0.1734552748 -0.1671762223
-0.5324256000 -0.6859841405 -0.5988020632 -0.2377321064 -0.8926186953 -0.6713402420 -0.8093875765 -0.2419786728 -0.9662988811 -0.7700927243 0.9388470849 -0.6997291390 -0.1565850398 -0.1504418263
-0.5173050281 -0.6725724036 -0.5846707916 -0.2211853530 -0.8828658153 -0.6579183807 -0.7977854206 -0.2254598061 -0.9601089770 -0.7581424701 0.9309076356 -0.6864501995 -0.1396399400 -0.1336405397
-0.5019466855 -0.6588470128 -0.5702706308 -0.2045294020 -0.8726511664 -0.6441916102 -0.7857959003 -0.2088299238 -0.9533666765 -0.7458354789 0.9224508405 -0.6728499042 -0.1226231459 -0.1167756347
-0.4863507050 -0.6448060078 -0.5556003805 -0.1877665982 -0.8619701937 -0.6301578865 -0.7734153505 -0.1920913272 -0.9460650863 -0.7331679791 0.9134712085 -0.6589261755 -0.1055378281 -0.0998503830
-0.4705172194 -0.6304474282 -0.5406588405 -0.1708992867 -0.8508183421 -0.6158151653 -0.7606401059 -0.1752463176 -0.9381973130 -0.7201361991 0.9039632484 -0.6446769359 -0.0883871572 -0.0828680569
