-0.0343050145 -0.0316800750 -0.2909173543 -0.0450831977 -0.1031403318 -0.0236993574 -0.0277806471 -0.0533275840 -0.1062852935 -0.4252987998 0.3125911587 0.0377763551 0.0758678233 0.1384876991
-0.0079117342 -0.0012814682 -0.2636021478 -0.0266653769 -0.0774393817 0.0078976269 0.0040017664 -0.0344324223 -0.0803342143 -0.4025676683 0.2922001115 0.0690844909 0.0896428233 0.1513033696
0.0180823111 0.0289714621 -0.2360970248 -0.0086666373 -0.0520698952 0.0394133114 0.0357219952 -0.0159583631 -0.0546931904 -0.3795896082 0.2721304877 0.1001913590 0.1030014797 0.1636876419
0.0436377637 0.0590447488 -0.2084221269 0.0088785329 -0.0270690888 0.0708150268 0.0673478253 0.0020596421 -0.0293989475 -0.3563765438 0.2524170704 0.1310610966 0.1159135808 0.1756109739
0.0687152660 0.0889044250 -0.1805975958 0.0259356456 -0.0024741790 0.1020701041 0.0988470425 0.0195866415 -0.0044882110 -0.3329403993 0.2330946426 0.1616578408 0.1283489147 0.1870438234
0.0932754602 0.1185165237 -0.1526435731 0.0424702127 0.0216776178 0.1331458740 0.1301874329 0.0365876838 0.0200022936 -0.3092930988 0.2141979873 0.1919457290 0.1402772695 0.1979566482
0.1172789886 0.1478470779 -0.1245802005 0.0584477463 0.0453490850 0.1640096675 0.1613367824 0.0530278174 0.0440358406 -0.2854465666 0.1957618875 0.2218888982 0.1516684334 0.2083199062
0.1406864935 0.1768621207 -0.0964276197 0.0738337581 0.0685030063 0.1946288153 0.1922628770 0.0688720906 0.0675757047 -0.2614127268 0.1778211263 0.2514514858 0.1624921944 0.2181040550
0.1634586173 0.2055276853 -0.0682059723 0.0885937602 0.0911021650 0.2249706482 0.2229335027 0.0840855521 0.0905851602 -0.2372035038 0.1604104867 0.2805976289 0.1727183409 0.2272795526
0.1855560022 0.2338098045 -0.0399353999 0.1026932645 0.1131093448 0.2550024973 0.2533164455 0.0986332502 0.1130274816 -0.2128308215 0.1435647518 0.3092914647 0.1823166609 0.2358168568
0.2069392906 0.2616745114 -0.0116360444 0.1160977829 0.1344873292 0.2846916931 0.2833794912 0.1124802333 0.1348659434 -0.1883066044 0.1273187045 0.3374971305 0.1912569426 0.2436864254
0.2275691246 0.2890878392 0.0166719528 0.1287728273 0.1551989017 0.3140055667 0.3130904260 0.1255915500 0.1560638201 -0.1636427765 0.1117071279 0.3651787634 0.1995089740 0.2508587162
0.2474061467 0.3160158208 0.0449684499 0.1406839097 0.1752068457 0.3429114489 0.3424170357 0.1379322486 0.1765843861 -0.1388512621 0.0967648051 0.3923005008 0.2070425435 0.2573041870
0.2664109992 0.3424244893 0.0732333053 0.1517965419 0.1944739449 0.3713766704 0.3713271064 0.1494673777 0.1963909159 -0.1139439853 0.0825265191 0.4188264797 0.2138274390 0.2629932956
0.2845443243 0.3682798777 0.1014463773 0.1620762360 0.2129629828 0.3993685622 0.3997884239 0.1601619857 0.2154466839 -0.0889328704 0.0690270528 0.4447208373 0.2198334488 0.2678964999
0.3017667643 0.3935480191 0.1295875242 0.1714885037 0.2306367428 0.4268544551 0.4277687743 0.1699811210 0.2337149647 -0.0638298415 0.0563011894 0.4699477110 0.2250303610 0.2719842576
0.3180389616 0.4181949466 0.1576366045 0.1799988572 0.2474580085 0.4538016798 0.4552359436 0.1788898321 0.2511590327 -0.0386468229 0.0443837118 0.4944712379 0.2293879638 0.2752270267
0.3333215584 0.4421866931 0.1855734763 0.1875728082 0.2633895634 0.4801775673 0.4821577177 0.1868531674 0.2677421624 -0.0133957387 0.0333094031 0.5182555552 0.2328760453 0.2775952648
0.3475751970 0.4654892918 0.2133779981 0.1941758687 0.2783941911 0.5059494485 0.5085018826 0.1938361754 0.2834276282 0.0119114868 0.0231130464 0.5412648002 0.2354643937 0.2790594299
0.3607605198 0.4880687756 0.2410300283 0.1997735507 0.2924346750 0.5310846540 0.5342362242 0.1998039046 0.2981787047 0.0372629294 0.0138294246 0.5634631100 0.2371227970 0.2795899797
