-0.4151126658 -0.7579129527 -0.6360083005 -0.1007056258 -0.9748110817 -0.6761842939 -0.9608825783 -0.0993350323 -0.9983027419 -0.9993265766 0.9210121269 -0.7378418874 0.0018759922 -0.0147565324
-0.4419531054 -0.7782974789 -0.6622091196 -0.1268131003 -0.9802423937 -0.7006482321 -0.9677668280 -0.1254302669 -0.9966912991 -0.9999376979 0.9314833556 -0.7593274381 -0.0227811374 -0.0396864924
-0.4684436625 -0.7979797025 -0.6876953285 -0.1528426717 -0.9850556315 -0.7243847039 -0.9740417424 -0.1514485557 -0.9945374590 -1.0000000000 0.9412953766 -0.7800979430 -0.0474259476 -0.0645945241
-0.4945617906 -0.8169306726 -0.7124335302 -0.1787782445 -0.9892336261 -0.7473627630 -0.9796881133 -0.1773738334 -0.9918294904 -0.9994990926 0.9504272520 -0.8001239551 -0.0720451107 -0.0894668421
-0.5202849430 -0.8351214386 -0.7363903277 -0.2046037233 -0.9927592079 -0.7695514632 -0.9846867323 -0.2031900343 -0.9885556620 -0.9984205854 0.9588580437 -0.8193760272 -0.0966252990 -0.1142896606
-0.5455905732 -0.8525230498 -0.7595323239 -0.2303030128 -0.9956152077 -0.7909198581 -0.9890183915 -0.2288810928 -0.9847042426 -0.9967500881 0.9665668138 -0.8378247125 -0.1211531848 -0.1390491942
-0.5704561344 -0.8691065555 -0.7818261220 -0.2558600174 -0.9977844561 -0.8114370014 -0.9926638824 -0.2544309435 -0.9802635007 -0.9944732104 0.9735326243 -0.8554405638 -0.1456154403 -0.1637316574
-0.5948590802 -0.8848430050 -0.8032383248 -0.2812586419 -0.9992497839 -0.8310719469 -0.9956039969 -0.2798235209 -0.9752217052 -0.9915755622 0.9797345371 -0.8721941342 -0.1699987379 -0.1883232646
-0.6187768637 -0.8997034475 -0.8237355354 -0.3064827907 -0.9999940216 -0.8497937483 -0.9978195268 -0.3050427593 -0.9695671247 -0.9880427531 0.9851516142 -0.8880559766 -0.1942897498 -0.2128102304
-0.6421869386 -0.9136589323 -0.8432843568 -0.3315163684 -1.0000000000 -0.8675714593 -0.9992912639 -0.3300725932 -0.9632880279 -0.9838603928 0.9897629177 -0.9029966440 -0.2184751483 -0.2371787690
-0.6650667580 -0.9266805089 -0.8618513919 -0.3563432797 -0.9992505497 -0.8843741336 -1.0000000000 -0.3548969572 -0.9563726836 -0.9790140911 0.9935475095 -0.9169866894 -0.2425416057 -0.2614150951
-0.6873937754 -0.9387392264 -0.8794032437 -0.3809474290 -0.9977285014 -0.9001708249 -0.9999265268 -0.3794997856 -0.9488093604 -0.9734894577 0.9964844516 -0.9299966658 -0.2664757943 -0.2855054230
-0.7091454442 -0.9498061342 -0.8959065152 -0.4053127211 -0.9954166858 -0.9149305869 -0.9990516362 -0.4038650129 -0.9405863271 -0.9672721023 0.9985528061 -0.9419971261 -0.2902643863 -0.3094359673
-0.7302992178 -0.9598522815 -0.9113278094 -0.4294230604 -0.9922979335 -0.9286224734 -0.9973561198 -0.4279765736 -0.9316918524 -0.9603476347 0.9997316349 -0.9529586233 -0.3138940541 -0.3331929424
-0.7508325495 -0.9688487177 -0.9256337294 -0.4532623516 -0.9883550751 -0.9412155380 -0.9948207696 -0.4518184022 -0.9221142049 -0.9527016645 1.0000000000 -0.9628517104 -0.3373514700 -0.3567625628
-0.7707228927 -0.9767664920 -0.9387908780 -0.4768144993 -0.9835709415 -0.9526788345 -0.9914263773 -0.4753744331 -0.9118416534 -0.9443198015 0.9993369634 -0.9716469403 -0.3606233062 -0.3801310429
-0.7899477009 -0.9835766538 -0.9507658583 -0.5000634079 -0.9779283632 -0.9629814167 -0.9871537347 -0.4986286007 -0.9008624666 -0.9351876554 0.9977215871 -0.9793148661 -0.3836962350 -0.4032845972
-0.8084844273 -0.9892502524 -0.9615252733 -0.5229929821 -0.9714101709 -0.9720923381 -0.9819836335 -0.5215648396 -0.8891649132 -0.9252908360 0.9951329332 -0.9858260407 -0.4065569287 -0.4262094402
-0.8263105253 -0.9937583370 -0.9710357259 -0.5455871266 -0.9639991952 -0.9799806525 -0.9758968656 -0.5441670841 -0.8767372620 -0.9146149530 0.9915500635 -0.9911510171 -0.4291920596 -0.4488917863
-0.8434034485 -0.9970719569 -0.9792638192 -0.5678297458 -0.9556782669 -0.9866154137 -0.9688742228 -0.5664192689 -0.8635677815 -0.9031456161 0.9869520401 -0.9952603482 -0.4515882999 -0.4713178499
