0.9467701936 0.8939990746 0.9365883882 0.9883379665 0.7572128681 0.8904571087 0.7759284941 0.9882099233 0.7007935340 0.7719189127 -0.8274634069 0.8911433200 0.9813818335 0.9787366886
0.9435575088 0.8875540202 0.9319923188 0.9892948101 0.7469118568 0.8849340087 0.7650494002 0.9891734569 0.6887390713 0.7622048813 -0.8195132232 0.8846447962 0.9825550013 0.9799803988
0.9402569541 0.8809425055 0.9272500677 0.9902155027 0.7364442979 0.8792921926 0.7539664892 0.9901007326 0.6765089534 0.7523310712 -0.8114147663 0.8779817608 0.9836971391 0.9811946106
0.9368690633 0.8741665946 0.9223631197 0.9910993673 0.7258131939 0.8735329119 0.7426836382 0.9909910738 0.6641069697 0.7423001933 -0.8031701232 0.8711562582 0.9848074791 0.9823785286
0.9333943703 0.8672283510 0.9173329596 0.9919457267 0.7150215470 0.8676574185 0.7312047241 0.9918438043 0.6515369092 0.7321149589 -0.7947813811 0.8641703327 0.9858852535 0.9835313575
0.9298334088 0.8601298388 0.9121610722 0.9927539038 0.7040723595 0.8616669638 0.7195336243 0.9926582476 0.6388025611 0.7217780792 -0.7862506273 0.8570260290 0.9869296946 0.9846523020
0.9261867128 0.8528731216 0.9068489423 0.9935232215 0.6929686339 0.8555627995 0.7076742156 0.9934337273 0.6259077146 0.7112922654 -0.7775799488 0.8497253913 0.9879400345 0.9857405668
0.9224548159 0.8454602633 0.9013980548 0.9942530027 0.6817133724 0.8493461773 0.6956303751 0.9941695670 0.6128561588 0.7006602285 -0.7687714329 0.8422704642 0.9889155053 0.9867953566
0.9186382520 0.8378933278 0.8958098945 0.9949425701 0.6703095773 0.8430183488 0.6834059801 0.9948650902 0.5996516829 0.6898846798 -0.7598271666 0.8346632921 0.9898553395 0.9878158760
0.9147375549 0.8301743787 0.8900859463 0.9955912468 0.6587602510 0.8365805657 0.6710049075 0.9955196205 0.5862980761 0.6789683305 -0.7507492372 0.8269059193 0.9907587690 0.9888013299
0.9107532585 0.8223054800 0.8842276949 0.9961983556 0.6470683958 0.8300340796 0.6584310344 0.9961324815 0.5727991276 0.6679138916 -0.7415397318 0.8190003905 0.9916250262 0.9897509227
0.9066858965 0.8142886955 0.8782366251 0.9967632193 0.6352370141 0.8233801422 0.6456882379 0.9967029968 0.5591586265 0.6567240745 -0.7322007376 0.8109487499 0.9924533433 0.9906638593
0.9025360027 0.8061260888 0.8721142219 0.9972851610 0.6232691081 0.8166200051 0.6327803951 0.9972304900 0.5453803619 0.6454015902 -0.7227343417 0.8027530421 0.9932429524 0.9915393444
0.8983041110 0.7978197240 0.8658619700 0.9977635033 0.6111676801 0.8097549199 0.6197113831 0.9977142847 0.5314681231 0.6339491499 -0.7131426313 0.7944153114 0.9939930858 0.9923765826
0.8939907552 0.7893716647 0.8594813543 0.9981975692 0.5989357326 0.8027861383 0.6064850789 0.9981537044 0.5174256992 0.6223694648 -0.7034276935 0.7859376024 0.9947029757 0.9931747785
0.8895964691 0.7807839749 0.8529738595 0.9985866816 0.5865762679 0.7957149119 0.5931053596 0.9985480728 0.5032568794 0.6106652460 -0.6935916155 0.7773219594 0.9953718542 0.9939331370
0.8851217864 0.7720587182 0.8463409706 0.9989301634 0.5740922882 0.7885424924 0.5795761024 0.9988967133 0.4889654528 0.5988392047 -0.6836364846 0.7685704269 0.9959989536 0.9946508627
0.8805672411 0.7631979585 0.8395841723 0.9992273375 0.5614867959 0.7812701314 0.5659011843 0.9991989496 0.4745552087 0.5868940522 -0.6735643877 0.7596850494 0.9965835061 0.9953271603
0.8759333668 0.7542037597 0.8327049495 0.9994775266 0.5487627933 0.7738990806 0.5520844823 0.9994541054 0.4600299361 0.5748324995 -0.6633774121 0.7506678712 0.9971247439 0.9959612344
0.8712206975 0.7450781855 0.8257047869 0.9996800538 0.5359232828 0.7664305916 0.5381298736 0.9996615040 0.4453934242 0.5626572578 -0.6530776450 0.7415209369 0.9976218992 0.9965522898
