-0.8245832233 -0.9268965244 -0.9197635232 -0.7622563863 -0.9639928093 -0.9154065147 -0.9748623454 -0.7634609743 -0.9927747387 -0.9921048325 0.9592978906 -0.9184157205 -0.7177636185 -0.7110933368
-0.8343571786 -0.9339092911 -0.9271515435 -0.7724642441 -0.9687925356 -0.9226743404 -0.9788394560 -0.7736702976 -0.9949242879 -0.9942598370 0.9641086349 -0.9257193926 -0.7284576658 -0.7218692030
-0.8438675512 -0.9405772772 -0.9341961322 -0.7824581208 -0.9732479181 -0.9296221917 -0.9824771264 -0.7836646808 -0.9966940093 -0.9960724363 0.9686100952 -0.9326896100 -0.7389572531 -0.7324530273
-0.8531128325 -0.9468990408 -0.9408951908 -0.7922373279 -0.9773593247 -0.9362491579 -0.9857745175 -0.7934434126 -0.9980851722 -0.9975426490 0.9728037157 -0.9393250295 -0.7492616493 -0.7428440499
-0.8620915139 -0.9528731404 -0.9472466204 -0.8018011769 -0.9811271233 -0.9425543280 -0.9887307900 -0.8030057821 -0.9990990456 -0.9986704933 0.9766909406 -0.9456243078 -0.7593701234 -0.7530415111
-0.8708020866 -0.9584981342 -0.9532483223 -0.8111489795 -0.9845516818 -0.9485367915 -0.9913451048 -0.8123510783 -0.9997368985 -0.9994559877 0.9802732142 -0.9515861020 -0.7692819444 -0.7630446510
-0.8792430420 -0.9637725805 -0.9588981977 -0.8202800473 -0.9876333682 -0.9541956374 -0.9936166227 -0.8214785901 -1.0000000000 -0.9998991504 0.9835519807 -0.9572090687 -0.7789963813 -0.7728527099
-0.8874128715 -0.9686950377 -0.9641941479 -0.8291936918 -0.9903725502 -0.9595299551 -0.9955445044 -0.8303876064 -0.9998896193 -1.0000000000 0.9865286845 -0.9624918649 -0.7885127031 -0.7824649281
-0.8953100663 -0.9732640641 -0.9691340741 -0.8378892247 -0.9927695958 -0.9645388337 -0.9971279109 -0.8390774163 -0.9994070254 -0.9997585547 0.9892047696 -0.9674331475 -0.7978301788 -0.7918805457
-0.9029331178 -0.9774782179 -0.9737158776 -0.8463659574 -0.9948248729 -0.9692213625 -0.9983660029 -0.8475473086 -0.9985534873 -0.9991748329 0.9915816804 -0.9720315732 -0.8069480772 -0.8010988031
-0.9102805174 -0.9813360576 -0.9779374596 -0.8546232017 -0.9965387495 -0.9735766307 -0.9992579412 -0.8557965724 -0.9973302743 -0.9982488530 0.9936608611 -0.9762857989 -0.8158656675 -0.8101189404
-0.9173507564 -0.9848361413 -0.9817967214 -0.8626602690 -0.9979115933 -0.9776037276 -0.9998028866 -0.8638244965 -0.9957386553 -0.9969806333 0.9954437560 -0.9801944814 -0.8245822185 -0.8189401980
-0.9241423261 -0.9879770274 -0.9852915641 -0.8704764710 -0.9989437724 -0.9813017422 -1.0000000000 -0.8716303700 -0.9937798995 -0.9953701922 0.9969318092 -0.9837562777 -0.8330969993 -0.8275618159
-0.9306537179 -0.9907572742 -0.9884198891 -0.8780711192 -0.9996356546 -0.9846697640 -0.9998484422 -0.8792134818 -0.9914552760 -0.9934175481 0.9981264651 -0.9869698445 -0.8414092788 -0.8359830345
-0.9368834231 -0.9931754400 -0.9911795976 -0.8854435253 -0.9999876078 -0.9877068820 -0.9993473739 -0.8865731208 -0.9887660537 -0.9911227193 0.9990291679 -0.9898338387 -0.8495183261 -0.8442030941
-0.9428299330 -0.9952300832 -0.9935685909 -0.8925930008 -1.0000000000 -0.9904121856 -0.9984959560 -0.8937085761 -0.9857135019 -0.9884857243 0.9996413618 -0.9923469171 -0.8574234101 -0.8522212347
-0.9484917390 -0.9969197620 -0.9955847702 -0.8995188573 -0.9996731990 -0.9927847639 -0.9972933493 -0.9006191365 -0.9822988896 -0.9855065813 0.9999644911 -0.9945077366 -0.8651237998 -0.8600366968
-0.9538673324 -0.9982430348 -0.9972260366 -0.9062204063 -0.9990075727 -0.9948237062 -0.9957387147 -0.9073040911 -0.9785234858 -0.9821853087 1.0000000000 -0.9963149541 -0.8726187641 -0.8676487204
-0.9589552046 -0.9991984599 -0.9984902916 -0.9126969596 -0.9980034891 -0.9965281017 -0.9938312128 -0.9137627287 -0.9743885597 -0.9785219250 0.9997493328 -0.9977672263 -0.8799075721 -0.8750565459
-0.9637538468 -0.9997845955 -0.9993754364 -0.9189478285 -0.9966613160 -0.9978970396 -0.9915700046 -0.9199943384 -0.9698953804 -0.9745164484 0.9992139336 -0.9988632102 -0.8869894927 -0.8822594135
