0.6182224815 0.3662829580 0.2343941034 0.6712105067 0.5642729488 0.6847869119 0.1731834453 0.6726250828 0.4809217341 0.7512203630 -0.7483219389 0.3669626758 0.6587154219 0.6587352722
0.6421859569 0.3859898846 0.2524330952 0.6965324135 0.5857555374 0.7092329288 0.1894147381 0.6979235222 0.5001388212 0.7750228702 -0.7721857049 0.3866583467 0.6842581135 0.6842746300
0.6650102515 0.4047182902 0.2696017401 0.7206991852 0.6060659336 0.7324697368 0.2047814898 0.7220641038 0.5182000437 0.7974950304 -0.7947264295 0.4053740863 0.7086693728 0.7086825677
0.6867129637 0.4224841449 0.2859144936 0.7437280434 0.6252232425 0.7545161233 0.2192986749 0.7450641317 0.5351249815 0.8186579051 -0.8159650853 0.4231258961 0.7319655949 0.7319755001
0.7073116918 0.4393034189 0.3013858114 0.7656362093 0.6432465694 0.7753908760 0.2329812677 0.7669409104 0.5509332145 0.8385325558 -0.8359226448 0.4399297775 0.7541631751 0.7541698421
0.7268240339 0.4551920825 0.3160301487 0.7864409042 0.6601550192 0.7951127823 0.2458442428 0.7877117441 0.5656443229 0.8571400439 -0.8546200806 0.4558017321 0.7752785086 0.7752820086
0.7452675885 0.4701661060 0.3298619611 0.8061593496 0.6759676972 0.8137006298 0.2579025745 0.8073939371 0.5792778867 0.8745014309 -0.8720783653 0.4707577613 0.7953279906 0.7953284145
0.7626599538 0.4842414594 0.3428957040 0.8248087667 0.6907037083 0.8311732060 0.2691712374 0.8260047938 0.5918534858 0.8906377781 -0.8883184715 0.4848138668 0.8143280162 0.8143254745
0.7790187280 0.4974341131 0.3551458329 0.8424063770 0.7043821578 0.8475492985 0.2796652057 0.8435616184 0.6033907002 0.9055701470 -0.9033613718 0.4979860498 0.8322949807 0.8322896037
0.7943615095 0.5097600373 0.3666268033 0.8589694017 0.7170221507 0.8628476948 0.2893994541 0.8600817152 0.6139091100 0.9193195991 -0.9172280388 0.5102903121 0.8492452792 0.8492372168
0.8087058966 0.5212352022 0.3773530707 0.8745150621 0.7286427922 0.8770871824 0.2983889570 0.8755823886 0.6234282952 0.9319071958 -0.9299394449 0.5217426550 0.8651953070 0.8651847287
0.8220694876 0.5318755780 0.3873390904 0.8890605797 0.7392631874 0.8902865489 0.3066486887 0.8900809428 0.6319678357 0.9433539985 -0.9415165629 0.5323590801 0.8801614592 0.8801485543
0.8344698807 0.5416971349 0.3965993180 0.9026231758 0.7489024413 0.9024645818 0.3141936237 0.9035946822 0.6395473117 0.9536810687 -0.9519803654 0.5421555888 0.8941601311 0.8941451084
0.8459246742 0.5507158432 0.4051482090 0.9152200717 0.7575796591 0.9136400686 0.3210387365 0.9161409110 0.6461863031 0.9629094679 -0.9613518247 0.5511481827 0.9072077178 0.9071908059
0.8564514664 0.5589476732 0.4130002188 0.9268684887 0.7653139459 0.9238317969 0.3271990016 0.9277369335 0.6519043898 0.9710602574 -0.9696519137 0.5593528633 0.9193206145 0.9193020617
0.8660678557 0.5664085949 0.4201698028 0.9375856482 0.7721244068 0.9330585543 0.3326893933 0.9384000540 0.6567211520 0.9781544987 -0.9769016048 0.5667856321 0.9305152164 0.9304952906
0.8747914402 0.5731145787 0.4266714166 0.9473887716 0.7780301469 0.9413391281 0.3375248861 0.9481475770 0.6606561697 0.9842132533 -0.9831218707 0.5734624905 0.9408079188 0.9407869076
0.8826398183 0.5790815948 0.4325195157 0.9562950802 0.7830502714 0.9486923061 0.3417204544 0.9569968065 0.6637290227 0.9892575826 -0.9883336839 0.5793994401 0.9502151167 0.9501933274
0.8896305883 0.5843256133 0.4377285553 0.9643217952 0.7872038853 0.9551368757 0.3452910728 0.9649650470 0.6659592913 0.9933085480 -0.9925580170 0.5846124824 0.9587532055 0.9587309649
0.8957813484 0.5888626046 0.4423129912 0.9714861382 0.7905100938 0.9606916245 0.3482517156 0.9720696027 0.6673665553 0.9963872111 -0.9958158425 0.5891176189 0.9664385802 0.9664162351
