0.8930691584 -0.0063401328 0.1447262252 0.9930677846 -0.3986534652 0.5068973281 -0.4996050861 0.9924220616 -0.5281448184 -0.1982332622 -0.7448720045 -0.0885580793 0.9991711012 0.9986348835
0.9061578022 0.0056832951 0.1553554044 0.9955163887 -0.3814707709 0.5226703424 -0.4856967788 0.9950111638 -0.5136030175 -0.1754806940 -0.7664783698 -0.0773319706 0.9998307636 0.9995645723
0.9183391027 0.0170168225 0.1652944872 0.9974272613 -0.3649650796 0.5375499060 -0.4723786962 0.9970567807 -0.4995126687 -0.1536361993 -0.7870415505 -0.0667571107 1.0000000000 1.0000000000
0.9296244774 0.0276694857 0.1745526064 0.9988070535 -0.3491280038 0.5515471446 -0.4596431854 0.9985656402 -0.4858682098 -0.1326889447 -0.8065736484 -0.0568248586 0.9996849809 0.9999473459
0.9400253437 0.0376503206 0.1831388949 0.9996624161 -0.3339511555 0.5646731837 -0.4474825934 0.9995444706 -0.4726640786 -0.1126280966 -0.8250867654 -0.0475265732 0.9988918767 0.9994127893
0.9495531188 0.0469683633 0.1910624857 1.0000000000 -0.3194261473 0.5769391489 -0.4358892673 1.0000000000 -0.4598947130 -0.0934428216 -0.8425930034 -0.0388536137 0.9976268579 0.9984025094
0.9582192202 0.0556326500 0.1983325116 0.9998264562 -0.3055445912 0.5883561659 -0.4248555541 0.9999389565 -0.4475545508 -0.0751222861 -0.8591044642 -0.0307973389 0.9958960948 0.9969226855
0.9660350652 0.0636522166 0.2049581057 0.9991484357 -0.2922980997 0.5989353604 -0.4143738009 0.9993680682 -0.4356380298 -0.0576556566 -0.8746332498 -0.0233491080 0.9937057578 0.9949794969
0.9730120712 0.0710360994 0.2109484008 0.9979725893 -0.2796782851 0.6086878579 -0.4044363547 0.9982940632 -0.4241395879 -0.0410320995 -0.8891914619 -0.0165002798 0.9910620175 0.9925791229
0.9791616556 0.0777933343 0.2163125299 0.9963055679 -0.2676767595 0.6176247840 -0.3950355625 0.9967236698 -0.4130536629 -0.0252407815 -0.9027912025 -0.0102422133 0.9879710442 0.9897277427
0.9844952357 0.0839329574 0.2210596258 0.9941540226 -0.2562851354 0.6257572645 -0.3861637714 0.9946636160 -0.4023746925 -0.0102708690 -0.9154445735 -0.0045662677 0.9844390083 0.9864315355
0.9890242289 0.0894640049 0.2251988216 0.9915246042 -0.2454950250 0.6330964249 -0.3778133283 0.9921206299 -0.3920971148 0.0038884717 -0.9271636767 0.0005361982 0.9804720803 0.9826966807
0.9927600527 0.0943955127 0.2287392501 0.9884239637 -0.2352980406 0.6396533908 -0.3699765805 0.9891014398 -0.3822153673 0.0172480738 -0.9379606139 0.0050738252 0.9760764305 0.9785293575
0.9957141243 0.0987365171 0.2316900443 0.9848587520 -0.2256857945 0.6454392879 -0.3626458748 0.9856127737 -0.3727238882 0.0298187711 -0.9478474871 0.0090552545 0.9712582295 0.9739357453
0.9978978611 0.1024960540 0.2340603371 0.9808356200 -0.2166498991 0.6504652417 -0.3558135583 0.9816613598 -0.3636171150 0.0416113969 -0.9568363981 0.0124891271 0.9660236476 0.9689220231
0.9993226806 0.1056831596 0.2358592614 0.9763612187 -0.2081819665 0.6547423780 -0.3494719782 0.9772539261 -0.3548894857 0.0526367849 -0.9649394488 0.0153840838 0.9603788553 0.9634943704
1.0000000000 0.1083068700 0.2370959501 0.9714421989 -0.2002736091 0.6582818224 -0.3436134813 0.9723972009 -0.3465354381 0.0629057685 -0.9721687411 0.0177487658 0.9543300229 0.9576589664
0.9999412368 0.1103762211 0.2377795363 0.9660852117 -0.1929164392 0.6610947004 -0.3382304147 0.9670979122 -0.3385494100 0.0724291812 -0.9785363768 0.0195918140 0.9478833209 0.9514219904
0.9991578083 0.1119002492 0.2379191527 0.9602969079 -0.1861020691 0.6631921377 -0.3333151256 0.9613627883 -0.3309258393 0.0812178565 -0.9840544578 0.0209218695 0.9410449198 0.9447896216
0.9976611318 0.1128879902 0.2375239323 0.9540839385 -0.1798221111 0.6645852600 -0.3288599608 0.9551985571 -0.3236591638 0.0892826280 -0.9887350860 0.0217475731 0.9338209899 0.9377680393
