-0.0691479495 -0.0982443842 -0.1194124586 0.0421177738 0.6600586196 -0.0524285711 -0.3071342326 0.0356610759 0.8518377713 -0.8860184158 -0.9045863905 -0.0540537252 0.1406831087 0.1170927745
-0.0420349835 -0.0718704371 -0.0940818453 0.0701577073 0.6693501073 -0.0250778190 -0.2867715535 0.0638510720 0.8475518016 -0.8831159963 -0.9083750758 -0.0267361078 0.1668228954 0.1435427056
-0.0153245170 -0.0458774597 -0.0691484503 0.0977190885 0.6785020315 0.0018494974 -0.2666937146 0.0915605122 0.8433282267 -0.8802853867 -0.9120844364 0.0001596618 0.1925007328 0.1695319292
0.0109854882 -0.0202633310 -0.0446097961 0.1248046249 0.6875148411 0.0283558006 -0.2468989756 0.1187921157 0.8391663512 -0.8775257105 -0.9157146322 0.0266359930 0.2177192690 0.1950630624
0.0368970699 0.0049740702 -0.0204634049 0.1514170237 0.6963889847 0.0544435131 -0.2273855960 0.1455486015 0.8350654799 -0.8748360909 -0.9192658232 0.0526952954 0.2424811517 0.2201387223
0.0624122662 0.0298368647 0.0032932011 0.1775589920 0.7051249111 0.0801150575 -0.2081518356 0.1718326886 0.8310249175 -0.8722156513 -0.9227381690 0.0783399786 0.2667890287 0.2447615259
0.0875331152 0.0543271737 0.0266624996 0.2032332373 0.7137230689 0.1053728562 -0.1891959542 0.1976470962 0.8270439688 -0.8696635153 -0.9261318298 0.1035724521 0.2906455478 0.2689340902
0.1122616546 0.0784471181 0.0496469684 0.2284424668 0.7221839069 0.1302193319 -0.1705162113 0.2229945432 0.8231219383 -0.8671788061 -0.9294469653 0.1283951253 0.3140533568 0.2926590324
0.1365999227 0.1021988190 0.0722490853 0.2531893877 0.7305078736 0.1546569070 -0.1521108668 0.2478777488 0.8192581310 -0.8647606472 -0.9326837355 0.1528104080 0.3370151036 0.3159389693
0.1605499572 0.1255843975 0.0944713279 0.2774767074 0.7386954180 0.1786880040 -0.1339781801 0.2722994320 0.8154518514 -0.8624081620 -0.9358423001 0.1768207096 0.3595334359 0.3387765181
0.1841137964 0.1486059746 0.1163161740 0.3013071331 0.7467469886 0.2023150456 -0.1161164112 0.2962623119 0.8117024043 -0.8601204738 -0.9389228192 0.2004284396 0.3816110015 0.3611742958
0.2072934780 0.1712656712 0.1377861014 0.3246833722 0.7546630342 0.2255404541 -0.0985238196 0.3197691075 0.8080090945 -0.8578967060 -0.9419254526 0.2236360076 0.4032504484 0.3831349195
0.2300910402 0.1935656086 0.1588835879 0.3476081318 0.7624440034 0.2483666523 -0.0811986650 0.3428225379 0.8043712267 -0.8557359821 -0.9448503602 0.2464458232 0.4244544242 0.4046610062
0.2525085210 0.2155079075 0.1796111111 0.3700841193 0.7700903450 0.2707960624 -0.0641392072 0.3654253222 0.8007881055 -0.8536374254 -0.9476977018 0.2688602959 0.4452255768 0.4257551729
0.2745479582 0.2370946892 0.1999711489 0.3921140419 0.7776025077 0.2928311072 -0.0473437058 0.3875801793 0.7972590358 -0.8516001594 -0.9504676374 0.2908818352 0.4655665540 0.4464200367
0.2962113900 0.2583280747 0.2199661790 0.4137006069 0.7849809401 0.3144742091 -0.0308104205 0.4092898285 0.7937833222 -0.8496233074 -0.9531603268 0.3125128507 0.4854800037 0.4666582146
0.3175008542 0.2792101849 0.2395986791 0.4348465217 0.7922260911 0.3357277907 -0.0145376110 0.4305569887 0.7903602694 -0.8477059928 -0.9557759300 0.3337557519 0.5049685735 0.4864723236
0.3384183890 0.2997431410 0.2588711269 0.4555544934 0.7993384092 0.3565942745 0.0014764630 0.4513843791 0.7869891822 -0.8458473390 -0.9583146067 0.3546129484 0.5240349114 0.5058649809
0.3589660322 0.3199290639 0.2777860003 0.4758272294 0.8063183433 0.3770760829 0.0172335419 0.4717747186 0.7836693654 -0.8440464694 -0.9607765170 0.3750868496 0.5426816652 0.5248388034
0.3791458219 0.3397700746 0.2963457770 0.4956674370 0.8131663419 0.3971756386 0.0327353658 0.4917307263 0.7804001236 -0.8423025075 -0.9631618206 0.3951798653 0.5609114826 0.5433964082
