-0.1108564591 -0.1509740016 -0.0914293391 -0.0236236448 -0.4223637699 -0.1762423176 -0.1175512364 -0.0244824613 -0.4309908634 -0.0481868249 0.3902298245 -0.1624876339 -0.0155976554 -0.0162977918
-0.1315986705 -0.1699632980 -0.1118679447 -0.0472894921 -0.4340170909 -0.1948196321 -0.1293661384 -0.0481212937 -0.4246116757 -0.0440633715 0.4043907094 -0.1811872978 -0.0396147325 -0.0403012831
-0.1531905427 -0.1898182685 -0.1332258574 -0.0718298165 -0.4463077344 -0.2142262242 -0.1419054146 -0.0726342401 -0.4183498847 -0.0402529137 0.4191349379 -0.2007428962 -0.0645030468 -0.0651751489
-0.1756426305 -0.2105500118 -0.1555147188 -0.0972550306 -0.4592446806 -0.2344727244 -0.1551791000 -0.0980317124 -0.4122093734 -0.0367616508 0.4344702613 -0.2211654336 -0.0902729016 -0.0909296821
-0.1989654887 -0.2321696264 -0.1787461704 -0.1235755471 -0.4728369096 -0.2555697630 -0.1691972295 -0.1243241226 -0.4061940250 -0.0335957819 0.4504044311 -0.2424659145 -0.1169346001 -0.1175751754
-0.2231696723 -0.2546882109 -0.2029318537 -0.1508017786 -0.4870934015 -0.2775279703 -0.1839698382 -0.1515218827 -0.4003077224 -0.0307615065 0.4669451985 -0.2646553437 -0.1444984456 -0.1451219217
-0.2482657359 -0.2781168639 -0.2280834103 -0.1789441378 -0.5020231365 -0.3003579766 -0.1995069612 -0.1796354048 -0.3945543488 -0.0282650237 0.4841003149 -0.2877447257 -0.1729747413 -0.1735802138
-0.2742642345 -0.3024666840 -0.2542124818 -0.2080130373 -0.5176350948 -0.3240704123 -0.2158186334 -0.2086751007 -0.3889377872 -0.0261125327 0.5018775316 -0.3117450651 -0.2023737904 -0.2029603444
-0.3011757229 -0.3277487697 -0.2813307096 -0.2380188898 -0.5339382565 -0.3486759077 -0.2329148900 -0.2386513825 -0.3834619206 -0.0243102330 0.5202846000 -0.3366673665 -0.2327058963 -0.2332726065
-0.3290107559 -0.3539742198 -0.3094497353 -0.2689721081 -0.5509416016 -0.3741850931 -0.2508057659 -0.2695746622 -0.3781306321 -0.0228643237 0.5393292714 -0.3625226345 -0.2639813621 -0.2645272929
-0.3577798884 -0.3811541326 -0.3385812005 -0.3008831046 -0.5686541105 -0.4006085988 -0.2695012962 -0.3014553517 -0.3729478048 -0.0217810040 0.5590192971 -0.3893218738 -0.2962104911 -0.2967346963
-0.3874936753 -0.4092996070 -0.3687367467 -0.3337622922 -0.5870847631 -0.4279570552 -0.2890115158 -0.3343038631 -0.3679173217 -0.0210664733 0.5793624285 -0.4170760888 -0.3294035865 -0.3299051095
-0.4181626712 -0.4384217413 -0.3999280155 -0.3676200834 -0.6062425397 -0.4562410927 -0.3093464599 -0.3681306083 -0.3630430658 -0.0207269309 0.6003664170 -0.4457962844 -0.3635709516 -0.3640488254
-0.4497974312 -0.4685316343 -0.4321666483 -0.4024668909 -0.6261364204 -0.4854713414 -0.3305161635 -0.4029459994 -0.3583289202 -0.0207685759 0.6220390138 -0.4754934649 -0.3987228897 -0.3991761368
-0.4824085100 -0.4996403844 -0.4654642868 -0.4383131274 -0.6467753854 -0.5156584319 -0.3525306616 -0.4387604483 -0.3537787681 -0.0211976076 0.6443879704 -0.5061786351 -0.4348697040 -0.4352973366
-0.5160064625 -0.5317590904 -0.4998325724 -0.4751692055 -0.6681684147 -0.5468129943 -0.3753999892 -0.4755843669 -0.3493964923 -0.0220202254 0.6674210380 -0.5378627995 -0.4720216977 -0.4724227174
-0.5506018435 -0.5648988507 -0.5352831467 -0.5130455380 -0.6903244885 -0.5789456591 -0.3991341813 -0.5134281674 -0.3451859760 -0.0232426284 0.6911459680 -0.5705569628 -0.5101891741 -0.5105625722
-0.5862052078 -0.5990707641 -0.5718276513 -0.5519525374 -0.7132525870 -0.6120670565 -0.4237432731 -0.5523022617 -0.3411511023 -0.0248710160 0.7155705117 -0.6042721296 -0.5493824364 -0.5497271937
-0.6228271103 -0.6342859289 -0.6094777277 -0.5919006164 -0.7369616903 -0.6461878170 -0.4492372994 -0.5922170617 -0.3372957541 -0.0269115873 0.7407024205 -0.6390193044 -0.5896117879 -0.5899268748
-0.6604781059 -0.6705554439 -0.6482450174 -0.6329001878 -0.7614607785 -0.6813185707 -0.4756262955 -0.6331829795 -0.3336238146 -0.0293705417 0.7665494458 -0.6748094918 -0.6308875318 -0.6311719083
