-0.0101292395 -0.3340060373 -0.2346835911 0.3434947098 -0.9988508987 -0.3216653491 -0.8305631694 0.3449823123 -0.9811592698 -0.9643194506 0.9980841656 -0.3515753516 0.3969354178 0.3986210588
-0.0149626884 -0.3356142786 -0.2336843789 0.3378630100 -0.9997295381 -0.3252735009 -0.8262524894 0.3394101852 -0.9764232487 -0.9578846344 0.9993693914 -0.3525338857 0.3904771428 0.3922318143
-0.0195011956 -0.3368612464 -0.2323910325 0.3324183942 -1.0000000000 -0.3284984832 -0.8214915140 0.3340238697 -0.9711427083 -0.9508931943 1.0000000000 -0.3531337255 0.3841988378 0.3860210778
-0.0237314534 -0.3377345619 -0.2307936408 0.3271730998 -0.9996488523 -0.3313264450 -0.8162700334 0.3288355502 -0.9653132857 -0.9433399669 0.9999641336 -0.3533629057 0.3781131185 0.3800014045
-0.0276401540 -0.3382218459 -0.2288822929 0.3221393641 -0.9986626627 -0.3337435351 -0.8105778383 0.3238574115 -0.9589306177 -0.9352197889 0.9992499344 -0.3532094611 0.3722326009 0.3741853492
-0.0312139899 -0.3383107195 -0.2266470777 0.3173294243 -0.9970279990 -0.3357359026 -0.8044047189 0.3191016381 -0.9519903414 -0.9265274970 0.9978455448 -0.3526614264 0.3665699007 0.3685854669
-0.0344396534 -0.3379888038 -0.2240780844 0.3127555177 -0.9947314289 -0.3372896963 -0.7977404656 0.3145804147 -0.9444880936 -0.9172579281 0.9957391071 -0.3517068365 0.3611376339 0.3632143128
-0.0373038369 -0.3372437197 -0.2211654018 0.3084298816 -0.9917595202 -0.3383910653 -0.7905748689 0.3103059259 -0.9364195114 -0.9074059188 0.9929187635 -0.3503337261 0.3559484162 0.3580844417
-0.0397932327 -0.3360630882 -0.2178991191 0.3043647533 -0.9880988407 -0.3390261584 -0.7828977192 0.3062903562 -0.9277802315 -0.8969663058 0.9893726563 -0.3485301299 0.3510148635 0.3532084086
-0.0418945330 -0.3344345304 -0.2142693251 0.3005723700 -0.9837359581 -0.3391811246 -0.7746988069 0.3025458902 -0.9185658911 -0.8859339259 0.9850889279 -0.3462840827 0.3463495917 0.3485987686
-0.0435944304 -0.3323456672 -0.2102661090 0.2970649689 -0.9786574401 -0.3388421128 -0.7659679224 0.2990847126 -0.9087721270 -0.8743036159 0.9800557204 -0.3435836192 0.3419652166 0.3442680766
-0.0448796171 -0.3297841197 -0.2058795596 0.2938547875 -0.9728498545 -0.3379952720 -0.7566948561 0.2959190080 -0.8983945762 -0.8620702124 0.9742611761 -0.3404167743 0.3378743541 0.3402288877
-0.0457367855 -0.3267375088 -0.2010997661 0.2909540629 -0.9662997691 -0.3366267512 -0.7468693984 0.2930609610 -0.8874288756 -0.8492285521 0.9676934374 -0.3367715826 0.3340896200 0.3364937568
-0.0461526279 -0.3231934556 -0.1959168174 0.2883750325 -0.9589937517 -0.3347226992 -0.7364813397 0.2905227562 -0.8758706622 -0.8357734719 0.9603406466 -0.3326360790 0.3306236301 0.3330752389
-0.0461138367 -0.3191395811 -0.1903208026 0.2861299334 -0.9509183699 -0.3322692651 -0.7255204705 0.2883165781 -0.8637155729 -0.8216998084 0.9521909459 -0.3279982981 0.3274890003 0.3299858891
-0.0456071042 -0.3145635062 -0.1843018105 0.2842310031 -0.9420601916 -0.3292525977 -0.7139765811 0.2864546114 -0.8509592446 -0.8070023984 0.9432324775 -0.3228462749 0.3246983465 0.3272382623
-0.0446191228 -0.3094528521 -0.1778499304 0.2826904787 -0.9324057845 -0.3256588460 -0.7018394620 0.2849490408 -0.8375973143 -0.7916760786 0.9334533838 -0.3171680439 0.3222642844 0.3248449135
-0.0431365847 -0.3037952396 -0.1709552510 0.2815205975 -0.9219417163 -0.3214741589 -0.6890989036 0.2838120507 -0.8236254190 -0.7757156857 0.9228418071 -0.3109516400 0.3201994300 0.3228183977
-0.0411461824 -0.2975782898 -0.1636078616 0.2807335969 -0.9106545549 -0.3166846855 -0.6757446962 0.2830558259 -0.8090391955 -0.7591160564 0.9113858897 -0.3041850979 0.3185163990 0.3211712699
-0.0386346082 -0.2907896238 -0.1557978510 0.2803417140 -0.8985308680 -0.3112765746 -0.6617666303 0.2826925508 -0.7938342809 -0.7418720276 0.8990737737 -0.2968564524 0.3172278074 0.3199160852
