-0.9220133410 -0.9637734245 -0.9698775475 -0.8746293196 -0.9718367816 -0.9296468955 -0.9859344428 -0.8755500504 -0.9932501707 -0.9401720647 0.9426354462 -0.9663607816 -0.8750310181 -0.8681607129
-0.9306329721 -0.9693232035 -0.9749095442 -0.8861464663 -0.9767483654 -0.9378551870 -0.9892166140 -0.8870194426 -0.9954833415 -0.9479298516 0.9501855776 -0.9717086271 -0.8865692289 -0.8800494610
-0.9388149390 -0.9744511318 -0.9795156138 -0.8971971691 -0.9812207174 -0.9456137665 -0.9920831156 -0.8980223624 -0.9972832370 -0.9551938841 0.9572469182 -0.9766311785 -0.8976355930 -0.8914673209
-0.9465459701 -0.9791457158 -0.9836848259 -0.9077670878 -0.9852434953 -0.9529101088 -0.9945240716 -0.9085445044 -0.9986415301 -0.9619535867 0.9638088708 -0.9811172289 -0.9082159486 -0.9023998478
-0.9538127937 -0.9833954616 -0.9874062499 -0.9178418821 -0.9888063570 -0.9597316887 -0.9965296057 -0.9185715634 -0.9995498936 -0.9681983842 0.9698608385 -0.9851555714 -0.9182961340 -0.9128325971
-0.9606021381 -0.9871888755 -0.9906689555 -0.9274072116 -0.9918989605 -0.9660659809 -0.9980898418 -0.9280892338 -1.0000000000 -0.9739177011 0.9753922242 -0.9887349991 -0.9278619875 -0.9227511241
-0.9669007316 -0.9905144636 -0.9934620124 -0.9364487362 -0.9945109637 -0.9719004604 -0.9991949036 -0.9370832103 -0.9999835222 -0.9791009622 0.9803924309 -0.9918443051 -0.9368993475 -0.9321409843
-0.9726953026 -0.9933607322 -0.9957744900 -0.9449521155 -0.9966320244 -0.9772226017 -0.9998349151 -0.9455391874 -0.9994921328 -0.9837375921 0.9848508617 -0.9944722826 -0.9453940521 -0.9409877329
-0.9779725792 -0.9957161875 -0.9975954579 -0.9529030093 -0.9982518004 -0.9820198798 -1.0000000000 -0.9534428599 -0.9985175047 -0.9878170155 0.9887569194 -0.9966077245 -0.9533319397 -0.9492769253
-0.9827192900 -0.9975693357 -0.9989139859 -0.9602870773 -0.9993599498 -0.9862797694 -0.9996802822 -0.9607799223 -0.9970513105 -0.9913286570 0.9921000071 -0.9982394242 -0.9606988486 -0.9569941169
-0.9869221631 -0.9989086831 -0.9997191434 -0.9670899791 -0.9999461304 -0.9899897452 -0.9988658855 -0.9675360692 -0.9950852229 -0.9942619414 0.9948695278 -0.9993561746 -0.9674806170 -0.9641248630
-0.9905679270 -0.9997227358 -1.0000000000 -0.9732973746 -1.0000000000 -0.9931372821 -0.9975469337 -0.9736969952 -0.9926109147 -0.9966062932 0.9970548845 -0.9999467688 -0.9736630833 -0.9706547190
-0.9936433098 -1.0000000000 -0.9997456254 -0.9788949234 -0.9995112166 -0.9957098549 -0.9957135506 -0.9792483949 -0.9896200586 -0.9983511371 0.9986454801 -1.0000000000 -0.9792320857 -0.9765692402
-0.9961350399 -0.9997289820 -0.9989450890 -0.9838682852 -0.9984694380 -0.9976949383 -0.9933558601 -0.9841759630 -0.9861043273 -0.9994858978 0.9996307176 -0.9995046613 -0.9841734625 -0.9818539820
-0.9980298457 -0.9988981880 -0.9975874606 -0.9882031199 -0.9968643222 -0.9990800071 -0.9904639860 -0.9884653940 -0.9820553936 -1.0000000000 1.0000000000 -0.9984495457 -0.9884730520 -0.9864944997
-0.9993144554 -0.9974961243 -0.9956618097 -0.9918850870 -0.9946855270 -0.9998525360 -0.9870280521 -0.9921023826 -0.9774649302 -0.9998828683 0.9997427303 -0.9968234465 -0.9921166925 -0.9904763487
-0.9999755974 -0.9955112969 -0.9931572059 -0.9948998463 -0.9919227104 -1.0000000000 -0.9830381823 -0.9950726233 -0.9723246098 -0.9991239274 0.9988483115 -0.9946151566 -0.9950902223 -0.9937850843
-1.0000000000 -0.9929322123 -0.9900627187 -0.9972330575 -0.9885655301 -0.9995098737 -0.9784845003 -0.9973618108 -0.9666261051 -0.9977126019 0.9973061466 -0.9918134693 -0.9973794797 -0.9964062618
-0.9993743915 -0.9897473764 -0.9863674178 -0.9988703804 -0.9846036441 -0.9983696319 -0.9733571300 -0.9989556397 -0.9603610889 -0.9956383165 0.9951056385 -0.9884071775 -0.9989703029 -0.9983254368
-0.9980855001 -0.9859452957 -0.9820603727 -0.9997974747 -0.9800267103 -0.9965667495 -0.9676461953 -0.9998398045 -0.9535212338 -0.9928904958 0.9922361903 -0.9843850745 -0.9998485302 -0.9995281644
