-0.7508325495 -0.9688487177 -0.9256337294 -0.4532623516 -0.9883550751 -0.9412155380 -0.9948207696 -0.4518184022 -0.9221142049 -0.9527016645 1.0000000000 -0.9628517104 -0.3373514700 -0.3567625628
-0.7707228927 -0.9767664920 -0.9387908780 -0.4768144993 -0.9835709415 -0.9526788345 -0.9914263773 -0.4753744331 -0.9118416534 -0.9443198015 0.9993369634 -0.9716469403 -0.3606233062 -0.3801310429
-0.7899477009 -0.9835766538 -0.9507658583 -0.5000634079 -0.9779283632 -0.9629814167 -0.9871537347 -0.4986286007 -0.9008624666 -0.9351876554 0.9977215871 -0.9793148661 -0.3836962350 -0.4032845972
-0.8084844273 -0.9892502524 -0.9615252733 -0.5229929821 -0.9714101709 -0.9720923381 -0.9819836335 -0.5215648396 -0.8891649132 -0.9252908360 0.9951329332 -0.9858260407 -0.4065569287 -0.4262094402
-0.8263105253 -0.9937583370 -0.9710357259 -0.5455871266 -0.9639991952 -0.9799806525 -0.9758968656 -0.5441670841 -0.8767372620 -0.9146149530 0.9915500635 -0.9911510171 -0.4291920596 -0.4488917863
-0.8434034485 -0.9970719569 -0.9792638192 -0.5678297458 -0.9556782669 -0.9866154137 -0.9688742228 -0.5664192689 -0.8635677815 -0.9031456161 0.9869520401 -0.9952603482 -0.4515882999 -0.4713178499
-0.8597406500 -0.9991621615 -0.9861761561 -0.5897047443 -0.9464302167 -0.9919656753 -0.9608964968 -0.5883053282 -0.8496447406 -0.8908684350 0.9813179250 -0.9981245871 -0.4737323221 -0.4934738457
-0.8752995833 -1.0000000000 -0.9917393397 -0.6111960268 -0.9362378751 -0.9960004911 -0.9519444794 -0.6098091966 -0.8349564079 -0.8777690194 0.9746267802 -0.9997142867 -0.4956107982 -0.5153459879
-0.8900577018 -0.9995565218 -0.9959199729 -0.6322874978 -0.9250840728 -0.9986889148 -0.9419989624 -0.6309148086 -0.8194910521 -0.8638329792 0.9668576677 -1.0000000000 -0.5172104007 -0.5369204911
-0.9039924589 -0.9978027761 -0.9986846586 -0.6529630618 -0.9129516406 -1.0000000000 -0.9310407375 -0.6516060986 -0.8032369420 -0.8490459239 0.9579896494 -0.9989522800 -0.5385178018 -0.5581835698
-0.9170813079 -0.9947098122 -1.0000000000 -0.6732066236 -0.8998234090 -0.9999028005 -0.9190505967 -0.6718670010 -0.7861823462 -0.8333934634 0.9480017874 -0.9965416796 -0.5595196738 -0.5791214384
-0.9293017023 -0.9902486795 -0.9998326000 -0.6930020876 -0.8856822088 -0.9983663701 -0.9060093317 -0.6916814504 -0.7683155336 -0.8168612074 0.9368731437 -0.9927387518 -0.5802026890 -0.5997203113
-0.9406310953 -0.9843904271 -0.9981490615 -0.7123333584 -0.8705108707 -0.9953597624 -0.8918977341 -0.7110333811 -0.7496247727 -0.7994347655 0.9245827803 -0.9875140496 -0.6005535196 -0.6199664031
-0.9510469404 -0.9771061046 -0.9949159876 -0.7311843407 -0.8542922252 -0.9908520312 -0.8766965960 -0.7299067277 -0.7300983322 -0.7810997475 0.9111097591 -0.9808381260 -0.6205588380 -0.6398459282
-0.9605266910 -0.9683667610 -0.9900999813 -0.7495389390 -0.8370091031 -0.9848122301 -0.8603867089 -0.7482854246 -0.7097244810 -0.7618417632 0.8964331422 -0.9726815340 -0.6402053165 -0.6593451010
-0.9690478005 -0.9581434458 -0.9836676455 -0.7673810579 -0.8186443350 -0.9772094128 -0.8429488648 -0.7661534063 -0.6884914877 -0.7416464223 0.8805319915 -0.9630148264 -0.6594796273 -0.6784501361
-0.9765877221 -0.9464072082 -0.9755855832 -0.7846946019 -0.7991807516 -0.9680126332 -0.8243638554 -0.7834946072 -0.6663876209 -0.7204993344 0.8633853691 -0.9518085564 -0.6783684427 -0.6971472478
-0.9831239094 -0.9331290975 -0.9658203975 -0.8014634757 -0.7786011836 -0.9571909449 -0.8046124724 -0.8002929619 -0.6434011495 -0.6983861093 0.8449723369 -0.9390332768 -0.6968584350 -0.7154226507
-0.9886338156 -0.9182801630 -0.9543386912 -0.8176715838 -0.7568884617 -0.9447134016 -0.7836755077 -0.8165324046 -0.6195203421 -0.6752923568 0.8252719569 -0.9246595407 -0.7149362765 -0.7332625592
-0.9930948943 -0.9018314540 -0.9411070675 -0.8333028308 -0.7340254164 -0.9305490570 -0.7615337531 -0.8321968700 -0.5947334674 -0.6512036866 0.8042632912 -0.9086579011 -0.7325886394 -0.7506531878
