0.8467628706 0.8689785712 0.8442657336 0.9225153144 0.3705621675 0.9764237882 0.9909511727 0.9202471823 0.0389595601 0.6072307920 -0.7441514218 0.8479344339 0.9186448953 0.9119680713
0.8588246556 0.8803112047 0.8576328067 0.9314572991 0.3693215344 0.9791662263 0.9935192053 0.9293231471 0.0309003452 0.5919199518 -0.7326597443 0.8602489312 0.9278014349 0.9214719224
0.8705592379 0.8912688130 0.8704671580 0.9399263149 0.3679518850 0.9815752433 0.9956802651 0.9379280295 0.0228270790 0.5763790328 -0.7209041287 0.8721987312 0.9364904424 0.9305193934
0.8819428912 0.9018300135 0.8827588638 0.9479065925 0.3664415685 0.9836352091 0.9974216133 0.9460458782 0.0147349224 0.5606116886 -0.7088838494 0.8837613131 0.9446957649 0.9390936229
0.8929518894 0.9119734231 0.8944980003 0.9553823627 0.3647789338 0.9853304938 0.9987305111 0.9536607420 0.0066190362 0.5446215727 -0.6965981810 0.8949141565 0.9524012494 0.9471777492
0.9035625063 0.9216776591 0.9056746437 0.9623378561 0.3629523301 0.9866454674 0.9995942196 0.9607566695 -0.0015254188 0.5284123383 -0.6840463979 0.9056347405 0.9595907428 0.9547549108
0.9137510159 0.9309213384 0.9162788703 0.9687573034 0.3609501063 0.9875644997 1.0000000000 0.9673177093 -0.0097032817 0.5119876392 -0.6712277746 0.9159005448 0.9662480921 0.9618082462
0.9234936918 0.9396830784 0.9263007562 0.9746249354 0.3587606117 0.9880719608 0.9999351135 0.9733279102 -0.0179193918 0.4953511286 -0.6581415856 0.9256890485 0.9723571444 0.9683208938
0.9327668079 0.9479414960 0.9357303777 0.9799249828 0.3563721951 0.9881522205 0.9993868213 0.9787713209 -0.0261785882 0.4785064601 -0.6447871053 0.9349777312 0.9779017466 0.9742759920
0.9415466380 0.9556752085 0.9445578110 0.9846416762 0.3537732058 0.9877896490 0.9983423846 0.9836319900 -0.0344857101 0.4614572872 -0.6311636084 0.9437440721 0.9828657457 0.9796566793
0.9498094561 0.9628628329 0.9527731323 0.9887592464 0.3509519926 0.9869686161 0.9967890645 0.9878939663 -0.0428455966 0.4442072633 -0.6172703691 0.9519655506 0.9872329887 0.9844460942
0.9575315358 0.9694829863 0.9603664179 0.9922619241 0.3478969048 0.9856734918 0.9947141222 0.9915412983 -0.0512630869 0.4267600418 -0.6031066621 0.9596196461 0.9909873225 0.9886273751
0.9646891510 0.9755142859 0.9673277440 0.9951339401 0.3445962913 0.9838886462 0.9921048189 0.9945580349 -0.0597430202 0.4091192763 -0.5886717618 0.9666838381 0.9941125943 0.9921836605
0.9712585757 0.9809353488 0.9736471867 0.9973595249 0.3410385013 0.9815984490 0.9889484158 0.9969282247 -0.0682902357 0.3912886202 -0.5739649427 0.9731356058 0.9965926509 0.9950980887
0.9772160835 0.9857247922 0.9793148224 0.9989229094 0.3372118837 0.9787872704 0.9852321741 0.9986359163 -0.0769095725 0.3732717270 -0.5589854793 0.9789524286 0.9984113394 0.9973537984
0.9825379483 0.9898612331 0.9843207273 0.9998083242 0.3331047876 0.9754394803 0.9809433550 0.9996651585 -0.0856058698 0.3550722501 -0.5437326460 0.9841117860 0.9995525068 0.9989339278
0.9872004439 0.9933232886 0.9886549775 1.0000000000 0.3287055621 0.9715394486 0.9760692195 1.0000000000 -0.0943839668 0.3366938430 -0.5282057174 0.9885911572 1.0000000000 0.9998216156
0.9911798443 0.9960895760 0.9923076493 0.9994821676 0.3240025563 0.9670715453 0.9705970290 0.9996244894 -0.1032487027 0.3181401592 -0.5124039679 0.9923680218 0.9997376660 1.0000000000
0.9944524231 0.9981387122 0.9952688189 0.9982390576 0.3189841191 0.9620201404 0.9645140446 0.9985226754 -0.1122049165 0.2994148522 -0.4963266720 0.9954198589 0.9987493519 0.9994522196
0.9969944543 0.9994493145 0.9975285625 0.9962549009 0.3136385997 0.9563696038 0.9578075274 0.9966786068 -0.1212574476 0.2805215754 -0.4799731042 0.9977241481 0.9970189046 0.9981614129
