-0.9992381600 -1.0000000000 -0.9937468846 -0.7488241501 -1.0000000000 -1.0000000000 -0.9998195471 -0.7731949028 -1.0000000000 -0.9977601615 0.9964307306 -0.9996855072 -0.4853053324 -0.4064129384
-0.9970257431 -0.9996185448 -0.9969409755 -0.7484101956 -0.9992827363 -0.9999785835 -1.0000000000 -0.7727116472 -0.9994866731 -0.9992778016 0.9988546633 -0.9978867310 -0.4850375422 -0.4056880533
-0.9934021070 -0.9978202864 -0.9990186334 -0.7468288711 -0.9971849783 -0.9985356856 -0.9987607923 -0.7710417230 -0.9975940271 -1.0000000000 1.0000000000 -0.9946395343 -0.4837963504 -0.4040356259
-0.9884066095 -0.9946391918 -1.0000000000 -0.7441146646 -0.9937439424 -0.9957039754 -0.9961341381 -0.7682200816 -0.9943587876 -0.9999386809 0.9999015237 -0.9899797797 -0.4816119688 -0.4014851984
-0.9820786082 -0.9901092278 -0.9999052169 -0.7403020642 -0.9889968450 -0.9915161220 -0.9921522514 -0.7642816747 -0.9898176801 -0.9991057685 0.9985940174 -0.9839433302 -0.4785146092 -0.3980663130
-0.9744574609 -0.9842643614 -0.9987544259 -0.7354255580 -0.9829809028 -0.9860047946 -0.9868473462 -0.7592614538 -0.9840074301 -0.9975131870 0.9961122642 -0.9765660484 -0.4745344835 -0.3938085118
-0.9655825252 -0.9771385596 -0.9965677685 -0.7295196341 -0.9757333320 -0.9792026623 -0.9802516366 -0.7531943705 -0.9769647632 -0.9951728607 0.9924910471 -0.9678837972 -0.4697018035 -0.3887413371
-0.9554931588 -0.9687657894 -0.9933653864 -0.7226187804 -0.9672913493 -0.9711423944 -0.9723973365 -0.7461153762 -0.9687264048 -0.9920967136 0.9877651490 -0.9579324394 -0.4640467812 -0.3828943311
-0.9442287194 -0.9591800177 -0.9891674214 -0.7147574852 -0.9576921711 -0.9618566600 -0.9633166600 -0.7380594225 -0.9593290806 -0.9882966700 0.9819693532 -0.9467478377 -0.4575996283 -0.3762970358
-0.9318285648 -0.9484152114 -0.9839940149 -0.7059702364 -0.9469730138 -0.9513781283 -0.9530418212 -0.7290614610 -0.9488095161 -0.9837846542 0.9751384425 -0.9343658550 -0.4503905567 -0.3689789936
-0.9183320526 -0.9365053376 -0.9778653088 -0.6962915221 -0.9351710940 -0.9397394683 -0.9416050340 -0.7191564433 -0.9372044367 -0.9785725902 0.9673072000 -0.9208223540 -0.4424497783 -0.3609697465
-0.9037785405 -0.9234843630 -0.9708014447 -0.6857558305 -0.9223236281 -0.9269733493 -0.9290385125 -0.7083793208 -0.9245505681 -0.9726724024 0.9585104088 -0.9061531975 -0.4338075049 -0.3522988368
-0.8882073862 -0.9093862548 -0.9628225642 -0.6743976496 -0.9084678327 -0.9131124404 -0.9153744707 -0.6967650452 -0.9108846357 -0.9660960148 0.9487828519 -0.8903942483 -0.4244939483 -0.3429958066
-0.8716579474 -0.8942449799 -0.9539488090 -0.6622514674 -0.8936409241 -0.8981894108 -0.9006451227 -0.6843485679 -0.8962433651 -0.9588553518 0.9381593123 -0.8735813693 -0.4145393204 -0.3330901982
-0.8541695819 -0.8780945051 -0.9442003208 -0.6493517720 -0.8778801189 -0.8822369296 -0.8848826824 -0.6711648405 -0.8806634818 -0.9509623375 0.9266745730 -0.8557504231 -0.4039738331 -0.3226115537
-0.8357816473 -0.8609687976 -0.9335972412 -0.6357330516 -0.8612226335 -0.8652876660 -0.8681193639 -0.6572488146 -0.8641817114 -0.9424288960 0.9143634171 -0.8369372726 -0.3928276983 -0.3115894152
-0.8165335013 -0.8429018241 -0.9221597118 -0.6214297941 -0.8437056844 -0.8473742892 -0.8503873813 -0.6426354418 -0.8468347793 -0.9332669517 0.9012606276 -0.8171777806 -0.3811311276 -0.3000533251
-0.7964645017 -0.8239275518 -0.9099078744 -0.6064764877 -0.8253664882 -0.8285294683 -0.8317189486 -0.6273596734 -0.8286594111 -0.9234884286 0.8874009875 -0.7965078098 -0.3689143331 -0.2880328254
-0.7756140060 -0.8040799474 -0.8968618706 -0.5909076204 -0.8062422612 -0.8087858725 -0.8121462797 -0.6114564612 -0.8096923323 -0.9131052511 0.8728192799 -0.7749632231 -0.3562075266 -0.2755574584
-0.7540213721 -0.7833929780 -0.8830418421 -0.5747576803 -0.7863702200 -0.7881761709 -0.7917015887 -0.5949607567 -0.7899702686 -0.9021293432 0.8575502879 -0.7525798833 -0.3430409199 -0.2626567662
