-0.2522403006 -0.3419883598 -0.3874768335 -0.2964228898 -0.6080857888 -0.4581217933 -0.4474262113 -0.2971881931 -0.1253739937 -0.8110984684 0.4247414802 -0.3671435272 -0.2908086253 -0.2865660907
-0.2628988113 -0.3547282797 -0.3967759556 -0.3023994238 -0.6243200631 -0.4694296573 -0.4662134228 -0.3031779603 -0.1332453916 -0.8229088887 0.4403618110 -0.3794198114 -0.2961125025 -0.2920699658
-0.2736365228 -0.3674342519 -0.4061401497 -0.3085901977 -0.6400641784 -0.4806954986 -0.4846527990 -0.3093812380 -0.1406867972 -0.8343096114 0.4555846911 -0.3916661628 -0.3016543593 -0.2978070957
-0.2844489347 -0.3801031829 -0.4155652627 -0.3149892818 -0.6553236920 -0.4919165031 -0.5027455374 -0.3157921053 -0.1477047742 -0.8453034735 0.4704144355 -0.4038794807 -0.3074280005 -0.3037713314
-0.2953315466 -0.3927319794 -0.4250471414 -0.3215907462 -0.6701041614 -0.5030898563 -0.5204928353 -0.3224046415 -0.1543058864 -0.8558933119 0.4848553592 -0.4160566647 -0.3134272309 -0.3099565237
-0.3062798582 -0.4053175478 -0.4345816325 -0.3283886611 -0.6844111438 -0.5142127439 -0.5378958899 -0.3292129254 -0.1604966976 -0.8660819634 0.4989117774 -0.4281946140 -0.3196458553 -0.3163565236
-0.3172893691 -0.4178567947 -0.4441645828 -0.3353770968 -0.6982501966 -0.5252823515 -0.5549558987 -0.3362110364 -0.1662837715 -0.8758722648 0.5125880050 -0.4402902282 -0.3260776785 -0.3229651820
-0.3283555788 -0.4303466268 -0.4537918391 -0.3425501233 -0.7116268772 -0.5362958649 -0.5716740591 -0.3433930534 -0.1716736720 -0.8852670531 0.5258883573 -0.4523404066 -0.3327165054 -0.3297763499
-0.3394739871 -0.4427839505 -0.4634592483 -0.3499018109 -0.7245467430 -0.5472504697 -0.5880515682 -0.3507530557 -0.1766729627 -0.8942691650 0.5388171491 -0.4643420488 -0.3395561408 -0.3367838780
-0.3506400934 -0.4551656726 -0.4731626570 -0.3574262297 -0.7370153514 -0.5581433514 -0.6040896235 -0.3582851222 -0.1812882074 -0.9028814376 0.5513786957 -0.4762920542 -0.3465903895 -0.3439816175
-0.3618493975 -0.4674886994 -0.4828979121 -0.3651174500 -0.7490382597 -0.5689716959 -0.6197894224 -0.3659833321 -0.1855259700 -0.9111067075 0.5635773121 -0.4881873222 -0.3538130563 -0.3513634191
-0.3730973989 -0.4797499377 -0.4926608604 -0.3729695420 -0.7606210252 -0.5797326887 -0.6351521621 -0.3738417645 -0.1893928142 -0.9189478118 0.5754173133 -0.5000247522 -0.3612179460 -0.3589231338
-0.3843795972 -0.4919462940 -0.5024473487 -0.3809765758 -0.7717692054 -0.5904235155 -0.6501790400 -0.3818544985 -0.1928953037 -0.9264075873 0.5869030144 -0.5118012437 -0.3687988635 -0.3666546126
-0.3956914921 -0.5040746748 -0.5122532237 -0.3891326216 -0.7824883576 -0.6010413619 -0.6648712534 -0.3900156132 -0.1960400024 -0.9334888707 0.5980387305 -0.5235136962 -0.3765496135 -0.3745517064
-0.4070285832 -0.5161319868 -0.5220743322 -0.3974317496 -0.7927840392 -0.6115834137 -0.6792299998 -0.3983191877 -0.1988334739 -0.9401944991 0.6088287767 -0.5351590090 -0.3844640009 -0.3826082660
-0.4183863701 -0.5281151365 -0.5319065210 -0.4058680300 -0.8026618076 -0.6220468564 -0.6932564763 -0.4067593011 -0.2012822821 -0.9465273092 0.6192774681 -0.5467340816 -0.3925358305 -0.3908181425
-0.4297603523 -0.5400210304 -0.5417456369 -0.4144355330 -0.8121272201 -0.6324288757 -0.7069518805 -0.4153300326 -0.2033929908 -0.9524901380 0.6293891196 -0.5582358134 -0.4007589072 -0.3991751867
-0.4411460296 -0.5518465752 -0.5515875268 -0.4231283287 -0.8211858340 -0.6427266573 -0.7203174095 -0.4240254612 -0.2051721636 -0.9580858222 0.6391680465 -0.5696611039 -0.4091270356 -0.4076732495
-0.4525389014 -0.5635886774 -0.5614280373 -0.4319404874 -0.8298432069 -0.6529373868 -0.7333542608 -0.4328396660 -0.2066263645 -0.9633171989 0.6486185636 -0.5810068525 -0.4176340207 -0.4163061820
-0.4639344675 -0.5752442437 -0.5712630152 -0.4408660792 -0.8381048959 -0.6630582500 -0.7460636317 -0.4417667261 -0.2077621570 -0.9681871047 0.6577449863 -0.5922699586 -0.4262736673 -0.4250678349
