0.9789807397 0.8582724084 0.7166885064 0.9885463439 0.9120433507 0.8797339923 0.6832367577 0.9886832815 0.8679711934 0.4896479979 -0.9316261349 0.8216753953 0.9457551246 0.9446842556
0.9812591684 0.8654199552 0.7271715982 0.9900454513 0.9176710236 0.8860909235 0.6935157335 0.9901741248 0.8742644583 0.4993944295 -0.9361943067 0.8294923195 0.9465823335 0.9456863054
0.9834171983 0.8724108381 0.7375102486 0.9914489109 0.9231293642 0.8923026928 0.7036662620 0.9915690568 0.8804159132 0.5090797571 -0.9406235681 0.8371739327 0.9473224791 0.9466014457
0.9854528593 0.8792426899 0.7477011654 0.9927544428 0.9284165948 0.8983668785 0.7136861388 0.9928658050 0.8864246385 0.5187029420 -0.9449117738 0.8447173072 0.9479733767 0.9474274414
0.9873641804 0.8859131426 0.7577410553 0.9939597669 0.9335309364 0.9042810563 0.7235731586 0.9940620969 0.8922897132 0.5282629402 -0.9490567796 0.8521195139 0.9485328416 0.9481620571
0.9891491921 0.8924198299 0.7676266265 0.9950626033 0.9384706119 0.9100428053 0.7333251176 0.9951556603 0.8980102182 0.5377587155 -0.9530564399 0.8593776254 0.9489986893 0.9488030575
0.9908059238 0.8987603842 0.7773545863 0.9960606722 0.9432338429 0.9156497026 0.7429398111 0.9961442228 0.9035852330 0.5471892266 -0.9569086100 0.8664887133 0.9493687352 0.9493482075
0.9923324053 0.9049324383 0.7869216423 0.9969516937 0.9478188515 0.9210993255 0.7524150346 0.9970255119 0.9090138378 0.5565534334 -0.9606111451 0.8734498494 0.9496407947 0.9497952716
0.9937266664 0.9109336250 0.7963245018 0.9977333877 0.9522238595 0.9263892517 0.7617485834 0.9977972552 0.9142951123 0.5658502958 -0.9641619000 0.8802581056 0.9498126831 0.9501420147
0.9949867367 0.9167615770 0.8055598725 0.9984034743 0.9564470890 0.9315170584 0.7709382530 0.9984571804 0.9194281366 0.5750787738 -0.9675587300 0.8869105537 0.9498822159 0.9503862014
0.9961106460 0.9224139271 0.8146244618 0.9989596737 0.9604867619 0.9364803234 0.7799818390 0.9990030150 0.9244119906 0.5842378274 -0.9707994901 0.8934042654 0.9498472085 0.9505255965
0.9970964240 0.9278883080 0.8235149772 0.9993997059 0.9643411001 0.9412766240 0.7888771367 0.9994324866 0.9292457544 0.5933264163 -0.9738820353 0.8997363127 0.9497054762 0.9505579646
0.9979421004 0.9331823526 0.8322281263 0.9997212909 0.9680083256 0.9459035377 0.7976219417 0.9997433230 0.9339285077 0.6023435006 -0.9768042208 0.9059037673 0.9494548345 0.9504810706
0.9986457051 0.9382936937 0.8407606165 0.9999221490 0.9714866604 0.9503586420 0.8062140493 0.9999332516 0.9384593306 0.6112880402 -0.9795639016 0.9119037011 0.9490930987 0.9502926791
0.9992052676 0.9432199639 0.8491091553 1.0000000000 0.9747743265 0.9546395145 0.8146512551 1.0000000000 0.9428373031 0.6201589950 -0.9821589328 0.9177331859 0.9486180843 0.9499905549
0.9996188178 0.9479587960 0.8572704503 0.9999525641 0.9778695458 0.9587437325 0.8229313546 0.9999412959 0.9470615050 0.6289553250 -0.9845871694 0.9233892935 0.9480276066 0.9495724626
0.9998843853 0.9525078228 0.8652412090 0.9997775615 0.9807705402 0.9626688736 0.8310521430 0.9997548669 0.9511310164 0.6376759901 -0.9868464666 0.9288690958 0.9473194810 0.9490361670
1.0000000000 0.9568646772 0.8730181388 0.9994727120 0.9834755317 0.9664125153 0.8390114161 0.9994384406 0.9550449172 0.6463199503 -0.9889346793 0.9341696645 0.9464915230 0.9483794329
0.9999636915 0.9610269918 0.8805979473 0.9990357359 0.9859827424 0.9699722351 0.8468069691 0.9989897445 0.9588022873 0.6548861654 -0.9908496628 0.9392880715 0.9455415479 0.9476000249
0.9997734895 0.9649923994 0.8879773419 0.9984643532 0.9882903941 0.9733456104 0.8544365976 0.9984065064 0.9624022067 0.6633735954 -0.9925892720 0.9442213887 0.9444673712 0.9466957077
