0.6627808693 0.7412422845 0.7725776085 0.6892385329 0.7461013847 0.7927660605 0.8517078521 0.6905597808 -0.2753352036 -0.0987975065 -0.6135422831 0.7340603366 0.6687922714 0.6699276989
0.6436379182 0.7232296062 0.7550338515 0.6703613867 0.7287398425 0.7755894995 0.8364612040 0.6716990225 -0.2792053907 -0.0794418013 -0.5993986598 0.7159217270 0.6496297058 0.6507725190
0.6239065501 0.7045405361 0.7367712033 0.6508669027 0.7107057008 0.7576642322 0.8203875578 0.6522194356 -0.2834253044 -0.0599172271 -0.5845852032 0.6971153182 0.6298716428 0.6310205719
0.6035821290 0.6851685024 0.7177827510 0.6307500638 0.6919900524 0.7389831037 0.8034761007 0.6321159784 -0.2880032937 -0.0402249840 -0.5690915594 0.6776347429 0.6095136150 0.6106673869
0.5826600188 0.6651069334 0.6980615814 0.6100058526 0.6725839905 0.7195389590 0.7857160202 0.6113836089 -0.2929477077 -0.0203662724 -0.5529073750 0.6574736336 0.5885511550 0.5897084933
0.5611355834 0.6443492576 0.6776007816 0.5886292519 0.6524786079 0.6993246434 0.7670965038 0.5900172852 -0.2982668952 -0.0003422927 -0.5360222963 0.6366256230 0.5669797953 0.5681394203
0.5390041869 0.6228889032 0.6563934386 0.5666152444 0.6316649979 0.6783330020 0.7476067387 0.5680119653 -0.3039692053 0.0198457549 -0.5184259697 0.6150843438 0.5447950687 0.5459556972
0.5162611933 0.6007192986 0.6344326391 0.5439588129 0.6101342534 0.6565568799 0.7272359125 0.5453626074 -0.3100629870 0.0401966699 -0.5001080415 0.5928434286 0.5219925076 0.5231528534
0.4929019664 0.5778338720 0.6117114703 0.5206549400 0.5878774674 0.6339891224 0.7059732124 0.5220641695 -0.3165565894 0.0607092522 -0.4810581582 0.5698965102 0.4985676448 0.4997264180
0.4689218702 0.5542260518 0.5882230190 0.4966986086 0.5648857330 0.6106225745 0.6838078259 0.4981116099 -0.3234583612 0.0813823014 -0.4612659660 0.5462372211 0.4745160128 0.4756719203
0.4443162688 0.5298892664 0.5639603722 0.4720848014 0.5411501431 0.5864500813 0.6607289404 0.4734998864 -0.3307766517 0.1022146171 -0.4407211115 0.5218591940 0.4498331442 0.4509848896
0.4190805261 0.5048169440 0.5389166169 0.4468085011 0.5166617909 0.5614644882 0.6367257432 0.4482239573 -0.3385198097 0.1232049991 -0.4194132409 0.4967560616 0.4245145717 0.4256608553
0.3932100060 0.4790025130 0.5130848400 0.4208646905 0.4914117693 0.5356586401 0.6117874219 0.4222787806 -0.3466961842 0.1443522470 -0.3973320007 0.4709214565 0.3985558278 0.3996953464
0.3667000725 0.4524394017 0.4864581284 0.3942483522 0.4653911714 0.5090253822 0.5859031637 0.3956593145 -0.3553141244 0.1656551605 -0.3744670372 0.4443490115 0.3719524451 0.3730838924
0.3395460897 0.4251210383 0.4590295691 0.3669544691 0.4385910903 0.4815575597 0.5590621561 0.3683605169 -0.3643819790 0.1871125393 -0.3508079968 0.4170323591 0.3446999563 0.3458220226
0.3117434214 0.3970408514 0.4307922491 0.3389780239 0.4110026188 0.4532480178 0.5312535865 0.3403773461 -0.3739080972 0.2087231831 -0.3263445258 0.3889651320 0.3167938939 0.3179052660
0.2832874316 0.3681922691 0.4017392553 0.3103139992 0.3826168501 0.4240896015 0.5024666422 0.3117047600 -0.3839008279 0.2304858916 -0.3010662708 0.3601409629 0.2882297907 0.2893291522
0.2541734843 0.3385687198 0.3718636746 0.2809573779 0.3534248773 0.3940751561 0.4726905107 0.2823377169 -0.3943685201 0.2523994644 -0.2749628779 0.3305534845 0.2590031791 0.2600892103
0.2243969434 0.3081636319 0.3411585940 0.2509031427 0.3234177932 0.3631975266 0.4419143793 0.2522711747 -0.4053195229 0.2744627012 -0.2480239937 0.3001963293 0.2291095918 0.2301809695
0.1939531730 0.2769704336 0.3096171005 0.2201462763 0.2925866910 0.3314495582 0.4101274355 0.2215000916 -0.4167621851 0.2966744017 -0.2202392644 0.2690631301 0.1985445614 0.1995999592
