-0.5741391648 -0.9508386952 -0.8199420799 -0.2765631682 -0.5482480639 -0.8775013586 -0.9633635121 -0.2812470066 -0.5250063233 -0.9269425990 0.4913872995 -0.9349258432 -0.2078843865 -0.2230983689
-0.5801532090 -0.9543519842 -0.8196499024 -0.2779298769 -0.5589480550 -0.8835242247 -0.9663907058 -0.2826639639 -0.5346309729 -0.9316457803 0.5007289011 -0.9389481562 -0.2094047716 -0.2247356267
-0.5860691140 -0.9577507980 -0.8192696623 -0.2792378518 -0.5695648422 -0.8894225718 -0.9692996651 -0.2840216633 -0.5441936277 -0.9362078782 0.5100184101 -0.9428565972 -0.2108703650 -0.2263165854
-0.5918846278 -0.9610332214 -0.8188001239 -0.2804857607 -0.5800966457 -0.8951941584 -0.9720886534 -0.2853187623 -0.5536930549 -0.9406272359 0.5192547683 -0.9466491344 -0.2122798322 -0.2278398846
-0.5975974988 -0.9641973391 -0.8182400519 -0.2816722716 -0.5905416860 -0.9008367427 -0.9747559338 -0.2865539183 -0.5631280214 -0.9449021960 0.5284369178 -0.9503237359 -0.2136318388 -0.2293041640
-0.6032054750 -0.9672412358 -0.8175882106 -0.2827960525 -0.6008981833 -0.9063480832 -0.9772997698 -0.2877257888 -0.5724972943 -0.9490311016 0.5375638003 -0.9538783699 -0.2149250504 -0.2307080633
-0.6087063047 -0.9701629961 -0.8168433647 -0.2838557713 -0.6111643581 -0.9117259380 -0.9797184247 -0.2888330315 -0.5817996406 -0.9530122955 0.5466343579 -0.9573110043 -0.2161581325 -0.2320502223
-0.6140977360 -0.9729607048 -0.8160042785 -0.2848500961 -0.6213384307 -0.9169680656 -0.9820101618 -0.2898743037 -0.5910338274 -0.9568441206 0.5556475324 -0.9606196075 -0.2173297508 -0.2333292806
-0.6193775170 -0.9756324465 -0.8150697166 -0.2857776948 -0.6314186213 -0.9220722243 -0.9841732443 -0.2908482629 -0.6001986216 -0.9605249199 0.5646022658 -0.9638021474 -0.2184385708 -0.2345438779
-0.6245433961 -0.9781763060 -0.8140384434 -0.2866372353 -0.6414031504 -0.9270361723 -0.9862059357 -0.2917535668 -0.6092927903 -0.9640530362 0.5734974999 -0.9668565922 -0.2194832581 -0.2356926538
-0.6295931213 -0.9805903679 -0.8129092235 -0.2874273857 -0.6512902383 -0.9318576681 -0.9881064992 -0.2925888727 -0.6183151006 -0.9674268124 0.5823321766 -0.9697809100 -0.2204624783 -0.2367742481
-0.6345244408 -0.9828727169 -0.8116808213 -0.2881468140 -0.6610781054 -0.9365344699 -0.9898731982 -0.2933528383 -0.6272643195 -0.9706445914 0.5911052379 -0.9725730690 -0.2213748969 -0.2377873005
-0.6393351028 -0.9850214378 -0.8103520014 -0.2887941880 -0.6707649719 -0.9410643360 -0.9915042960 -0.2940441209 -0.6361392139 -0.9737047161 0.5998156257 -0.9752310372 -0.2222191796 -0.2387304506
-0.6440228555 -0.9870346152 -0.8089215282 -0.2893681758 -0.6803490583 -0.9454450248 -0.9929980558 -0.2946613782 -0.6449385509 -0.9766055295 0.6084622819 -0.9777527829 -0.2229939918 -0.2396023381
-0.6485854470 -0.9889103338 -0.8073881662 -0.2898674454 -0.6898285849 -0.9496742946 -0.9943527411 -0.2952032675 -0.6536610977 -0.9793453743 0.6170441484 -0.9801362740 -0.2236979993 -0.2404016028
-0.6530206255 -0.9906466783 -0.8057506799 -0.2902906647 -0.6992017719 -0.9537499038 -0.9955666151 -0.2956684465 -0.6623056210 -0.9819225936 0.6255601672 -0.9823794788 -0.2243298675 -0.2411268842
-0.6573261392 -0.9922417334 -0.8040078338 -0.2906365017 -0.7084668399 -0.9576696106 -0.9966379412 -0.2960555726 -0.6708708882 -0.9843355302 0.6340092800 -0.9844803653 -0.2248882620 -0.2417768222
-0.6614997363 -0.9936935838 -0.8021583924 -0.2909036243 -0.7176220091 -0.9614311733 -0.9975649826 -0.2963633033 -0.6793556660 -0.9865825270 0.6423904289 -0.9864369017 -0.2253718485 -0.2423500563
-0.6655391650 -0.9950003141 -0.8002011202 -0.2910907007 -0.7266654998 -0.9650323504 -0.9983460027 -0.2965902961 -0.6877587217 -0.9886619269 0.6507025557 -0.9882470561 -0.2257792924 -0.2428452263
-0.6694421733 -0.9961600092 -0.7981347816 -0.2911963986 -0.7355955325 -0.9684709000 -0.9989792649 -0.2967352086 -0.6960788221 -0.9905720728 0.6589446024 -0.9899087966 -0.2261092594 -0.2432609718
