0.9561233638 0.9918132448 0.9995680320 0.9605206828 0.9213486262 0.9481769821 0.9966746527 0.9605249283 0.9028199773 0.9245158468 -0.8457891009 0.9872129659 0.9527268117 0.9531716341
0.9484427451 0.9885147571 0.9986724822 0.9531345574 0.9117167273 0.9399486783 0.9947029106 0.9531387902 0.8923896128 0.9154952538 -0.8336323555 0.9833014291 0.9448083614 0.9452813084
0.9401058492 0.9846451343 0.9973077383 0.9450808651 0.9014866096 0.9310769808 0.9922643166 0.9450850327 0.8813847760 0.9059310000 -0.8209681018 0.9788499473 0.9362393936 0.9367395317
0.9311047123 0.9801974182 0.9954681879 0.9363515946 0.8906516307 0.9215544196 0.9893535258 0.9363556471 0.8697994852 0.8958177526 -0.8077914638 0.9738522739 0.9270121488 0.9275385324
0.9214313705 0.9751646503 0.9931482186 0.9269387350 0.8792051482 0.9113735249 0.9859651933 0.9269426250 0.8576277586 0.8851501786 -0.7940975654 0.9683021619 0.9171188680 0.9176705386
0.9110778599 0.9695398724 0.9903422181 0.9168342750 0.8671405196 0.9005268269 0.9820939742 0.9168379579 0.8448636144 0.8739229454 -0.7798815307 0.9621933646 0.9065517919 0.9071277785
0.9000362168 0.9633161262 0.9870445740 0.9060302037 0.8544511024 0.8890068557 0.9777345235 0.9060336371 0.8315010710 0.8621307198 -0.7651384837 0.9555196350 0.8953031613 0.8959024804
0.8882984774 0.9564864533 0.9832496740 0.8945185098 0.8411302541 0.8768061415 0.9728814965 0.8945216543 0.8175341465 0.8497681692 -0.7498635483 0.9482747265 0.8833652170 0.8839868724
0.8758566777 0.9490438954 0.9789519055 0.8822911824 0.8271713322 0.8639172143 0.9675295483 0.8822940008 0.8029568591 0.8368299606 -0.7340518485 0.9404523920 0.8707301997 0.8713731829
0.8627028540 0.9409814942 0.9741456564 0.8693402103 0.8125676944 0.8503326045 0.9616733338 0.8693426681 0.7877632272 0.8233107611 -0.7176985084 0.9320463849 0.8573903504 0.8580536399
0.8488290424 0.9322922914 0.9688253141 0.8556575823 0.7973126981 0.8360448421 0.9553075082 0.8556596478 0.7719472690 0.8092052380 -0.7007986520 0.9230504583 0.8433379097 0.8440204717
0.8342272791 0.9229693287 0.9629852664 0.8412352875 0.7813997008 0.8210464572 0.9484267267 0.8412369312 0.7555030026 0.7945080582 -0.6833474032 0.9134583653 0.8285651184 0.8292659065
0.8188896003 0.9130056477 0.9566199009 0.8260653147 0.7648220600 0.8053299801 0.9410256443 0.8260665099 0.7384244464 0.7792138890 -0.6653398860 0.9032638592 0.8130642173 0.8137821726
0.8028080421 0.9023942901 0.9497236051 0.8101396529 0.7475731334 0.7888879408 0.9330989161 0.8101403754 0.7207056186 0.7633173975 -0.6467712244 0.8924606931 0.7968274473 0.7975614981
0.7859746407 0.8911282977 0.9422907668 0.7934502908 0.7296462784 0.7717128696 0.9246411972 0.7934505190 0.7023405375 0.7468132508 -0.6276365425 0.8810426202 0.7798470490 0.7805961112
0.7683814323 0.8792007120 0.9343157735 0.7759892174 0.7110348526 0.7537972966 0.9156471428 0.7759889323 0.6833232212 0.7296961160 -0.6079309642 0.8690033936 0.7621152634 0.7628782403
0.7500204530 0.8666045749 0.9257930129 0.7577484217 0.6917322135 0.7351337519 0.9061114079 0.7577476068 0.6636476880 0.7119606603 -0.5876496135 0.8563367666 0.7436243311 0.7444001134
0.7308837390 0.8533329278 0.9167168726 0.7387198925 0.6717317185 0.7157147657 0.8960286476 0.7387185339 0.6433079561 0.6936015509 -0.5667876144 0.8430364922 0.7243664930 0.7251539588
0.7109633265 0.8393788127 0.9070817402 0.7188956188 0.6510267254 0.6955328682 0.8853935171 0.7188937051 0.6222980439 0.6746134547 -0.5453400909 0.8290963237 0.7043339899 0.7051320047
0.6902512516 0.8247352710 0.8968820034 0.6982675893 0.6296105915 0.6745805895 0.8742006714 0.6982651119 0.6006119695 0.6549910390 -0.5233021670 0.8145100143 0.6835190625 0.6843264793
