-0.6495422908 -0.6195598294 -0.5543025631 -0.7958453607 -0.5744837975 -0.6435795553 -0.5342300095 -0.7995531062 -0.5391900161 -0.6039136559 0.6455655140 -0.5610636606 -0.7578751620 -0.7635215780
-0.6617423038 -0.6223965993 -0.5550572710 -0.8105345353 -0.5798567615 -0.6442466799 -0.5334970710 -0.8140770173 -0.5407380011 -0.5991540712 0.6577696406 -0.5638102159 -0.7734909628 -0.7790625042
-0.6735486586 -0.6249440223 -0.5555571455 -0.8247695595 -0.5849224008 -0.6446426460 -0.5325288297 -0.8281476889 -0.5420257255 -0.5941880901 0.6695808342 -0.5662796737 -0.7886875470 -0.7941761985
-0.6849508435 -0.6271955913 -0.5557966961 -0.8385387682 -0.5896732377 -0.6447618084 -0.5313204640 -0.8417535216 -0.5430473972 -0.5890124362 0.6809885895 -0.5684656906 -0.8034537260 -0.8088513133
-0.6959383465 -0.6291447995 -0.5557704320 -0.8518304963 -0.5941017946 -0.6445985219 -0.5298671525 -0.8548829156 -0.5437972239 -0.5836238333 0.6919824015 -0.5703619231 -0.8177783112 -0.8230765016
-0.7065006555 -0.6307851400 -0.5554728625 -0.8646330790 -0.5982005938 -0.6441471413 -0.5281640735 -0.8675242714 -0.5442694136 -0.5780190052 0.7025517649 -0.5719620277 -0.8316501140 -0.8368404158
-0.7166272588 -0.6321101059 -0.5548984970 -0.8769348510 -0.6019621575 -0.6434020212 -0.5262064056 -0.8796659894 -0.5444581740 -0.5721946758 0.7126861746 -0.5732596609 -0.8450579460 -0.8501317088
-0.7263076443 -0.6331131902 -0.5540418447 -0.8887241474 -0.6053790083 -0.6423575165 -0.5239893272 -0.8912964701 -0.5443577130 -0.5661475686 0.7223751254 -0.5742484791 -0.8579906186 -0.8629390331
-0.7355313000 -0.6337878862 -0.5528974150 -0.8999893031 -0.6084436683 -0.6410079818 -0.5215080168 -0.9024041138 -0.5439622386 -0.5598744076 0.7316081123 -0.5749221389 -0.8704369432 -0.8752510415
-0.7442877141 -0.6341276868 -0.5514597173 -0.9107186531 -0.6111486599 -0.6393477719 -0.5187576529 -0.9129773209 -0.5432659584 -0.5533719165 0.7403746301 -0.5752742967 -0.8823857313 -0.8870563867
-0.7525663746 -0.6341260853 -0.5497232607 -0.9209005323 -0.6134865055 -0.6373712416 -0.5157334138 -0.9230044918 -0.5422630804 -0.5466368191 0.7486641735 -0.5752986091 -0.8938257944 -0.8983437214
-0.7603567696 -0.6337765746 -0.5476825546 -0.9305232757 -0.6154497273 -0.6350727456 -0.5124304782 -0.9324740271 -0.5409478124 -0.5396658390 0.7564662376 -0.5749887326 -0.9047459438 -0.9091016981
-0.7676483870 -0.6330726480 -0.5453321084 -0.9395752182 -0.6170308477 -0.6324466387 -0.5088440244 -0.9413743270 -0.5393143623 -0.5324557002 0.7637703170 -0.5743383237 -0.9151349911 -0.9193189697
-0.7744307150 -0.6320077984 -0.5426664313 -0.9480446949 -0.6182223891 -0.6294872756 -0.5049692309 -0.9496937920 -0.5373569379 -0.5250031263 0.7705659067 -0.5733410387 -0.9249817477 -0.9289841888
-0.7806932416 -0.6305755190 -0.5396800326 -0.9559200406 -0.6190168737 -0.6261890111 -0.5008012762 -0.9574208226 -0.5350697470 -0.5173048411 0.7768425015 -0.5719905344 -0.9342750251 -0.9380860080
-0.7864254549 -0.6287693030 -0.5363674217 -0.9631895904 -0.6194068239 -0.6225461999 -0.4963353388 -0.9645438190 -0.5324469975 -0.5093575685 0.7825895963 -0.5702804671 -0.9430036346 -0.9466130802
-0.7916168429 -0.6265826433 -0.5327231079 -0.9698416791 -0.6193847621 -0.6185531968 -0.4915665970 -0.9710511818 -0.5294828972 -0.5011580321 0.7877966859 -0.5682044933 -0.9511563878 -0.9545540578
-0.7962568937 -0.6240090331 -0.5287416006 -0.9758646418 -0.6189432105 -0.6142043565 -0.4864902295 -0.9769313113 -0.5261716540 -0.4927029557 0.7924532652 -0.5657562695 -0.9587220961 -0.9618975938
-0.8003350953 -0.6210419656 -0.5244174089 -0.9812468133 -0.6180746914 -0.6094940337 -0.4811014146 -0.9821726080 -0.5225074758 -0.4839890632 0.7965488290 -0.5629294523 -0.9656895710 -0.9686323406
-0.8038409359 -0.6176749337 -0.5197450422 -0.9859765288 -0.6167717273 -0.6044165833 -0.4753953308 -0.9867634723 -0.5184845704 -0.4750130782 0.8000728722 -0.5597176982 -0.9720476239 -0.9747469510
