0.6425263256 0.7160843093 0.8062296669 0.6100580439 0.5961885865 0.6392760971 0.8135798629 0.6088241579 0.5183251820 0.3165332528 -0.2799794922 0.7050737579 0.6194852786 0.6120566778
0.6078719785 0.6851502486 0.7813777265 0.5776300194 0.5611181168 0.6045997466 0.7894885082 0.5764160913 0.4832930280 0.2885630658 -0.2515040418 0.6733250711 0.5864373308 0.5791527757
0.5714143758 0.6524357848 0.7548766552 0.5433598626 0.5243875344 0.5681305882 0.7637891753 0.5421668825 0.4467924948 0.2591651870 -0.2217247415 0.6397679039 0.5515400375 0.5444085924
0.5331282472 0.6179155159 0.7267020933 0.5072208647 0.4859740746 0.5298434119 0.7364582440 0.5060498346 0.4088040759 0.2283190289 -0.1906233037 0.6043764556 0.5147667080 0.5077975594
0.4929883220 0.5815640398 0.6968296815 0.4691863169 0.4458549729 0.4897130077 0.7074720946 0.4680382508 0.3693082651 0.1960040042 -0.1581814409 0.5671249252 0.4760906516 0.4692931084
0.4509693298 0.5433559544 0.6652350601 0.4292295104 0.4040074648 0.4477141659 0.6768071068 0.4281054341 0.3282855561 0.1621995252 -0.1243808656 0.5279875118 0.4354851776 0.4288686709
0.4070460000 0.5032658579 0.6318938697 0.3873237364 0.3604087857 0.4038216764 0.6444396607 0.3862246875 0.2857164427 0.1268850044 -0.0892032903 0.4869384146 0.3929235950 0.3864976786
0.3611930622 0.4612683480 0.5967817506 0.3434422862 0.3150361711 0.3580103292 0.6103461364 0.3423693143 0.2415814185 0.0900398545 -0.0526304274 0.4439518327 0.3483792133 0.3421535629
0.3133852457 0.4173380229 0.5598743434 0.2975584509 0.2678668563 0.3102549146 0.5745029138 0.2965126175 0.1958609772 0.0516434879 -0.0146439895 0.3990019651 0.3018253417 0.2958097555
0.2635972800 0.3714494804 0.5211472886 0.2496455219 0.2188780770 0.2605302224 0.5368863729 0.2486279001 0.1485356127 0.0116753172 0.0247743110 0.3520630111 0.2532352894 0.2474396880
0.2118038948 0.3235773186 0.4805762266 0.1996767902 0.1680470684 0.2088110429 0.4974728937 0.1986884653 0.0995858185 -0.0298852452 0.0656427617 0.3031091696 0.2025823657 0.1970167919
0.1579798193 0.2736961353 0.4381367979 0.1476255472 0.1153510660 0.1550721661 0.4562388561 0.1466676162 0.0489920885 -0.0730587867 0.1079796500 0.2521146398 0.1498398798 0.1445144989
0.1020997831 0.2217805286 0.3938046429 0.0934650840 0.0607673053 0.0992883821 0.4131606403 0.0925386559 -0.0032650837 -0.1178658949 0.1518032635 0.1990536209 0.0949811410 0.0899062406
0.0441385157 0.1678050965 0.3475554021 0.0371686919 0.0042730218 0.0414344808 0.3682146262 0.0362748874 -0.0572052044 -0.1643271571 0.1971318896 0.1439003119 0.0379794585 0.0331654484
-0.0159292535 0.1117444368 0.2993647161 -0.0212903379 -0.0541545492 -0.0185147475 0.3213771938 -0.0221503861 -0.1128477798 -0.2124631610 0.2439838160 0.0866289119 -0.0211918584 -0.0257344459
-0.0781287949 0.0535731477 0.2492082252 -0.0819387143 -0.1145381722 -0.0805845129 0.2726247231 -0.0827638616 -0.1702123162 -0.2622944938 0.2923773300 0.0272136202 -0.0825595005 -0.0868200109
-0.1424853792 -0.0067341731 0.1970615699 -0.1448031459 -0.1769006117 -0.1448000252 0.2219335940 -0.1455922360 -0.2293183200 -0.3138417433 0.3423307194 -0.0343713644 -0.1461501585 -0.1501178148
-0.2090242767 -0.0692029274 0.1429003908 -0.2099103416 -0.2412646322 -0.2111864944 0.1692801867 -0.2106622061 -0.2901852973 -0.3671254968 0.3938622715 -0.0981518425 -0.2119905231 -0.2156544262
-0.2777707581 -0.1338585174 0.0867003283 -0.2772870101 -0.3076529985 -0.2797691305 0.1146408810 -0.2780004689 -0.3528327545 -0.4221663418 0.4469902739 -0.1641536151 -0.2801072851 -0.2834564135
-0.3487500939 -0.2007263450 0.0284370228 -0.3469598603 -0.3760884749 -0.3505731433 0.0579920570 -0.3476337213 -0.4172801978 -0.4789848658 0.5017330141 -0.2324024831 -0.3505271353 -0.3535503450
