-0.1344227362 -0.2953607530 -0.3832374935 -0.1316654737 -0.1597294954 -0.1558847742 -0.6811406009 -0.1323935028 0.1645530525 -0.1861077478 0.0810640137 -0.2933640013 -0.1104115531 -0.1036623299
-0.1302724648 -0.2910418014 -0.3773607879 -0.1271863731 -0.1592411852 -0.1524100112 -0.6778355135 -0.1279272344 0.1441378545 -0.1889193076 0.0806580719 -0.2891055565 -0.1057927413 -0.0990589322
-0.1257809241 -0.2863281642 -0.3710399397 -0.1223623261 -0.1584542690 -0.1485965185 -0.6740273313 -0.1231159661 0.1236679323 -0.1914695718 0.0799796324 -0.2844538976 -0.1008337947 -0.0941177553
-0.1209593676 -0.2812319553 -0.3642884837 -0.1172047867 -0.1573777420 -0.1444552114 -0.6697293103 -0.1179711470 0.1031510964 -0.1937655173 0.0790372700 -0.2794210897 -0.0955461590 -0.0888502034
-0.1158190489 -0.2757652887 -0.3571199548 -0.1117252091 -0.1560205995 -0.1399970054 -0.6649547063 -0.1125042265 0.0825951572 -0.1958141213 0.0778395597 -0.2740191984 -0.0899412798 -0.0832676806
-0.1103712217 -0.2699402783 -0.3495478877 -0.1059350474 -0.1543918370 -0.1352328159 -0.6597167752 -0.1067266536 0.0620079251 -0.1976223607 0.0763950762 -0.2682602890 -0.0840306029 -0.0773815912
-0.1046271396 -0.2637690381 -0.3415858172 -0.0998457558 -0.1525004497 -0.1301735582 -0.6540287729 -0.1006498777 0.0413972105 -0.1991972126 0.0747123945 -0.2621564268 -0.0778255738 -0.0712033391
-0.0985980562 -0.2572636820 -0.3332472782 -0.0934687883 -0.1503554330 -0.1248301477 -0.6479039553 -0.0942853479 0.0207708238 -0.2005456540 0.0728000894 -0.2557196772 -0.0713376381 -0.0647443287
-0.0922952251 -0.2504363239 -0.3245458053 -0.0868155993 -0.1479657822 -0.1192134999 -0.6413555781 -0.0876445134 0.0001365755 -0.2016746619 0.0706667358 -0.2489621055 -0.0645782417 -0.0580159640
-0.0857299000 -0.2432990777 -0.3154949335 -0.0798976427 -0.1453404926 -0.1133345301 -0.6343968974 -0.0807388235 -0.0204977241 -0.2025912133 0.0683209085 -0.2418957772 -0.0575588300 -0.0510296492
-0.0789133344 -0.2358640575 -0.3061081975 -0.0727263728 -0.1424885596 -0.1072041538 -0.6270411689 -0.0735797274 -0.0411242645 -0.2033022852 0.0657711825 -0.2345327575 -0.0502908487 -0.0437967885
-0.0718567821 -0.2281433771 -0.2963991322 -0.0653132437 -0.1394189785 -0.1008332862 -0.6193016485 -0.0661786742 -0.0617352354 -0.2038148547 0.0630261326 -0.2268851119 -0.0427857435 -0.0363287860
-0.0645714965 -0.2201491505 -0.2863812723 -0.0576697095 -0.1361407447 -0.0942328429 -0.6111915921 -0.0585471133 -0.0823228263 -0.2041358988 0.0600943337 -0.2189649056 -0.0350549600 -0.0286370458
-0.0570687314 -0.2118934916 -0.2760681526 -0.0498072243 -0.1326628535 -0.0874137391 -0.6027242556 -0.0506964937 -0.1028792268 -0.2042723945 0.0569843606 -0.2107842041 -0.0271099439 -0.0207329722
-0.0493597403 -0.2033885144 -0.2654733079 -0.0417372424 -0.1289943002 -0.0803868904 -0.5939128948 -0.0426382648 -0.1233966266 -0.2042313188 0.0537047883 -0.2023550727 -0.0189621408 -0.0126279693
-0.0414557769 -0.1946463327 -0.2546102731 -0.0334712179 -0.1251440801 -0.0731632121 -0.5847707657 -0.0343838757 -0.1438672151 -0.2040196487 0.0502641915 -0.1936895767 -0.0106229963 -0.0043334412
-0.0333680948 -0.1856790607 -0.2434925829 -0.0250206048 -0.1211211886 -0.0657536195 -0.5753111240 -0.0259447757 -0.1642831820 -0.2036443614 0.0466711452 -0.1847997816 -0.0021039561 0.0041392079
-0.0251079476 -0.1764988121 -0.2321337721 -0.0163968574 -0.1169346211 -0.0581690282 -0.5655472257 -0.0173324139 -0.1846367169 -0.2031124337 0.0429342242 -0.1756977526 0.0065835341 0.0127785739
-0.0166865889 -0.1671177009 -0.2205473756 -0.0076114298 -0.1125933729 -0.0504203534 -0.5554923265 -0.0085582396 -0.2049200094 -0.2024308427 0.0390620034 -0.1663955552 0.0154280287 0.0215732525
-0.0081152724 -0.1575478411 -0.2087469280 0.0013242239 -0.1081064392 -0.0425185106 -0.5451596825 0.0003662980 -0.2251252490 -0.2016065655 0.0350630577 -0.1569052547 0.0244180821 0.0305118397
