0.0893348045 0.0076667933 0.1056329183 0.2101117509 -0.3247149794 -0.0000455847 -0.0222332584 0.2080436067 -0.5229115267 -0.0860076166 0.2647402786 0.0218833547 0.2192580711 0.2280924602
0.0786480650 -0.0010621440 0.0958849425 0.1968609061 -0.3289038192 -0.0088950037 -0.0259574242 0.1948179112 -0.5153564747 -0.0787878539 0.2719917310 0.0130194000 0.2056829434 0.2143746116
0.0672467985 -0.0104975861 0.0853667409 0.1828701918 -0.3336133666 -0.0184377441 -0.0302883961 0.1808535434 -0.5078681939 -0.0718285525 0.2797173234 0.0034391702 0.1913713213 0.1999165905
0.0551204246 -0.0206504070 0.0740666803 0.1681291851 -0.3388526029 -0.0286844524 -0.0352363423 0.1661400934 -0.5004505656 -0.0651362548 0.2879246848 -0.0068683298 0.1763129023 0.1847080686
0.0422583631 -0.0315314807 0.0619731271 0.1526274628 -0.3446305099 -0.0396457750 -0.0408114310 0.1506671511 -0.4931074712 -0.0587175030 0.2966214439 -0.0179140950 0.1604973841 0.1687387174
0.0286500334 -0.0431516814 0.0490744480 0.1363546019 -0.3509560689 -0.0513323583 -0.0470238306 0.1344243063 -0.4858427920 -0.0525788395 0.3058152295 -0.0297091203 0.1439144645 0.1519982088
0.0142848553 -0.0555218831 0.0353590096 0.1193001794 -0.3578382615 -0.0637548489 -0.0538837093 0.1174011491 -0.4786604091 -0.0467268066 0.3155136704 -0.0422644008 0.1265538410 0.1344762143
-0.0008477517 -0.0686529597 0.0208151786 0.1014537721 -0.3652860691 -0.0769238931 -0.0614012353 0.0995872693 -0.4715642041 -0.0411679465 0.3257243953 -0.0555909314 0.1084052112 0.1161624056
-0.0167583680 -0.0825557854 0.0054313216 0.0828049570 -0.3733084734 -0.0908501375 -0.0695865770 0.0809722568 -0.4645580581 -0.0359088016 0.3364550329 -0.0696997071 0.0894582729 0.0970464544
-0.0334575739 -0.0972412342 -0.0108041949 0.0633433111 -0.3819144558 -0.1055442284 -0.0784499026 0.0615457017 -0.4576458524 -0.0309559142 0.3477132122 -0.0846017230 0.0697027236 0.0771180324
-0.0509559498 -0.1127201802 -0.0279030042 0.0430584114 -0.3911129979 -0.1210168124 -0.0880013803 0.0412971939 -0.4508314684 -0.0263158266 0.3595065619 -0.1003079740 0.0491282610 0.0563668111
-0.0692640761 -0.1290034973 -0.0458767396 0.0219398346 -0.4009130811 -0.1372785358 -0.0982511785 0.0202163232 -0.4441187874 -0.0219950810 0.3718427106 -0.1168294551 0.0277245827 0.0347824624
-0.0883925333 -0.1461020597 -0.0647370346 -0.0000228421 -0.4113236869 -0.1543400452 -0.1092094654 -0.0017073203 -0.4375116907 -0.0180002199 0.3847292873 -0.1341771613 0.0054813864 0.0123546577
-0.1083519016 -0.1640267414 -0.0844955225 -0.0228400419 -0.4223537970 -0.1722119870 -0.1208864092 -0.0244841468 -0.4310140595 -0.0143377854 0.3981739207 -0.1523620876 -0.0176116303 -0.0109269311
-0.1291527615 -0.1827884164 -0.1051638368 -0.0465221878 -0.4340123928 -0.1909050076 -0.1332921783 -0.0481245663 -0.4246297752 -0.0110143200 0.4121842396 -0.1713952290 -0.0415647697 -0.0350726325
-0.1508056933 -0.2023979587 -0.1267536108 -0.0710797028 -0.4463084557 -0.2104297535 -0.1464369409 -0.0726389889 -0.4183627190 -0.0080363658 0.4267678727 -0.1912875805 -0.0663883342 -0.0600927748
-0.1733212775 -0.2228662425 -0.1492764778 -0.0965230101 -0.4592509674 -0.2307968712 -0.1603308652 -0.0980378246 -0.4122167724 -0.0054104653 0.4419324488 -0.2120501370 -0.0920926261 -0.0859976862
-0.1967100943 -0.2442041418 -0.1727440713 -0.1228625327 -0.4728489094 -0.2520170071 -0.1749841196 -0.1243314835 -0.4061958165 -0.0031431607 0.4576855967 -0.2336938937 -0.1186879479 -0.1127976953
-0.2209827243 -0.2664225306 -0.1971680246 -0.1501086937 -0.4871112631 -0.2741008076 -0.1904068723 -0.1515303757 -0.4003037327 -0.0012409943 0.4740349452 -0.2562298454 -0.1461846018 -0.1405031302
-0.2461497478 -0.2895322829 -0.2225599712 -0.1782719160 -0.5020470101 -0.2970589192 -0.2066092915 -0.1796449113 -0.3945444023 0.0002894916 0.4909881230 -0.2796689871 -0.1745928903 -0.1691243193
