-0.0539171162 -0.0735914936 -0.1118635067 0.0946781554 -0.2788661661 -0.1022659781 -0.2197269899 0.0915788107 -0.9311595633 -0.4677824276 0.0933404969 -0.1203955387 0.1266443001 0.1301387379
-0.0453056352 -0.0656990794 -0.1031907469 0.1036809900 -0.2758600127 -0.0947933799 -0.2122605046 0.1005927409 -0.9428334630 -0.4660316383 0.0995775164 -0.1120684493 0.1356167616 0.1391728288
-0.0363908439 -0.0574762108 -0.0941850503 0.1128984959 -0.2723006061 -0.0869652721 -0.2043754451 0.1098227464 -0.9535017344 -0.4635974052 0.1051472238 -0.1033958702 0.1447874716 0.1484018730
-0.0271664989 -0.0489158516 -0.0848396800 0.1223351874 -0.2681748504 -0.0787739940 -0.1960630403 0.1192733614 -0.9631385417 -0.4604637941 0.1100304604 -0.0943706922 0.1541606694 0.1578300248
-0.0176263571 -0.0400109660 -0.0751478990 0.1319955789 -0.2634696499 -0.0702118851 -0.1873145192 0.1289491200 -0.9717180492 -0.4566148707 0.1142080671 -0.0849858061 0.1637405940 0.1674614386
-0.0077641748 -0.0307545179 -0.0651029705 0.1418841847 -0.2581719087 -0.0612712850 -0.1781211107 0.1388545565 -0.9792144210 -0.4520347009 0.1176608853 -0.0752341027 0.1735314847 0.1773002685
0.0024262911 -0.0211394713 -0.0546981576 0.1520055191 -0.2522685311 -0.0519445332 -0.1684740437 0.1489942048 -0.9856018214 -0.4467073505 0.1203697560 -0.0651084727 0.1835375807 0.1873506688
0.0129512840 -0.0111587903 -0.0439267234 0.1623640966 -0.2457464211 -0.0422239690 -0.1583645472 0.1593725993 -0.9908544147 -0.4406168853 0.1223155204 -0.0546018070 0.1937631212 0.1976167937
0.0238170473 -0.0008054388 -0.0327819309 0.1729644316 -0.2385924831 -0.0321019321 -0.1477838502 0.1699942740 -0.9949463649 -0.4337473711 0.1234790197 -0.0437069964 0.2042123455 0.2081027975
0.0350298244 0.0099276192 -0.0212570434 0.1838110383 -0.2307936211 -0.0215707619 -0.1367231817 0.1808637632 -0.9978518364 -0.4260828738 0.1238410951 -0.0324169316 0.2148894926 0.2188128345
0.0465958586 0.0210474195 -0.0093453240 0.1949084311 -0.2223367394 -0.0106227979 -0.1251737705 0.1919856008 -0.9995449934 -0.4176074590 0.1233825876 -0.0207245033 0.2257988018 0.2297510588
0.0585213932 0.0325609983 0.0029599644 0.2062611244 -0.2132087422 0.0007496204 -0.1131268456 0.2033643212 -1.0000000000 -0.4083051927 0.1220843384 -0.0086226025 0.2369445124 0.2409216248
0.0708126716 0.0444753916 0.0156655585 0.2178736326 -0.2033965336 0.0125541535 -0.1005736360 0.2150044585 -0.9991910205 -0.3981601407 0.1199271887 0.0038958802 0.2483308635 0.2523286867
0.0834759372 0.0567976352 0.0287781952 0.2297504700 -0.1928870179 0.0247984620 -0.0875053707 0.2269105468 -0.9970922191 -0.3871563687 0.1168919797 0.0168380539 0.2599620943 0.2639763988
0.0965174333 0.0695347652 0.0423046115 0.2418961509 -0.1816670992 0.0374902063 -0.0739132785 0.2390871203 -0.9936777601 -0.3752779425 0.1129595524 0.0302110279 0.2718424440 0.2758689153
0.1099434033 0.0826938176 0.0562515443 0.2543151898 -0.1697236817 0.0506370469 -0.0597885885 0.2515387131 -0.9889218076 -0.3625089281 0.1081107481 0.0440219114 0.2839761518 0.2880103904
0.1237600904 0.0962818284 0.0706257303 0.2670121011 -0.1570436697 0.0642466444 -0.0451225296 0.2642698594 -0.9827985259 -0.3488333911 0.1023264079 0.0582778135 0.2963674570 0.3004049785
0.1379737382 0.1103058336 0.0854339066 0.2799913990 -0.1436139672 0.0783266592 -0.0299063308 0.2772850933 -0.9752820791 -0.3342353974 0.0955873730 0.0729858436 0.3090205987 0.3130568337
0.1525905899 0.1247728692 0.1006828100 0.2932575979 -0.1294214785 0.0928847519 -0.0141312209 0.2905889490 -0.9663466315 -0.3186990128 0.0878744845 0.0881531108 0.3219398162 0.3259701103
0.1676168889 0.1396899711 0.1163791774 0.3068152122 -0.1144531078 0.1079285830 0.0022115710 0.3041859607 -0.9559663474 -0.3022083032 0.0791685836 0.1037867243 0.3351293485 0.3391489626
