0.3398049145 0.2258798491 0.1833225085 0.4395381355 0.4760857629 0.3616884762 0.1392947148 0.4397300722 0.5768784562 0.3933600815 -0.8811783731 0.2366494043 0.4786048896 0.4842330239
0.3399241582 0.2261146299 0.1841049599 0.4397975052 0.4759646582 0.3619781685 0.1398590788 0.4399911886 0.5765379389 0.3941474829 -0.8814181623 0.2370604818 0.4788894375 0.4845323449
0.3398988689 0.2262214778 0.1847700113 0.4398998814 0.4756782859 0.3621217931 0.1403102022 0.4400953001 0.5760164612 0.3947887510 -0.8814402837 0.2373436648 0.4790118557 0.4846688921
0.3397318367 0.2262029998 0.1853200521 0.4398481427 0.4752296853 0.3621221184 0.1406504814 0.4400452853 0.5753172588 0.3952865481 -0.8812481986 0.2375015220 0.4789750667 0.4846455907
0.3394258516 0.2260618031 0.1857574716 0.4396451681 0.4746218955 0.3619819123 0.1408823128 0.4398440227 0.5744435677 0.3956435362 -0.8808453687 0.2375366225 0.4787819927 0.4844653661
0.3389837036 0.2258004947 0.1860846590 0.4392938364 0.4738579556 0.3617039432 0.1410080928 0.4394943908 0.5733986235 0.3958623776 -0.8802352551 0.2374515351 0.4784355562 0.4841311437
0.3384081827 0.2254216815 0.1863040037 0.4387970262 0.4729409050 0.3612909791 0.1410302177 0.4389992681 0.5721856621 0.3959457343 -0.8794213194 0.2372488287 0.4779386795 0.4836458487
0.3377020791 0.2249279706 0.1864178949 0.4381576165 0.4718737827 0.3607457881 0.1409510839 0.4383615333 0.5708079192 0.3958962686 -0.8784070229 0.2369310722 0.4772942851 0.4830124067
0.3368681827 0.2243219691 0.1864287220 0.4373784860 0.4706596280 0.3600711384 0.1407730877 0.4375840649 0.5692686307 0.3957166425 -0.8771958270 0.2365008345 0.4765052952 0.4822337428
0.3359092836 0.2236062840 0.1863388743 0.4364625136 0.4693014800 0.3592697983 0.1404986256 0.4366697413 0.5675710323 0.3954095183 -0.8757911932 0.2359606846 0.4755746322 0.4813127825
0.3348281718 0.2227835223 0.1861507410 0.4354125780 0.4678023780 0.3583445357 0.1401300939 0.4356214411 0.5657183598 0.3949775581 -0.8741965828 0.2353131913 0.4745052185 0.4802524510
0.3336276373 0.2218562911 0.1858667115 0.4342315581 0.4661653610 0.3572981190 0.1396698890 0.4344420429 0.5637138490 0.3944234241 -0.8724154573 0.2345609236 0.4732999766 0.4790556739
0.3323104702 0.2208271974 0.1854891750 0.4329223326 0.4643934684 0.3561333161 0.1391204072 0.4331344251 0.5615607357 0.3937497783 -0.8704512781 0.2337064503 0.4719618287 0.4777253763
0.3308794605 0.2196988482 0.1850205209 0.4314877804 0.4624897393 0.3548528953 0.1384840449 0.4317014664 0.5592622557 0.3929592830 -0.8683075065 0.2327523403 0.4704936972 0.4762644837
0.3293373982 0.2184738506 0.1844631385 0.4299307803 0.4604572128 0.3534596248 0.1377631985 0.4301460453 0.5568216448 0.3920546003 -0.8659876040 0.2317011626 0.4688985045 0.4746759213
0.3276870735 0.2171548115 0.1838194170 0.4282542110 0.4582989282 0.3519562726 0.1369602644 0.4284710402 0.5542421387 0.3910383924 -0.8634950319 0.2305554860 0.4671791730 0.4729626147
0.3259312762 0.2157443381 0.1830917459 0.4264609513 0.4560179246 0.3503456069 0.1360776389 0.4266793298 0.5515269732 0.3899133214 -0.8608332517 0.2293178795 0.4653386250 0.4711274890
0.3240727965 0.2142450374 0.1822825142 0.4245538802 0.4536172413 0.3486303959 0.1351177183 0.4247737926 0.5486793843 0.3886820495 -0.8580057249 0.2279909119 0.4633797830 0.4691734696
0.3221144244 0.2126595164 0.1813941115 0.4225358763 0.4510999173 0.3468134077 0.1340828991 0.4227573071 0.5457026075 0.3873472388 -0.8550159127 0.2265771522 0.4613055692 0.4671034819
0.3200589499 0.2109903821 0.1804289269 0.4204098185 0.4484689920 0.3448974105 0.1329755777 0.4206327518 0.5425998787 0.3859115515 -0.8518672765 0.2250791693 0.4591189061 0.4649204513
