-0.7066096775 -0.7293783249 -0.7559244314 -0.6905151228 -0.6861174623 -0.7698452318 -0.7621202460 -0.6907485457 -0.0833785284 -0.8895485045 0.6402332408 -0.7374947564 -0.6923111864 -0.6943448839
-0.6779255733 -0.7031437389 -0.7323490711 -0.6603201003 -0.6561117276 -0.7476725918 -0.7393880492 -0.6605776412 -0.0586599500 -0.8796913180 0.6063387026 -0.7120452255 -0.6622436957 -0.6644549094
-0.6499889092 -0.6776395289 -0.7094475098 -0.6309257193 -0.6270334699 -0.7261456148 -0.7173579443 -0.6312070177 -0.0353159917 -0.8702851597 0.5736014022 -0.6873035505 -0.6329632482 -0.6353427561
-0.6227899969 -0.6528557345 -0.6872101938 -0.6023216717 -0.5988699957 -0.7052549302 -0.6960196533 -0.6026263682 -0.0133253130 -0.8613212991 0.5420053382 -0.6632599983 -0.6044597562 -0.6069984640
-0.5963191480 -0.6287823952 -0.6656275692 -0.5744976496 -0.5716086112 -0.6849911670 -0.6753628984 -0.5748253856 0.0073334264 -0.8527910056 0.5115345093 -0.6399048357 -0.5767231323 -0.5794120731
-0.5705666742 -0.6054095505 -0.6446900824 -0.5474433451 -0.5452366228 -0.6653449547 -0.6553774018 -0.5477937628 0.0266815668 -0.8446855486 0.4821729143 -0.6172283298 -0.5497432888 -0.5525736234
-0.5455228872 -0.5827272400 -0.6243881795 -0.5211484503 -0.5197413368 -0.6463069224 -0.6360528855 -0.5215211927 0.0447404487 -0.8369961976 0.4539045518 -0.5952207474 -0.5235101381 -0.5264731550
-0.5211780986 -0.5607255031 -0.6047123068 -0.4956026571 -0.4951100595 -0.6278676994 -0.6173790718 -0.4959973682 0.0615314123 -0.8297142220 0.4267134206 -0.5738723555 -0.4980135926 -0.5011007079
-0.4975226200 -0.5393943795 -0.5856529105 -0.4707956576 -0.4713300972 -0.6100179150 -0.5993456826 -0.4712119823 0.0770757981 -0.8228308913 0.4005835192 -0.5531734211 -0.4732435648 -0.4764463221
-0.4745467632 -0.5187239085 -0.5672004369 -0.4467171440 -0.4483887564 -0.5927481984 -0.5819424402 -0.4471547280 0.0913949463 -0.8163374748 0.3754988464 -0.5331142110 -0.4491899670 -0.4525000377
-0.4522408397 -0.4987041299 -0.5493453321 -0.4233568082 -0.4262733432 -0.5760491790 -0.5651590666 -0.4238152980 0.1045101975 -0.8102252419 0.3514434010 -0.5136849923 -0.4258427117 -0.4292518947
-0.4305951612 -0.4793250830 -0.5320780425 -0.4007043423 -0.4049711641 -0.5599114858 -0.5489852840 -0.4011833854 0.1164428918 -0.8044854622 0.3284011815 -0.4948760319 -0.4031917112 -0.4066919332
-0.4096000393 -0.4605768073 -0.5153890142 -0.3787494383 -0.3844695253 -0.5443257483 -0.5334108145 -0.3792486830 0.1272143697 -0.7991094050 0.3063561866 -0.4766775967 -0.3812268780 -0.3848101930
-0.3892457858 -0.4424493426 -0.4992686936 -0.3574817884 -0.3647557333 -0.5292825956 -0.5184253803 -0.3580008839 0.1368459715 -0.7940883397 0.2852924152 -0.4590799536 -0.3599381244 -0.3635967144
-0.3695227122 -0.4249327281 -0.4837075268 -0.3368910845 -0.3458170943 -0.5147726570 -0.5040187034 -0.3374296809 0.1453590376 -0.7894135358 0.2651938658 -0.4420733696 -0.3393153629 -0.3430415373
-0.3504211302 -0.4080170036 -0.4686959600 -0.3169670187 -0.3276409146 -0.5007865618 -0.4901805060 -0.3175247669 0.1527749084 -0.7850762627 0.2460445371 -0.4256481116 -0.3193485059 -0.3231347018
-0.3319313515 -0.3916922084 -0.4542244396 -0.2976992831 -0.3102145006 -0.4873149393 -0.4769005103 -0.2982758348 0.1591149241 -0.7810677899 0.2278284279 -0.4097944466 -0.3000274658 -0.3038662478
-0.3140436877 -0.3759483821 -0.4402834117 -0.2790775697 -0.2935251586 -0.4743484186 -0.4641684382 -0.2796725777 0.1644004252 -0.7773793867 0.2105295368 -0.3945026415 -0.2813421549 -0.2852262155
-0.2967484504 -0.3607755643 -0.4268633226 -0.2610915706 -0.2775601949 -0.4618776291 -0.4519740121 -0.2617046884 0.1686527521 -0.7740023226 0.1941318625 -0.3797629632 -0.2632824858 -0.2672046448
-0.2800359514 -0.3461637945 -0.4139546185 -0.2437309778 -0.2623069159 -0.4498932000 -0.4403069539 -0.2443618598 0.1718932450 -0.7709278670 0.1786194037 -0.3655656787 -0.2458383707 -0.2497915758
