-0.7764056347 -0.7990244792 -0.7546110021 -0.6529034768 -0.9887455295 -0.9046691854 -0.9193052363 -0.6624283407 -0.6358671467 -0.9796010459 0.6886728093 -0.8159582860 -0.5261199369 -0.5373688743
-0.7974155527 -0.8161246457 -0.7752232135 -0.6738162543 -0.9903865738 -0.9130261121 -0.9264278808 -0.6834840833 -0.6314134815 -0.9800994303 0.7115932131 -0.8323509210 -0.5454050567 -0.5567505395
-0.8172968427 -0.8324008953 -0.7948498827 -0.6937426476 -0.9918989319 -0.9209769265 -0.9332042400 -0.7035485309 -0.6271663047 -0.9806187863 0.7335490902 -0.8479173123 -0.5637801757 -0.5752135115
-0.8360638484 -0.8478621080 -0.8135022039 -0.7126955421 -0.9932824582 -0.9285249420 -0.9396368460 -0.7226346148 -0.6231213769 -0.9811567055 0.7545508638 -0.8626665229 -0.5812573358 -0.5927699474
-0.8537309133 -0.8625171633 -0.8311913712 -0.7306878232 -0.9945370075 -0.9356734719 -0.9457282307 -0.7407552661 -0.6192744586 -0.9817107791 0.7746089573 -0.8766076159 -0.5978485790 -0.6094320045
-0.8703123813 -0.8763749411 -0.8479285786 -0.7477323763 -0.9956624343 -0.9424258295 -0.9514809260 -0.7579234161 -0.6156213103 -0.9822785986 0.7937337942 -0.8897496546 -0.6135659472 -0.6252118401
-0.8858225958 -0.8894443209 -0.8637250201 -0.7638420866 -0.9966585934 -0.9487853282 -0.9568974640 -0.7741519961 -0.6121576927 -0.9828577551 0.8119357978 -0.9021017020 -0.6284214825 -0.6401216114
-0.9002759007 -0.9017341827 -0.8785918898 -0.7790298395 -0.9975253394 -0.9547552812 -0.9619803766 -0.7894539372 -0.6088793662 -0.9834458402 0.8292253915 -0.9136728211 -0.6424272268 -0.6541734757
-0.9136866395 -0.9132534060 -0.8925403818 -0.7933085204 -0.9982625270 -0.9603390020 -0.9667321957 -0.8038421707 -0.6057820915 -0.9840404451 0.8456129988 -0.9244720752 -0.6555952220 -0.6673795904
-0.9260691560 -0.9240108705 -0.9055816902 -0.8066910146 -0.9988700106 -0.9655398038 -0.9711554533 -0.8173296278 -0.6028616292 -0.9846391612 0.8611090429 -0.9345085274 -0.6679375103 -0.6797521126
-0.9374377937 -0.9340154561 -0.9177270089 -0.8191902075 -0.9993476451 -0.9703610000 -0.9752526813 -0.8299292397 -0.6001137396 -0.9852395798 0.8757239473 -0.9437912407 -0.6794661334 -0.6913031996
-0.9478068964 -0.9432760424 -0.9289875322 -0.8308189844 -0.9996952851 -0.9748059039 -0.9790264118 -0.8416539377 -0.5975341835 -0.9858392923 0.8894681355 -0.9523292784 -0.6901931335 -0.7020450087
-0.9571908077 -0.9518015091 -0.9393744539 -0.8415902308 -0.9999127852 -0.9788778287 -0.9824791767 -0.8525166531 -0.5951187214 -0.9864358900 0.9023520306 -0.9601317034 -0.7001305525 -0.7119896972
-0.9656038712 -0.9596007359 -0.9488989682 -0.8515168318 -1.0000000000 -0.9825800880 -0.9856135079 -0.8625303169 -0.5928631139 -0.9870269643 0.9143860563 -0.9672075790 -0.7092904324 -0.7211494223
-0.9730604307 -0.9666826026 -0.9575722692 -0.8606116730 -0.9999567842 -0.9859159948 -0.9884319374 -0.8717078605 -0.5907631214 -0.9876101065 0.9255806357 -0.9735659682 -0.7176848151 -0.7295363413
-0.9795748298 -0.9730559889 -0.9654055509 -0.8688876396 -0.9997829925 -0.9888888627 -0.9909369972 -0.8800622151 -0.5888145046 -0.9881829080 0.9359461924 -0.9792159342 -0.7253257426 -0.7371626116
-0.9851614122 -0.9787297745 -0.9724100073 -0.8763576170 -0.9994784794 -0.9915020048 -0.9931312192 -0.8876063119 -0.5870130241 -0.9887429601 0.9454931498 -0.9841665401 -0.7322252570 -0.7440403902
-0.9898345215 -0.9837128391 -0.9785968326 -0.8830344905 -0.9990430997 -0.9937587346 -0.9950171354 -0.8943530821 -0.5853544403 -0.9892878542 0.9542319311 -0.9884268490 -0.7383954001 -0.7501818346
-0.9936085014 -0.9880140625 -0.9839772208 -0.8889311456 -0.9984767079 -0.9956623654 -0.9965972777 -0.9003154570 -0.5838345138 -0.9898151815 0.9621729599 -0.9920059240 -0.7438482140 -0.7555991020
-0.9964976955 -0.9916423243 -0.9885623659 -0.8940604675 -0.9977791588 -0.9972162105 -0.9978741781 -0.9055063678 -0.5824490053 -0.9903225336 0.9693266594 -0.9949128282 -0.7485957406 -0.7603043497
