0.7960137920 0.7920267693 0.6479551707 0.7799065307 1.0000000000 0.8413087549 0.8092073630 0.7792492922 0.7888089603 0.9743588331 -1.0000000000 0.8144662068 0.7955512488 0.7967576728
0.8096456638 0.8059476688 0.6671064432 0.7942826840 0.9998963131 0.8530365623 0.8223924154 0.7936524216 0.7771266410 0.9784307746 -0.9999223561 0.8277500788 0.8094388641 0.8105465416
0.8229722025 0.8195502980 0.6859648769 0.8083449014 0.9994615251 0.8644534651 0.8352604563 0.8077416141 0.7651560715 0.9821935265 -0.9995264336 0.8406822115 0.8229964358 0.8240104218
0.8359737125 0.8328152214 0.7045070068 0.8220733147 0.9986868512 0.8755411748 0.8477924729 0.8214969846 0.7528993234 0.9856340914 -0.9988029552 0.8532447202 0.8362049515 0.8371301904
0.8486304977 0.8457230034 0.7227093682 0.8354480557 0.9975635062 0.8862814024 0.8599694518 0.8348986480 0.7403584675 0.9887394694 -0.9977426440 0.8654197197 0.8490453988 0.8498867245
0.8609228624 0.8582542086 0.7405484961 0.8484492563 0.9960827050 0.8966558590 0.8717723799 0.8479267194 0.7275355750 0.9914966620 -0.9963362228 0.8771893253 0.8614987652 0.8622609012
0.8728311106 0.8703894014 0.7580009258 0.8610570480 0.9942356627 0.9066462559 0.8831822440 0.8605613136 0.7144327171 0.9938926707 -0.9945744145 0.8885356519 0.8735460384 0.8742335973
0.8843355464 0.8821091463 0.7750431922 0.8732515629 0.9920135943 0.9162343042 0.8941800310 0.8727825455 0.7010519648 0.9959144967 -0.9924479420 0.8994408147 0.8851682060 0.8857856901
0.8954164742 0.8933940080 0.7916518307 0.8850129325 0.9894077148 0.9254017152 0.9047467277 0.8845705302 0.6873953893 0.9975491414 -0.9899475283 0.9098869286 0.8963462554 0.8968980566
0.9060541979 0.9042245507 0.8078033762 0.8963212888 0.9864092390 0.9341302000 0.9148633209 0.8959053825 0.6734650617 0.9987836059 -0.9870638963 0.9198561087 0.9070611744 0.9075515736
0.9162290217 0.9145813392 0.8234743640 0.9071567636 0.9830093820 0.9424014697 0.9245107975 0.9067672174 0.6592630531 0.9996048917 -0.9837877688 0.9293304702 0.9172939505 0.9177271184
0.9259212498 0.9244449378 0.8386413292 0.9174994885 0.9791993588 0.9501972357 0.9336701443 0.9171361498 0.6447914348 1.0000000000 -0.9801098688 0.9382921280 0.9270255712 0.9274055680
0.9351111864 0.9337959111 0.8532808069 0.9273295954 0.9749703843 0.9574992090 0.9423223482 0.9269922948 0.6300522777 0.9999559321 -0.9760209192 0.9467231972 0.9362370242 0.9365677993
0.9437791354 0.9426148236 0.8673693323 0.9366272160 0.9703136736 0.9642891009 0.9504483959 0.9363157671 0.6150476531 0.9994596893 -0.9715116429 0.9546057929 0.9449092971 0.9451946894
0.9519054012 0.9508822398 0.8808834406 0.9453724823 0.9652204415 0.9705486225 0.9580292744 0.9450866818 0.5997796320 0.9984982729 -0.9665727628 0.9619220302 0.9530233774 0.9532671154
0.9594702878 0.9585787241 0.8937996667 0.9535455258 0.9596819031 0.9762594850 0.9650459704 0.9532851538 0.5842502856 0.9970586841 -0.9611950018 0.9686540240 0.9605602527 0.9607659543
0.9664540994 0.9656848411 0.9060945460 0.9611264785 0.9536892734 0.9814033996 0.9714794708 0.9608912980 0.5684616850 0.9951279244 -0.9553690828 0.9747838895 0.9675009105 0.9676720831
0.9728371401 0.9721811554 0.9177446134 0.9680954721 0.9472337673 0.9859620775 0.9773107625 0.9678852294 0.5524159013 0.9926929949 -0.9490857287 0.9802937417 0.9738263386 0.9739663788
0.9785997140 0.9780482313 0.9287264043 0.9744326384 0.9403065998 0.9899172298 0.9825208322 0.9742470629 0.5361150057 0.9897408971 -0.9423356625 0.9851656956 0.9795175245 0.9796297186
0.9837221254 0.9832666334 0.9390164536 0.9801181092 0.9328989859 0.9932505678 0.9870906668 0.9799569135 0.5195610693 0.9862586321 -0.9351096070 0.9893818664 0.9845554557 0.9846429794
