-0.3847925407 -0.7581830083 -0.8988179798 0.0932090677 -0.5293834112 -0.9537137424 -0.9354445849 0.0728766883 -0.3045454887 -0.7679517243 -0.0368596025 -0.9764484389 0.3152107366 0.3363416109
-0.3668944561 -0.7529769233 -0.8960341275 0.1132722010 -0.5435811023 -0.9519887743 -0.9390067569 0.0924475662 -0.3221202812 -0.7739538627 -0.0180000595 -0.9755537070 0.3400238883 0.3611918886
-0.3489895057 -0.7478213085 -0.8932279349 0.1328519689 -0.5576180074 -0.9502176807 -0.9424942356 0.1115397969 -0.3395591845 -0.7799706205 0.0008834707 -0.9746190149 0.3642739897 0.3854562312
-0.3310805997 -0.7427137001 -0.8903975239 0.1519541816 -0.5714912981 -0.9483986945 -0.9459045237 0.1301592534 -0.3568584058 -0.7859974313 0.0197843218 -0.9736422343 0.3879666057 0.4091407435
-0.3131706483 -0.7376516341 -0.8875410167 0.1705846491 -0.5851981463 -0.9465300487 -0.9492351239 0.1483118091 -0.3740141524 -0.7920297283 0.0386958275 -0.9726212369 0.4111073011 0.4322515301
-0.2952625619 -0.7326326468 -0.8846565354 0.1887491818 -0.5987357238 -0.9446099762 -0.9524835392 0.1660033370 -0.3910226317 -0.7980629451 0.0576113215 -0.9715538942 0.4337016410 0.4547946956
-0.2773592507 -0.7276542744 -0.8817422020 0.2064535898 -0.6121012023 -0.9426367100 -0.9556472721 0.1832397103 -0.4078800508 -0.8040925150 0.0765241374 -0.9704380780 0.4557551902 0.4767763447
-0.2594636248 -0.7227140531 -0.8787961386 0.2237036834 -0.6252917537 -0.9406084829 -0.9587238257 0.2000268021 -0.4245826170 -0.8101138716 0.0954276090 -0.9692716599 0.4772735136 0.4982025820
-0.2415785947 -0.7178095190 -0.8758164674 0.2405052726 -0.6383045497 -0.9385235280 -0.9617107025 0.2163704857 -0.4411265378 -0.8161224481 0.1143150700 -0.9680525116 0.4982621762 0.5190795122
-0.2237070705 -0.7129382082 -0.8728013104 0.2568641679 -0.6511367622 -0.9363800781 -0.9646054055 0.2322766342 -0.4575080203 -0.8221136781 0.1331798541 -0.9667785047 0.5187267429 0.5394132401
-0.2058519625 -0.7080976571 -0.8697487897 0.2727861792 -0.6637855629 -0.9341763661 -0.9674054374 0.2477511207 -0.4737232718 -0.8280829950 0.1520152949 -0.9654475109 0.5386727787 0.5592098701
-0.1880161810 -0.7032854017 -0.8666570275 0.2882771169 -0.6762481236 -0.9319106251 -0.9701083010 0.2627998185 -0.4897684996 -0.8340258322 0.1708147262 -0.9640574018 0.5581058484 0.5784755070
-0.1702026362 -0.6984989782 -0.8635241457 0.3033427911 -0.6885216162 -0.9295810879 -0.9727114991 0.2774286007 -0.5056399111 -0.8399376230 0.1895714817 -0.9626060492 0.5770315171 0.5972162554
-0.1524142384 -0.6937359228 -0.8603482665 0.3179890121 -0.7006032123 -0.9271859875 -0.9752125345 0.2916433404 -0.5213337134 -0.8458138010 0.2082788950 -0.9610913246 0.5954553495 0.6154382200
-0.1346538978 -0.6889937718 -0.8571275119 0.3322215900 -0.7124900839 -0.9247235569 -0.9776089100 0.3054499108 -0.5368461139 -0.8516497996 0.2269302999 -0.9595110997 0.6133829107 0.6331475055
-0.1169245247 -0.6842700612 -0.8538600042 0.3460463351 -0.7241794027 -0.9221920288 -0.9798981283 0.3188541851 -0.5521733199 -0.8574410522 0.2455190301 -0.9578632462 0.6308197655 0.6503502165
-0.0992290294 -0.6795623272 -0.8505438652 0.3594690575 -0.7356683405 -0.9195896363 -0.9820776922 0.3318620365 -0.5673115386 -0.8631829922 0.2640384192 -0.9561456358 0.6477714790 0.6670524576
-0.0815703220 -0.6748681060 -0.8471772172 0.3724955675 -0.7469540691 -0.9169146124 -0.9841451046 0.3444793381 -0.5822569774 -0.8688710530 0.2824818010 -0.9543561400 0.6642436160 0.6832603336
-0.0639513130 -0.6701849339 -0.8437581823 0.3851316752 -0.7580337603 -0.9141651898 -0.9860978683 0.3567119630 -0.5970058435 -0.8745006682 0.3008425091 -0.9524926306 0.6802417414 0.6989799490
-0.0463749124 -0.6655103469 -0.8402848825 0.3973831908 -0.7689045859 -0.9113396017 -0.9879334859 0.3685657845 -0.6115543441 -0.8800672710 0.3191138773 -0.9505529792 0.6957714202 0.7142174085
