-0.2482722450 -0.4617898808 -0.5841228823 -0.0578929283 -0.5336976005 -0.2897637546 -0.5990730603 -0.0590858047 -0.6216736762 -0.6155646740 0.1638051849 -0.5111241261 -0.0396113610 -0.0390312891
-0.2409969365 -0.4517352542 -0.5721521595 -0.0522697606 -0.5233881138 -0.2820838477 -0.5855468944 -0.0534600768 -0.6086737701 -0.6041703115 0.1580652214 -0.5005605860 -0.0344807233 -0.0338723099
-0.2337179975 -0.4416523216 -0.5601395207 -0.0466663095 -0.5130409014 -0.2743952947 -0.5719388475 -0.0478539064 -0.5955922082 -0.5927287935 0.1523306788 -0.4899628215 -0.0293715002 -0.0287348707
-0.2264416848 -0.4315484129 -0.5480930421 -0.0410882114 -0.5026633771 -0.2667045055 -0.5582566771 -0.0422729309 -0.5824366251 -0.5812479531 0.1466072121 -0.4793383560 -0.0242891325 -0.0236244243
-0.2191742551 -0.4214308578 -0.5360208001 -0.0355411028 -0.4922629544 -0.2590178902 -0.5445081406 -0.0367227872 -0.5692146557 -0.5697356232 0.1409004759 -0.4686947130 -0.0192390613 -0.0185464232
-0.2119219653 -0.4113069860 -0.5239308709 -0.0300306202 -0.4818470471 -0.2513418591 -0.5307009957 -0.0312091128 -0.5559339347 -0.5581996365 0.1352161252 -0.4580394157 -0.0142267275 -0.0135063201
-0.2046910721 -0.4011841273 -0.5118313310 -0.0245624001 -0.4714230688 -0.2436828220 -0.5168429999 -0.0257375447 -0.5426020969 -0.5466478260 0.1295598146 -0.4473799876 -0.0092575721 -0.0085095677
-0.1974878323 -0.3910696113 -0.4997302566 -0.0191420790 -0.4609984332 -0.2360471893 -0.5029419107 -0.0203137202 -0.5292267772 -0.5350880246 0.1239371990 -0.4367239520 -0.0043370359 -0.0035616186
-0.1903185026 -0.3809707679 -0.4876357240 -0.0137752935 -0.4505805540 -0.2284413708 -0.4890054856 -0.0149432765 -0.5158156103 -0.5235280652 0.1183539332 -0.4260788323 0.0005294400 0.0013320746
-0.1831893399 -0.3708949268 -0.4755558096 -0.0084676799 -0.4401768449 -0.2208717769 -0.4750414824 -0.0096318508 -0.5023762310 -0.5119757807 0.1128156721 -0.4154521519 0.0053364148 0.0061660591
-0.1761066009 -0.3608494177 -0.4634985898 -0.0032248748 -0.4297947194 -0.2133448174 -0.4610576583 -0.0043850803 -0.4889162741 -0.5004390041 0.1073280703 -0.4048514341 0.0100784474 0.0109348823
-0.1690765424 -0.3508415704 -0.4514721407 0.0019474854 -0.4194415914 -0.2058669027 -0.4470617711 0.0007913977 -0.4754433743 -0.4889255681 0.1018967827 -0.3942842024 0.0147500969 0.0156330916
-0.1621054211 -0.3408787146 -0.4394845389 0.0070437640 -0.4091248744 -0.1984444426 -0.4330615783 0.0058919462 -0.4619651665 -0.4774433057 0.0965274641 -0.3837579802 0.0193459223 0.0202552343
-0.1551994940 -0.3309681800 -0.4275438605 0.0120583247 -0.3988519822 -0.1910838474 -0.4190648373 0.0109109278 -0.4484892855 -0.4660000499 0.0912257693 -0.3732802907 0.0238604828 0.0247958578
-0.1483650176 -0.3211172963 -0.4156581819 0.0169855310 -0.3886303283 -0.1837915271 -0.4050793058 0.0158427054 -0.4350233659 -0.4546036334 0.0859973532 -0.3628586575 0.0282883373 0.0292495095
-0.1416082488 -0.3113333935 -0.4038355794 0.0218197462 -0.3784673266 -0.1765738919 -0.3911127413 0.0206816417 -0.4215750427 -0.4432618893 0.0808478704 -0.3525006038 0.0326240450 0.0336107365
-0.1349354445 -0.3016238010 -0.3920841294 0.0265553341 -0.3683703906 -0.1694373518 -0.3771729013 0.0254220996 -0.4081519506 -0.4319826503 0.0757829759 -0.3422136530 0.0368621648 0.0378740864
-0.1283528613 -0.2919958488 -0.3804119081 0.0311866580 -0.3583469341 -0.1623883169 -0.3632675434 0.0300584419 -0.3947617244 -0.4207737495 0.0708083244 -0.3320053286 0.0409972558 0.0420341065
-0.1218667560 -0.2824568665 -0.3688269920 0.0357080814 -0.3484043706 -0.1554331974 -0.3494044251 0.0345850312 -0.3814119989 -0.4096430197 0.0659295707 -0.3218831539 0.0450238771 0.0460853440
-0.1154833854 -0.2730141839 -0.3573374573 0.0401139679 -0.3385501139 -0.1485784033 -0.3355913040 0.0389962305 -0.3681104088 -0.3985982937 0.0611523696 -0.3118546522 0.0489365877 0.0500223464
