0.6990843034 0.7689482572 0.6986740216 0.5880689560 0.7404794644 0.8614223797 0.7262969459 0.5870055705 -0.7366853703 -0.2545901121 -0.3279125421 0.7857582098 0.5831919974 0.5811323843
0.6841768821 0.7594087758 0.6911654017 0.5746569191 0.7294635349 0.8577590388 0.7235564468 0.5736190132 -0.7171773393 -0.2410613111 -0.3187339493 0.7769112540 0.5694409635 0.5676362867
0.6689706074 0.7498000504 0.6838203161 0.5612166783 0.7183322265 0.8542472980 0.7210692817 0.5602071522 -0.6968445133 -0.2269443848 -0.3100353455 0.7680102674 0.5556487320 0.5541164674
0.6534699446 0.7401302471 0.6766515916 0.5477583702 0.7070930745 0.8508986789 0.7188486411 0.5467801815 -0.6756744905 -0.2122278451 -0.3018367623 0.7590635656 0.5418252412 0.5405831839
0.6376793587 0.7304075321 0.6696720550 0.5342921316 0.6957536143 0.8477247031 0.7169077155 0.5333482950 -0.6536548691 -0.1969002040 -0.2941582309 0.7500794643 0.5279804295 0.5270466938
0.6216033150 0.7206400715 0.6628945330 0.5208280990 0.6843213814 0.8447368922 0.7152596954 0.5199216869 -0.6307732474 -0.1809499732 -0.2870197829 0.7410662793 0.5141242355 0.5135172548
0.6052462786 0.7108360315 0.6563318522 0.5073764091 0.6728039110 0.8419467677 0.7139177713 0.5065105512 -0.6070172237 -0.1643656647 -0.2804414494 0.7320323263 0.5002665974 0.5000051243
0.5886127148 0.7010035782 0.6499968396 0.4939471988 0.6612087385 0.8393658514 0.7128951337 0.4931250820 -0.5823743961 -0.1471357905 -0.2744432620 0.7229859210 0.4864174539 0.4865205599
0.5717070887 0.6911508778 0.6439023217 0.4805506045 0.6495433993 0.8370056648 0.7122049731 0.4797754732 -0.5568323629 -0.1292488625 -0.2690452520 0.7139353790 0.4725867432 0.4730738193
0.5545338654 0.6812860964 0.6380611255 0.4671967630 0.6378154288 0.8348777295 0.7118604800 0.4664719189 -0.5303787224 -0.1106933925 -0.2642674508 0.7048890162 0.4587844038 0.4596751599
0.5370975102 0.6714174002 0.6324860775 0.4538958110 0.6260323622 0.8329935672 0.7118748448 0.4532246131 -0.5030010727 -0.0914578925 -0.2601298898 0.6958551481 0.4450203741 0.4463348393
0.5194024883 0.6615529553 0.6271900046 0.4406578852 0.6142017350 0.8313646994 0.7122612581 0.4400437499 -0.4746870122 -0.0715308743 -0.2566526003 0.6868420905 0.4313045926 0.4330631152
0.5014532648 0.6517009279 0.6221857334 0.4274931222 0.6023310826 0.8300026478 0.7130329104 0.4269395233 -0.4454241390 -0.0509008500 -0.2538556138 0.6778581591 0.4176469976 0.4198702450
0.4832543048 0.6418694842 0.6174860908 0.4144116587 0.5904279402 0.8289189339 0.7142029922 0.4139221274 -0.4152000515 -0.0295563314 -0.2517589616 0.6689116697 0.4040575277 0.4067664864
0.4648100737 0.6320667902 0.6131039035 0.4014236313 0.5784998433 0.8281250794 0.7157846939 0.4010017561 -0.3840023477 -0.0074858303 -0.2503826750 0.6600109378 0.3905461212 0.3937620969
0.4461250365 0.6223010122 0.6090519982 0.3885391769 0.5665543272 0.8276326059 0.7177912060 0.3881886035 -0.3518186261 0.0153221412 -0.2497467856 0.6511642793 0.3771227165 0.3808673340
0.4272036584 0.6125803163 0.6053432017 0.3757684320 0.5545989272 0.8274530349 0.7202357191 0.3754928637 -0.3186364848 0.0388790713 -0.2498713246 0.6423800098 0.3637972522 0.3680924554
0.4080504047 0.6029128686 0.6019903406 0.3631215333 0.5426411788 0.8275978882 0.7231314237 0.3629247307 -0.2844435221 0.0631964480 -0.2507763234 0.6336664450 0.3505796665 0.3554477187
0.3886697404 0.5933068353 0.5990062419 0.3506086174 0.5306886173 0.8280786873 0.7264915101 0.3504943985 -0.2492273361 0.0882857595 -0.2524818134 0.6250319007 0.3374798980 0.3429433813
0.3690661309 0.5837703825 0.5964037321 0.3382398212 0.5187487781 0.8289069538 0.7303291690 0.3382120612 -0.2129755253 0.1141584938 -0.2550078260 0.6164846925 0.3245078850 0.3305897008
