0.9756601083 0.9477613270 0.8990934699 0.9761904618 0.9516956598 0.9611871885 0.7875471376 0.9757770897 0.3895576195 0.8982167340 -0.9772847314 0.9323617661 0.9757522704 0.9783323973
0.9793493621 0.9529428729 0.9061272430 0.9799332794 0.9571148162 0.9661302221 0.7979922104 0.9795574976 0.3951488625 0.9056185645 -0.9806580813 0.9383061079 0.9795704949 0.9819157777
0.9827384683 0.9578580918 0.9129176622 0.9833602894 0.9622339564 0.9707461967 0.8082112525 0.9830216390 0.4006599671 0.9128009339 -0.9837779990 0.9439847200 0.9830665587 0.9851798974
0.9858266967 0.9625062906 0.9194634907 0.9864703054 0.9670486403 0.9750329330 0.8182012340 0.9861682939 0.4060829701 0.9197562665 -0.9866396922 0.9493964637 0.9862390601 0.9881235666
0.9886133167 0.9668867763 0.9257634920 0.9892621414 0.9715544282 0.9789882520 0.8279591250 0.9889962424 0.4114099084 0.9264769866 -0.9892383689 0.9545402000 0.9890865974 0.9907455955
0.9910975980 0.9709988557 0.9318164294 0.9917346111 0.9757468802 0.9826099746 0.8374818955 0.9915042644 0.4166328186 0.9329555185 -0.9915692368 0.9594147903 0.9916077692 0.9930447942
0.9932788100 0.9748418358 0.9376210661 0.9938865283 0.9796215564 0.9858959218 0.8467665157 0.9936911400 0.4217437377 0.9391842864 -0.9936275036 0.9640190958 0.9938011737 0.9950199731
0.9951562224 0.9784150234 0.9431761656 0.9957167067 0.9831740171 0.9888439144 0.8558099557 0.9955556492 0.4267347025 0.9451557146 -0.9954083773 0.9683519777 0.9956654094 0.9966699422
0.9967291047 0.9817177255 0.9484804911 0.9972239602 0.9863998223 0.9914517733 0.8646091854 0.9970965720 0.4315977497 0.9508622274 -0.9969070657 0.9724122971 0.9971990747 0.9979935119
0.9979967265 0.9847492491 0.9535328060 0.9984071024 0.9892945322 0.9937173195 0.8731611751 0.9983126885 0.4363249161 0.9562962490 -0.9981187764 0.9761989154 0.9984007680 0.9989894923
0.9989583573 0.9875089010 0.9583318737 0.9992649473 0.9918537070 0.9956383739 0.8814628948 0.9992027786 0.4409082386 0.9614502037 -0.9990387174 0.9797106937 0.9992690877 0.9996566937
0.9996132668 0.9899959881 0.9628764573 0.9997963086 0.9940729069 0.9972127573 0.8895113147 0.9997656224 0.4453397540 0.9663165158 -0.9996620965 0.9829464933 0.9998026323 0.9999939262
0.9999607245 0.9922098174 0.9671653204 1.0000000000 0.9959476919 0.9984382907 0.8973034047 1.0000000000 0.4496114991 0.9708876095 -0.9999841214 0.9859051753 1.0000000000 1.0000000000
1.0000000000 0.9941496958 0.9711972261 0.9998748354 0.9974736222 0.9993127950 0.9048361350 0.9999046913 0.4537155106 0.9751559092 -1.0000000000 0.9885856011 0.9998597893 0.9996737254
0.9997303628 0.9958149302 0.9749709379 0.9994196285 0.9986462581 0.9998340912 0.9121064757 0.9994784764 0.4576438254 0.9791138390 -0.9997049401 0.9909866318 0.9993805987 0.9990139125
0.9991510825 0.9972048275 0.9784852190 0.9986331931 0.9994611595 1.0000000000 0.9191113968 0.9987201353 0.4613884804 0.9827538233 -0.9990941494 0.9931071285 0.9985610265 0.9980193717
0.9982614288 0.9983186946 0.9817388328 0.9975143430 0.9999138868 0.9998083425 0.9258478685 0.9976284480 0.4649415122 0.9860682863 -0.9981628359 0.9949459527 0.9973996710 0.9966889130
0.9970606710 0.9991558386 0.9847305426 0.9960618919 1.0000000000 0.9992569395 0.9323128609 0.9962021945 0.4682949578 0.9890496523 -0.9969062073 0.9965019654 0.9958951308 0.9950213467
0.9955480789 0.9997155661 0.9874591118 0.9942746538 0.9997150593 0.9983436119 0.9385033440 0.9944401549 0.4714408538 0.9916903455 -0.9953194714 0.9977740279 0.9940460043 0.9930154830
0.9937229220 0.9999971843 0.9899233036 0.9921514422 0.9990546249 0.9970661807 0.9444162879 0.9923411092 0.4743712372 0.9939827903 -0.9933978360 0.9987610013 0.9918508897 0.9906701321
