0.0982411872 0.2892654335 0.2815363025 -0.0815871121 0.3365715650 0.1856328040 0.4619291658 -0.0839813080 0.3861115773 0.2092182958 -0.2282251189 0.3046677346 -0.0739150509 -0.0824198308
0.0675625586 0.2530341993 0.2458531770 -0.1074799858 0.2992791153 0.1517251062 0.4238149165 -0.1098154838 0.3480409902 0.1734441356 -0.1924163400 0.2680333162 -0.1003093744 -0.1085281715
0.0358885002 0.2156436538 0.2089950439 -0.1341835424 0.2607583953 0.1167945529 0.3841675936 -0.1364575365 0.3086401094 0.1367021050 -0.1555927722 0.2302232993 -0.1275017419 -0.1354299361
0.0032048177 0.1770782791 0.1709458354 -0.1617099064 0.2209938488 0.0808276294 0.3429658272 -0.1639195535 0.2678936048 0.0989815505 -0.1177419941 0.1912219763 -0.1555038117 -0.1631367963
-0.0305026829 0.1373225573 0.1316894839 -0.1900712022 0.1799699194 0.0438108211 0.3001882473 -0.1922136224 0.2257861466 0.0602718185 -0.0788515845 0.1510136393 -0.1843272417 -0.1916604236
-0.0652481958 0.0963609704 0.0912099214 -0.2192795542 0.1376710512 0.0057306133 0.2558134840 -0.2213518306 0.1823024049 0.0205622555 -0.0389091220 0.1095825807 -0.2139836901 -0.2210124893
-0.1010459151 0.0541780006 0.0494910803 -0.2493470868 0.0940816879 -0.0334265086 0.2098201674 -0.2513462656 0.1374270498 -0.0201577922 0.0020978145 0.0669130928 -0.2444848151 -0.2512046651
-0.1379100350 0.0107581300 0.0065168927 -0.2802859245 0.0491862733 -0.0736740593 0.1621869275 -0.2822090149 0.0911447514 -0.0618989780 0.0441816465 0.0229894679 -0.2758422746 -0.2822486224
-0.1758547495 -0.0339141594 -0.0377287091 -0.3121081916 0.0029692513 -0.1150255535 0.1128923944 -0.3139521661 0.0434401798 -0.1046719555 0.0873547951 -0.0222040017 -0.3080677268 -0.3141560327
-0.2148942529 -0.0798543854 -0.0832617929 -0.3448260126 -0.0445849344 -0.1574945057 0.0619151981 -0.3465878065 -0.0057019948 -0.1484873783 0.1316296817 -0.0686830238 -0.3411728299 -0.3469385675
-0.2550427392 -0.1270780660 -0.1300984266 -0.3784515119 -0.0934918398 -0.2010944307 0.0092339688 -0.3801280238 -0.0562971024 -0.1933558999 0.1770187275 -0.1164633061 -0.3751692418 -0.3806078983
-0.2963144026 -0.1756007191 -0.1782546778 -0.4129968139 -0.1437670213 -0.2458388431 -0.0451726636 -0.4145849054 -0.1083604729 -0.2392881739 0.2235343539 -0.1655605562 -0.4100686208 -0.4151756966
-0.3387234373 -0.2254378625 -0.2277466145 -0.4484740430 -0.1954260349 -0.2917412575 -0.1013260689 -0.4499705388 -0.1619074362 -0.2862948539 0.2711889821 -0.2159904818 -0.4458826248 -0.4506536339
-0.3822840373 -0.2766050143 -0.2785903042 -0.4848953237 -0.2484844369 -0.3388151886 -0.1592476172 -0.4862970116 -0.2169533220 -0.3343865933 0.3199950334 -0.2677687908 -0.4826229121 -0.4870533818
-0.4270103967 -0.3291176922 -0.3308018149 -0.5222727803 -0.3029577834 -0.3870741512 -0.2189586783 -0.5235764111 -0.2735134604 -0.3835740457 0.3699649292 -0.3209111907 -0.5203011407 -0.5243866116
-0.4729167099 -0.3829914143 -0.3843972143 -0.5606185373 -0.3588616305 -0.4365316597 -0.2804806221 -0.5618208249 -0.3316031813 -0.4338678648 0.4211110906 -0.3754333894 -0.5589289688 -0.5626649950
-0.5200171707 -0.4382416983 -0.4393925703 -0.5999447191 -0.4162115346 -0.4872012289 -0.3438348187 -0.6010423406 -0.3912378145 -0.4852787040 0.4734459389 -0.4313510944 -0.5985180543 -0.6019002033
-0.5683259735 -0.4948840623 -0.4958039505 -0.6402634501 -0.4750230517 -0.5390963734 -0.4090426379 -0.6412530456 -0.4524326899 -0.5378172169 0.5269818956 -0.4886800136 -0.6390800555 -0.6421039081
-0.6178573123 -0.5529340241 -0.5536474227 -0.6815868548 -0.5353117381 -0.5922306079 -0.4761254498 -0.6824650273 -0.5152031374 -0.5914940570 0.5817313817 -0.5474358546 -0.6806266304 -0.6832877809
-0.6686253813 -0.6124071016 -0.6129390548 -0.7239270575 -0.5970931498 -0.6466174471 -0.5451046241 -0.7246903734 -0.5795644869 -0.6463198780 0.6377068187 -0.6076343251 -0.7231694372 -0.7254634932
