-0.4066747244 0.1026386608 0.0064422685 -0.9902732515 0.1750403326 -0.3316866699 0.1404677212 -0.9920894742 0.3158844071 -0.0514536719 0.1884496872 0.1199140427 -0.9620461715 -0.9640150905
-0.4058516254 0.1112833120 0.0198755384 -0.9937963239 0.1808137037 -0.3309999843 0.1534183932 -0.9952583478 0.3239782266 -0.0507750626 0.1866010645 0.1295937262 -0.9689008684 -0.9706856921
-0.4043023688 0.1207135397 0.0340633713 -0.9965443152 0.1872604108 -0.3296164664 0.1669555866 -0.9976423062 0.3326403034 -0.0494972725 0.1840699316 0.1400453617 -0.9751079657 -0.9767058118
-0.4020140727 0.1309422847 0.0490171389 -0.9985034452 0.1943921222 -0.3275236237 0.1810880528 -0.9992274800 0.3418802201 -0.0476091585 0.1808441061 0.1512814757 -0.9806553702 -0.9820633711
-0.3989738556 0.1419824881 0.0647482131 -0.9996599336 0.2022205060 -0.3247089642 0.1958245434 -1.0000000000 0.3517075596 -0.0450995776 0.1769114060 0.1633145946 -0.9855309890 -0.9867462914
-0.3951688359 0.1538470908 0.0812679657 -1.0000000000 0.2107572304 -0.3211599954 0.2111738099 -0.9999459969 0.3621319044 -0.0419573866 0.1722596491 0.1761572449 -0.9897227294 -0.9907424943
-0.3905861320 0.1665490338 0.0985877683 -0.9995098641 0.2200139635 -0.3168642251 0.2271446036 -0.9990516014 0.3731628374 -0.0381714424 0.1668766532 0.1898219531 -0.9932184982 -0.9940399013
-0.3852128622 0.1801012581 0.1167189929 -0.9981757457 0.2300023736 -0.3118091611 0.2437456762 -0.9973029442 0.3848099411 -0.0337306021 0.1607502362 0.2043212454 -0.9960062026 -0.9966264339
-0.3790361450 0.1945167046 0.1356730111 -0.9959838644 0.2407341288 -0.3059823110 0.2609857791 -0.9946861561 0.3970827984 -0.0286237225 0.1538682159 0.2196676485 -0.9980737497 -0.9984900135
-0.3720430987 0.2098083143 0.1554611948 -0.9929204399 0.2522208973 -0.2993711825 0.2788736639 -0.9911873677 0.4099909919 -0.0228396605 0.1462184101 0.2358736887 -0.9994090464 -0.9996185617
-0.3642208417 0.2259890281 0.1760949157 -0.9889716920 0.2644743472 -0.2919632835 0.2974180820 -0.9867927097 0.4235441044 -0.0163672731 0.1377886367 0.2529518926 -1.0000000000 -1.0000000000
-0.3555564924 0.2430717871 0.1975855457 -0.9841238403 0.2775061468 -0.2837461216 0.3166277850 -0.9814883129 0.4377517185 -0.0091954171 0.1285667134 0.2709147864 -0.9998345174 -0.9996222499
-0.3460371692 0.2610695321 0.2199444564 -0.9783631044 0.2913279642 -0.2747072045 0.3365115242 -0.9752603080 0.4526234170 -0.0013129496 0.1185404582 0.2897748967 -0.9989005057 -0.9984732328
-0.3356499904 0.2799952042 0.2431830197 -0.9716757042 0.3059514676 -0.2648340399 0.3570780513 -0.9680948257 0.4681687825 0.0072912726 0.1076976889 0.3095447500 -0.9971858720 -0.9965408703
-0.3243820745 0.2998617444 0.2673126074 -0.9640478593 0.3213883252 -0.2541141357 0.3783361177 -0.9599779967 0.4843973979 0.0166283925 0.0960262233 0.3302368726 -0.9946785234 -0.9938130839
-0.3122205399 0.3206820935 0.2923445912 -0.9554657894 0.3376502051 -0.2425349994 0.4002944749 -0.9508959517 0.5013188457 0.0267095533 0.0835138792 0.3518637910 -0.9913663669 -0.9902777951
-0.2991525048 0.3424691925 0.3182903429 -0.9459157142 0.3547487755 -0.2300841389 0.4229618745 -0.9408348214 0.5189427087 0.0375458979 0.0701484745 0.3744380316 -0.9872373095 -0.9859229253
-0.2851650878 0.3652359825 0.3451612344 -0.9353838534 0.3726957047 -0.2167490618 0.4463470679 -0.9297807366 0.5372785697 0.0491485696 0.0559178270 0.3979721209 -0.9822792585 -0.9807363961
-0.2702454072 0.3889954044 0.3729686373 -0.9238564266 0.3915026607 -0.2025172758 0.4704588066 -0.9177198279 0.5563360113 0.0615287112 0.0408097545 0.4224785854 -0.9764801207 -0.9747061290
-0.2543805813 0.4137603991 0.4017239235 -0.9113196537 0.4111813118 -0.1873762888 0.4953058421 -0.9046382261 0.5761246162 0.0746974661 0.0248120750 0.4479699515 -0.9698278034 -0.9678200455
