0.5368149915 0.6212471409 0.5901329842 0.3583205455 0.3972588580 0.2302620936 0.3993623687 0.3590406185 -0.2607006434 -0.7789949852 -0.6252623587 0.6027516391 0.3316810525 0.3212263678
0.5185473764 0.6064907902 0.5743299044 0.3356576295 0.4035874151 0.2227488832 0.3974467814 0.3364013902 -0.2367154823 -0.7705003379 -0.6099339182 0.5872876174 0.3083712537 0.2976933396
0.5001414730 0.5916778979 0.5584568795 0.3128687350 0.4098654492 0.2152870849 0.3955181735 0.3136365451 -0.2126010844 -0.7617967828 -0.5943816637 0.5717533665 0.2849362821 0.2740371997
0.4816108105 0.5768228531 0.5425283195 0.2899691622 0.4160952354 0.2078883130 0.3935842436 0.2907613846 -0.1883708064 -0.7528818817 -0.5786107425 0.5561631731 0.2613916686 0.2502736020
0.4629689182 0.5619400448 0.5265586349 0.2669742112 0.4222790491 0.2005641819 0.3916526900 0.2677912101 -0.1640380049 -0.7437531963 -0.5626263021 0.5405313234 0.2377529439 0.2264182006
0.4442293252 0.5470438622 0.5105622356 0.2438991823 0.4284191655 0.1933263057 0.3897312113 0.2447413231 -0.1396160367 -0.7344082885 -0.5464334898 0.5248721040 0.2140356388 0.2024866495
0.4254055607 0.5321486942 0.4945535321 0.2207593756 0.4345178597 0.1861862987 0.3878275061 0.2216270249 -0.1151182584 -0.7248447201 -0.5300374531 0.5091998013 0.1902552841 0.1784946024
0.4065111538 0.5172689298 0.4785469345 0.1975700913 0.4405774071 0.1791557753 0.3859492728 0.1984636169 -0.0905580265 -0.7150600529 -0.5134433394 0.4935287018 0.1664274105 0.1544577136
0.3875596339 0.5024189582 0.4625568530 0.1743466296 0.4466000828 0.1722463497 0.3841042100 0.1752664006 -0.0659486977 -0.7050518486 -0.4966562961 0.4778730920 0.1425675487 0.1303916368
0.3685645299 0.4876131684 0.4465976978 0.1511042907 0.4525881622 0.1654696360 0.3823000162 0.1520506774 -0.0413036288 -0.6948176692 -0.4796814706 0.4622472583 0.1186912296 0.1063120261
0.3495393713 0.4728659494 0.4306838791 0.1278583748 0.4585439203 0.1588372487 0.3805443898 0.1288317487 -0.0166361763 -0.6843550764 -0.4625240104 0.4466654873 0.0948139840 0.0822345354
0.3304976870 0.4581916903 0.4148298072 0.1046241819 0.4644696326 0.1523608020 0.3788450295 0.1056249159 0.0080403032 -0.6736616320 -0.4451890628 0.4311420652 0.0709513425 0.0581748187
0.3114530064 0.4436047801 0.3990498923 0.0814170124 0.4703675741 0.1460519101 0.3772096336 0.0824454805 0.0327124529 -0.6627348978 -0.4276817753 0.4156912787 0.0471188359 0.0341485301
0.2924188585 0.4291196079 0.3833585445 0.0582521664 0.4762400202 0.1399221873 0.3756459008 0.0593087439 0.0573669162 -0.6515724356 -0.4100072954 0.4003274142 0.0233319951 0.0101713233
0.2734087727 0.4147505627 0.3677701742 0.0351449440 0.4820892460 0.1339832479 0.3741615295 0.0362300074 0.0819903366 -0.6401718073 -0.3921707703 0.3850647581 -0.0003936493 -0.0137411475
0.2544362780 0.4005120336 0.3522991915 0.0121106455 0.4879175268 0.1282467062 0.3727642182 0.0132245725 0.1065693572 -0.6285305746 -0.3741773476 0.3699175969 -0.0240425665 -0.0375732285
0.2355149037 0.3864184096 0.3369600066 -0.0108354290 0.4937271379 0.1227241763 0.3714616655 -0.0096922593 0.1310906216 -0.6166462993 -0.3560321746 0.3549002172 -0.0475992256 -0.0613092656
0.2166581789 0.3724840798 0.3217670297 -0.0336779792 0.4995203544 0.1174272727 0.3702615699 -0.0325051868 0.1555407730 -0.6045165433 -0.3377403988 0.3400269052 -0.0710480960 -0.0849336049
0.1978796328 0.3587234331 0.3067346711 -0.0564017051 0.5052994516 0.1123676095 0.3691716299 -0.0551989083 0.1799064548 -0.5921388683 -0.3193071675 0.3253119476 -0.0943736468 -0.1084305924
0.1791927946 0.3451508588 0.2918773410 -0.0789913064 0.5110667048 0.1075568010 0.3681995439 -0.0777581226 0.2041743104 -0.5795108361 -0.3007376283 0.3107696307 -0.1175603474 -0.1317845742
