-0.4336941771 -0.6201803300 -0.5998505071 -0.4138806964 0.0521945970 -0.7045508715 -0.2478570045 -0.4186023112 0.2029364462 -0.0162695258 -0.1707053500 -0.6207387790 -0.4057485065 -0.3991070769
-0.4384792707 -0.6202380788 -0.5996299960 -0.4190434797 0.0587109832 -0.7054123318 -0.2296047584 -0.4237542305 0.2089570047 -0.0035009877 -0.1741514331 -0.6209403567 -0.4112562491 -0.4044453937
-0.4430419192 -0.6200752823 -0.5991948812 -0.4239845811 0.0650625504 -0.7060313093 -0.2112802565 -0.4286836730 0.2147885158 0.0090670406 -0.1774344168 -0.6209201709 -0.4165411516 -0.4095634196
-0.4473746153 -0.6196863484 -0.5985397381 -0.4286963490 0.0712416400 -0.7064016823 -0.1928893420 -0.4333829837 0.2204232914 0.0214240553 -0.1805478907 -0.6206725600 -0.4215954129 -0.4144534458
-0.4514698516 -0.6190656845 -0.5976591420 -0.4331711317 0.0772405933 -0.7065173289 -0.1744378584 -0.4378445080 0.2258536434 0.0335595520 -0.1834854445 -0.6201918624 -0.4264112319 -0.4191077632
-0.4553201209 -0.6182076983 -0.5965476681 -0.4374012776 0.0830517517 -0.7063721274 -0.1559316491 -0.4420605909 0.2310718836 0.0454630268 -0.1862406678 -0.6194724166 -0.4309808078 -0.4235186628
-0.4589179158 -0.6171067974 -0.5951998917 -0.4413791350 0.0886674566 -0.7059599560 -0.1373765575 -0.4460235777 0.2360703240 0.0571239757 -0.1888071503 -0.6185085610 -0.4352963394 -0.4276784357
-0.4622557290 -0.6157573895 -0.5936103883 -0.4450970522 0.0940800494 -0.7052746929 -0.1187784268 -0.4497258136 0.2408412763 0.0685318944 -0.1911784816 -0.6172946339 -0.4393500258 -0.4315793728
-0.4653260533 -0.6141538821 -0.5917737331 -0.4485473775 0.0992818714 -0.7043102164 -0.1001431006 -0.4531596438 0.2453770524 0.0796762789 -0.1933482515 -0.6158249738 -0.4431340659 -0.4352137652
-0.4681213814 -0.6122906828 -0.5896845014 -0.4517224593 0.1042652641 -0.7030604047 -0.0814764223 -0.4563174134 0.2496699643 0.0905466252 -0.1953100495 -0.6140939192 -0.4466406587 -0.4385739038
-0.4706342058 -0.6101621994 -0.5873372685 -0.4546146459 0.1090225688 -0.7015191361 -0.0627842351 -0.4591914677 0.2537123238 0.1011324292 -0.1970574653 -0.6120958083 -0.4498620033 -0.4416520798
-0.4728570194 -0.6077628394 -0.5847266097 -0.4572162857 0.1135461268 -0.6996802887 -0.0440723826 -0.4617741518 0.2574964427 0.1114231867 -0.1985840886 -0.6098249797 -0.4527902984 -0.4444405840
-0.4747823148 -0.6050870104 -0.5818471004 -0.4595197269 0.1178282797 -0.6975377407 -0.0253467080 -0.4640578110 0.2610146329 0.1214083937 -0.1998835091 -0.6072757718 -0.4554177433 -0.4469317075
-0.4764025846 -0.6021291200 -0.5786933158 -0.4615173179 0.1218613686 -0.6950853705 -0.0066130548 -0.4660347904 0.2642592063 0.1310775462 -0.2009493164 -0.6044425229 -0.4577365368 -0.4491177414
-0.4777103217 -0.5988835759 -0.5752598313 -0.4632014071 0.1256377351 -0.6923170562 0.0121227336 -0.4676974353 0.2672224748 0.1404201400 -0.2017751001 -0.6013195715 -0.4597388779 -0.4509909766
-0.4786980187 -0.5953447857 -0.5715412221 -0.4645643427 0.1291497205 -0.6892266760 0.0308548138 -0.4690380907 0.2698967502 0.1494256711 -0.2023544499 -0.5979012560 -0.4614169656 -0.4525437041
-0.4793581683 -0.5915071570 -0.5675320636 -0.4655984731 0.1323896661 -0.6858081083 0.0495773425 -0.4700491020 0.2722743444 0.1580836353 -0.2026809555 -0.5941819147 -0.4627629988 -0.4537682150
-0.4796832631 -0.5873650974 -0.5632269311 -0.4662961467 0.1353499135 -0.6820552311 0.0682844763 -0.4707228143 0.2743475693 0.1663835287 -0.2027482066 -0.5901558862 -0.4637691767 -0.4546568002
-0.4796657959 -0.5829130146 -0.5586203999 -0.4666497117 0.1380228038 -0.6779619228 0.0869703717 -0.4710515728 0.2761087366 0.1743148470 -0.2025497927 -0.5858175089 -0.4644276981 -0.4552017508
-0.4792982594 -0.5781453162 -0.5537070454 -0.4666515165 0.1404006786 -0.6735220616 0.1056291854 -0.4710277227 0.2775501584 0.1818670864 -0.2020793036 -0.5811611211 -0.4647307620 -0.4553953577
