-0.0180680051 0.1143930499 0.0876209092 -0.0534033512 0.7392068435 0.0828237712 0.2057197392 -0.0457477708 0.8257668420 -0.0736783003 -0.7923981453 0.1104475799 -0.0318571715 -0.0289472230
-0.0084818170 0.1296537636 0.1045105299 -0.0452248404 0.7475427056 0.0997454416 0.2222849126 -0.0375206456 0.8325252127 -0.0611608444 -0.7975071771 0.1270155879 -0.0242724658 -0.0214259057
0.0010771708 0.1448690712 0.1213698335 -0.0370688410 0.7557981532 0.1166415010 0.2387931413 -0.0293166426 0.8391875948 -0.0486348301 -0.8025395346 0.1435364000 -0.0167108366 -0.0139277679
0.0106057721 0.1600345978 0.1381943723 -0.0289382437 0.7639701899 0.1335075942 0.2552401237 -0.0211386638 0.8457515307 -0.0361020114 -0.8074928338 0.1600053724 -0.0091750557 -0.0064555687
0.0201008008 0.1751459683 0.1549796985 -0.0208359395 0.7720558190 0.1503393658 0.2716215588 -0.0129896113 0.8522145630 -0.0235641421 -0.8123646907 0.1764178614 -0.0016678948 0.0009879329
0.0295590708 0.1901988077 0.1717213644 -0.0127648190 0.7800520442 0.1671324605 0.2879331451 -0.0048723871 0.8585742344 -0.0110229764 -0.8171527215 0.1927692232 0.0058078744 0.0083999779
0.0389773960 0.2051887412 0.1884149223 -0.0047277732 0.7879558688 0.1838825231 0.3041705814 0.0032101071 0.8648280873 0.0015197318 -0.8218545421 0.2090548141 0.0132494804 0.0157778072
0.0483525902 0.2201113936 0.2050559245 0.0032723071 0.7957642964 0.2005851983 0.3203295665 0.0112549690 0.8709736645 0.0140622285 -0.8264677685 0.2252699904 0.0206541514 0.0231186618
0.0576814674 0.2349623901 0.2216399233 0.0112325311 0.8034743304 0.2172361308 0.3364057990 0.0192592968 0.8770085084 0.0266027597 -0.8309900169 0.2414101081 0.0280191157 0.0304197826
0.0669608414 0.2497373556 0.2381624709 0.0191500081 0.8110829744 0.2338309652 0.3523949777 0.0272201885 0.8829301617 0.0391395715 -0.8354189033 0.2574705237 0.0353416017 0.0376784106
0.0761875262 0.2644319152 0.2546191198 0.0270218471 0.8185872317 0.2503653464 0.3682928012 0.0351347422 0.8887361669 0.0516709097 -0.8397520436 0.2734465934 0.0426188378 0.0448917867
0.0853583356 0.2790416938 0.2710054220 0.0348451574 0.8259841060 0.2668349190 0.3840949683 0.0430000557 0.8944240666 0.0641950204 -0.8439870539 0.2893336733 0.0498480521 0.0520571520
0.0944700835 0.2935623166 0.2873169300 0.0426170480 0.8332706006 0.2832353277 0.3997971778 0.0508132273 0.8999914035 0.0767101497 -0.8481215504 0.3051271197 0.0570264732 0.0591717473
0.1035195837 0.3079894084 0.3035491961 0.0503346283 0.8404437190 0.2995622172 0.4153951283 0.0585713548 0.9054357201 0.0892145435 -0.8521531489 0.3208222890 0.0641513292 0.0662328136
0.1125036503 0.3223185944 0.3196977724 0.0579950074 0.8475004648 0.3158112324 0.4308845186 0.0662715363 0.9107545590 0.1017064479 -0.8560794656 0.3364145372 0.0712198486 0.0732375919
0.1214190970 0.3365454995 0.3357582113 0.0655952944 0.8544378414 0.3319780177 0.4462610473 0.0739108699 0.9159454627 0.1141841087 -0.8598981165 0.3518992207 0.0782292596 0.0801833231
0.1302627378 0.3506657488 0.3517260652 0.0731325986 0.8612528523 0.3480582181 0.4615204133 0.0814864535 0.9210059739 0.1266457722 -0.8636067176 0.3672716958 0.0851767906 0.0870672483
0.1390313865 0.3646749673 0.3675968862 0.0806040291 0.8679425010 0.3640474782 0.4766583151 0.0889953853 0.9259336351 0.1390896841 -0.8672028850 0.3825273186 0.0920596699 0.0938866082
0.1477218571 0.3785687800 0.3833662267 0.0880066951 0.8745037909 0.3799414426 0.4916704516 0.0964347631 0.9307259890 0.1515140906 -0.8706842346 0.3976614453 0.0988751259 0.1006386440
0.1563309634 0.3923428119 0.3990296389 0.0953377057 0.8809337256 0.3957357562 0.5065525215 0.1038016851 0.9353805781 0.1639172377 -0.8740483827 0.4126694324 0.1056203868 0.1073205966
