0.6742422220 0.9315214811 0.9564527018 0.5953636366 0.6738397519 0.9127647040 0.8192984380 0.5988235731 -0.1168167664 0.0343707198 -0.3045592043 0.9347115215 0.5364987969 0.5535230347
0.6391425346 0.9152793489 0.9436390863 0.5560901078 0.6924796793 0.8940004967 0.8340797221 0.5594861029 -0.0817509785 0.0665028758 -0.3319834569 0.9187575769 0.4981584272 0.5146186412
0.6015586934 0.8971868911 0.9290792419 0.5143683740 0.7107901644 0.8732672299 0.8483270327 0.5176934196 -0.0455645140 0.0994602688 -0.3596686981 0.9009377787 0.4575010357 0.4733820160
0.5614478004 0.8772103867 0.9127406469 0.4701573981 0.7287603606 0.8505290331 0.8620266432 0.4734043641 -0.0082422558 0.1332529524 -0.3876141672 0.8812177854 0.4144879643 0.4297743859
0.5187669575 0.8553161145 0.8945907796 0.4234161431 0.7463794215 0.8257500359 0.8751648271 0.4265777773 0.0302309133 0.1678909801 -0.4158191037 0.8595632550 0.3690805545 0.3837569777
0.4734732667 0.8314703535 0.8745971181 0.3741035720 0.7636365006 0.7988943678 0.8877278580 0.3771724999 0.0698701104 0.2033844052 -0.4442827468 0.8359398460 0.3212401482 0.3352910182
0.4255238300 0.8056393826 0.8527271408 0.3221786477 0.7805207513 0.7699261583 0.8997020093 0.3251473729 0.1106904528 0.2397432813 -0.4730043359 0.8103132166 0.2709280870 0.2843377341
0.3748757491 0.7777894807 0.8289483258 0.2676003331 0.7970213272 0.7388095372 0.9110735547 0.2704612371 0.1527070574 0.2769776619 -0.5019831103 0.7826490250 0.2181057128 0.2308583522
0.3214861261 0.7478869268 0.8032281515 0.2103275913 0.8131273816 0.7055086338 0.9218287675 0.2130729333 0.1959350416 0.3150976004 -0.5312183093 0.7529129296 0.1627343672 0.1748140994
0.2653120628 0.7158979997 0.7755340959 0.1503193851 0.8288280681 0.6699875777 0.9319539213 0.1529413024 0.2403895223 0.3541131504 -0.5607091723 0.7210705885 0.1047753920 0.1161662024
0.2063106613 0.6817889783 0.7458336375 0.0875346776 0.8441125402 0.6322104986 0.9414352896 0.0900251853 0.2860856168 0.3940343652 -0.5904549387 0.6870876601 0.0441901289 0.0548758879
0.1444390234 0.6455261416 0.7140942543 0.0219324316 0.8589699514 0.5921415260 0.9502591460 0.0242834228 0.3330384423 0.4348712985 -0.6204548477 0.6509298027 -0.0190600803 -0.0090956172
0.0796542511 0.6070757684 0.6802834247 -0.0465283898 0.8733894550 0.5497447893 0.9584117639 -0.0443251443 0.3812631158 0.4766340037 -0.6507081386 0.6125626744 -0.0850138940 -0.0757870862
0.0119134463 0.5664041378 0.6443686269 -0.1178888237 0.8873602048 0.5049844183 0.9658794169 -0.1158416751 0.4307747545 0.5193325342 -0.6812140509 0.5719519337 -0.1537099704 -0.1452372922
-0.0588262892 0.5234775285 0.6063173391 -0.1921899072 0.9008713540 0.4578245423 0.9726483784 -0.1903073288 0.4815884755 0.5629769435 -0.7119718239 0.5290632387 -0.2251869677 -0.2174850086
-0.1326078532 0.4782622196 0.5660970396 -0.2694726772 0.9139120562 0.4082292911 0.9787049220 -0.2677632644 0.5337193961 0.6075772852 -0.7429806968 0.4838622478 -0.2994835442 -0.2925690084
-0.2094741440 0.4307244899 0.5236752065 -0.3497781709 0.9264714649 0.3561627941 0.9840353211 -0.3482506412 0.5871826333 0.6531436127 -0.7742399091 0.4363146192 -0.3766383582 -0.3705280650
-0.2894680595 0.3808306184 0.4790193182 -0.4331474252 0.9385387336 0.3015891809 0.9886258494 -0.4318106184 0.6419933043 0.6996859794 -0.8057487000 0.3863860111 -0.4566900679 -0.4514009515
-0.3726324980 0.3285468839 0.4320968529 -0.5196214773 0.9501030157 0.2444725811 0.9924627803 -0.5184843550 0.6981665262 0.7472144390 -0.8375063089 0.3340420819 -0.5396773317 -0.5352264413
-0.4590103573 0.2738395654 0.3828752887 -0.6092413641 0.9611534648 0.1847771242 0.9955323872 -0.6083130101 0.7557174162 0.7957390448 -0.8695119751 0.2792484899 -0.6256388077 -0.6220433074
