-0.4390822040 -0.5908159317 -0.7490597190 -0.3860955185 -0.1724949575 -0.3964694964 -0.6415492374 -0.3875022087 0.0722406060 -0.1809801169 -0.0881332503 -0.5788345800 -0.3679726189 -0.3842659327
-0.4339360987 -0.5832767215 -0.7399381497 -0.3818945211 -0.1648918963 -0.3900093028 -0.6290342334 -0.3832648714 0.0829635343 -0.1648721819 -0.0944152809 -0.5718227431 -0.3641941527 -0.3805183300
-0.4284973864 -0.5753871873 -0.7304141015 -0.3774220348 -0.1570390119 -0.3832552330 -0.6161128618 -0.3787553855 0.0939046146 -0.1484375308 -0.1008725439 -0.5644681177 -0.3601522940 -0.3765036702
-0.4227768616 -0.5671599803 -0.7205016134 -0.3726881400 -0.1489478340 -0.3762187518 -0.6028008998 -0.3739838571 0.1050511240 -0.1316928198 -0.1074950253 -0.5567830053 -0.3558568197 -0.3722317566
-0.4167853186 -0.5586077514 -0.7102147249 -0.3677029173 -0.1406298919 -0.3689113240 -0.5891141246 -0.3689603926 0.1163903398 -0.1146547047 -0.1142727108 -0.5487797072 -0.3513175065 -0.3677123928
-0.4105335521 -0.5497431519 -0.6995674752 -0.3624764470 -0.1320967152 -0.3613444144 -0.5750683134 -0.3636950981 0.1279095390 -0.0973398415 -0.1211955862 -0.5404705251 -0.3465441312 -0.3629553820
-0.4040323565 -0.5405788328 -0.6885739034 -0.3570188099 -0.1233598333 -0.3535294878 -0.5606792434 -0.3581980798 0.1395959990 -0.0797648861 -0.1282536373 -0.5318677601 -0.3415464704 -0.3579705277
-0.3972925263 -0.5311274451 -0.6772480490 -0.3513400863 -0.1144307757 -0.3454780090 -0.5459626919 -0.3524794439 0.1514369968 -0.0619464944 -0.1354368498 -0.5229837139 -0.3363343009 -0.3527676334
-0.3903248559 -0.5214016399 -0.6656039511 -0.3454503567 -0.1053210719 -0.3372014428 -0.5309344361 -0.3465492967 0.1634198097 -0.0439013224 -0.1427352096 -0.5138306878 -0.3309173996 -0.3473565023
-0.3831401400 -0.5114140683 -0.6536556491 -0.3393597017 -0.0960422514 -0.3287112539 -0.5156102533 -0.3404177444 0.1755317149 -0.0256460261 -0.1501387025 -0.5044209832 -0.3253055430 -0.3417469379
-0.3757491730 -0.5011773814 -0.6414171821 -0.3330782018 -0.0866058437 -0.3200189072 -0.5000059205 -0.3340948932 0.1877599895 -0.0071972612 -0.1576373143 -0.4947669017 -0.3195085079 -0.3359487436
-0.3681627493 -0.4907042302 -0.6289025895 -0.3266159376 -0.0770233783 -0.3111358674 -0.4841372152 -0.3275908493 0.2000919107 0.0114283161 -0.1652210307 -0.4848807445 -0.3135360712 -0.3299717228
-0.3603916635 -0.4800072659 -0.6161259105 -0.3199829894 -0.0673063846 -0.3020735994 -0.4680199144 -0.3209157188 0.2125147557 0.0302140499 -0.1728798375 -0.4747748133 -0.3073980094 -0.3238256789
-0.3524467101 -0.4690991395 -0.6031011844 -0.3131894378 -0.0574663921 -0.2928435679 -0.4516697955 -0.3140796082 0.2250158017 0.0491432844 -0.1806037205 -0.4644614093 -0.3011040995 -0.3175204153
-0.3443386836 -0.4579925021 -0.5898424504 -0.3062453634 -0.0475149304 -0.2834572377 -0.4351026356 -0.3070926234 0.2375823259 0.0681993636 -0.1883826655 -0.4539528340 -0.2946641180 -0.3110657354
-0.3360783784 -0.4467000047 -0.5763637478 -0.2991608466 -0.0374635288 -0.2739260736 -0.4183342119 -0.2999648708 0.2502016054 0.0873656315 -0.1962066584 -0.4432613889 -0.2880878418 -0.3044714426
-0.3276765890 -0.4352342985 -0.5626791159 -0.2919459679 -0.0273237170 -0.2642615405 -0.4013803018 -0.2927064566 0.2628609175 0.1066254323 -0.2040656848 -0.4323993753 -0.2813850476 -0.2977473403
-0.3191441100 -0.4236080345 -0.5488025939 -0.2846108079 -0.0171070244 -0.2544751030 -0.3842566823 -0.2853274870 0.2755475393 0.1259621099 -0.2119497306 -0.4213790948 -0.2745655121 -0.2909032319
-0.3104917358 -0.4118338638 -0.5347482211 -0.2771654471 -0.0068249804 -0.2445782260 -0.3669791308 -0.2778380682 0.2882487481 0.1453590085 -0.2198487816 -0.4102128487 -0.2676390121 -0.2839489207
-0.3017302610 -0.3999244374 -0.5205300368 -0.2696199660 0.0035108854 -0.2345823744 -0.3495634245 -0.2702483064 0.3009518209 0.1647994720 -0.2277528236 -0.3989129385 -0.2606153243 -0.2768942103
