-0.9513191649 -0.9945372651 -0.9995284790 -0.9530868982 -0.9922923078 -0.9932330491 -0.9980105934 -0.9537813431 -0.9623348042 -0.7589997249 0.9942360397 -0.9946256195 -0.9464086165 -0.9474764926
-0.9603221948 -0.9973767725 -1.0000000000 -0.9617278276 -0.9957684994 -0.9894801135 -0.9957075666 -0.9623688694 -0.9608489523 -0.7474910396 0.9971841197 -0.9974380692 -0.9554722666 -0.9564373570
-0.9684580911 -0.9992048505 -0.9995050321 -0.9695392131 -0.9982267398 -0.9848693630 -0.9925087761 -0.9701234594 -0.9584846126 -0.7354234454 0.9991125228 -0.9992366330 -0.9637488585 -0.9646120341
-0.9757074500 -1.0000000000 -0.9980241836 -0.9765029985 -0.9996446873 -0.9793841298 -0.9883965609 -0.9770269923 -0.9552228003 -0.7227877867 1.0000000000 -1.0000000000 -0.9712212980 -0.9719835198
-0.9820508678 -0.9997407223 -0.9955380625 -0.9826011281 -1.0000000000 -0.9730077459 -0.9833532597 -0.9830613477 -0.9510445306 -0.7095749079 0.9998253021 -0.9997068593 -0.9778724906 -0.9785348097
-0.9874689406 -0.9984055184 -0.9920272772 -0.9878155459 -0.9992703362 -0.9657235434 -0.9773612116 -0.9882084050 -0.9459308190 -0.6957756532 0.9985671799 -0.9983358999 -0.9836853420 -0.9842488996
-0.9919422649 -0.9959728896 -0.9874724358 -0.9921281959 -0.9974333541 -0.9575148545 -0.9704027555 -0.9924500436 -0.9398626807 -0.6813808672 0.9962043844 -0.9958658109 -0.9886427578 -0.9891087853
-0.9954514367 -0.9924213370 -0.9818541464 -0.9955210223 -0.9944667119 -0.9483650114 -0.9624602303 -0.9957681430 -0.9328211311 -0.6663813942 0.9927156663 -0.9922752814 -0.9927276436 -0.9930974624
-0.9979770523 -0.9877293617 -0.9751530174 -0.9979759690 -0.9903480678 -0.9382573460 -0.9535159749 -0.9981445825 -0.9247871854 -0.6507680786 0.9880797766 -0.9875430006 -0.9959229051 -0.9961979266
-0.9994997080 -0.9818754649 -0.9673496568 -0.9994749803 -0.9850550801 -0.9271751905 -0.9435523283 -0.9995612417 -0.9157418589 -0.6345317647 0.9822754660 -0.9816476575 -0.9982114480 -0.9983931738
-1.0000000000 -0.9748381478 -0.9584246729 -1.0000000000 -0.9785654069 -0.9151018771 -0.9325516294 -1.0000000000 -0.9056661669 -0.6176632971 0.9752814855 -0.9745679411 -0.9995761777 -0.9996661997
-0.9994585245 -0.9665959114 -0.9483586740 -0.9995329724 -0.9708567065 -0.9020207378 -0.9204962171 -0.9994427368 -0.8945411248 -0.6001535199 0.9670765859 -0.9662825407 -1.0000000000 -1.0000000000
-0.9978558778 -0.9571272570 -0.9371322681 -0.9980558414 -0.9619066371 -0.8879151048 -0.9073684303 -0.9978713316 -0.8823477478 -0.5819932777 0.9576395181 -0.9567701452 -0.9994658205 -0.9993775704
-0.9951726561 -0.9464106856 -0.9247260634 -0.9955505511 -0.9516928569 -0.8727683102 -0.8931506080 -0.9952676637 -0.8690670513 -0.5631734149 0.9469490329 -0.9460094437 -0.9979565448 -0.9977819067
-0.9913894557 -0.9344246984 -0.9111206683 -0.9919990457 -0.9401930242 -0.8565636861 -0.8778250891 -0.9916136127 -0.8546800506 -0.5436847757 0.9349838812 -0.9339791254 -0.9954550786 -0.9951960046
-0.9864868727 -0.9211477967 -0.8962966909 -0.9873832692 -0.9273847971 -0.8392845646 -0.8613742125 -0.9868910580 -0.8391677609 -0.5235182047 0.9217228138 -0.9206578793 -0.9919443274 -0.9916028598
-0.9804455035 -0.9065584814 -0.8802347393 -0.9816851655 -0.9132458338 -0.8209142779 -0.8437803172 -0.9810818790 -0.8225111976 -0.5026645461 0.9071445816 -0.9060243945 -0.9874071970 -0.9869854681
-0.9732459442 -0.8906352538 -0.8629154218 -0.9748866790 -0.8977537926 -0.8014361580 -0.8250257420 -0.9741679551 -0.8046913760 -0.4811146444 0.8912279354 -0.8900573601 -0.9818265929 -0.9813268252
-0.9648687911 -0.8733566151 -0.8443193465 -0.9669697535 -0.8808863318 -0.7808335371 -0.8050928259 -0.9661311659 -0.7856893114 -0.4588593440 0.8739516262 -0.8727354652 -0.9751854208 -0.9746099269
-0.9552946405 -0.8547010663 -0.8244271217 -0.9579163331 -0.8626211094 -0.7590897473 -0.7839639078 -0.9569533906 -0.7654860191 -0.4358894892 0.8552944047 -0.8540373988 -0.9674665862 -0.9668177688
