0.2744052129 0.0803568885 -0.0256119580 0.3115053223 0.2451357186 0.3306996995 -0.0667031800 0.3129745998 0.1876468219 0.3955663144 -0.3925016195 0.0810583978 0.2983822570 0.2984339577
0.3120611635 0.1118815820 0.0029549094 0.3506703220 0.2807733603 0.3696869923 -0.0399736217 0.3521515597 0.2208707014 0.4353926929 -0.4323030318 0.1125894125 0.3374527868 0.3375023178
0.3483843521 0.1422520819 0.0304924198 0.3884907521 0.3150286533 0.4072584133 -0.0142733233 0.3899803144 0.2527233362 0.4736570487 -0.4705507042 0.1429644794 0.3752115371 0.3752586943
0.3833923772 0.1714843585 0.0570150288 0.4249838337 0.3479207029 0.4434327499 0.0104126894 0.4264781682 0.2832243062 0.5103804432 -0.5072656093 0.1721996000 0.4116749031 0.4117195021
0.4171028368 0.1995943820 0.0825371918 0.4601667884 0.3794686142 0.4782287898 0.0340993911 0.4616624254 0.3123931913 0.5455839377 -0.5424687197 0.2003107757 0.4468592801 0.4469011559
0.4495333295 0.2265981225 0.1070733642 0.4940568373 0.4096914923 0.5116653204 0.0568017562 0.4955503903 0.3402495717 0.5792885937 -0.5761810081 0.2273140080 0.4807810633 0.4808200707
0.4807014534 0.2525115505 0.1306380015 0.5266712019 0.4386084422 0.5437611293 0.0785347590 0.5281593672 0.3668130273 0.6115154728 -0.6084234469 0.2532252985 0.5134566478 0.5134926614
0.5106248068 0.2773506360 0.1532455592 0.5580271035 0.4662385691 0.5745350040 0.0993133740 0.5595066605 0.3921031381 0.6422856362 -0.6392170088 0.2780606486 0.5449024288 0.5449353427
0.5393209880 0.3011313492 0.1749104928 0.5881417635 0.4926009781 0.6040057321 0.1191525757 0.5896095744 0.4161394842 0.6716201455 -0.6685826664 0.3018360599 0.5751348015 0.5751645296
0.5668075954 0.3238696605 0.1956472577 0.6170324031 0.5177147743 0.6321921011 0.1380673385 0.6184854132 0.4389416456 0.6995400621 -0.6965413922 0.3245675339 0.6041701611 0.6041966369
0.5931022271 0.3455815400 0.2154703095 0.6447162437 0.5415990629 0.6591128985 0.1560726369 0.6461514813 0.4605292022 0.7260664475 -0.7231141589 0.3462710720 0.6320249029 0.6320480795
0.6182224815 0.3662829580 0.2343941034 0.6712105067 0.5642729488 0.6847869119 0.1731834453 0.6726250828 0.4809217341 0.7512203630 -0.7483219389 0.3669626758 0.6587154219 0.6587352722
0.6421859569 0.3859898846 0.2524330952 0.6965324135 0.5857555374 0.7092329288 0.1894147381 0.6979235222 0.5001388212 0.7750228702 -0.7721857049 0.3866583467 0.6842581135 0.6842746300
0.6650102515 0.4047182902 0.2696017401 0.7206991852 0.6060659336 0.7324697368 0.2047814898 0.7220641038 0.5182000437 0.7974950304 -0.7947264295 0.4053740863 0.7086693728 0.7086825677
0.6867129637 0.4224841449 0.2859144936 0.7437280434 0.6252232425 0.7545161233 0.2192986749 0.7450641317 0.5351249815 0.8186579051 -0.8159650853 0.4231258961 0.7319655949 0.7319755001
0.7073116918 0.4393034189 0.3013858114 0.7656362093 0.6432465694 0.7753908760 0.2329812677 0.7669409104 0.5509332145 0.8385325558 -0.8359226448 0.4399297775 0.7541631751 0.7541698421
0.7268240339 0.4551920825 0.3160301487 0.7864409042 0.6601550192 0.7951127823 0.2458442428 0.7877117441 0.5656443229 0.8571400439 -0.8546200806 0.4558017321 0.7752785086 0.7752820086
0.7452675885 0.4701661060 0.3298619611 0.8061593496 0.6759676972 0.8137006298 0.2579025745 0.8073939371 0.5792778867 0.8745014309 -0.8720783653 0.4707577613 0.7953279906 0.7953284145
0.7626599538 0.4842414594 0.3428957040 0.8248087667 0.6907037083 0.8311732060 0.2691712374 0.8260047938 0.5918534858 0.8906377781 -0.8883184715 0.4848138668 0.8143280162 0.8143254745
0.7790187280 0.4974341131 0.3551458329 0.8424063770 0.7043821578 0.8475492985 0.2796652057 0.8435616184 0.6033907002 0.9055701470 -0.9033613718 0.4979860498 0.8322949807 0.8322896037
