0.2305620608 0.0253931520 0.0118015221 0.5699112921 -0.1491637185 0.1976294540 -0.2324285156 0.5627362072 -0.7152278408 -0.3400642401 -0.5648321497 0.0531836540 0.5977379482 0.6042703241
0.2243476192 0.0209076597 0.0080578057 0.5627743531 -0.1607239408 0.1911019120 -0.2348964864 0.5556037774 -0.7260204842 -0.3506633835 -0.5480383699 0.0487238736 0.5903076799 0.5968674484
0.2180699230 0.0163889852 0.0042839631 0.5555277060 -0.1723062567 0.1845149406 -0.2373601128 0.5483625963 -0.7366451808 -0.3612577380 -0.5310724690 0.0442272783 0.5827635250 0.5893498686
0.2117346750 0.0118420758 0.0004846462 0.5481775451 -0.1839030160 0.1778743525 -0.2398153361 0.5410188536 -0.7470993964 -0.3718401031 -0.5139432321 0.0396988163 0.5751118034 0.5817238961
0.2053475783 0.0072718788 -0.0033354932 0.5407300644 -0.1955065688 0.1711859607 -0.2422580976 0.5335787389 -0.7573805969 -0.3824032783 -0.4966594445 0.0351434355 0.5673588346 0.5739958424
0.1989143356 0.0026833417 -0.0071718033 0.5331914582 -0.2071092653 0.1644555779 -0.2446843387 0.5260484419 -0.7674862481 -0.3929400630 -0.4792298911 0.0305660839 0.5595109382 0.5661720189
0.1924406499 -0.0019185882 -0.0110196324 0.5255679206 -0.2187034553 0.1576890169 -0.2470900005 0.5184341522 -0.7774138159 -0.4034432568 -0.4616633572 0.0259717094 0.5515744340 0.5582587371
0.1859322240 -0.0065289635 -0.0148743286 0.5178656457 -0.2302814890 0.1508920906 -0.2494710244 0.5107420593 -0.7871607660 -0.4139056591 -0.4439686280 0.0213652600 0.5435556416 0.5502623083
0.1793947609 -0.0111428367 -0.0187312402 0.5100908277 -0.2418357162 0.1440706119 -0.2518233515 0.5029783531 -0.7967245641 -0.4243200682 -0.4261544883 0.0167516838 0.5354608806 0.5421890440
0.1728339633 -0.0157552607 -0.0225857153 0.5022496607 -0.2533584875 0.1372303934 -0.2541429234 0.4951492229 -0.8061026770 -0.4346792872 -0.4082297239 0.0121359285 0.5272964707 0.5340452557
0.1662555342 -0.0203612878 -0.0264331023 0.4943483390 -0.2648421524 0.1303772480 -0.2564256811 0.4872608586 -0.8152925695 -0.4449761119 -0.3902031194 0.0075229423 0.5190687316 0.5258372547
0.1596651766 -0.0249559708 -0.0302687492 0.4863930565 -0.2762790611 0.1235169887 -0.2586675661 0.4793194498 -0.8242917078 -0.4552033431 -0.3720834602 0.0029176731 0.5107839828 0.5175713525
0.1530685932 -0.0295343622 -0.0340880044 0.4783900076 -0.2876615637 0.1166554282 -0.2608645195 0.4713311860 -0.8330975578 -0.4653537802 -0.3538795313 -0.0016749311 0.5024485440 0.5092538605
0.1464714869 -0.0340915148 -0.0378862159 0.4703453863 -0.2989820102 0.1097983793 -0.2630124826 0.4633022569 -0.8417075852 -0.4754202228 -0.3356001179 -0.0062499224 0.4940687349 0.5008910902
0.1398795608 -0.0386224811 -0.0416587321 0.4622653867 -0.3102327507 0.1029516548 -0.2651073968 0.4552388522 -0.8501192560 -0.4853954702 -0.3172540052 -0.0108023527 0.4856508752 0.4924893530
0.1332985175 -0.0431223137 -0.0454009012 0.4541562031 -0.3214061352 0.0961210676 -0.2671452032 0.4471471614 -0.8583300360 -0.4952723220 -0.2988499783 -0.0153272742 0.4772012844 0.4840549603
0.1267340601 -0.0475860652 -0.0491080713 0.4460240296 -0.3324945137 0.0893124305 -0.2691218433 0.4390333743 -0.8663373910 -0.5050435776 -0.2803968223 -0.0198197387 0.4687262823 0.4755942235
0.1201918913 -0.0520087883 -0.0527755906 0.4378750603 -0.3434902363 0.0825315564 -0.2710332583 0.4309036804 -0.8741387869 -0.5147020366 -0.2619033225 -0.0242747984 0.4602321884 0.4671134542
0.1136777142 -0.0563855356 -0.0563988074 0.4297154895 -0.3543856530 0.0757842580 -0.2728753894 0.4227642693 -0.8817316895 -0.5242404983 -0.2433782640 -0.0286875053 0.4517253225 0.4586189636
0.1071972316 -0.0607113597 -0.0599730699 0.4215515111 -0.3651731139 0.0690763482 -0.2746441779 0.4146213308 -0.8891135647 -0.5336517624 -0.2248304318 -0.0330529114 0.4432120041 0.4501170633
