-0.5966228966 -0.6103188687 -0.6590868314 -0.5804407022 -0.0767667747 -0.4416723136 -0.5920720661 -0.5805111559 -0.1596597772 -0.1117809791 0.0837085581 -0.5962760928 -0.5739928432 -0.5750904946
-0.5773681428 -0.5883397275 -0.6400232332 -0.5573062170 -0.0233484304 -0.4103835433 -0.5686941031 -0.5573630394 -0.1097278955 -0.0598231015 0.0305406493 -0.5736033656 -0.5505375174 -0.5517713988
-0.5589117559 -0.5670923457 -0.6216189750 -0.5350250412 0.0284890166 -0.3801715034 -0.5460373215 -0.5350659446 -0.0610781822 -0.0093177985 -0.0210752780 -0.5517011058 -0.5279529836 -0.5293301029
-0.5412430995 -0.5465675477 -0.6038654995 -0.5135863192 0.0787623201 -0.3510232862 -0.5240929492 -0.5136090540 -0.0136987337 0.0397497308 -0.0711552643 -0.5305596588 -0.5062281713 -0.5077554048
-0.5243515373 -0.5267561578 -0.5867542493 -0.4929791958 0.1274882340 -0.3229259844 -0.5028522141 -0.4929815497 0.0324223542 0.0873942869 -0.1197153501 -0.5101693699 -0.4853520099 -0.4870361023
-0.5082264327 -0.5076490003 -0.5702766671 -0.4731928155 0.1746835122 -0.2958666904 -0.4823063439 -0.4731726140 0.0772969852 0.1336306707 -0.1667715758 -0.4905205843 -0.4653134292 -0.4671609933
-0.4928571495 -0.4892368993 -0.5544241956 -0.4542163229 0.2203649086 -0.2698324965 -0.4624465666 -0.4541714292 0.1209370633 0.1784736829 -0.2123399820 -0.4716036473 -0.4461013586 -0.4481188758
-0.4782330512 -0.4715106792 -0.5391882774 -0.4360388626 0.2645491770 -0.2448104955 -0.4432641100 -0.4359671777 0.1633544923 0.2219381241 -0.2564366090 -0.4534089042 -0.4277047276 -0.4298985476
-0.4643435014 -0.4544611643 -0.5245603554 -0.4186495792 0.3072530715 -0.2207877796 -0.4247502020 -0.4185490416 0.2045611762 0.2640387952 -0.2990774975 -0.4359267003 -0.4101124659 -0.4124888066
-0.4511778638 -0.4380791788 -0.5105318720 -0.4020376173 0.3484933458 -0.1977514414 -0.4068960703 -0.4019062033 0.2445690189 0.3047904969 -0.3402786877 -0.4191473808 -0.3933135030 -0.3958784507
-0.4387255019 -0.4223555471 -0.4970942701 -0.3861921215 0.3882867538 -0.1756885733 -0.3896929430 -0.3860278450 0.2833899242 0.3442080298 -0.3800562203 -0.4030612911 -0.3772967685 -0.3800562778
-0.4269757794 -0.4072810933 -0.4842389923 -0.3711022363 0.4266500495 -0.1545862679 -0.3731320478 -0.3709031490 0.3210357961 0.3823061948 -0.4184261357 -0.3876587764 -0.3620511919 -0.3650110859
-0.4159180598 -0.3928466418 -0.4719574813 -0.3567571065 0.4635999868 -0.1344316175 -0.3572046125 -0.3565212976 0.3575185384 0.4190997925 -0.4554044744 -0.3729301820 -0.3475657028 -0.3507316727
-0.4055417068 -0.3790430168 -0.4602411798 -0.3431458765 0.4991533194 -0.1152117147 -0.3419018652 -0.3428714731 0.3928500551 0.4546036236 -0.4910072768 -0.3588658532 -0.3338292307 -0.3372068362
-0.3958360839 -0.3658610427 -0.4490815304 -0.3302576909 0.5333268014 -0.0969136520 -0.3272150335 -0.3299428577 0.4270422501 0.4888324890 -0.5252505834 -0.3454561353 -0.3208307053 -0.3244253743
-0.3867905549 -0.3532915436 -0.4384699758 -0.3180816945 0.5661371866 -0.0795245218 -0.3131353453 -0.3177246337 0.4601070272 0.5218011893 -0.5581504347 -0.3326913736 -0.3085590560 -0.3123760849
-0.3783944832 -0.3413253439 -0.4283979588 -0.3066070317 0.5976012289 -0.0630314166 -0.2996540286 -0.3062059835 0.4920562903 0.5535245253 -0.5897228711 -0.3205619133 -0.2970032124 -0.3010477659
-0.3706372325 -0.3299532679 -0.4188569219 -0.2958228471 0.6277356823 -0.0474214288 -0.2867623111 -0.2953760892 0.5229019434 0.5840172976 -0.6199839332 -0.3090580997 -0.2861521040 -0.2904292151
-0.3635081664 -0.3191661398 -0.4098383079 -0.2857182854 0.6565573005 -0.0326816510 -0.2744514207 -0.2852241333 0.5526558903 0.6132943071 -0.6489496614 -0.2981702782 -0.2759946605 -0.2805092305
-0.3569966485 -0.3089547839 -0.4013335595 -0.2762824911 0.6840828374 -0.0187991755 -0.2627125853 -0.2757392978 0.5813300350 0.6413703544 -0.6766360961 -0.2878887939 -0.2665198114 -0.2712766099
