0.9983116486 0.9961246841 0.9974757122 0.9985133938 0.0342465005 0.4354368178 0.3538943737 0.9985304753 -0.9853494893 -0.9829525049 -1.0000000000 0.9967732364 0.9976342165 0.9971718002
0.9995226105 0.9981013194 0.9990163327 0.9965407107 0.0450505520 0.4371595969 0.3601732212 0.9965667913 -0.9802738235 -0.9812359895 -0.9996153223 0.9985428957 0.9952074737 0.9945531146
1.0000000000 0.9993882950 0.9998529586 0.9937688411 0.0557039703 0.4384227604 0.3661003135 0.9938042281 -0.9744812286 -0.9794178469 -0.9987803442 0.9996137214 0.9919722046 0.9911225426
0.9997573462 1.0000000000 1.0000000000 0.9902130852 0.0662090305 0.4392379225 0.3716833492 0.9902580871 -0.9679850612 -0.9774956389 -0.9975002130 1.0000000000 0.9879439398 0.9868957384
0.9988081784 0.9999508234 0.9994718673 0.9858887432 0.0765680078 0.4396166976 0.3769300267 0.9859436697 -0.9607986779 -0.9754669271 -0.9957800762 0.9997160180 0.9831382103 0.9818883558
0.9971660257 0.9992551543 0.9982829705 0.9808111153 0.0867831776 0.4395706998 0.3818480446 0.9808762773 -0.9529354354 -0.9733292736 -0.9936250813 0.9987760618 0.9775705467 0.9761160489
0.9948444173 0.9979273818 0.9964477200 0.9749955017 0.0968568150 0.4391115436 0.3864451013 0.9750712114 -0.9444086904 -0.9710802400 -0.9910403756 0.9971944180 0.9712564797 0.9695944716
0.9918568824 0.9959818947 0.9939805260 0.9684572026 0.1067911953 0.4382508430 0.3907288954 0.9685437734 -0.9352317995 -0.9687173881 -0.9880311065 0.9949853729 0.9642115403 0.9623392778
0.9882169502 0.9934330823 0.9908957986 0.9612115181 0.1165885936 0.4370002125 0.3947071254 0.9613092646 -0.9254181193 -0.9662382798 -0.9846024215 0.9921632131 0.9564512591 0.9543661216
0.9839381499 0.9902953336 0.9872079482 0.9532737484 0.1262512854 0.4353712662 0.3983874899 0.9533829866 -0.9149810064 -0.9636404769 -0.9807594680 0.9887422249 0.9479911669 0.9456906569
0.9790340106 0.9865830376 0.9829313848 0.9446591936 0.1357815456 0.4333756184 0.4017776872 0.9447802407 -0.9039338176 -0.9609215412 -0.9765073934 0.9847366950 0.9388467945 0.9363285376
0.9735180615 0.9823105833 0.9780805187 0.9353831541 0.1451816497 0.4310248835 0.4048854160 0.9355163283 -0.8922899095 -0.9580790344 -0.9718513450 0.9801609096 0.9290336726 0.9262954178
0.9674038319 0.9774923599 0.9726697601 0.9254609299 0.1544538728 0.4283306756 0.4077183748 0.9256065509 -0.8800626387 -0.9551105184 -0.9667964705 0.9750291554 0.9185673320 0.9156069515
0.9607048509 0.9721427563 0.9667135193 0.9149078213 0.1636004902 0.4253046091 0.4102842620 0.9150662099 -0.8672653619 -0.9520135550 -0.9613479171 0.9693557187 0.9074633034 0.9042787924
0.9534346477 0.9662761616 0.9602262064 0.9037391283 0.1726237770 0.4219582982 0.4125907762 0.9039106067 -0.8539114356 -0.9487857061 -0.9555108322 0.9631548860 0.8957371177 0.8923265948
0.9456067515 0.9599069649 0.9532222318 0.8919701513 0.1815260087 0.4183033571 0.4146456159 0.8921550427 -0.8400142166 -0.9454245333 -0.9492903633 0.9564409438 0.8834043056 0.8797660124
0.9372346915 0.9530495552 0.9457160055 0.8796161903 0.1903094602 0.4143514002 0.4164564796 0.8798148193 -0.8255870615 -0.9419275985 -0.9426916579 0.9492281786 0.8704803978 0.8666126993
0.9283319968 0.9457183215 0.9377219377 0.8666925456 0.1989764070 0.4101140417 0.4180310657 0.8669052380 -0.8106433270 -0.9382924636 -0.9357198632 0.9415308768 0.8569809251 0.8528823095
0.9189121967 0.9379276529 0.9292544388 0.8532145174 0.2075291242 0.4056028958 0.4193770730 0.8534416001 -0.7951963696 -0.9345166902 -0.9283801268 0.9333633249 0.8429214184 0.8385904969
0.9089888203 0.9296919385 0.9203279190 0.8391974057 0.2159698871 0.4008295769 0.4205021997 0.8394392071 -0.7792595461 -0.9305978403 -0.9206775960 0.9247398093 0.8283174082 0.8237529155
