0.9530932186 0.7950047638 0.7743088414 0.9965329875 0.5902844881 0.8294784778 0.6809028953 0.9969952160 0.1664130046 0.5741924061 0.0155058829 0.8231748210 0.9997500007 0.9997442030
0.9579006388 0.8062156120 0.7862665334 0.9978359230 0.6039360672 0.8393931677 0.6967157690 0.9982052051 0.1838918934 0.5945171121 0.0070170007 0.8332522698 0.9991637508 0.9991522405
0.9624646023 0.8173356349 0.7981618351 0.9988372979 0.6175404670 0.8491746145 0.7125487380 0.9991114814 0.2014818218 0.6149465318 -0.0014185624 0.8432112553 0.9982377595 0.9982206239
0.9667821952 0.8283631090 0.8099933355 0.9995339063 0.6310959550 0.8588206636 0.7284009441 0.9997108210 0.2191823578 0.6354801545 -0.0097992421 0.8530498338 0.9969685361 0.9969458649
0.9708505033 0.8392963106 0.8217596237 0.9999225423 0.6446007988 0.8683291608 0.7442715289 1.0000000000 0.2369930693 0.6561174696 -0.0181234743 0.8627660615 0.9953525898 0.9953244748
0.9746666124 0.8501335161 0.8334592886 1.0000000000 0.6580532661 0.8776979513 0.7601596341 0.9999757944 0.2549135243 0.6768579664 -0.0263896948 0.8723579950 0.9933864298 0.9933529652
0.9782276084 0.8608730018 0.8450909193 0.9997630735 0.6714516244 0.8869248810 0.7760644014 0.9996349804 0.2729432905 0.6977011343 -0.0345963395 0.8818236904 0.9910665654 0.9910278475
0.9815305773 0.8715130442 0.8566531047 0.9992085568 0.6847941413 0.8960077952 0.7919849725 0.9989743339 0.2910819361 0.7186464627 -0.0427418441 0.8911612043 0.9883895058 0.9883456334
0.9845726049 0.8820519196 0.8681444339 0.9983332441 0.6980790844 0.9049445395 0.8079204890 0.9979906311 0.3093290288 0.7396934409 -0.0508246446 0.9003685929 0.9853517601 0.9853028343
0.9873507770 0.8924879044 0.8795634960 0.9971339295 0.7113047214 0.9137329595 0.8238700927 0.9966806481 0.3276841367 0.7608415584 -0.0588431768 0.9094439126 0.9819498377 0.9818959616
0.9898621795 0.9028192750 0.8909088798 0.9956074070 0.7244693197 0.9223709007 0.8398329251 0.9950411609 0.3461468276 0.7820903045 -0.0667958764 0.9183852198 0.9781802477 0.9781215269
0.9921038983 0.9130443077 0.9021791744 0.9937504707 0.7375711471 0.9308562087 0.8558081279 0.9930689457 0.3647166695 0.8034391686 -0.0746811794 0.9271905708 0.9740394993 0.9739760418
0.9940730193 0.9231612789 0.9133729689 0.9915599147 0.7506084711 0.9391867290 0.8717948429 0.9907607784 0.3833932304 0.8248876399 -0.0824975215 0.9358580219 0.9695241019 0.9694560176
0.9957666284 0.9331684650 0.9244888522 0.9890325332 0.7635795593 0.9473603072 0.8877922117 0.9881134352 0.4021760781 0.8464352081 -0.0902433387 0.9443856296 0.9646305646 0.9645579660
0.9971818114 0.9430641423 0.9355254134 0.9861651202 0.7764826794 0.9553747887 0.9037993759 0.9851236921 0.4210647805 0.8680813622 -0.0979170666 0.9527714502 0.9593553967 0.9592783983
0.9983156542 0.9528465873 0.9464812414 0.9829544697 0.7893160988 0.9632280192 0.9198154773 0.9817883253 0.4400589057 0.8898255919 -0.1055171413 0.9610135400 0.9536951073 0.9536138262
0.9991652426 0.9625140763 0.9573549254 0.9793973759 0.8020780852 0.9709178442 0.9358396575 0.9781041108 0.4591580215 0.9116673864 -0.1130419985 0.9691099554 0.9476462057 0.9475607610
0.9997276626 0.9720648857 0.9681450542 0.9754906329 0.8147669062 0.9784421092 0.9518710582 0.9740678246 0.4783616958 0.9336062350 -0.1204900740 0.9770587527 0.9412052012 0.9411157144
1.0000000000 0.9814972919 0.9788502169 0.9712310348 0.8273808294 0.9857986598 0.9679088211 0.9696762429 0.4976694966 0.9556416273 -0.1278598038 0.9848579884 0.9343686028 0.9342751978
0.9999793407 0.9908095712 0.9894690025 0.9666153756 0.8399181224 0.9929853416 0.9839520878 0.9649261417 0.5170809919 0.9777730525 -0.1351496235 0.9925057187 0.9271329200 0.9270357228
