-0.7785845220 -0.2366862585 -0.5688108332 -0.8742496319 0.9081500028 -0.3147777585 0.3468715202 -0.8778685617 0.9843430468 0.1597754302 -0.9945874875 -0.1831208507 -0.8479833883 -0.8662736431
-0.7709910837 -0.2189330230 -0.5558674281 -0.8709520754 0.9137565168 -0.2985092484 0.3593756117 -0.8745965970 0.9863213440 0.1637072587 -0.9958108559 -0.1646595203 -0.8452026668 -0.8634654933
-0.7633426381 -0.2011228918 -0.5428175289 -0.8675889594 0.9191999297 -0.2821630087 0.3718223227 -0.8712586768 0.9881649187 0.1676325562 -0.9968815230 -0.1461467201 -0.8423581647 -0.8605918061
-0.7556431842 -0.1832615381 -0.5296651515 -0.8641631184 0.9244788822 -0.2657434063 0.3842095767 -0.8678576274 0.9898740530 0.1715521872 -0.9977977246 -0.1275882771 -0.8394525706 -0.8576552744
-0.7478967210 -0.1653546352 -0.5164143116 -0.8606773867 0.9295920149 -0.2492548081 0.3965352975 -0.8643962751 0.9914490291 0.1754670161 -0.9985576964 -0.1089900179 -0.8364885732 -0.8546585915
-0.7401072476 -0.1474078563 -0.5030690251 -0.8571345989 0.9345379688 -0.2327015810 0.4087974086 -0.8608774461 0.9928901290 0.1793779076 -0.9991596742 -0.0903577695 -0.8334688612 -0.8516044504
-0.7322787629 -0.1294268748 -0.4896333078 -0.8535375895 0.9393153844 -0.2160880918 0.4209938336 -0.8573039668 0.9941976349 0.1832857259 -0.9996018935 -0.0716973586 -0.8303961233 -0.8484955441
-0.7244152661 -0.1114173639 -0.4761111755 -0.8498891929 0.9439229026 -0.1994187074 0.4331224961 -0.8536786634 0.9953718287 0.1871913357 -0.9998825902 -0.0530146122 -0.8272730482 -0.8453345657
-0.7165207562 -0.0933849969 -0.4625066441 -0.8461922436 0.9483591640 -0.1826977946 0.4451813198 -0.8500043622 0.9964129927 0.1910956013 -1.0000000000 -0.0343153569 -0.8241023247 -0.8421242084
-0.7085992321 -0.0753354470 -0.4488237292 -0.8424495761 0.9526228094 -0.1659297203 0.4571682282 -0.8462838895 0.9973214089 0.1949993873 -0.9999523585 -0.0156054197 -0.8208866413 -0.8388671651
-0.7006546929 -0.0572743876 -0.4350664469 -0.8386640248 0.9567124795 -0.1491188515 0.4690811450 -0.8425200715 0.9980973594 0.1989035582 -0.9997379016 0.0031093726 -0.8176286869 -0.8355661290
-0.6926911377 -0.0392074919 -0.4212388128 -0.8348384243 0.9606268151 -0.1322695548 0.4809179938 -0.8387157346 0.9987411263 0.2028089784 -0.9993548648 0.0218231933 -0.8143311500 -0.8322237930
-0.6847125654 -0.0211404333 -0.4073448429 -0.8309756089 0.9643644568 -0.1153861973 0.4926766982 -0.8348737049 0.9992529918 0.2067165124 -0.9988014839 0.0405302155 -0.8109967195 -0.8288428504
-0.6767229751 -0.0030788849 -0.3933885528 -0.8270784133 0.9679240455 -0.0984731457 0.5043551818 -0.8309968089 0.9996332378 0.2106270247 -0.9980759947 0.0592246123 -0.8076280839 -0.8254259941
-0.6687263658 0.0149714800 -0.3793739585 -0.8231496718 0.9713042218 -0.0815347669 0.5159513682 -0.8270878726 0.9998821465 0.2145413797 -0.9971766327 0.0779005570 -0.8042279321 -0.8219759172
-0.6607267366 0.0330049880 -0.3653050758 -0.8191922189 0.9745036265 -0.0645754279 0.5274631810 -0.8231497226 1.0000000000 0.2184604420 -0.9961016339 0.0965522228 -0.8007989527 -0.8184953129
-0.6527280865 0.0510159659 -0.3511859204 -0.8152088891 0.9775209003 -0.0475994954 0.5388885439 -0.8191851849 0.9999870804 0.2223850760 -0.9948492338 0.1151737827 -0.7973438343 -0.8149868741
-0.6447344144 0.0689987404 -0.3370205082 -0.8112025169 0.9803546840 -0.0306113363 0.5502253804 -0.8151970859 0.9998436698 0.2263161462 -0.9934176681 0.1337594100 -0.7938652658 -0.8114532940
-0.6367497195 0.0869476382 -0.3228128550 -0.8071759367 0.9830036183 -0.0136153175 0.5614716142 -0.8111882518 0.9995700502 0.2302545170 -0.9918051727 0.1523032779 -0.7903659358 -0.8078972655
-0.6287780007 0.1048569861 -0.3085669767 -0.8031319831 0.9854663439 0.0033841941 0.5726251689 -0.8071615090 0.9991665039 0.2342010530 -0.9900099831 0.1707995595 -0.7868485329 -0.8043214819
