0.9963202589 0.1877750693 0.6847900806 0.9527740960 -0.9938622973 -0.1807552449 -0.7615013752 0.9536669938 -0.9918718109 -0.7915323784 0.3922373198 0.2555326818 0.9516139935 0.9525122366
0.9957316199 0.1914578963 0.6881826960 0.9498683852 -0.9927909394 -0.1758972310 -0.7530629595 0.9507891659 -0.9907058310 -0.7836823927 0.3951379358 0.2589358015 0.9486597554 0.9495776514
0.9951046186 0.1951775642 0.6915507591 0.9468851319 -0.9916355775 -0.1709649759 -0.7444791595 0.9478336793 -0.9894650475 -0.7756825482 0.3980557444 0.2623694241 0.9456271676 0.9465640477
0.9944403312 0.1989349968 0.6948946982 0.9438251408 -0.9903966684 -0.1659574588 -0.7357500420 0.9448013330 -0.9881500697 -0.7675325888 0.4009916525 0.2658344735 0.9425170289 0.9434722119
0.9937398336 0.2027311179 0.6982149417 0.9406892165 -0.9890746689 -0.1608736594 -0.7268756737 0.9416929265 -0.9867615067 -0.7592322581 0.4039465671 0.2693318739 0.9393301384 0.9403029304
0.9930042019 0.2065668516 0.7015119179 0.9374781636 -0.9876700358 -0.1557125571 -0.7178561213 0.9385092590 -0.9852999677 -0.7507812997 0.4069213950 0.2728625492 0.9360672950 0.9370569900
0.9922345121 0.2104431215 0.7047860554 0.9341927868 -0.9861832259 -0.1504731312 -0.7086914517 0.9352511298 -0.9837660620 -0.7421794572 0.4099170433 0.2764274235 0.9327292977 0.9337351769
0.9914318402 0.2143608517 0.7080377824 0.9308338907 -0.9846146961 -0.1451543614 -0.6993817317 0.9319193381 -0.9821603988 -0.7334264744 0.4129344189 0.2800274208 0.9293169454 0.9303382777
0.9905972623 0.2183209659 0.7112675272 0.9274022799 -0.9829649032 -0.1397552269 -0.6899270279 0.9285146833 -0.9804835872 -0.7245220948 0.4159744287 0.2836634653 0.9258310370 0.9268670790
0.9897318544 0.2223243880 0.7144757183 0.9238987591 -0.9812343039 -0.1342747073 -0.6803274072 0.9250379646 -0.9787362365 -0.7154660622 0.4190379797 0.2873364808 0.9222723716 0.9233223672
0.9888366925 0.2263720420 0.7176627841 0.9203241329 -0.9794233551 -0.1287117821 -0.6705829364 0.9214899813 -0.9769189558 -0.7062581201 0.4221259790 0.2910473916 0.9186417481 0.9197049288
0.9879128526 0.2304648516 0.7208291529 0.9166792059 -0.9775325136 -0.1230654306 -0.6606936822 0.9178715327 -0.9750323545 -0.6968980123 0.4252393333 0.2947971215 0.9149399654 0.9160155504
0.9869614109 0.2346037408 0.7239752531 0.9129647827 -0.9755622361 -0.1173346324 -0.6506597115 0.9141834181 -0.9730770416 -0.6873854824 0.4283789497 0.2985865947 0.9111678225 0.9122550184
0.9859834432 0.2387896333 0.7271015130 0.9091816681 -0.9735129796 -0.1115183669 -0.6404810908 0.9104264367 -0.9710536263 -0.6777202740 0.4315457351 0.3024167351 0.9073261183 0.9084241193
0.9849800257 0.2430234532 0.7302083611 0.9053306666 -0.9713852008 -0.1056156135 -0.6301578872 0.9066013878 -0.9689627180 -0.6679021308 0.4347405965 0.3062884669 0.9034156518 0.9045236397
0.9839522344 0.2473061242 0.7332962257 0.9014125828 -0.9691793566 -0.0996253517 -0.6196901673 0.9027090707 -0.9668049258 -0.6579307964 0.4379644408 0.3102027141 0.8994372220 0.9005543660
0.9829011452 0.2516385702 0.7363655351 0.8974282214 -0.9668959037 -0.0935465609 -0.6090779978 0.8987502848 -0.9645808588 -0.6478060146 0.4412181750 0.3141604006 0.8953916277 0.8965170847
0.9818278343 0.2560217151 0.7394167178 0.8933783871 -0.9645352989 -0.0873782206 -0.5983214457 0.8947258291 -0.9622911264 -0.6375275289 0.4445027060 0.3181624506 0.8912796681 0.8924125824
0.9807333777 0.2604564827 0.7424502022 0.8892638843 -0.9620979991 -0.0811193104 -0.5874205776 0.8906365032 -0.9599363376 -0.6270950830 0.4478189408 0.3222097881 0.8871021419 0.8882416456
0.9796188513 0.2649437970 0.7454664165 0.8850855179 -0.9595844611 -0.0747688095 -0.5763754603 0.8864831061 -0.9575171018 -0.6165084206 0.4511677864 0.3263033371 0.8828598482 0.8840050606
