-0.4398199552 -0.7851968640 -0.7892807279 -0.1943808592 -0.7925048728 -0.6858249297 -0.8051934407 -0.1957346975 -0.8848767525 -0.8564782606 0.4478364705 -0.8161994672 -0.1494424251 -0.1475123295
-0.4352564476 -0.7782075394 -0.7821198295 -0.1898200690 -0.7875020533 -0.6805288386 -0.7979972156 -0.1911582014 -0.8797814290 -0.8502873312 0.4450093720 -0.8097814028 -0.1452016333 -0.1431120998
-0.4306739004 -0.7711690554 -0.7748964807 -0.1852613051 -0.7824505163 -0.6751935871 -0.7907182211 -0.1865836366 -0.8746134650 -0.8440017071 0.4421601819 -0.8033090392 -0.1409662898 -0.1387177010
-0.4260750808 -0.7640846762 -0.7676137449 -0.1807073713 -0.7773530875 -0.6698220921 -0.7833591756 -0.1820138109 -0.8693753976 -0.8376237281 0.4392912230 -0.7967854585 -0.1367391237 -0.1343319034
-0.4214627564 -0.7569576662 -0.7602746855 -0.1761610716 -0.7722125930 -0.6644172706 -0.7759227970 -0.1774515322 -0.8640697636 -0.8311557339 0.4364048182 -0.7902137430 -0.1325228641 -0.1299574771
-0.4168396944 -0.7497912894 -0.7528823660 -0.1716252100 -0.7670318586 -0.6589820395 -0.7684118035 -0.1728996080 -0.8586991002 -0.8246000642 0.4335032905 -0.7835969748 -0.1283202400 -0.1255971920
-0.4122086622 -0.7425888101 -0.7454398496 -0.1671025904 -0.7618137102 -0.6535193158 -0.7608289133 -0.1683608463 -0.8532659442 -0.8179590589 0.4305889627 -0.7769382361 -0.1241339807 -0.1212538183
-0.4075724271 -0.7353534925 -0.7379501999 -0.1625960169 -0.7565609738 -0.6480320165 -0.7531768445 -0.1638380548 -0.8477728326 -0.8112350578 0.4276641578 -0.7702406090 -0.1199668151 -0.1169301261
-0.4029337564 -0.7280886008 -0.7304164802 -0.1581082932 -0.7512764752 -0.6425230586 -0.7454583152 -0.1593340411 -0.8422223024 -0.8044304005 0.4247311987 -0.7635071758 -0.1158214725 -0.1126288855
-0.3982954177 -0.7207973991 -0.7228417540 -0.1536422234 -0.7459630403 -0.6369953590 -0.7376760436 -0.1548516131 -0.8366168906 -0.7975474269 0.4217924083 -0.7567410186 -0.1117006818 -0.1083528665
-0.3936601781 -0.7134831517 -0.7152290846 -0.1492006115 -0.7406234951 -0.6314518347 -0.7298327478 -0.1503935786 -0.8309591342 -0.7905884768 0.4188501095 -0.7499452195 -0.1076071723 -0.1041048393
-0.3890308050 -0.7061491228 -0.7075815355 -0.1447862614 -0.7352606655 -0.6258954027 -0.7219311460 -0.1459627452 -0.8252515702 -0.7835558899 0.4159066252 -0.7431228609 -0.1035436729 -0.0998875739
-0.3844100659 -0.6987985766 -0.6999021702 -0.1404019770 -0.7298773773 -0.6203289799 -0.7139739563 -0.1415619208 -0.8194967355 -0.7764520060 0.4129642784 -0.7362770248 -0.0995129128 -0.0957038405
-0.3798007280 -0.6914347773 -0.6921940519 -0.1360505622 -0.7244764565 -0.6147554834 -0.7059638968 -0.1371939130 -0.8136971670 -0.7692791649 0.4100253919 -0.7294107934 -0.0955176211 -0.0915564091
-0.3752055588 -0.6840609891 -0.6844602441 -0.1317348212 -0.7190607290 -0.6091778301 -0.6979036857 -0.1328615297 -0.8078554019 -0.7620397063 0.4070922887 -0.7225272489 -0.0915605269 -0.0874480498
-0.3706273255 -0.6766804761 -0.6767038102 -0.1274575577 -0.7136330206 -0.6035989369 -0.6897960411 -0.1285675786 -0.8019739770 -0.7547359701 0.4041672916 -0.7156294735 -0.0876443593 -0.0833815327
-0.3660687956 -0.6692965026 -0.6689278137 -0.1232215758 -0.7081961573 -0.5980217209 -0.6816436812 -0.1243148675 -0.7960554294 -0.7473702959 0.4012527236 -0.7087205494 -0.0837718473 -0.0793596279
-0.3615327363 -0.6619123328 -0.6611353179 -0.1190296794 -0.7027529650 -0.5924490990 -0.6734493241 -0.1201062041 -0.7901022959 -0.7399450236 0.3983509076 -0.7018035586 -0.0799457202 -0.0753851055
-0.3570219150 -0.6545312309 -0.6533293862 -0.1148846724 -0.6973062696 -0.5868839882 -0.6652156879 -0.1159443961 -0.7841171137 -0.7324624929 0.3954641664 -0.6948815835 -0.0761687069 -0.0714607355
-0.3525390992 -0.6471564611 -0.6455130821 -0.1107893589 -0.6918588970 -0.5813293054 -0.6569454908 -0.1118322514 -0.7781024197 -0.7249250436 0.3925948231 -0.6879577062 -0.0724435366 -0.0675892881
