0.3172750083 0.2472910125 0.4003949855 0.7641635742 0.1720586911 0.2131463511 0.3190377900 0.7633540349 0.2369887031 0.3839194957 -0.2318220929 0.2476844073 0.6063810044 0.6383880313
0.3490181237 0.2814503331 0.4286906553 0.7790878859 0.2075222811 0.2485617942 0.3491717322 0.7782942175 0.2687514995 0.4096764159 -0.2628942440 0.2818172694 0.6171095956 0.6496266836
0.3812128880 0.3161910057 0.4573381027 0.7937676868 0.2438397569 0.2846151356 0.3799084272 0.7929925415 0.3013939908 0.4361308438 -0.2949440967 0.3165319141 0.6275209669 0.6605529480
0.4138617509 0.3515174375 0.4863392198 0.8081968733 0.2810194969 0.3213114110 0.4112533927 0.8074429597 0.3349255581 0.4632904422 -0.3279826106 0.3518327855 0.6376083983 0.6711601241
0.4469671622 0.3874340359 0.5156958985 0.8223693423 0.3190698794 0.3586556563 0.4432121463 0.8216394251 0.3693555826 0.4911628736 -0.3620207458 0.3877243278 0.6473651695 0.6814415117
0.4805315717 0.4239452083 0.5454100307 0.8362789904 0.3579992828 0.3966529071 0.4757902055 0.8355758905 0.4046934453 0.5197558011 -0.3970694620 0.4242109852 0.6567845603 0.6913904106
0.5145574292 0.4610553620 0.5754835085 0.8499197142 0.3978160855 0.4353081991 0.5089930881 0.8492463088 0.4409485275 0.5490768872 -0.4331397190 0.4612972018 0.6658598506 0.7010001204
0.5490471844 0.4987689043 0.6059182237 0.8632854104 0.4385286657 0.4746265680 0.5428263116 0.8626446327 0.4781302104 0.5791337947 -0.4702424767 0.4989874218 0.6745843202 0.7102639410
0.5840032873 0.5370902427 0.6367160683 0.8763699757 0.4801454018 0.5146130496 0.5772953936 0.8757648151 0.5162478751 0.6099341864 -0.5083886949 0.5372860893 0.6829512489 0.7191751719
0.6194281875 0.5760237844 0.6678789343 0.8891673067 0.5226746723 0.5552726796 0.6124058519 0.8886008090 0.5553109028 0.6414857251 -0.5475893335 0.5761976486 0.6909539165 0.7277271130
0.6553243349 0.6155739367 0.6994087136 0.9016713001 0.5661248553 0.5966104937 0.6481632039 0.9011465670 0.5953286746 0.6737960735 -0.5878553522 0.6157265437 0.6985856029 0.7359130640
0.6916941793 0.6557451071 0.7313072982 0.9138758527 0.6105043294 0.6386315277 0.6845729673 0.9133960422 0.6363105717 0.7068728943 -0.6291977109 0.6558772188 0.7058395878 0.7437263246
0.7285401704 0.6965417029 0.7635765800 0.9257748609 0.6558214728 0.6813408172 0.7216406598 0.9253431872 0.6782659753 0.7407238504 -0.6716273694 0.6966541181 0.7127091511 0.7511601946
0.7658647580 0.7379681313 0.7962184511 0.9373622216 0.7020846639 0.7247433980 0.7593717989 0.9369819551 0.7212042666 0.7753566044 -0.7151552876 0.7380616857 0.7191875726 0.7582079737
0.8036703920 0.7800287998 0.8292348032 0.9486318314 0.7493022811 0.7688443058 0.7977719023 0.9483062986 0.7651348266 0.8107788191 -0.7597924253 0.7801043659 0.7252681322 0.7648629616
0.8419595222 0.8227281157 0.8626275286 0.9595775870 0.7974827026 0.8136485763 0.8368464875 0.9593101705 0.8100670367 0.8469981573 -0.8055497423 0.8227866027 0.7309441096 0.7711184581
0.8807345982 0.8660704863 0.8963985189 0.9701933849 0.8466343070 0.8591612453 0.8766010723 0.9699875238 0.8560102779 0.8840222818 -0.8524381984 0.8661128404 0.7362087847 0.7769677628
0.9199980700 0.9100603190 0.9305496663 0.9804731220 0.8967654724 0.9053873484 0.9170411743 0.9803323112 0.9029739314 0.9218588552 -0.9004687535 0.9100875231 0.7410554373 0.7824041756
0.9597523874 0.9547020211 0.9650828627 0.9904106948 0.9478845773 0.9523319214 0.9581723109 0.9903384857 0.9509673784 0.9605155403 -0.9496523674 0.9547150949 0.7454773471 0.7874209961
1.0000000000 1.0000000000 1.0000000000 1.0000000000 1.0000000000 1.0000000000 1.0000000000 1.0000000000 1.0000000000 1.0000000000 -1.0000000000 1.0000000000 0.7494677941 0.7920115241
