-0.2351518802 -0.3419549522 -0.2792500978 -0.0542378434 -0.4714550626 -0.3768189082 -0.2077330843 -0.0543830371 -0.4655708440 -0.2738543023 0.3354305955 -0.3885902290 -0.0384767863 -0.0283883135
-0.2372196002 -0.3407314103 -0.2762440559 -0.0580374366 -0.4709695869 -0.3770425220 -0.2021169011 -0.0581707503 -0.4623054046 -0.2672180541 0.3376992763 -0.3870095744 -0.0426408579 -0.0325423561
-0.2394813669 -0.3397100526 -0.2734114461 -0.0620549603 -0.4706529883 -0.3774515822 -0.1966272454 -0.0621765921 -0.4591626721 -0.2606672736 0.3401247296 -0.3856119481 -0.0470205185 -0.0369155266
-0.2419399477 -0.3388941432 -0.2707553320 -0.0662932186 -0.4705080928 -0.3780490058 -0.1912668353 -0.0664033701 -0.4561451834 -0.2542043008 0.3427092783 -0.3844004324 -0.0516184971 -0.0415105952
-0.2445981098 -0.3382869463 -0.2682787768 -0.0707550153 -0.4705377261 -0.3788377097 -0.1860383890 -0.0708538923 -0.4532554756 -0.2478314752 0.3454552453 -0.3833781094 -0.0564375229 -0.0463303319
-0.2474586206 -0.3378917261 -0.2659848440 -0.0754431544 -0.4707447143 -0.3798206109 -0.1809446247 -0.0755309663 -0.4504960856 -0.2415511367 0.3483649535 -0.3825480614 -0.0614803249 -0.0513775068
-0.2505242476 -0.3377117468 -0.2638765971 -0.0803604399 -0.4711318831 -0.3810006265 -0.1759882603 -0.0804373999 -0.4478695504 -0.2353656251 0.3514407259 -0.3819133706 -0.0667496322 -0.0566548900
-0.2537977579 -0.3377502727 -0.2619570994 -0.0855096757 -0.4717020587 -0.3823806732 -0.1711720142 -0.0855760009 -0.4453784070 -0.2292772801 0.3546848853 -0.3814771190 -0.0722481740 -0.0621652517
-0.2572819191 -0.3380105679 -0.2602294143 -0.0908936657 -0.4724580667 -0.3839636683 -0.1664986044 -0.0909495769 -0.4430251924 -0.2232884416 0.3580997547 -0.3812423888 -0.0779786794 -0.0679113618
-0.2609794985 -0.3384958966 -0.2586966053 -0.0965152140 -0.4734027332 -0.3857525285 -0.1619707491 -0.0965609358 -0.4408124435 -0.2174014493 0.3616876570 -0.3812122624 -0.0839438774 -0.0738959905
-0.2648932634 -0.3392095230 -0.2573617357 -0.1023771244 -0.4745388840 -0.3877501709 -0.1575911664 -0.1024128853 -0.4387426974 -0.2116186429 0.3654509150 -0.3813898217 -0.0901464971 -0.0801219078
-0.2690259811 -0.3401547113 -0.2562278690 -0.1084822010 -0.4758693450 -0.3899595125 -0.1533625744 -0.1085082332 -0.4368184909 -0.2059423622 0.3693918518 -0.3817781491 -0.0965892676 -0.0865918839
-0.2733804190 -0.3413347258 -0.2552980686 -0.1148332476 -0.4773969422 -0.3923834702 -0.1492876913 -0.1148497872 -0.4350423611 -0.2003749471 0.3735127901 -0.3823803266 -0.1032749181 -0.0933086889
-0.2779593446 -0.3427528306 -0.2545753978 -0.1214330683 -0.4791245015 -0.3950249610 -0.1453692353 -0.1214403551 -0.4334168450 -0.1949187372 0.3778160530 -0.3831994364 -0.1102061776 -0.1002750928
-0.2827655250 -0.3444122899 -0.2540629202 -0.1282844669 -0.4810548487 -0.3978869018 -0.1416099244 -0.1282827446 -0.4319444796 -0.1895760724 0.3823039633 -0.3842385608 -0.1173857753 -0.1074938657
-0.2878017278 -0.3463163679 -0.2537636991 -0.1353902475 -0.4831908097 -0.4009722097 -0.1380124769 -0.1353797636 -0.4306278017 -0.1843492924 0.3869788440 -0.3855007820 -0.1248164402 -0.1149677777
-0.2930707202 -0.3484683288 -0.2536807978 -0.1427532140 -0.4855352106 -0.4042838016 -0.1345796108 -0.1427342196 -0.4294693484 -0.1792407370 0.3918430179 -0.3869891819 -0.1325009015 -0.1226995989
-0.2985752695 -0.3508714369 -0.2538172800 -0.1503761703 -0.4880908771 -0.4078245945 -0.1313140443 -0.1503489206 -0.4284716568 -0.1742527460 0.3968988080 -0.3887068430 -0.1404418881 -0.1306920994
-0.3043181433 -0.3535289563 -0.2541762088 -0.1582619203 -0.4908606352 -0.4115975054 -0.1282184956 -0.1582266742 -0.4276372636 -0.1693876592 0.4021485372 -0.3906568473 -0.1486421293 -0.1389480493
-0.3103021087 -0.3564441512 -0.2547606478 -0.1664132682 -0.4938473108 -0.4156054512 -0.1252956827 -0.1663702883 -0.4269687060 -0.1646478162 0.4075945284 -0.3928422770 -0.1571043542 -0.1474702187
