0.8005225728 0.9112388446 0.9407948617 0.7784421285 0.7968537581 0.7988486676 0.9803865594 0.7798772195 0.4300199536 0.8836346181 -0.7620516858 0.8926129874 0.7727934521 0.7682645747
0.7889703854 0.9032486222 0.9344923235 0.7656605676 0.7828701005 0.7856774551 0.9767456589 0.7671383344 0.4227903023 0.8722275208 -0.7476993545 0.8842161262 0.7596526633 0.7553113025
0.7770843634 0.8948982883 0.9278589276 0.7525056899 0.7683731037 0.7720614138 0.9727861629 0.7540261961 0.4150979960 0.8602262552 -0.7328703454 0.8754919166 0.7461254507 0.7419927669
0.7648638034 0.8861859399 0.9208929633 0.7389763038 0.7533583196 0.7579981134 0.9685060055 0.7405396062 0.4069350643 0.8476230477 -0.7175600671 0.8664391520 0.7322104513 0.7283079565
0.7523080023 0.8771096740 0.9135927199 0.7250712181 0.7378213001 0.7434851239 0.9639031209 0.7266773664 0.3982935369 0.8344101247 -0.7017639283 0.8570566256 0.7179063025 0.7142558598
0.7394162568 0.8676675878 0.9059564866 0.7107892412 0.7217575969 0.7285200151 0.9589754432 0.7124382784 0.3891654436 0.8205797127 -0.6854773379 0.8473431307 0.7032116414 0.6998354650
0.7261878636 0.8578577781 0.8979825529 0.6961291817 0.7051627620 0.7131003568 0.9537209065 0.6978211436 0.3795428140 0.8061240378 -0.6686957046 0.8372974606 0.6881251052 0.6850457608
0.7126221196 0.8476783422 0.8896692079 0.6810898483 0.6880323473 0.6972237188 0.9481374450 0.6828247638 0.3694176779 0.7910353266 -0.6514144371 0.8269184084 0.6726453312 0.6698857356
0.6987183214 0.8371273769 0.8810147411 0.6656700496 0.6703619044 0.6808876710 0.9422229929 0.6674479405 0.3587820650 0.7753058055 -0.6336289441 0.8162047676 0.6567709566 0.6543543778
0.6844757659 0.8262029793 0.8720174415 0.6498685940 0.6521469854 0.6640897831 0.9359754841 0.6516894754 0.3476280049 0.7589277007 -0.6153346344 0.8051553313 0.6405006185 0.6384506758
0.6698937497 0.8149032466 0.8626755987 0.6336842903 0.6333831421 0.6468276251 0.9293928530 0.6355481701 0.3359475275 0.7418932387 -0.5965269167 0.7937688928 0.6238329542 0.6221736183
0.6549715697 0.8032262756 0.8529875018 0.6171159470 0.6140659263 0.6290987667 0.9224730336 0.6190228263 0.3237326623 0.7241946459 -0.5772011998 0.7820442453 0.6067666009 0.6055221935
0.6397085226 0.7911701634 0.8429514401 0.6001623726 0.5941908899 0.6109007778 0.9152139600 0.6021122454 0.3109754392 0.7058241486 -0.5573528924 0.7699801822 0.5893001959 0.5884953901
0.6241039052 0.7787330071 0.8325657030 0.5828223759 0.5737535847 0.5922312281 0.9076135665 0.5848152293 0.2976678878 0.6867739732 -0.5369774033 0.7575754967 0.5714323762 0.5710921963
0.6081570142 0.7659129037 0.8218285797 0.5650947653 0.5527495626 0.5730876876 0.8996697870 0.5671305794 0.2838020377 0.6670363461 -0.5160701411 0.7448289820 0.5531617793 0.5533116008
0.5918671463 0.7527079503 0.8107383595 0.5469783495 0.5311743754 0.5534677261 0.8913805559 0.5490570974 0.2693699189 0.6466034937 -0.4946265147 0.7317394315 0.5344870421 0.5351525919
0.5752335984 0.7391162438 0.7992933318 0.5284719371 0.5090235751 0.5333689133 0.8827438071 0.5305935850 0.2543635608 0.6254676423 -0.4726419327 0.7183056383 0.5154068020 0.5166141581
0.5582556671 0.7251358814 0.7874917858 0.5095743365 0.4862927133 0.5127888192 0.8737574748 0.5117388437 0.2387749933 0.6036210184 -0.4501118039 0.7045263958 0.4959196962 0.4976952879
0.5409326493 0.7107649599 0.7753320108 0.4902843566 0.4629773421 0.4917250135 0.8644194932 0.4924916752 0.2225962460 0.5810558482 -0.4270315371 0.6904004972 0.4760243619 0.4783949697
0.5232638416 0.6960015766 0.7628122960 0.4706008057 0.4390730133 0.4701750660 0.8547277964 0.4728508810 0.2058193487 0.5577643583 -0.4033965410 0.6759267357 0.4557194363 0.4587121921
