0.2670948550 0.0298491369 -0.0578518725 0.4466131678 -0.0428669260 -0.1412529918 -0.0228978628 0.4500405321 -0.0277084224 -0.7304683717 -0.8396582491 -0.0459335647 0.4894768506 0.4819057975
0.2627707922 0.0308133676 -0.0609395265 0.4296919080 -0.0202813862 -0.1405706717 -0.0144409884 0.4330895504 -0.0085992762 -0.7238642297 -0.8468957909 -0.0463248966 0.4713613963 0.4635449473
0.2581106411 0.0315746639 -0.0642533257 0.4122301539 0.0023509559 -0.1400446450 -0.0060812713 0.4155967138 0.0107024372 -0.7171726511 -0.8540360830 -0.0469133457 0.4526842694 0.4446376082
0.2531258986 0.0321401435 -0.0677838912 0.3942482689 0.0250181211 -0.1396683066 0.0021833515 0.3975824186 0.0301825429 -0.7103932479 -0.8610736325 -0.0476912263 0.4334666437 0.4252047084
0.2478280617 0.0325169240 -0.0715218438 0.3757666165 0.0477081303 -0.1394350513 0.0103549436 0.3790670614 0.0498268662 -0.7035256323 -0.8680029467 -0.0486508527 0.4137296931 0.4052671763
0.2422286272 0.0327121230 -0.0754578044 0.3568055598 0.0704090042 -0.1393382739 0.0184355680 0.3600710386 0.0696212324 -0.6965694164 -0.8748185328 -0.0497845392 0.3934945914 0.3848459402
0.2363390920 0.0327328582 -0.0795823938 0.3373854624 0.0931087635 -0.1393713691 0.0264272883 0.3406147467 0.0895514667 -0.6895242123 -0.8815148979 -0.0510846000 0.3727825124 0.3639619283
0.2301709531 0.0325862472 -0.0838862329 0.3175266876 0.1157954290 -0.1395277318 0.0343321677 0.3207185821 0.1096033945 -0.6823896320 -0.8880865494 -0.0525433496 0.3516146301 0.3426360691
0.2237357073 0.0322794076 -0.0883599427 0.2972495986 0.1384570214 -0.1398007569 0.0421522694 0.3004029414 0.1297628408 -0.6751652878 -0.8945279943 -0.0541531022 0.3300121183 0.3208892907
0.2170448516 0.0318194571 -0.0929941439 0.2765745589 0.1610815616 -0.1401838391 0.0498896569 0.2796882209 0.1500156311 -0.6678507916 -0.9008337400 -0.0559061721 0.3079961507 0.2987425217
0.2101098829 0.0312135134 -0.0977794575 0.2555219319 0.1836570703 -0.1406703732 0.0575463933 0.2585948173 0.1703475905 -0.6604457556 -0.9069982937 -0.0577948736 0.2855879014 0.2762166902
0.2029422980 0.0304686940 -0.1027065043 0.2341120808 0.2061715683 -0.1412537541 0.0651245421 0.2371431268 0.1907445443 -0.6529497919 -0.9130161624 -0.0598115211 0.2628085440 0.2533327245
0.1955535940 0.0295921166 -0.1077659052 0.2123653691 0.2286130763 -0.1419273765 0.0726261665 0.2153535461 0.2111923179 -0.6453625127 -0.9188818536 -0.0619484287 0.2396792526 0.2301115531
0.1879552676 0.0285908989 -0.1129482811 0.1903021601 0.2509696151 -0.1426846354 0.0800533299 0.1932464716 0.2316767363 -0.6376835299 -0.9245898743 -0.0641979109 0.2162212008 0.2065741042
0.1801588159 0.0274721584 -0.1182442529 0.1679428172 0.2732292055 -0.1435189254 0.0874080955 0.1708422997 0.2521836250 -0.6299124557 -0.9301347318 -0.0665522820 0.1924555627 0.1827413061
0.1721757356 0.0262430128 -0.1236444413 0.1453077036 0.2953798681 -0.1444236414 0.0946925266 0.1481614269 0.2726988091 -0.6220489023 -0.9355109334 -0.0690038562 0.1684035120 0.1586340871
0.1640175238 0.0249105797 -0.1291394674 0.1224171829 0.3174096239 -0.1453921782 0.1019086867 0.1252242498 0.2932081139 -0.6140924817 -0.9407129861 -0.0715449478 0.1440862226 0.1342733757
0.1556956773 0.0234819768 -0.1347199520 0.0992916182 0.3393064935 -0.1464179307 0.1090586389 0.1020511646 0.3136973646 -0.6060428060 -0.9457353973 -0.0741678712 0.1195248683 0.1096801000
0.1472216930 0.0219643217 -0.1403765159 0.0759513731 0.3610584978 -0.1474942936 0.1161444466 0.0786625680 0.3341523866 -0.5978994873 -0.9505726741 -0.0768649406 0.0947406230 0.0848751884
0.1386070678 0.0203647321 -0.1460997801 0.0524168108 0.3826536574 -0.1486146618 0.1231681730 0.0550788565 0.3545590051 -0.5896621377 -0.9552193238 -0.0796284705 0.0697546606 0.0598795692
