-0.5277377010 -0.7286384967 -0.8233525843 -0.4800640555 0.1976501977 -0.8248756554 -0.7416304325 -0.4760863051 0.3295779224 -0.7514061560 -0.4304255338 -0.8050401697 -0.4280962791 -0.4220157074
-0.5225172276 -0.7188811022 -0.8130242412 -0.4759788961 0.2052249282 -0.8146275646 -0.7297253439 -0.4719363560 0.3375446348 -0.7427275708 -0.4357036292 -0.7943745541 -0.4243451296 -0.4182977889
-0.5171296018 -0.7089022399 -0.8024549048 -0.4717399080 0.2129020317 -0.8041394122 -0.7176148221 -0.4676325086 0.3455652607 -0.7339334334 -0.4410504720 -0.7834728653 -0.4204479849 -0.4144347484
-0.5115780096 -0.6987062847 -0.7916490228 -0.4673499820 0.2206785119 -0.7934155534 -0.7053031682 -0.4631776650 0.3536373427 -0.7250254979 -0.4464636780 -0.7723397470 -0.4164076164 -0.4104293448
-0.5058656373 -0.6882976117 -0.7806110429 -0.4628120088 0.2285513721 -0.7824603437 -0.6927946837 -0.4585747272 0.3617584235 -0.7160055183 -0.4519408634 -0.7609798431 -0.4122267960 -0.4062843372
-0.4999956708 -0.6776805959 -0.7693454129 -0.4581288793 0.2365176158 -0.7712781382 -0.6800936698 -0.4538265971 0.3699260457 -0.7068752484 -0.4574796443 -0.7493977972 -0.4079082953 -0.4020024847
-0.4939712963 -0.6668596122 -0.7578565804 -0.4533034843 0.2445742465 -0.7598732924 -0.6672044277 -0.4489361766 0.3781377517 -0.6976364425 -0.4630776365 -0.7375982531 -0.4034548860 -0.3975865462
-0.4877956999 -0.6558390356 -0.7461489933 -0.4483387146 0.2527182677 -0.7482501613 -0.6541312587 -0.4439063678 0.3863910842 -0.6882908543 -0.4687324563 -0.7255858545 -0.3988693397 -0.3930392809
-0.4814720677 -0.6446232410 -0.7342270991 -0.4432374611 0.2609466829 -0.7364131004 -0.6408784642 -0.4387400727 0.3946835858 -0.6788402379 -0.4744417196 -0.7133652453 -0.3941544281 -0.3883634478
-0.4750035858 -0.6332166036 -0.7220953455 -0.4380026146 0.2692564956 -0.7243664650 -0.6274503454 -0.4334401931 0.4030127990 -0.6692863474 -0.4802030424 -0.7009410692 -0.3893129229 -0.3835618059
-0.4683934404 -0.6216234982 -0.7097581805 -0.4326370658 0.2776447092 -0.7121146102 -0.6138512036 -0.4280096312 0.4113762665 -0.6596309367 -0.4860140409 -0.6883179699 -0.3843475957 -0.3786371143
-0.4616448176 -0.6098482999 -0.6972200515 -0.4271437057 0.2861083272 -0.6996618915 -0.6000853401 -0.4224512888 0.4197715309 -0.6498757598 -0.4918723309 -0.6755005912 -0.3792612183 -0.3735921320
-0.4547609034 -0.5978953835 -0.6844854063 -0.4215254250 0.2946443531 -0.6870126640 -0.5861570561 -0.4167680680 0.4281961346 -0.6400225707 -0.4977755287 -0.6624935769 -0.3740565622 -0.3684296180
-0.4477448840 -0.5857691242 -0.6715586927 -0.4157851146 0.3032497904 -0.6741712832 -0.5720706529 -0.4109628707 0.4366476204 -0.6300731234 -0.5037212502 -0.6493015707 -0.3687363992 -0.3631523315
-0.4405999454 -0.5734738968 -0.6584443584 -0.4099256653 0.3119216426 -0.6611421042 -0.5578304318 -0.4050385989 0.4451235307 -0.6200291719 -0.5097071115 -0.6359292163 -0.3633035009 -0.3577630313
-0.4333292739 -0.5610140764 -0.6451468510 -0.4039499678 0.3206569132 -0.6479294823 -0.5434406942 -0.3989981545 0.4536214082 -0.6098924701 -0.5157307285 -0.6223811575 -0.3577606391 -0.3522644767
-0.4259360555 -0.5483940380 -0.6316706183 -0.3978609131 0.3294526056 -0.6345377729 -0.5289057412 -0.3928444396 0.4621387955 -0.5996647722 -0.5217897174 -0.6086620381 -0.3521105853 -0.3466594265
-0.4184234763 -0.5356181565 -0.6180201080 -0.3916613920 0.3383057233 -0.6209713313 -0.5142298741 -0.3865803561 0.4706732351 -0.5893478320 -0.5278816942 -0.5947765019 -0.3463561113 -0.3409506400
-0.4107947225 -0.5226908069 -0.6041997678 -0.3853542952 0.3472132698 -0.6072345126 -0.4994173943 -0.3802088060 0.4792222697 -0.5789434036 -0.5340042749 -0.5807291925 -0.3404999887 -0.3351408760
-0.4030529801 -0.5096163641 -0.5902140454 -0.3789425136 0.3561722486 -0.5933316723 -0.4844726030 -0.3737326913 0.4877834417 -0.5684532409 -0.5401550755 -0.5665247538 -0.3345449891 -0.3292328937
