0.6338873520 -0.1369169741 -0.2018262375 0.8372113561 -0.8578498125 -0.1652975365 -0.9982377489 0.8222788025 -0.8643968824 -0.9539942505 0.9051056703 -0.1566881284 0.8696364952 0.8732019533
0.6460041978 -0.1295870281 -0.1948339950 0.8521703969 -0.8724136558 -0.1590403988 -0.9989000351 0.8371205264 -0.8801449440 -0.9613584885 0.9175992437 -0.1497365676 0.8850013187 0.8884101799
0.6571740266 -0.1227114064 -0.1882524353 0.8661044321 -0.8861339455 -0.1532489466 -0.9994074544 0.8509459806 -0.8948506861 -0.9680540773 0.9291592046 -0.1432351043 0.8993251168 0.9025696777
0.6674121298 -0.1162817858 -0.1820738766 0.8790292697 -0.8990204610 -0.1479143633 -0.9997599557 0.8637708586 -0.9085282873 -0.9740890429 0.9397976851 -0.1371753803 0.9126236848 0.9156964546
0.6767337988 -0.1102898434 -0.1762906375 0.8909607178 -0.9110829817 -0.1430278324 -0.9999574880 0.8756108543 -0.9211919265 -0.9794714116 0.9495268171 -0.1315490373 0.9249128184 0.9278065183
0.6851543250 -0.1047272559 -0.1708950363 0.9019145846 -0.9223312870 -0.1385805373 -1.0000000000 0.8864816613 -0.9328557823 -0.9842092094 0.9583587325 -0.1263477172 0.9362083132 0.9389158766
0.6926889998 -0.0995857004 -0.1658793915 0.9119066782 -0.9327751563 -0.1345636614 -0.9998874407 0.8963989732 -0.9435340334 -0.9883104623 0.9663055633 -0.1215630619 0.9465259646 0.9490405374
0.6993531145 -0.0948568537 -0.1612360215 0.9209528067 -0.9424243689 -0.1309683882 -0.9996197589 0.9053784838 -0.9532408585 -0.9917831966 0.9733794413 -0.1171867130 0.9558815683 0.9581965084
0.7051619607 -0.0905323928 -0.1569572447 0.9290687783 -0.9512887043 -0.1277859011 -0.9991969035 0.9134358867 -0.9619904365 -0.9946354381 0.9795924986 -0.1132103125 0.9642909198 0.9663997975
0.7101308296 -0.0866039945 -0.1530353796 0.9362704010 -0.9593779418 -0.1250073836 -0.9986188234 0.9205868757 -0.9697969459 -0.9968752132 0.9849568670 -0.1096255021 0.9717698146 0.9736664125
0.7142750127 -0.0830633358 -0.1494627446 0.9425734830 -0.9667018608 -0.1226240190 -0.9978854674 0.9268471445 -0.9766745655 -0.9985105478 0.9894846785 -0.1064239237 0.9783340483 0.9800123611
0.7176098014 -0.0799020936 -0.1462316581 0.9479938324 -0.9732702407 -0.1206269908 -0.9969967845 0.9322323867 -0.9826374739 -0.9995494680 0.9931880650 -0.1035972191 0.9839994164 0.9854536512
0.7201504870 -0.0771119448 -0.1433344386 0.9525472573 -0.9790928610 -0.1190074825 -0.9959527234 0.9367582959 -0.9876998501 -1.0000000000 0.9960791585 -0.1011370302 0.9887817146 0.9900062906
0.7219123610 -0.0746845663 -0.1407634044 0.9562495658 -0.9841795009 -0.1177566775 -0.9947532331 0.9404405660 -0.9918758725 -0.9998701698 0.9981700909 -0.0990349986 0.9926967383 0.9936862870
0.7229107148 -0.0726116350 -0.1385108740 0.9591165661 -0.9885399399 -0.1168657592 -0.9933982624 0.9432948906 -0.9951797200 -0.9991680035 0.9994729940 -0.0972827663 0.9957602832 0.9965096484
0.7231608397 -0.0708848279 -0.1365691658 0.9611640663 -0.9921839573 -0.1163259110 -0.9918877602 0.9453369634 -0.9976255713 -0.9979015273 1.0000000000 -0.0958719751 0.9979881447 0.9984923825
0.7226780271 -0.0694958219 -0.1349305983 0.9624078744 -0.9951213326 -0.1161283165 -0.9902216754 0.9465824781 -0.9992276051 -0.9960787671 0.9997632406 -0.0947942668 0.9993961185 0.9996504971
0.7214775685 -0.0684362938 -0.1335874899 0.9628637987 -0.9973618451 -0.1162641589 -0.9883999568 0.9470471283 -1.0000000000 -0.9937077491 0.9987748479 -0.0940412832 1.0000000000 1.0000000000
0.7195747553 -0.0676979206 -0.1325321589 0.9625476472 -0.9989152743 -0.1167246218 -0.9864225534 0.9467466077 -0.9999569349 -0.9907964994 0.9970469537 -0.0936046661 0.9998155849 0.9995568990
0.7169848788 -0.0672723792 -0.1317569239 0.9614752281 -0.9997913994 -0.1175008886 -0.9842894139 0.9456966102 -0.9991125883 -0.9873530441 0.9945916901 -0.0934760573 0.9988586687 0.9983372020
