-0.4614758740 -0.4953025949 -0.4507240379 -0.3456517646 -0.7656279936 -0.4823172176 -0.7248523172 -0.3466564757 -0.9996595751 -0.7437229002 0.5052095032 -0.4843225635 -0.3322013173 -0.3401734809
-0.4904598621 -0.5239563047 -0.4798075299 -0.3741661494 -0.7839685661 -0.5113375599 -0.7433218571 -0.3751772153 -1.0000000000 -0.7622759454 0.5341215343 -0.5133898844 -0.3606214070 -0.3686385161
-0.5185342249 -0.5516728311 -0.5079994263 -0.4019391864 -0.8014953323 -0.5394143684 -0.7610882568 -0.4029552710 -0.9999471796 -0.7800672716 0.5620509325 -0.5415105636 -0.3883176354 -0.3963691332
-0.5457079372 -0.5784610125 -0.5353079639 -0.4289778541 -0.8182167552 -0.5665569146 -0.7781580907 -0.4299976374 -0.9995055881 -0.7971044040 0.5890079243 -0.5686936821 -0.4152967804 -0.4233722706
-0.5719899740 -0.6043296873 -0.5617413798 -0.4552891311 -0.8341412981 -0.5927744698 -0.7945379332 -0.4563113091 -0.9986796998 -0.8133948676 0.6150027360 -0.5949483212 -0.4415656202 -0.4496548667
-0.5973893102 -0.6292876939 -0.5873079109 -0.4808799960 -0.8492774240 -0.6180763057 -0.8102343588 -0.4819032808 -0.9974739890 -0.8289461875 0.6400455938 -0.6202835619 -0.4671309326 -0.4752238599
-0.6219149207 -0.6533438706 -0.6120157940 -0.5057574275 -0.8636335962 -0.6424716936 -0.8252539419 -0.5067805471 -0.9958929298 -0.8437658888 0.6641467243 -0.6447084854 -0.4919994957 -0.5000861888
-0.6455757806 -0.6765070560 -0.6358732661 -0.5299284039 -0.8772182778 -0.6659699050 -0.8396032571 -0.5309501025 -0.9939409965 -0.8578614966 0.6873163536 -0.6682321728 -0.5161780876 -0.5242487917
-0.6683808647 -0.6987860882 -0.6588885642 -0.5533999040 -0.8900399320 -0.6885802114 -0.8532888786 -0.5544189417 -0.9916226635 -0.8712405359 0.7095647081 -0.6908637052 -0.5396734862 -0.5477186070
-0.6903391480 -0.7201898059 -0.6810699252 -0.5761789063 -0.9021070218 -0.7103118841 -0.8663173811 -0.5771940592 -0.9889424048 -0.8839105320 0.7309020142 -0.7126121638 -0.5624924696 -0.5705025732
-0.7114596054 -0.7407270472 -0.7024255860 -0.5982723893 -0.9134280105 -0.7311741948 -0.8786953389 -0.5992824497 -0.9859046949 -0.8958790098 0.7513384982 -0.7334866296 -0.5846418158 -0.5926076287
-0.7317512119 -0.7604066506 -0.7229637835 -0.6196873318 -0.9240113611 -0.7511764148 -0.8904293265 -0.6206911079 -0.9825140080 -0.9071534946 0.7708843864 -0.7534961839 -0.6061283028 -0.6140407120
-0.7512229424 -0.7792374546 -0.7426927547 -0.6404307121 -0.9338655369 -0.7703278156 -0.9015259184 -0.6414270282 -0.9787748182 -0.9177415112 0.7895499052 -0.7726499076 -0.6269587085 -0.6348087615
-0.7698837718 -0.7972282974 -0.7616207365 -0.6605095090 -0.9429990010 -0.7886376686 -0.9119916891 -0.6614972053 -0.9746915999 -0.9276505849 0.8073452809 -0.7909568821 -0.6471398112 -0.6549187156
-0.7877426751 -0.8143880176 -0.7797559658 -0.6799307009 -0.9514202164 -0.8061152454 -0.9218332129 -0.6809086338 -0.9702688273 -0.9368882408 0.8242807398 -0.8084261883 -0.6666783886 -0.6743775127
-0.8048086273 -0.8307254533 -0.7971066796 -0.6987012665 -0.9591376465 -0.8227698174 -0.9310570643 -0.6996683084 -0.9655109747 -0.9454620039 0.8403665083 -0.8250669074 -0.6855812189 -0.6931920914
-0.8210906032 -0.8462494432 -0.8136811148 -0.7168281843 -0.9661597543 -0.8386106560 -0.9396698178 -0.7177832235 -0.9604225164 -0.9533793994 0.8556128127 -0.8408881205 -0.7038550802 -0.7113693899
-0.8365975778 -0.8609688254 -0.8294875084 -0.7343184329 -0.9724950030 -0.8536470326 -0.9476780479 -0.7352603739 -0.9550079264 -0.9606479522 0.8700298794 -0.8558989088 -0.7215067503 -0.7289163468
-0.8513385260 -0.8748924385 -0.8445340971 -0.7511789910 -0.9781518557 -0.8678882189 -0.9550883289 -0.7521067542 -0.9492716793 -0.9672751876 0.8836279346 -0.8701083534 -0.7385430073 -0.7458399004
-0.8653224229 -0.8880291208 -0.8588291181 -0.7674168369 -0.9831387756 -0.8813434862 -0.9619072354 -0.7683293588 -0.9432182491 -0.9732686306 0.8964172048 -0.8835255354 -0.7549706292 -0.7621469893
