0.2570699461 0.0853060152 0.0645049315 0.3192251912 0.0267087481 0.2232540012 -0.0726395027 0.3175738901 -0.1358587999 0.0066884298 -0.0292091920 0.0829645725 0.3214570938 0.3237717400
0.2503750894 0.0823310994 0.0634421612 0.3107924490 0.0209091159 0.2156166652 -0.0727498621 0.3092193470 -0.1403738478 -0.0031304791 -0.0197508165 0.0799810498 0.3119152214 0.3143118220
0.2441776927 0.0798628933 0.0628534027 0.3028061567 0.0157140668 0.2085173612 -0.0723321394 0.3013162460 -0.1442238196 -0.0123210208 -0.0109198497 0.0775057354 0.3027666698 0.3052470664
0.2384953544 0.0779173673 0.0627531113 0.2952835356 0.0111427058 0.2019748767 -0.0713713601 0.2938818915 -0.1473891351 -0.0208621339 -0.0027372644 0.0755546308 0.2940278342 0.2965938880
0.2333456727 0.0765104914 0.0631557425 0.2882418070 0.0072141381 0.1960079991 -0.0698525497 0.2869335876 -0.1498502143 -0.0287327570 0.0047759669 0.0741437374 0.2857151097 0.2883687018
0.2287462460 0.0756582360 0.0640757518 0.2816981924 0.0039474688 0.1906355161 -0.0677607338 0.2804886388 -0.1515874773 -0.0359118285 0.0115988717 0.0732890568 0.2778448915 0.2805879225
0.2247146724 0.0753765712 0.0655275947 0.2756699130 0.0013618029 0.1858762151 -0.0650809379 0.2745643493 -0.1525813441 -0.0423782872 0.0177104774 0.0730065904 0.2704335748 0.2732679650
0.2212685504 0.0756814674 0.0675257266 0.2701741901 -0.0005237544 0.1817488837 -0.0617981877 0.2691780235 -0.1528122346 -0.0481110714 0.0230898112 0.0733123398 0.2634975549 0.2664252443
0.2184254781 0.0765888946 0.0700846030 0.2652282452 -0.0016900980 0.1782723095 -0.0578975086 0.2643469655 -0.1522605688 -0.0530891198 0.0277159008 0.0742223064 0.2570532269 0.2600761752
0.2162030540 0.0781148232 0.0732186794 0.2608492995 -0.0021181228 0.1754652799 -0.0533639262 0.2600884798 -0.1509067667 -0.0572913710 0.0315677735 0.0757524918 0.2511169860 0.2542371724
0.2146188761 0.0802752233 0.0769424111 0.2570545744 -0.0017887237 0.1733465825 -0.0481824662 0.2564198706 -0.1487312483 -0.0606967635 0.0346244567 0.0779188974 0.2457052273 0.2489246510
0.2136905430 0.0830860652 0.0812702538 0.2538612913 -0.0006827956 0.1719350049 -0.0423381539 0.2533584423 -0.1457144337 -0.0632842358 0.0368649779 0.0807375248 0.2408343462 0.2441550258
0.2134356528 0.0865633191 0.0862166629 0.2512866715 0.0012187667 0.1712493345 -0.0358160151 0.2509214991 -0.1418367427 -0.0650327266 0.0382683643 0.0842243755 0.2365207378 0.2399447116
0.2138718038 0.0907229552 0.0917960938 0.2493479362 0.0039350683 0.1713083590 -0.0286010752 0.2491263453 -0.1370785953 -0.0659211743 0.0388136436 0.0883954509 0.2327807973 0.2363101233
0.2150165943 0.0955809437 0.0980230019 0.2480623070 0.0074852142 0.1721308658 -0.0206783598 0.2479902852 -0.1314204117 -0.0659285175 0.0384798430 0.0932667525 0.2296309198 0.2332676758
0.2168876226 0.1011532550 0.1049118429 0.2474470051 0.0118883096 0.1737356425 -0.0120328945 0.2475306232 -0.1248426117 -0.0650336948 0.0372459901 0.0988542820 0.2270875007 0.2308337839
0.2195024871 0.1074558591 0.1124770721 0.2475192518 0.0171634596 0.1761414766 -0.0026497047 0.2477646635 -0.1173256153 -0.0632156448 0.0350911121 0.1051740407 0.2251669350 0.2290248625
0.2228787859 0.1145047264 0.1207331450 0.2482962685 0.0233297693 0.1793671557 0.0074861838 0.2487097104 -0.1088498426 -0.0604533060 0.0319942366 0.1122420301 0.2238856179 0.2278573265
0.2270341173 0.1223158270 0.1296945170 0.2497952766 0.0304063438 0.1834314672 0.0183897457 0.2503830683 -0.0993957134 -0.0567256169 0.0279343910 0.1200742518 0.2232599447 0.2273475907
0.2319860798 0.1309051312 0.1393756437 0.2520334973 0.0384122883 0.1883531988 0.0300759552 0.2528020414 -0.0889436479 -0.0520115162 0.0228906026 0.1286867073 0.2233063106 0.2275120700
