0.6470140973 0.9881547589 0.9861281103 0.6035596010 0.9636308837 0.9534124598 0.9163780742 0.6093402085 0.9189741279 0.7457263770 -0.9985746499 0.9807858024 0.5152256368 0.5144738249
0.6390092582 0.9916271068 0.9899703847 0.5951905393 0.9692283777 0.9602943894 0.9244392725 0.6010748924 0.9265264910 0.7563973913 -0.9995708425 0.9854056676 0.5062896597 0.5052974903
0.6307172362 0.9945138429 0.9932087336 0.5865515011 0.9743820300 0.9666593650 0.9321287576 0.5925365430 0.9337420331 0.7668871698 -1.0000000000 0.9894123548 0.4971162741 0.4958872952
0.6221337278 0.9968047337 0.9958333972 0.5776385521 0.9790849895 0.9724984525 0.9394403601 0.5837211459 0.9406154687 0.7771923965 -0.9998537809 0.9927955831 0.4877021986 0.4862400962
0.6132544294 0.9984895457 0.9978346155 0.5684477578 0.9833304049 0.9778027179 0.9463679112 0.5746246862 0.9471415124 0.7873097552 -0.9991238436 0.9955450711 0.4780441516 0.4763527499
0.6040750374 0.9995580456 0.9992026286 0.5589751839 0.9871114250 0.9825632273 0.9529052417 0.5652431494 0.9533148788 0.7972359299 -0.9978018466 0.9976505380 0.4681388516 0.4662221128
0.5945912482 1.0000000000 0.9999276767 0.5492168960 0.9904211988 0.9867710465 0.9590461823 0.5555725209 0.9591302824 0.8069676044 -0.9958794484 0.9991017025 0.4579830169 0.4558450415
0.5847987582 0.9998051754 1.0000000000 0.5391689596 0.9932528749 0.9904172415 0.9647845642 0.5456087861 0.9645824378 0.8165014626 -0.9933483075 0.9998882835 0.4475733661 0.4452183927
0.5746932639 0.9989633385 0.9994098385 0.5288274405 0.9955996022 0.9934928785 0.9701142180 0.5353479303 0.9696660596 0.8258341885 -0.9902000824 1.0000000000 0.4369066176 0.4343390230
0.5642704617 0.9974642557 0.9981474324 0.5181884041 0.9974545296 0.9959890232 0.9750289748 0.5247859389 0.9743758623 0.8349624658 -0.9864264314 0.9994265708 0.4259794899 0.4232037890
0.5535260481 0.9952976938 0.9962030218 0.5072479162 0.9988108058 0.9978967418 0.9795226655 0.5139187972 0.9787065605 0.8438829785 -0.9820190132 0.9981577149 0.4147887013 0.4118095472
0.5424557194 0.9924534192 0.9935668468 0.4960020424 0.9996615797 0.9992071001 0.9835891208 0.5027424907 0.9826528688 0.8525924105 -0.9769694861 0.9961831511 0.4033309704 0.4001531543
0.5310551720 0.9889211986 0.9902291476 0.4844468482 1.0000000000 0.9999111642 0.9872221717 0.4912530047 0.9862095017 0.8610874456 -0.9712695087 0.9934925984 0.3916030156 0.3882314668
0.5193201024 0.9846907986 0.9861801643 0.4725783993 0.9998192156 1.0000000000 0.9904156492 0.4794463246 0.9893711738 0.8693647678 -0.9649107393 0.9900757756 0.3796015554 0.3760413414
0.5072462070 0.9797519857 0.9814101370 0.4603927613 0.9991123754 0.9994646736 0.9931633840 0.4673184358 0.9921325997 0.8774210609 -0.9578848366 0.9859224016 0.3673233081 0.3635796346
0.4948291823 0.9740945266 0.9759093058 0.4478859998 0.9978726281 0.9982962508 0.9954592071 0.4548653236 0.9944884939 0.8852530089 -0.9501834589 0.9810221953 0.3547649923 0.3508432032
0.4820647246 0.9677081878 0.9696679110 0.4350541805 0.9960931225 0.9964857978 0.9972969493 0.4420829735 0.9964335711 0.8928572956 -0.9417982648 0.9753648757 0.3419233263 0.3378289035
0.4689485304 0.9605827359 0.9626761925 0.4218933689 0.9937670075 0.9940243804 0.9986704416 0.4289673707 0.9979625457 0.9002306048 -0.9327209126 0.9689401616 0.3287950287 0.3245335924
0.4554762961 0.9527079374 0.9549243905 0.4083996306 0.9908874318 0.9909030646 0.9995735149 0.4155145007 0.9990701323 0.9073696206 -0.9229430610 0.9617377719 0.3153768179 0.3109541263
0.4416437182 0.9440735591 0.9464027452 0.3945690313 0.9874475444 0.9871129165 1.0000000000 0.4017203489 0.9997510456 0.9142710268 -0.9124563683 0.9537474255 0.3016654124 0.2970873619
