-0.3581261493 -0.9944495443 -0.9973339531 0.0768423346 -0.9904404440 -0.3597221248 -0.9986590140 0.0696163613 -0.9907404562 -0.3968979250 0.3028260100 -0.9967202364 0.1773623307 0.1677632293
-0.3606819229 -0.9975120850 -0.9992995639 0.0750596941 -0.9945832891 -0.3620823427 -0.9998664939 0.0678043727 -0.9948420800 -0.3987615886 0.3062935051 -0.9989816473 0.1754388278 0.1662532030
-0.3624444970 -0.9993536742 -1.0000000000 0.0737959480 -0.9975408961 -0.3636431109 -1.0000000000 0.0665153992 -0.9977367499 -0.3997874878 0.3090293697 -1.0000000000 0.1739623829 0.1652076674
-0.3634325036 -1.0000000000 -0.9994611968 0.0730373066 -0.9993381660 -0.3644232645 -0.9990794991 0.0657355861 -0.9994481589 -0.3999953961 0.3110506781 -0.9998017960 0.1729206232 0.1646137414
-0.3636645746 -0.9994767504 -0.9977090896 0.0727699802 -1.0000000000 -0.3644416381 -0.9971249581 0.0654510786 -1.0000000000 -0.3994050871 0.3123745044 -0.9984135369 0.1723011764 0.1644585440
-0.3631593421 -0.9978096136 -0.9947696138 0.0729801792 -0.9995512992 -0.3637170666 -0.9941563439 0.0656480221 -0.9994159663 -0.3980363343 0.3130179228 -0.9958617242 0.1720916699 0.1647291942
-0.3619354381 -0.9950242775 -0.9906687048 0.0736541139 -0.9980169646 -0.3622683848 -0.9901936232 0.0663125618 -0.9977197507 -0.3959089112 0.3129980075 -0.9921728595 0.1722797310 0.1654128110
-0.3600114945 -0.9911464302 -0.9854322980 0.0747779947 -0.9954218975 -0.3601144276 -0.9852567630 0.0674308430 -0.9949350463 -0.3930425914 0.3123318327 -0.9873734442 0.1728529873 0.1664965133
-0.3574061433 -0.9862017598 -0.9790863286 0.0763380319 -0.9917909989 -0.3572740298 -0.9793657301 0.0689890111 -0.9910855461 -0.3894571484 0.3110364725 -0.9814899800 0.1737990663 0.1679674200
-0.3541380165 -0.9802159544 -0.9716567321 0.0783204358 -0.9871491699 -0.3537660262 -0.9725404914 0.0709732113 -0.9861949431 -0.3851723557 0.3091290011 -0.9745489683 0.1751055953 0.1698126503
-0.3502257460 -0.9732147019 -0.9631694439 0.0807114167 -0.9815213116 -0.3496092515 -0.9648010138 0.0733695888 -0.9802869303 -0.3802079868 0.3066264926 -0.9665769107 0.1767602019 0.1720193230
-0.3456879640 -0.9652236906 -0.9536503993 0.0834971851 -0.9749323252 -0.3448225407 -0.9561672640 0.0761642891 -0.9733852008 -0.3745838153 0.3035460214 -0.9576003088 0.1787505135 0.1745745572
-0.3405433024 -0.9562686084 -0.9431255336 0.0866639512 -0.9674071117 -0.3394247286 -0.9466592090 0.0793434573 -0.9655134476 -0.3683196147 0.2999046615 -0.9476456639 0.1810641575 0.1774654717
-0.3348103931 -0.9463751434 -0.9316207823 0.0901979254 -0.9589705723 -0.3334346500 -0.9362968156 0.0828932389 -0.9566953636 -0.3614351585 0.2957194871 -0.9367394778 0.1836887614 0.1806791856
-0.3285078681 -0.9355689836 -0.9191620807 0.0940853180 -0.9496476081 -0.3268711396 -0.9251000507 0.0867997789 -0.9469546419 -0.3539502203 0.2910075724 -0.9249082519 0.1866119527 0.1842028178
-0.3216543595 -0.9238758172 -0.9057753642 0.0983123393 -0.9394631202 -0.3197530325 -0.9130888811 0.0910492229 -0.9363149755 -0.3458845736 0.2857859916 -0.9121784878 0.1898213588 0.1880234873
-0.3142684992 -0.9113213322 -0.8914865681 0.1028651998 -0.9284420097 -0.3120991632 -0.9002832737 0.0956277159 -0.9248000575 -0.3372579919 0.2800718188 -0.8985766870 0.1933046072 0.1921283131
-0.3063689192 -0.8979312166 -0.8763216278 0.1077301097 -0.9166091777 -0.3039283667 -0.8867031953 0.1005214034 -0.9124335808 -0.3280902488 0.2738821282 -0.8841293510 0.1970493254 0.1965044142
-0.2979742515 -0.8837311585 -0.8603064787 0.1128932794 -0.9039895254 -0.2952594779 -0.8723686129 0.1057164307 -0.8992392384 -0.3184011177 0.2672339941 -0.8688629814 0.2010431407 0.2011389095
-0.2891031281 -0.8687468460 -0.8434670561 0.1183409192 -0.8906079538 -0.2861113314 -0.8572994932 0.1111989429 -0.8852407235 -0.3082103723 0.2601444905 -0.8528040797 0.2052736807 0.2060189179
