0.8280149320 0.6052408180 0.5163968736 0.7785526555 0.5882455535 0.7609793394 0.2010397101 0.7787807902 -0.0590922997 0.4912741405 -0.5659213117 0.6179293447 0.8272165439 0.8224391484
0.7857923193 0.5591627764 0.4690298106 0.7472171187 0.5351259529 0.7187590231 0.1437773037 0.7472875977 -0.1308369500 0.4496921622 -0.5244152717 0.5723665349 0.7961931514 0.7913006022
0.7454679245 0.5152162735 0.4238771943 0.7174188200 0.4843848219 0.6784675023 0.0891956309 0.7173371838 -0.1993335047 0.4101380449 -0.4849012746 0.5289119958 0.7666721287 0.7616708794
0.7070107364 0.4733669838 0.3809035170 0.6891312376 0.4359847473 0.6400732603 0.0372529338 0.6889029562 -0.2646307542 0.3725785553 -0.4473466643 0.4875317136 0.7386274947 0.7335239072
0.6703897440 0.4335805816 0.3400732711 0.6623278496 0.3898883159 0.6035447800 -0.0120925452 0.6619583224 -0.3267774890 0.3369804599 -0.4117187851 0.4481916743 0.7120332686 0.7068336127
0.6355739359 0.3958227412 0.3013509489 0.6369821341 0.3460581145 0.5688505447 -0.0588825641 0.6364766899 -0.3858224997 0.3033105255 -0.3779849809 0.4108578640 0.6868634694 0.6815739231
0.6025323011 0.3600591369 0.2647010428 0.6130675693 0.3044567301 0.5359590372 -0.1031588805 0.6124314664 -0.4418145767 0.2715355185 -0.3461125959 0.3754962686 0.6630921163 0.6577187655
0.5712338284 0.3262554431 0.2300880451 0.5905576332 0.2650467493 0.5048387408 -0.1449632522 0.5897960594 -0.4948025104 0.2416222057 -0.3160689742 0.3420728744 0.6406932283 0.6352420670
0.5416475067 0.2943773341 0.1974764483 0.5694258041 0.2277907591 0.4754581385 -0.1843374371 0.5685438764 -0.5448350915 0.2135373537 -0.2878214598 0.3105536672 0.6196408244 0.6141177547
0.5137423247 0.2643904842 0.1668307446 0.5496455601 0.1926513462 0.4477857135 -0.2213231929 0.5486483250 -0.5919611103 0.1872477291 -0.2613373970 0.2809046333 0.5999089239 0.5943197557
0.4874872714 0.2362605678 0.1381154264 0.5311903792 0.1595910976 0.4217899487 -0.2559622774 0.5300828127 -0.6362293574 0.1627200985 -0.2365841297 0.2530917585 0.5814715457 0.5758219972
0.4628513355 0.2099532592 0.1112949861 0.5140337397 0.1285725999 0.3974393272 -0.2882964483 0.5128207472 -0.6776886233 0.1399212285 -0.2135290020 0.2270810291 0.5643027090 0.5585984063
0.4398035059 0.1854342327 0.0863339160 0.4981491196 0.0995584401 0.3747023323 -0.3183674635 0.4968355360 -0.7163876985 0.1188178858 -0.1921393581 0.2028384310 0.5483764327 0.5426229101
0.4183127715 0.1626691627 0.0631967085 0.4835099971 0.0725112050 0.3535474468 -0.3462170807 0.4821005866 -0.7523753734 0.0993768370 -0.1723825420 0.1803299503 0.5336667361 0.5278694357
0.3983481211 0.1416237235 0.0418478560 0.4700898504 0.0473934814 0.3339431540 -0.3718870577 0.4685893066 -0.7857004385 0.0815648487 -0.1542258979 0.1595215730 0.5201476382 0.5143119103
0.3798785435 0.1222635894 0.0222518507 0.4578621575 0.0241678561 0.3158579369 -0.3954191524 0.4562751036 -0.8164116843 0.0653486875 -0.1376367698 0.1403792852 0.5077931581 0.5019242609
0.3628730275 0.1045544348 0.0043731851 0.4468003966 0.0027969160 0.2992602786 -0.4168551223 0.4451313851 -0.8445579014 0.0506951200 -0.1225825018 0.1228690730 0.4965773148 0.4906804147
0.3473005621 0.0884619339 -0.0118236485 0.4368780459 -0.0167567521 0.2841186621 -0.4362367255 0.4351315586 -0.8701878802 0.0375709129 -0.1090304380 0.1069569224 0.4864741274 0.4805542989
0.3331301360 0.0739517612 -0.0263741577 0.4280685834 -0.0345305614 0.2704015706 -0.4536057195 0.4262490319 -0.8933504112 0.0259428329 -0.0969479226 0.0926088195 0.4774576151 0.4715198405
0.3203307381 0.0609895910 -0.0393138502 0.4203454873 -0.0505619251 0.2580774872 -0.4690038623 0.4184572123 -0.9140942848 0.0157776464 -0.0863022996 0.0797907503 0.4695017969 0.4635509666
