0.4558611089 0.2722992093 0.2468330177 0.0522435512 0.1735554971 0.0986799044 0.2301106216 0.0567209299 -0.5410141763 -0.7822875637 0.8404745121 0.3036136111 0.0889221210 0.0635558117
0.4781755961 0.3037765874 0.2782144551 0.0910250822 0.1936729375 0.1349402961 0.2631661594 0.0953860722 -0.5384249066 -0.7912855167 0.8355368241 0.3332617284 0.1267347588 0.1020838814
0.5009693224 0.3357487860 0.3102195176 0.1306657099 0.2137215687 0.1720708630 0.2967702570 0.1349001933 -0.5361673612 -0.8004586879 0.8306013992 0.3634262514 0.1653248768 0.1414423941
0.5242482471 0.3682194344 0.3428543889 0.1711732392 0.2336939370 0.2100810603 0.3309269078 0.1752708986 -0.5342508542 -0.8098109912 0.8256723284 0.3941118353 0.2046987064 0.1816384540
0.5480183296 0.4011921618 0.3761252528 0.2125554747 0.2535825884 0.2489803431 0.3656401049 0.2165057936 -0.5326846999 -0.8193463408 0.8207537026 0.4253231355 0.2448624793 0.2226791651
0.5722855293 0.4346705974 0.4100382930 0.2548202213 0.2733800690 0.2887781668 0.4009138414 0.2586124838 -0.5314782125 -0.8290686505 0.8158496127 0.4570648070 0.2858224268 0.2645716313
0.5970558058 0.4686583704 0.4445996933 0.2979752838 0.2930789252 0.3294839867 0.4367521107 0.3015985747 -0.5306407061 -0.8389818342 0.8109641496 0.4893415052 0.3275847803 0.3073229569
0.6223351183 0.5031591102 0.4798156373 0.3420284669 0.3126717030 0.3711072579 0.4731589058 0.3454716718 -0.5301814948 -0.8490898060 0.8061014043 0.5221578853 0.3701557715 0.3509402457
0.6481294263 0.5381764459 0.5156923090 0.3869875754 0.3321509485 0.4136574358 0.5101382200 0.3902393806 -0.5301098930 -0.8593964798 0.8012654677 0.5555186024 0.4135416318 0.3954306019
0.6744446893 0.5737140067 0.5522358919 0.4328604141 0.3515092080 0.4571439755 0.5476940465 0.4359093066 -0.5304352147 -0.8699057695 0.7964604308 0.5894283118 0.4577485925 0.4408011294
0.7012868666 0.6097754220 0.5894525699 0.4796547878 0.3707390275 0.5015763324 0.5858303784 0.4824890553 -0.5311667741 -0.8806215891 0.7916903844 0.6238916688 0.5027828854 0.4870589324
0.7286619176 0.6463643209 0.6273485267 0.5273785012 0.3898329533 0.5469639617 0.6245512090 0.5299862322 -0.5323138854 -0.8915478525 0.7869594194 0.6589133285 0.5486507417 0.5342111149
0.7565758018 0.6834843328 0.6659299459 0.5760393592 0.4087835315 0.5933163186 0.6638605314 0.5784084428 -0.5338858628 -0.9026884738 0.7822716269 0.6944979461 0.5953583930 0.5822647808
0.7850344786 0.7211390867 0.7052030115 0.6256451665 0.4275833082 0.6406428585 0.7037623389 0.6277632926 -0.5358920205 -0.9140473669 0.7776310977 0.7306501769 0.6429120707 0.6312270343
0.8140439075 0.7593322120 0.7451739070 0.6762037279 0.4462248296 0.6889530364 0.7442606245 0.6780583870 -0.5383416727 -0.9256284456 0.7730419228 0.7673746761 0.6913180064 0.6811049794
0.8436100477 0.7980673380 0.7858488163 0.7277228481 0.4647006419 0.7382563079 0.7853593816 0.7293013317 -0.5412441334 -0.9374356241 0.7685081931 0.8046760989 0.7405824315 0.7319057202
0.8737388588 0.8373480937 0.8272339231 0.7802103321 0.4830032911 0.7885621279 0.8270626033 0.7814997320 -0.5446087170 -0.9494728162 0.7640339994 0.8425591006 0.7907115775 0.7836363606
0.9044363002 0.8771781086 0.8693354111 0.8336739844 0.5011253236 0.8398799519 0.8693742828 0.8346611935 -0.5484447376 -0.9617439358 0.7596234329 0.8810283363 0.8417116759 0.8363040048
0.9357083312 0.9175610118 0.9121594641 0.8881216100 0.5190592853 0.8922192351 0.9122984133 0.8887933217 -0.5527615093 -0.9742528971 0.7552805843 0.9200884613 0.8935889581 0.8899157567
0.9675609114 0.9585004325 0.9557122658 0.9435610136 0.5367977226 0.9455894327 0.9558389880 0.9439037220 -0.5575683464 -0.9870036138 0.7510095446 0.9597441308 0.9463496557 0.9444787204
