0.8217022803 0.9264673087 0.5478810988 0.2233330221 0.9717686891 0.9024271727 0.9293930369 0.2275705585 0.9557724724 0.6010285318 -0.9604101640 0.9335069267 -0.0069599721 0.0662139889
0.8237172646 0.9359974253 0.5639772359 0.2365867868 0.9664328539 0.9131103558 0.9380435288 0.2408690110 0.9493259335 0.6138613426 -0.9542929158 0.9426795581 0.0042323604 0.0778811130
0.8251749244 0.9449191905 0.5798825474 0.2495066962 0.9606033217 0.9232345044 0.9461731080 0.2538331565 0.9424049934 0.6265491628 -0.9476997728 0.9512228316 0.0151302122 0.0892343784
0.8260639915 0.9532201621 0.5955909445 0.2620821041 0.9542726758 0.9327878351 0.9537719844 0.2664523361 0.9350030968 0.6390885037 -0.9406237400 0.9591239459 0.0257238220 0.1002636564
0.8263731981 0.9608878979 0.6110963382 0.2743023645 0.9474334997 0.9417585648 0.9608303676 0.2787158909 0.9271136885 0.6514758769 -0.9330578220 0.9663700993 0.0360034287 0.1109588180
0.8260912760 0.9679099558 0.6263926398 0.2861568313 0.9400783769 0.9501349104 0.9673384672 0.2906131620 0.9187302132 0.6637077938 -0.9249950236 0.9729484904 0.0459592711 0.1213097343
0.8252069572 0.9742738934 0.6414737604 0.2976348584 0.9321998908 0.9579050885 0.9732864929 0.3021334907 0.9098461155 0.6757807658 -0.9164283497 0.9788463178 0.0555815880 0.1313062766
0.8237089737 0.9799672686 0.6563336112 0.3087257996 0.9237906248 0.9650573159 0.9786646545 0.3132662179 0.9004548403 0.6876913044 -0.9073508052 0.9840507799 0.0648606182 0.1409383158
0.8215860575 0.9849776391 0.6709661033 0.3194190089 0.9148431625 0.9715798096 0.9834631616 0.3240006850 0.8905498322 0.6994359210 -0.8977553946 0.9885490753 0.0737866006 0.1501957231
0.8188269404 0.9892925627 0.6853651478 0.3297038401 0.9053500873 0.9774607862 0.9876722239 0.3343262330 0.8801245359 0.7110111272 -0.8876351230 0.9923284025 0.0823497739 0.1590683696
0.8154203545 0.9928995972 0.6995246560 0.3395696472 0.8953039827 0.9826884625 0.9912820512 0.3442322031 0.8691723963 0.7224134343 -0.8769829951 0.9953759601 0.0905403769 0.1675461265
0.8113550317 0.9957863004 0.7134385389 0.3490057840 0.8846974320 0.9872510553 0.9942828530 0.3537079363 0.8576868579 0.7336393538 -0.8657920157 0.9976789465 0.0983486486 0.1756188648
0.8066197039 0.9979402301 0.7271007078 0.3580016044 0.8735230187 0.9911367815 0.9966648391 0.3627427739 0.8456613656 0.7446853972 -0.8540551896 0.9992245603 0.1057648277 0.1832764557
0.8012031032 0.9993489440 0.7405050737 0.3665464623 0.8617733264 0.9943338578 0.9984182192 0.3713260570 0.8330893641 0.7555480760 -0.8417655216 1.0000000000 0.1127791530 0.1905087702
0.7950939616 1.0000000000 0.7536455479 0.3746297116 0.8494409384 0.9968305010 0.9995332029 0.3794471268 0.8199642980 0.7662239015 -0.8289160165 0.9999924641 0.1193818634 0.1973056796
0.7882810108 0.9998809558 0.7665160415 0.3822407062 0.8365184382 0.9986149279 1.0000000000 0.3870953243 0.8062796121 0.7767093853 -0.8154996791 0.9991891512 0.1255631976 0.2036570549
0.7807529830 0.9989793691 0.7791104656 0.3893688000 0.8229984093 0.9996753553 0.9998088201 0.3942599907 0.7920287512 0.7870010387 -0.8015095143 0.9975772598 0.1313133945 0.2095527672
0.7724986101 0.9972827978 0.7914227314 0.3960033468 0.8088734351 1.0000000000 0.9989498730 0.4009304671 0.7772051599 0.7970953733 -0.7869385268 0.9951439884 0.1366226929 0.2149826877
0.7635066241 0.9947787997 0.8034467501 0.4021337006 0.7941360990 0.9995770787 0.9974133682 0.4070960948 0.7618022829 0.8069889005 -0.7717797214 0.9918765356 0.1414813316 0.2199366874
0.7537657568 0.9914549325 0.8151764328 0.4077492153 0.7787789846 0.9983948083 0.9951895156 0.4127462148 0.7458135651 0.8166781318 -0.7560261029 0.9877620997 0.1458795495 0.2244046375
