0.3705465426 0.7321245220 0.6897289959 0.0892956890 0.3378680216 0.8374039913 0.8564506067 0.0937655811 0.3620503898 0.4875564423 0.0424545666 0.7834791944 0.0735119521 0.0958135769
0.3559559014 0.7345111030 0.7106567681 0.0692384444 0.3265186437 0.8442352209 0.8644776413 0.0738022180 0.3520702170 0.5114824130 0.0571216851 0.7834558062 0.0517611487 0.0729924219
0.3395097904 0.7354952300 0.7310292153 0.0474860598 0.3134607925 0.8497763917 0.8712505721 0.0521245450 0.3404211441 0.5352141167 0.0733971992 0.7819042271 0.0284761633 0.0486468079
0.3211688518 0.7350429363 0.7508261960 0.0240040471 0.2986572515 0.8539948347 0.8767371850 0.0286976107 0.3270664458 0.5587396295 0.0913158918 0.7787885942 0.0036267840 0.0227471928
0.3008937280 0.7331202547 0.7700275684 -0.0012420817 0.2820708043 0.8568578806 0.8809052661 0.0034864635 0.3119693963 0.5820470270 0.1109125462 0.7740730448 -0.0228172010 -0.0047359656
0.2786450613 0.7296932184 0.7886131908 -0.0282868148 0.2636642343 0.8583328603 0.8837226013 -0.0235438481 0.2950932703 0.6051243851 0.1322219452 0.7677217160 -0.0508860036 -0.0338322095
0.2543834940 0.7247278603 0.8065629217 -0.0571646402 0.2434003251 0.8583871045 0.8851569765 -0.0524282758 0.2764013421 0.6279597796 0.1552788719 0.7596987452 -0.0806098357 -0.0645710810
0.2280696684 0.7181902136 0.8238566194 -0.0879100460 0.2212418603 0.8569879443 0.8851761778 -0.0832017710 0.2558568863 0.6505412862 0.1801181094 0.7499682695 -0.1120189090 -0.0969821224
0.1996642267 0.7100463113 0.8404741422 -0.1205575203 0.1971516233 0.8541027103 0.8837479911 -0.1158992853 0.2334231773 0.6728569808 0.2067744407 0.7384944261 -0.1451434355 -0.1310948758
0.1691278113 0.7002621865 0.8563953484 -0.1551415511 0.1710923976 0.8496987335 0.8808402023 -0.1505557703 0.2090634895 0.6948949392 0.2352826487 0.7252413522 -0.1800136269 -0.1669388834
0.1364210645 0.6888038721 0.8716000964 -0.1916966265 0.1430269668 0.8437433446 0.8764205976 -0.1872061774 0.1827410975 0.7166432372 0.2656775167 0.7101731850 -0.2166596952 -0.2045436874
0.1015046286 0.6756374012 0.8860682445 -0.2302572346 0.1129181144 0.8362038746 0.8704569627 -0.2258854583 0.1544192757 0.7380899505 0.2979938275 0.6932540618 -0.2551118522 -0.2439388300
0.0643391458 0.6607288070 0.8997796511 -0.2708578634 0.0807286239 0.8270476542 0.8629170838 -0.2666285645 0.1240612986 0.7592231550 0.3322663642 0.6744481198 -0.2954003098 -0.2851538534
0.0248852586 0.6440441223 0.9127141745 -0.3135330010 0.0464212789 0.8162420143 0.8537687467 -0.3094704475 0.0916304407 0.7800309265 0.3685299098 0.6537194961 -0.3375552797 -0.3282182997
-0.0168963909 0.6255493803 0.9248516730 -0.3583171356 0.0099588628 0.8037542858 0.8429797374 -0.3544460589 0.0570899763 0.8005013408 0.4068192475 0.6310323280 -0.3816069739 -0.3731617111
-0.0610451603 0.6052106140 0.9361720049 -0.4052447551 -0.0286958407 0.7895517994 0.8305178420 -0.4015903502 0.0204031801 0.8206224736 0.4471691601 0.6063507527 -0.4275856042 -0.4200136299
-0.1076004073 0.5829938565 0.9466550287 -0.4543503477 -0.0695800483 0.7736018861 0.8163508463 -0.4509382730 -0.0184666736 0.8403824008 0.4896144308 0.5796389074 -0.4755213825 -0.4688035981
-0.1566014896 0.5588651408 0.9562806026 -0.5056684014 -0.1127309763 0.7558718766 0.8004465364 -0.5025247788 -0.0595563102 0.8597691982 0.5341898425 0.5508609293 -0.5254445205 -0.5195611581
-0.2080877649 0.5327905000 0.9650285850 -0.5592334043 -0.1581858413 0.7363291019 0.7827726983 -0.5563848192 -0.1029024554 0.8787709416 0.5809301783 0.5199809556 -0.5773852302 -0.5723158519
-0.2620985909 0.5047359670 0.9728788343 -0.6150798444 -0.2059818597 0.7149408926 0.7632971178 -0.6125533457 -0.1485418346 0.8973757068 0.6298702213 0.4869631236 -0.6313737234 -0.6270972217
