0.2281969598 0.5325426555 0.3503328976 -0.3054436811 0.6946923971 0.3865106948 0.4708363138 -0.3017104976 0.6919629998 0.5906778186 -0.3552250547 0.4784947105 -0.3560727758 -0.3388433990
0.2414111232 0.5509509677 0.3675278436 -0.2966167432 0.7102985512 0.4015954717 0.4881738677 -0.2928529392 0.7046492016 0.6073781279 -0.3672364071 0.4956166138 -0.3477167364 -0.3305363786
0.2543412449 0.5691209578 0.3845188733 -0.2879766079 0.7255929129 0.4163906782 0.5053401595 -0.2841829796 0.7171335730 0.6238393188 -0.3788702896 0.5124773690 -0.3395383118 -0.3224177516
0.2669783500 0.5870437873 0.4012977500 -0.2795302541 0.7405670190 0.4308870429 0.5223286146 -0.2757076134 0.7294116396 0.6400538662 -0.3901164759 0.5290678951 -0.3315442801 -0.3144944564
0.2793134635 0.6047106178 0.4178562366 -0.2712846601 0.7552124065 0.4450752942 0.5391326586 -0.2674338353 0.7414789273 0.6560142449 -0.4009647396 0.5453791109 -0.3237414194 -0.3067734313
0.2913376106 0.6221126109 0.4341860961 -0.2632468046 0.7695206121 0.4589461608 0.5557457170 -0.2593686397 0.7533309618 0.6717129300 -0.4114048544 0.5614019352 -0.3161365075 -0.2992616149
0.3030418162 0.6392409284 0.4502790918 -0.2554236662 0.7834831727 0.4724903712 0.5721612155 -0.2515190215 0.7649632687 0.6871423962 -0.4214265939 0.5771272869 -0.3087363226 -0.2919659455
0.3144171054 0.6560867317 0.4661269866 -0.2478222234 0.7970916251 0.4856986539 0.5883725794 -0.2438919750 0.7763713740 0.7022951186 -0.4310197318 0.5925460850 -0.3015476426 -0.2848933616
0.3254545034 0.6726411825 0.4817215435 -0.2404494548 0.8103375062 0.4985617374 0.6043732345 -0.2364944950 0.7875508032 0.7171635719 -0.4401740419 0.6076492482 -0.2945772456 -0.2780508016
0.3361450351 0.6888954424 0.4970545258 -0.2333123389 0.8232123529 0.5110703503 0.6201566061 -0.2293335761 0.7984970822 0.7317402312 -0.4488792976 0.6224276955 -0.2878319096 -0.2714452040
0.3464797256 0.7048406730 0.5121176964 -0.2264178545 0.8357077020 0.5232152212 0.6357161200 -0.2224162128 0.8092057367 0.7460175713 -0.4571252728 0.6368723458 -0.2813184126 -0.2650835072
0.3564495999 0.7204680359 0.5269028184 -0.2197729800 0.8478150903 0.5349870785 0.6510452015 -0.2157493998 0.8196722925 0.7599880671 -0.4649017410 0.6509741178 -0.2750435326 -0.2589726496
0.3660456832 0.7357686928 0.5414016549 -0.2133846940 0.8595260548 0.5463766509 0.6661372763 -0.2093401316 0.8298922753 0.7736441936 -0.4721984760 0.6647239305 -0.2690140477 -0.2531195696
0.3752590005 0.7507338052 0.5556059689 -0.2072599751 0.8708321322 0.5573746668 0.6809857699 -0.2031954030 0.8398612108 0.7869784255 -0.4790052514 0.6781127028 -0.2632367358 -0.2475312057
0.3840805768 0.7653545348 0.5695075236 -0.2014058018 0.8817248594 0.5679718548 0.6955841079 -0.1973222084 0.8495746247 0.7999832380 -0.4853118408 0.6911313534 -0.2577183750 -0.2422144963
0.3925014373 0.7796220431 0.5830980819 -0.1958291528 0.8921957732 0.5781589434 0.7099257157 -0.1917275426 0.8590280430 0.8126511058 -0.4911080179 0.7037708014 -0.2524657432 -0.2371763799
0.4005126069 0.7935274919 0.5963694070 -0.1905370066 0.9022364106 0.5879266612 0.7240040190 -0.1864184000 0.8682169912 0.8249745039 -0.4963835565 0.7160219656 -0.2474856186 -0.2324237948
0.4081051107 0.8070620426 0.6093132619 -0.1855363418 0.9118383083 0.5972657367 0.7378124433 -0.1814017754 0.8771369951 0.8369459071 -0.5011282301 0.7278757648 -0.2427847791 -0.2279636796
0.4152699738 0.8202168570 0.6219214097 -0.1808341370 0.9209930033 0.6061668985 0.7513444141 -0.1766846632 0.8857835805 0.8485577904 -0.5053318124 0.7393231179 -0.2383700027 -0.2238029726
0.4219982212 0.8329830966 0.6341856134 -0.1764373707 0.9296920323 0.6146208751 0.7645933569 -0.1722740582 0.8941522731 0.8598026287 -0.5089840771 0.7503549438 -0.2342480675 -0.2199486122
