0.9076624028 0.9024946846 0.9514875131 0.9641481978 0.8657338844 0.9060757215 0.9250858600 0.9647694554 0.8268202016 0.3039363997 -0.9290006738 0.8960344665 0.9618034271 0.9633076367
0.8954373655 0.8890996794 0.9423609442 0.9569500184 0.8506584851 0.8929169794 0.9136398982 0.9576478579 0.8093485363 0.2984166633 -0.9182434569 0.8820291327 0.9545435272 0.9562053507
0.8825453725 0.8749525461 0.9325270236 0.9491413780 0.8349046793 0.8790080733 0.9014847586 0.9499180461 0.7911905944 0.2925118616 -0.9068073244 0.8672571903 0.9466998424 0.9485220859
0.8690026051 0.8600730191 0.9220039139 0.9407338886 0.8184912693 0.8643695939 0.8886409866 0.9415915364 0.7723677214 0.2862371983 -0.8947077997 0.8517394063 0.9382833255 0.9402686451
0.8548252445 0.8444808329 0.9108097780 0.9317391621 0.8014370574 0.8490221321 0.8751291276 0.9326798455 0.7529012624 0.2796078770 -0.8819604062 0.8354965473 0.9293049294 0.9314558315
0.8400294720 0.8281957220 0.8989627787 0.9221688107 0.7837608460 0.8329862789 0.8609697271 0.9231944899 0.7328125628 0.2726391014 -0.8685806673 0.8185493803 0.9197756070 0.9220944479
0.8246314689 0.8112374208 0.8864810786 0.9120344463 0.7654814373 0.8162826251 0.8461833305 0.9131469861 0.7121229680 0.2653460752 -0.8545841066 0.8009186722 0.9097063112 0.9121952975
0.8086474166 0.7936256637 0.8733828406 0.9013476808 0.7466176338 0.7989317615 0.8307904834 0.9025488507 0.6908538234 0.2577440020 -0.8399862474 0.7826251896 0.8991079947 0.9017691831
0.7920934962 0.7753801853 0.8596862275 0.8901201263 0.7271882378 0.7809542790 0.8148117310 0.8914116003 0.6690264742 0.2498480854 -0.8248026133 0.7636896995 0.8879916105 0.8908269078
0.7749858891 0.7565207200 0.8454094019 0.8783633947 0.7072120516 0.7623707685 0.7982676190 0.8797467513 0.6466622657 0.2416735290 -0.8090487275 0.7441329687 0.8763681115 0.8793792746
0.7573407766 0.7370670023 0.8305705268 0.8660890981 0.6867078776 0.7432018208 0.7811786926 0.8675658204 0.6237825434 0.2332355367 -0.7927401137 0.7239757640 0.8642484504 0.8674370865
0.7391743399 0.7170387666 0.8151877648 0.8533088484 0.6656945181 0.7234680268 0.7635654974 0.8548803241 0.6004086525 0.2245493119 -0.7758922952 0.7032388523 0.8516435803 0.8550111464
0.7205027604 0.6964557474 0.7992792788 0.8400342576 0.6441907754 0.7031899773 0.7454485789 0.8417017789 0.5765619384 0.2156300584 -0.7585207954 0.6819430004 0.8385644538 0.8421122573
0.7013422192 0.6753376792 0.7828632314 0.8262769377 0.6222154519 0.6823882633 0.7268484824 0.8280417015 0.5522637464 0.2064929797 -0.7406411379 0.6601089752 0.8250220240 0.8287512223
0.6817088978 0.6537042965 0.7659577855 0.8120485008 0.5997873499 0.6610834756 0.7077857534 0.8139116082 0.5275354218 0.1971532796 -0.7222688461 0.6377575434 0.8110272437 0.8149388444
0.6616189774 0.6315753336 0.7485811039 0.7973605587 0.5769252718 0.6392962050 0.6882809374 0.7993230158 0.5023983100 0.1876261617 -0.7034194434 0.6149094720 0.7965910657 0.8006859264
0.6410886392 0.6089705252 0.7307513493 0.7822247235 0.5536480199 0.6170470424 0.6683545797 0.7842874407 0.4768737564 0.1779268297 -0.6841084532 0.5915855276 0.7817244429 0.7860032715
0.6201340646 0.5859096055 0.7124866845 0.7666526071 0.5299743965 0.5943565787 0.6480272260 0.7688163995 0.4509831062 0.1680704871 -0.6643513990 0.5678064773 0.7664383282 0.7709016826
0.5987714348 0.5624123092 0.6938052723 0.7506558217 0.5059232040 0.5712454048 0.6273194215 0.7529214087 0.4247477048 0.1580723377 -0.6441638043 0.5435930878 0.7507436744 0.7553919627
0.5770169312 0.5384983706 0.6747252753 0.7342459790 0.4815132448 0.5477341114 0.6062517118 0.7366139849 0.3981888975 0.1479475851 -0.6235611924 0.5189661259 0.7346514345 0.7394849148
