0.4760913683 0.3215594812 0.4086654818 0.8263103134 -0.4355058039 0.4271663478 -0.0374571223 0.8257217916 -0.7603113985 -0.6707861905 0.9897707073 0.2987231046 0.7676741454 0.7645278265
0.4833327220 0.3335881606 0.4215138636 0.8259090627 -0.4120255636 0.4320738770 -0.0149935820 0.8252411567 -0.7282614062 -0.6829340320 0.9941141834 0.3113694309 0.7644303479 0.7611364651
0.4913409401 0.3464599556 0.4349463114 0.8258893357 -0.3865915516 0.4379970365 0.0085324358 0.8251383621 -0.6939765359 -0.6950809153 0.9972839638 0.3248756569 0.7614831265 0.7580373979
0.5001362694 0.3601946039 0.4489763026 0.8262661918 -0.3591641899 0.4449627932 0.0331407642 0.8254284079 -0.6574190035 -0.7072273732 0.9992544391 0.3392616122 0.7588464178 0.7552445060
0.5097389572 0.3748118432 0.4636173145 0.8270546905 -0.3297039007 0.4529981139 0.0588512364 0.8261262941 -0.6185510243 -0.7193739385 1.0000000000 0.3545471263 0.7565341585 0.7527716703
0.5201692505 0.3903314111 0.4788828242 0.8282698914 -0.2981711060 0.4621299656 0.0856836855 0.8272470208 -0.5773348141 -0.7315211440 0.9994950371 0.3707520286 0.7545602850 0.7506327720
0.5314473964 0.4067730452 0.4947863091 0.8299268540 -0.2645262279 0.4723853153 0.1136579446 0.8288055878 -0.5337325882 -0.7436695225 0.9977139409 0.3878961487 0.7529387341 0.7488416921
0.5435936420 0.4241564831 0.5113412464 0.8320406377 -0.2287296884 0.4837911298 0.1427938469 0.8308169953 -0.4877065623 -0.7558196067 0.9946311022 0.4059993160 0.7516834422 0.7474123116
0.5566282343 0.4425014625 0.5285611135 0.8346263023 -0.1907419096 0.4963743760 0.1731112256 0.8332962432 -0.4392189520 -0.7679719294 0.9902209115 0.4250813601 0.7508083460 0.7463585115
0.5705714205 0.4618277210 0.5464593875 0.8376989070 -0.1505233137 0.5101620209 0.2046299137 0.8362583315 -0.3882319728 -0.7801270236 0.9844577596 0.4451621104 0.7503273820 0.7456941730
0.5854434477 0.4821549963 0.5650495458 0.8412735116 -0.1080343225 0.5251810314 0.2373697444 0.8397182603 -0.3347078402 -0.7922854218 0.9773160369 0.4662613964 0.7502544869 0.7454331770
0.6012645628 0.5035030259 0.5843450655 0.8453651754 -0.0632353583 0.5414583743 0.2713505509 0.8436910294 -0.2786087698 -0.8044476570 0.9687701342 0.4883990476 0.7506035972 0.7455894046
0.6180550131 0.5258915475 0.6043594241 0.8499889581 -0.0160868431 0.5590210167 0.3065921663 0.8481916391 -0.2198969772 -0.8166142619 0.9587944420 0.5115948935 0.7513886495 0.7461767368
0.6358350456 0.5493402987 0.6251060987 0.8551599191 0.0334508011 0.5778959253 0.3431144236 0.8532350891 -0.1585346779 -0.8287857693 0.9473633510 0.5358687636 0.7526235805 0.7472090546
0.6546249074 0.5738690172 0.6465985666 0.8608931180 0.0854171521 0.5981100672 0.3809371562 0.8588363796 -0.0944840876 -0.8409627120 0.9344512518 0.5612404874 0.7543223266 0.7487002392
0.6744448456 0.5994974406 0.6688503052 0.8672036143 0.1398517880 0.6196904092 0.4200801971 0.8650105105 -0.0277074216 -0.8531456228 0.9200325351 0.5877298944 0.7564988245 0.7506641716
0.6953151072 0.6262453065 0.6918747915 0.8741064674 0.1967942866 0.6426639182 0.4605633795 0.8717724818 0.0418331043 -0.8653350345 0.9040815914 0.6153568140 0.7591670108 0.7531147327
0.7172559393 0.6541323525 0.7156855031 0.8816167370 0.2562842258 0.6670575612 0.5024065364 0.8791372936 0.1141752747 -0.8775314799 0.8865728115 0.6441410758 0.7623408221 0.7560658037
0.7402875891 0.6831783163 0.7402959170 0.8897494826 0.3183611837 0.6928983051 0.5456295011 0.8871199459 0.1893568740 -0.8897354917 0.8674805858 0.6741025092 0.7660341948 0.7595312655
0.7644303036 0.7134029356 0.7657195106 0.8985197636 0.3830647381 0.7202131168 0.5902521067 0.8957354386 0.2674156866 -0.9019476028 0.8467793051 0.7052609438 0.7702610658 0.7635249993
