-0.9348616086 -1.0000000000 -0.9950456512 -0.3419779249 -0.9872375726 -0.9999118042 -0.9972333313 -0.3514299859 -0.9565395017 -0.9920571398 0.9855094330 -0.9999620630 -0.2319570512 -0.2291657837
-0.9326526978 -0.9996610894 -0.9928468212 -0.3367483398 -0.9905383086 -0.9994566716 -0.9985387927 -0.3462386116 -0.9625359902 -0.9933049417 0.9891605029 -0.9994885175 -0.2266380287 -0.2238626700
-0.9299777560 -0.9988817042 -0.9902569507 -0.3312399990 -0.9933368656 -0.9986387107 -0.9994319812 -0.3407655850 -0.9680689425 -0.9944454185 0.9922728142 -0.9985846688 -0.2210659621 -0.2183067378
-0.9268433218 -0.9976673076 -0.9872810168 -0.3254576050 -0.9956390446 -0.9974620301 -0.9999175119 -0.3350156380 -0.9731430055 -0.9954788098 0.9948529250 -0.9972558225 -0.2152452785 -0.2125024106
-0.9232559339 -0.9960233623 -0.9839239964 -0.3194058604 -0.9974506466 -0.9959307385 -1.0000000000 -0.3289935022 -0.9777628260 -0.9964053550 0.9969073931 -0.9955072839 -0.2091804044 -0.2064541117
-0.9192221313 -0.9939553314 -0.9801908665 -0.3130894676 -0.9987774725 -0.9940489444 -0.9996840605 -0.3227039096 -0.9819330510 -0.9972252937 0.9984427767 -0.9933443585 -0.2028757667 -0.2001662644
-0.9147484525 -0.9914686779 -0.9760866041 -0.3065131292 -0.9996253233 -0.9918207563 -0.9989743085 -0.3161515918 -0.9856583271 -0.9979388654 0.9994656337 -0.9907723516 -0.1963357921 -0.1936432920
-0.9098414365 -0.9885688646 -0.9716161861 -0.2996815477 -1.0000000000 -0.9892502829 -0.9978753590 -0.3093412806 -0.9889433013 -0.9985463095 0.9999825221 -0.9877965688 -0.1895649075 -0.1868896180
-0.9045076219 -0.9852613545 -0.9667845897 -0.2925994257 -0.9999073035 -0.9863416327 -0.9963918272 -0.3022777080 -0.9917926204 -0.9990478656 1.0000000000 -0.9844223153 -0.1825675395 -0.1799096655
-0.8987535476 -0.9815516107 -0.9615967916 -0.2852714655 -0.9993530349 -0.9830989144 -0.9945283281 -0.2949656055 -0.9942109312 -0.9994437732 0.9995246253 -0.9806548967 -0.1753481150 -0.1727078579
-0.8925857522 -0.9774450959 -0.9560577690 -0.2777023699 -0.9983429950 -0.9795262364 -0.9922894769 -0.2874097052 -0.9962028805 -0.9997342718 0.9985629560 -0.9764996183 -0.1679110608 -0.1652886186
-0.8860107746 -0.9729472733 -0.9501724989 -0.2698968413 -0.9968829849 -0.9756277074 -0.9896798885 -0.2796147386 -0.9977731152 -0.9999196009 0.9971215502 -0.9719617857 -0.1602608035 -0.1576563709
-0.8790351535 -0.9680636057 -0.9439459581 -0.2618595822 -0.9949788056 -0.9714074360 -0.9867041781 -0.2715854377 -0.9989262821 -1.0000000000 0.9952069659 -0.9670467041 -0.1524017701 -0.1498155380
-0.8716654277 -0.9627995561 -0.9373831237 -0.2535952951 -0.9926362579 -0.9668695307 -0.9833669607 -0.2633265342 -0.9996670281 -0.9999757086 0.9928257610 -0.9617596791 -0.1443383872 -0.1417705435
-0.8639081360 -0.9571605874 -0.9304889727 -0.2451086827 -0.9898611429 -0.9620181001 -0.9796728515 -0.2548427598 -1.0000000000 -0.9998469663 0.9899844935 -0.9561060160 -0.1360750816 -0.1335258104
-0.8557698171 -0.9511521627 -0.9232684821 -0.2364044473 -0.9866592615 -0.9568572529 -0.9756264654 -0.2461388465 -0.9999298446 -0.9996140124 0.9866897215 -0.9500910202 -0.1276162801 -0.1250857623
-0.8472570098 -0.9447797448 -0.9157266288 -0.2274872916 -0.9830364147 -0.9513910975 -0.9712324177 -0.2372195259 -0.9994612087 -0.9992770866 0.9829480030 -0.9437199973 -0.1189664095 -0.1164548224
-0.8383762528 -0.9380487967 -0.9078683899 -0.2183619180 -0.9789984035 -0.9456237426 -0.9664953233 -0.2280895299 -0.9985987393 -0.9988364283 0.9787658960 -0.9369982525 -0.1101298965 -0.1076374140
-0.8291340850 -0.9309647814 -0.8996987422 -0.2090330291 -0.9745510288 -0.9395592967 -0.9614197974 -0.2187535903 -0.9973470830 -0.9982922771 0.9741499585 -0.9299310914 -0.1011111680 -0.0986379605
-0.8195370451 -0.9235331618 -0.8912226629 -0.1995053273 -0.9697000916 -0.9332018684 -0.9560104550 -0.2092164388 -0.9957108868 -0.9976448725 0.9691067484 -0.9225238193 -0.0919146506 -0.0894608852
