0.3913496071 0.1156567322 0.0692895988 0.5589976955 -0.1711799817 0.2743674821 -0.2115943048 0.5590913483 -0.9629225736 -0.3842327705 -0.1639208405 0.0982035933 0.5611500550 0.5619334274
0.4194878483 0.1384840202 0.0912876081 0.5901956044 -0.1540150756 0.3003926274 -0.1949608865 0.5902865067 -0.9675772283 -0.3703768596 -0.1874662140 0.1209717638 0.5923418516 0.5931239549
0.4464758946 0.1604090416 0.1124284301 0.6200819132 -0.1375017189 0.3253802071 -0.1789296068 0.6201698623 -0.9719123333 -0.3569388411 -0.2100547221 0.1428680187 0.6222171282 0.6229961674
0.4723304323 0.1814454070 0.1327250727 0.6486752453 -0.1216293190 0.3493454152 -0.1634906535 0.6487600575 -0.9759295829 -0.3439115598 -0.2317007961 0.1639054043 0.6507945505 0.6515687392
0.4970681481 0.2016067268 0.1521905438 0.6759942242 -0.1063872833 0.3723034456 -0.1486342143 0.6760757347 -0.9796306716 -0.3312878604 -0.2524188672 0.1840969670 0.6780927839 0.6788603446
0.5207057282 0.2209066116 0.1708378515 0.7020574731 -0.0917650192 0.3942694925 -0.1343504769 0.7021355364 -0.9830172941 -0.3190605879 -0.2722233668 0.2034557531 0.7041304940 0.7048896581
0.5432598594 0.2393586721 0.1886800037 0.7268836156 -0.0777519339 0.4152587499 -0.1206296290 0.7269581048 -0.9860911449 -0.3072225869 -0.2911287260 0.2219948090 0.7289263465 0.7296753539
0.5647472280 0.2569765186 0.2057300085 0.7504912751 -0.0643374351 0.4352864118 -0.1074618582 0.7505620824 -0.9888539183 -0.2957667023 -0.3091493761 0.2397271810 0.7524990069 0.7532361063
0.5851845205 0.2737737619 0.2220008736 0.7728990750 -0.0515109300 0.4543676723 -0.0948373524 0.7729661115 -0.9913073091 -0.2846857788 -0.3262997485 0.2566659156 0.7748671407 0.7755905896
0.6045884234 0.2897640123 0.2375056072 0.7941256387 -0.0392618260 0.4725177254 -0.0827462992 0.7941888346 -0.9934530117 -0.2739726614 -0.3425942743 0.2728240590 0.7960494136 0.7967574783
0.6229756233 0.3049608805 0.2522572172 0.8141895896 -0.0275795306 0.4897517651 -0.0711788864 0.8142488941 -0.9952927206 -0.2636201947 -0.3580473849 0.2882146575 0.8160644911 0.8167554466
0.6403628066 0.3193779771 0.2662687115 0.8331095513 -0.0164534511 0.5060849855 -0.0601253015 0.8331649323 -0.9968281303 -0.2536212236 -0.3726735115 0.3028507577 0.8349310389 0.8356031689
0.6567666598 0.3330289125 0.2795530982 0.8509041470 -0.0058729949 0.5215325807 -0.0495757324 0.8509555917 -0.9980609354 -0.2439685929 -0.3864870854 0.3167454057 0.8526677224 0.8533193194
0.6722038694 0.3459272972 0.2921233852 0.8675920002 0.0041724306 0.5361097445 -0.0395203668 0.8676395146 -0.9989928304 -0.2346551474 -0.3995025379 0.3299116480 0.8692932072 0.8699225726
0.6866911219 0.3580867420 0.3039925805 0.8831917344 0.0136934179 0.5498316712 -0.0299493923 0.8832353434 -0.9996255098 -0.2256737318 -0.4117343002 0.3423625309 0.8848261590 0.8854316027
0.7002451038 0.3695208572 0.3151736920 0.8977219729 0.0227005598 0.5627135547 -0.0208529967 0.8977617205 -0.9999606682 -0.2170171910 -0.4231968036 0.3541111008 0.8992852433 0.8998650840
0.7128825015 0.3802432535 0.3256797277 0.9112013392 0.0312044487 0.5747705891 -0.0122213677 0.9112372883 -1.0000000000 -0.2086783698 -0.4339044794 0.3651704040 0.9126891257 0.9132416910
0.7246200017 0.3902675414 0.3355236956 0.9236484567 0.0392156774 0.5860179684 -0.0040446930 0.9236806892 -0.9997451998 -0.2006501129 -0.4438717588 0.3755534868 0.9250564717 0.9255800979
0.7354742906 0.3996073314 0.3447186037 0.9350819488 0.0467448383 0.5964708866 0.0036868397 0.9351105656 -0.9991979621 -0.1929252653 -0.4531130732 0.3852733957 0.9364059470 0.9368989790
0.7454620550 0.4082762341 0.3532774598 0.9455204389 0.0538025242 0.6061445379 0.0109830427 0.9455455598 -0.9983599814 -0.1854966716 -0.4616428537 0.3943431769 0.9467562171 0.9472170087
