0.3892180376 0.5168304850 0.7140541189 0.2927220486 0.0524890491 0.7201825923 0.7630119747 0.2949044632 -0.0565746409 0.8557680453 -0.0194841008 0.5742582882 0.2571404338 0.2574302812
0.3633233632 0.4911797148 0.6882816943 0.2649061640 0.0342410805 0.6976538661 0.7452927375 0.2670682148 -0.0719573064 0.8662301104 0.0014487063 0.5507506462 0.2296312735 0.2299174518
0.3365231064 0.4644012270 0.6612729718 0.2364418420 0.0152387559 0.6738846599 0.7264442309 0.2385809881 -0.0880657332 0.8763505006 0.0229408773 0.5260132975 0.2015155277 0.2017977371
0.3088069033 0.4364812901 0.6330132220 0.2073231401 -0.0045274566 0.6488591676 0.7064516336 0.2094368096 -0.1049095613 0.8861227738 0.0449985261 0.5000306375 0.1727878701 0.1730658088
0.2801643896 0.4074061722 0.6034877152 0.1775441156 -0.0250670889 0.6225615832 0.6853001244 0.1796297057 -0.1224984306 0.8955404876 0.0676277665 0.4727870619 0.1434429741 0.1437163384
0.2505852015 0.3771621417 0.5726817217 0.1470988259 -0.0463896729 0.5949761006 0.6629748820 0.1491537028 -0.1408419811 0.9045971997 0.0908347124 0.4442669664 0.1134755134 0.1137439977
0.2200589747 0.3457354669 0.5405805120 0.1159813283 -0.0685047405 0.5660869138 0.6394610851 0.1180028275 -0.1599498526 0.9132864680 0.1146254777 0.4144547466 0.0828801615 0.0831434583
0.1885753454 0.3131124160 0.5071693565 0.0841856803 -0.0914218237 0.5358782168 0.6147439125 0.0861711061 -0.1798316851 0.9216018501 0.1390061763 0.3833347981 0.0516515921 0.0519093919
0.1561239493 0.2792792573 0.4724335254 0.0517059392 -0.1151504543 0.5043342034 0.5888085429 0.0536525650 -0.2004971185 0.9295369037 0.1639829221 0.3508915166 0.0197844785 0.0200364700
0.1226944225 0.2442222591 0.4363582893 0.0185361624 -0.1397001643 0.4714390677 0.5616401551 0.0204412308 -0.2219557927 0.9370851866 0.1895618289 0.3171092976 -0.0127265055 -0.0124806356
0.0882764008 0.2079276898 0.3989289184 -0.0153295927 -0.1650804856 0.4371770036 0.5332239278 -0.0134688701 -0.2442173476 0.9442402564 0.2157490107 0.2819725368 -0.0458866864 -0.0456472533
0.0528595203 0.1703818175 0.3601306832 -0.0498972688 -0.1913009501 0.4015322051 0.5035450398 -0.0480837114 -0.2672914231 0.9509956711 0.2425505812 0.2454656299 -0.0797013907 -0.0794687115
0.0164334168 0.1315709106 0.3199488540 -0.0851728084 -0.2183710897 0.3644888661 0.4725886697 -0.0834092665 -0.2911876592 0.9573449881 0.2699726545 0.2075729724 -0.1141759448 -0.1139503384
-0.0210122736 0.0914812374 0.2783687011 -0.1211621541 -0.2463004364 0.3260311805 0.4403399964 -0.1194515091 -0.3159156957 0.9632817654 0.2980213443 0.1682789600 -0.1493156752 -0.1490974625
-0.0594879151 0.0500990661 0.2353754951 -0.1578712487 -0.2750985220 0.2861433424 0.4067841987 -0.1562164126 -0.3414851727 0.9687995606 0.3267027646 0.1275679883 -0.1851259081 -0.1849154121
-0.0990038717 0.0074106650 0.1909545063 -0.1953060347 -0.3047748785 0.2448095457 0.3719064551 -0.1937099506 -0.3679057300 0.9738919314 0.3560230292 0.0854244530 -0.2216119702 -0.2214095155
-0.1395705074 -0.0365976976 0.1450910049 -0.2334724547 -0.3353390379 0.2020139844 0.3356919445 -0.2319380968 -0.3951870075 0.9785524355 0.3859882521 0.0418327496 -0.2587791878 -0.2585851011
-0.1811981864 -0.0819397534 0.0977702615 -0.2723764513 -0.3668005319 0.1577408523 0.2981258457 -0.2709068246 -0.4233386451 0.9827746308 0.4166045470 -0.0032227261 -0.2966328874 -0.2964474972
-0.2238972727 -0.1286292340 0.0489775464 -0.3120239672 -0.3991688925 0.1119743435 0.2591933373 -0.3106221077 -0.4523702828 0.9865520749 0.4478780280 -0.0497575786 -0.3351783954 -0.3350020322
-0.2676781303 -0.1766798713 -0.0013018700 -0.3524209451 -0.4324536517 0.0646986520 0.2188795982 -0.3510899195 -0.4822915605 0.9898783256 0.4798148088 -0.0977874122 -0.3744210382 -0.3742540344
