-0.1754895722 -0.3357722452 -0.3383576902 -0.1203228832 0.6745036275 -0.4635258667 -0.4054877433 -0.1221931182 0.3765535533 -0.7917330006 -0.5378856707 -0.3152862353 -0.1078768424 -0.1106390068
-0.1515958934 -0.3168071517 -0.3189215070 -0.0931360868 0.6855754957 -0.4483639281 -0.3892854650 -0.0950736942 0.3523061100 -0.7865368242 -0.5747493731 -0.2955854510 -0.0802112453 -0.0830198508
-0.1287635853 -0.2987152582 -0.3003142147 -0.0669557276 0.6955521777 -0.4339158236 -0.3739209513 -0.0689592512 0.3283940086 -0.7816596950 -0.6099076322 -0.2767739891 -0.0535594937 -0.0564084119
-0.1069776661 -0.2814836812 -0.2825237893 -0.0417684960 0.7044508291 -0.4201705298 -0.3593813030 -0.0438364892 0.3048146992 -0.7770950752 -0.6433827276 -0.2588388565 -0.0279082588 -0.0307914554
-0.0862231543 -0.2650995373 -0.2655382067 -0.0175610821 0.7122886052 -0.4071170232 -0.3456536212 -0.0196921082 0.2815656316 -0.7728364272 -0.6751969389 -0.2417670602 -0.0032442122 -0.0061557465
-0.0664850683 -0.2495499429 -0.2493454426 0.0056798239 0.7190826618 -0.3947442804 -0.3327250068 0.0034871921 0.2586442560 -0.7688772134 -0.7053725458 -0.2255456070 0.0204459748 0.0175119496
-0.0477484265 -0.2348220147 -0.2339334730 0.0279675316 0.7248501542 -0.3830412779 -0.3205825607 0.0257147115 0.2360480223 -0.7652108960 -0.7339318281 -0.2101615039 0.0431756309 0.0402248675
-0.0299982473 -0.2209028692 -0.2192902738 0.0493153508 0.7296082381 -0.3719969922 -0.3092133838 0.0470037503 0.2137743806 -0.7618309375 -0.7608970654 -0.1956017579 0.0649580847 0.0619962421
-0.0132195491 -0.2077796229 -0.2054038207 0.0697365914 0.7333740689 -0.3616004000 -0.2986045771 0.0673676084 0.1918207808 -0.7587308001 -0.7862905374 -0.1818533760 0.0858066647 0.0828393081
0.0026026496 -0.1954393924 -0.1922620897 0.0892445631 0.7361648023 -0.3518404777 -0.2887432415 0.0868195859 0.1701846730 -0.7559039463 -0.8101345238 -0.1689033649 0.1057346996 0.1027673003
0.0174833305 -0.1838692943 -0.1798530566 0.1078525756 0.7379975937 -0.3427062020 -0.2796164779 0.1053729830 0.1488635071 -0.7533438384 -0.8324513042 -0.1567387317 0.1247555180 0.1217934533
0.0314374752 -0.1730564450 -0.1681646972 0.1255739387 0.7388895987 -0.3341865494 -0.2712113874 0.1230410997 0.1278547332 -0.7510439387 -0.8532631583 -0.1453464834 0.1428824485 0.1399310020
0.0444800652 -0.1629879611 -0.1571849876 0.1424219622 0.7388579728 -0.3262704964 -0.2635150708 0.1398372360 0.1071558013 -0.7489977096 -0.8725923658 -0.1347136268 0.1601288198 0.1571931811
0.0566260821 -0.1536509592 -0.1469019034 0.1584099558 0.7379198716 -0.3189470195 -0.2565146290 0.1557746921 0.0867641613 -0.7471986134 -0.8904612064 -0.1248271689 0.1765079605 0.1735932253
0.0678905075 -0.1450325558 -0.1373034206 0.1735512294 0.7360924505 -0.3122050954 -0.2501971631 0.1708667679 0.0666772633 -0.7456401126 -0.9068919598 -0.1156741167 0.1920331991 0.1891443694
0.0782883231 -0.1371198674 -0.1283775150 0.1878590926 0.7333928651 -0.3060337007 -0.2445497739 0.1851267637 0.0468925573 -0.7443156693 -0.9219069057 -0.1072414770 0.2067178644 0.2038598482
0.0878345104 -0.1299000107 -0.1201121626 0.2013468553 0.7298382710 -0.3004218117 -0.2395595624 0.1985679793 0.0274074933 -0.7432187460 -0.9355283236 -0.0995162568 0.2205752848 0.2177528964
0.0965440510 -0.1233601021 -0.1124953391 0.2140278271 0.7254458237 -0.2953584052 -0.2352136295 0.2112037150 0.0082195213 -0.7423428051 -0.9477784934 -0.0924854631 0.2336187892 0.2308367487
0.1044319265 -0.1174872582 -0.1055150204 0.2259153179 0.7202326786 -0.2908324576 -0.2314990761 0.2230472708 -0.0106739087 -0.7416813088 -0.9586796946 -0.0861361028 0.2458617059 0.2431246399
0.1115131184 -0.1122685956 -0.0991591824 0.2370226375 0.7142159915 -0.2868329455 -0.2284030033 0.2341119468 -0.0292753468 -0.7412277196 -0.9682542071 -0.0804551829 0.2573173638 0.2546298047
