-0.2149100326 -0.1346030885 -0.0759376064 -0.3657059150 -0.1488349812 -0.2017961961 -0.0891326654 -0.3648800938 -0.1535148371 -0.2240219037 0.2175995751 -0.1022795351 -0.3908992178 -0.3929742984
-0.2494975566 -0.1725855018 -0.1161984438 -0.3936447787 -0.1866099988 -0.2372952325 -0.1289690738 -0.3928454855 -0.1911444696 -0.2590922089 0.2526777811 -0.1416503638 -0.4177449930 -0.4197284315
-0.2847990656 -0.2113701954 -0.1573470821 -0.4221599782 -0.2251312694 -0.2734859750 -0.1696653317 -0.4213889824 -0.2295101508 -0.2947774804 0.2884049130 -0.1818567925 -0.4451422888 -0.4470322065
-0.3208205818 -0.2509639198 -0.1993910472 -0.4512565726 -0.2644048098 -0.3103740381 -0.2112286026 -0.4505156633 -0.2686177195 -0.3310823445 0.3247860774 -0.2229058256 -0.4730959773 -0.4748904825
-0.3575681277 -0.2913734254 -0.2423378648 -0.4809396209 -0.3044366370 -0.3479650361 -0.2536660498 -0.4802306072 -0.3084730145 -0.3680114279 0.3618263808 -0.2648044673 -0.5016109304 -0.5033081184
-0.3950477253 -0.3326054625 -0.2861950609 -0.5112141823 -0.3452327680 -0.3862645835 -0.2969848366 -0.5105388930 -0.3490818747 -0.4055693570 0.3995309296 -0.3075597218 -0.5306920203 -0.5322899734
-0.4332653969 -0.3746667814 -0.3309701611 -0.5420853158 -0.3867992197 -0.4252782947 -0.3411921265 -0.5414455996 -0.3904501389 -0.4437607583 0.4379048302 -0.3511785932 -0.5603441191 -0.5618409064
-0.4722271650 -0.4175641327 -0.3766706914 -0.5735580805 -0.4291420092 -0.4650117841 -0.3862950828 -0.5729558060 -0.4325836459 -0.4825902583 0.4769531891 -0.3956680860 -0.5905720988 -0.5919657765
-0.5119390516 -0.4613042665 -0.4233041776 -0.6056375355 -0.4722671533 -0.5054706660 -0.4323008688 -0.6050745912 -0.4754882345 -0.5220624835 0.5166811129 -0.4410352043 -0.6213808315 -0.6226694427
-0.5524070791 -0.5058939334 -0.4708781455 -0.6383287400 -0.5161806691 -0.5466605550 -0.4792166479 -0.6378070340 -0.5191697436 -0.5621820603 0.5570937079 -0.4872869523 -0.6527751892 -0.6539567640
-0.5936372697 -0.5513398837 -0.5194001210 -0.6716367529 -0.5608885736 -0.5885870654 -0.5270495835 -0.6711582134 -0.5636340119 -0.6029536154 0.5981960806 -0.5344303343 -0.6847600440 -0.6858325996
-0.6356356457 -0.5976488677 -0.5688776298 -0.7055666333 -0.6063968836 -0.6312558116 -0.5758068389 -0.7051332083 -0.6088868783 -0.6443817751 0.6399933376 -0.5824723545 -0.7173402681 -0.7183018084
-0.6784082294 -0.6448276358 -0.6193181977 -0.7401234405 -0.6527116161 -0.6746724080 -0.6254955776 -0.7397370978 -0.6549341817 -0.6864711659 0.6824905852 -0.6314200172 -0.7505207334 -0.7513692495
-0.7219610430 -0.6928829385 -0.6707293507 -0.7753122333 -0.6998387881 -0.7188424691 -0.6761229627 -0.7749749606 -0.7017817608 -0.7292264144 0.7256929299 -0.6812803265 -0.7843063121 -0.7850397819
-0.7663001088 -0.7418215260 -0.7231186145 -0.8111380710 -0.7477844166 -0.7637716092 -0.7276961579 -0.8108518758 -0.7494354545 -0.7726521471 0.7696054782 -0.7320602868 -0.8187018761 -0.8193182646
-0.8114314490 -0.7916501488 -0.7764935150 -0.8476060126 -0.7965545186 -0.8094654428 -0.7802223263 -0.8473729223 -0.7979011015 -0.8167529904 0.8142333366 -0.7837669022 -0.8537122977 -0.8542095567
-0.8573610860 -0.8423755572 -0.8308615780 -0.8847211173 -0.8461551109 -0.8559295843 -0.8337086313 -0.8845431790 -0.8471845408 -0.8615335709 0.8595816115 -0.8364071770 -0.8893424488 -0.8897185173
-0.9040950420 -0.8940045016 -0.8862303292 -0.9224884440 -0.8965922106 -0.9031696480 -0.8881622364 -0.9223677249 -0.8972916110 -0.9069985150 0.9056554094 -0.8899881154 -0.9255972015 -0.9258500054
-0.9516393392 -0.9465437324 -0.9426072946 -0.9609130518 -0.9478718347 -0.9511912485 -0.9435903048 -0.9608516389 -0.9482281512 -0.9531524492 0.9524598367 -0.9445167216 -0.9624814279 -0.9626088799
-1.0000000000 -1.0000000000 -1.0000000000 -1.0000000000 -1.0000000000 -1.0000000000 -1.0000000000 -1.0000000000 -1.0000000000 -1.0000000000 1.0000000000 -1.0000000000 -1.0000000000 -1.0000000000
