0.7946665225 0.4562143201 0.5954240733 0.6620141438 0.1463517419 0.5869766012 0.1233706123 0.6641258958 -0.2310991069 -0.0747719039 -0.9845173413 0.5050711582 0.6406383337 0.6526145276
0.8105809581 0.4670158879 0.6097004882 0.6809230287 0.1453976602 0.5977343004 0.1289493581 0.6829985504 -0.2406301595 -0.0736787090 -0.9881600863 0.5160560913 0.6599752268 0.6717847269
0.8257584338 0.4771923641 0.6233440566 0.6992295062 0.1437371917 0.6077785487 0.1339971753 0.7012667218 -0.2506955552 -0.0730941223 -0.9906496354 0.5263878150 0.6787294503 0.6903602248
0.8402106407 0.4867569615 0.6363662082 0.7169386665 0.1413917428 0.6171243587 0.1385282998 0.7189355800 -0.2612732531 -0.0730018532 -0.9920138057 0.5360800047 0.6969050505 0.7083454063
0.8539492700 0.4957228934 0.6487783727 0.7340555999 0.1383827196 0.6257867431 0.1425569677 0.7360102952 -0.2723412118 -0.0733856111 -0.9922804145 0.5451463363 0.7145060741 0.7257446565
0.8669860127 0.5041033727 0.6605919799 0.7505853963 0.1347315285 0.6337807143 0.1460974147 0.7524960375 -0.2838773903 -0.0742291053 -0.9914772790 0.5536004851 0.7315365676 0.7425623607
0.8793325601 0.5119116125 0.6718184596 0.7665331461 0.1304595757 0.6411212851 0.1491638767 0.7683979770 -0.2958597474 -0.0755160454 -0.9896322162 0.5614561268 0.7480005774 0.7588029040
0.8910006031 0.5191608259 0.6824692415 0.7819039394 0.1255882675 0.6478234681 0.1517705898 0.7837212837 -0.3082662420 -0.0772301406 -0.9867730434 0.5687269371 0.7639021501 0.7744706714
0.9020018330 0.5258642258 0.6925557554 0.7967028663 0.1201390103 0.6539022757 0.1539317897 0.7984711278 -0.3210748329 -0.0793551004 -0.9829275776 0.5754265914 0.7792453321 0.7895700482
0.9123479409 0.5320350253 0.7020894309 0.8109350170 0.1141332102 0.6593727207 0.1556617123 0.8126526795 -0.3342634789 -0.0818746342 -0.9781236362 0.5815687654 0.7940341701 0.8041054194
0.9220506179 0.5376864376 0.7110816979 0.8246054816 0.1075922736 0.6642498157 0.1569745936 0.8262711087 -0.3478101390 -0.0847724514 -0.9723890361 0.5871671347 0.8082727104 0.8180811703
0.9311215550 0.5428316755 0.7195439861 0.8377193504 0.1005376068 0.6685485731 0.1578846695 0.8393315857 -0.3616927720 -0.0880322614 -0.9657515947 0.5922353748 0.8219649997 0.8315016860
0.9395724436 0.5474839523 0.7274877252 0.8502817134 0.0929906160 0.6722840057 0.1584061758 0.8518392805 -0.3758893367 -0.0916377736 -0.9582391290 0.5967871613 0.8351150844 0.8443713516
0.9474149745 0.5516564808 0.7349243450 0.8622976608 0.0849727074 0.6754711260 0.1585533485 0.8637993632 -0.3903777920 -0.0955726975 -0.9498794562 0.6008361699 0.8477270111 0.8566945522
0.9546608391 0.5553624742 0.7418652753 0.8737722828 0.0765052875 0.6781249467 0.1583404234 0.8752170039 -0.4051360968 -0.0998207423 -0.9407003935 0.6043960761 0.8598048262 0.8684756730
0.9613217284 0.5586151456 0.7483219457 0.8847106696 0.0676097624 0.6802604802 0.1577816364 0.8860973727 -0.4201422098 -0.1043656176 -0.9307297580 0.6074805555 0.8713525762 0.8797190992
0.9674093335 0.5614277079 0.7543057861 0.8951179112 0.0583075385 0.6818927393 0.1568912235 0.8964456398 -0.4353740899 -0.1091910327 -0.9199953670 0.6101032837 0.8823743078 0.8904292158
0.9729353456 0.5638133742 0.7598282261 0.9049990979 0.0486200220 0.6830367366 0.1556834206 0.9062669753 -0.4508096961 -0.1142806970 -0.9085250375 0.6122779363 0.8928740673 0.9006104081
0.9779114558 0.5657853575 0.7649006956 0.9143593199 0.0385686192 0.6837074846 0.1541724635 0.9155665492 -0.4664269871 -0.1196183200 -0.8963465867 0.6140181888 0.9028559014 0.9102670611
0.9823493552 0.5673568710 0.7695346243 0.9232036672 0.0281747364 0.6839199959 0.1523725881 0.9243495316 -0.4822039218 -0.1251876110 -0.8834878318 0.6153377170 0.9123238564 0.9194035600
