-0.4554640603 -0.2581817411 -0.2980160747 -0.4895544597 -0.0095905970 -0.2357813336 -0.1323250070 -0.4971515883 0.1344044004 0.1010961307 0.0166884537 -0.2761709635 -0.4090262327 -0.4077129052
-0.4429843255 -0.2509431749 -0.2893692897 -0.4726485438 -0.0102963247 -0.2302343531 -0.1284643623 -0.4803089923 0.1297580323 0.0958499667 0.0231352736 -0.2687690572 -0.3915119696 -0.3901740162
-0.4300902847 -0.2432673265 -0.2802982735 -0.4554106963 -0.0105036080 -0.2242211252 -0.1241509530 -0.4631296214 0.1256289962 0.0911166390 0.0290518276 -0.2609244021 -0.3737164050 -0.3723547994
-0.4167760742 -0.2351461646 -0.2707956899 -0.4378383706 -0.0102006985 -0.2177325657 -0.1193753399 -0.4456107806 0.1220306941 0.0869095597 0.0344242512 -0.2526289332 -0.3556384712 -0.3542542337
-0.4030358302 -0.2265716581 -0.2608542031 -0.4199290200 -0.0093758481 -0.2107595907 -0.1141280840 -0.4277497752 0.1189765281 0.0832421409 0.0392386794 -0.2438745856 -0.3372771007 -0.3358712982
-0.3888636891 -0.2175357761 -0.2504664771 -0.4016800980 -0.0080173084 -0.2032931160 -0.1083997462 -0.4095439104 0.1164799004 0.0801277949 0.0434812475 -0.2346532944 -0.3186312257 -0.3172049717
-0.3742537871 -0.2080304872 -0.2396251759 -0.3830890578 -0.0061133313 -0.1953240577 -0.1021808874 -0.3909904915 0.1145542132 0.0775799338 0.0471380908 -0.2249569946 -0.2996997787 -0.2982542332
-0.3592002607 -0.1980477604 -0.2283229635 -0.3641533529 -0.0036521684 -0.1868433317 -0.0954620686 -0.3720868235 0.1132128685 0.0756119697 0.0501953446 -0.2147776212 -0.2804816921 -0.2790180617
-0.3436972460 -0.1875795647 -0.2165525040 -0.3448704366 -0.0006220715 -0.1778418539 -0.0882338507 -0.3528302118 0.1124692685 0.0742373147 0.0526391440 -0.2041071093 -0.2609758982 -0.2594954361
-0.3277388793 -0.1766178687 -0.2043064613 -0.3252377624 0.0029887077 -0.1683105403 -0.0804867946 -0.3332179615 0.1123368153 0.0734693811 0.0544556244 -0.1929373939 -0.2411813294 -0.2396853353
-0.3113192970 -0.1651546416 -0.1915774994 -0.3052527836 0.0071919174 -0.1582403069 -0.0722114613 -0.3132473779 0.1128289111 0.0733215810 0.0556309209 -0.1812604101 -0.2210969182 -0.2195867384
-0.2944326354 -0.1531818521 -0.1783582825 -0.2849129535 0.0119993059 -0.1476220696 -0.0633984117 -0.2929157661 0.1139589579 0.0738073264 0.0561511689 -0.1690680928 -0.2007215968 -0.1991986242
-0.2770730307 -0.1406914691 -0.1646414745 -0.2642157257 0.0174226214 -0.1364467444 -0.0540382067 -0.2722204313 0.1157403580 0.0749400297 0.0560025035 -0.1563523772 -0.1800542978 -0.1785199717
-0.2592346193 -0.1276754614 -0.1504197394 -0.2431585533 0.0234736123 -0.1247052472 -0.0441214072 -0.2511586788 0.1181865134 0.0767331029 0.0551710600 -0.1431051983 -0.1590939533 -0.1575497599
-0.2409115375 -0.1141257981 -0.1356857412 -0.2217388899 0.0301640267 -0.1123884940 -0.0336385742 -0.2297278138 0.1213108263 0.0791999581 0.0536429737 -0.1293184911 -0.1378394959 -0.1362869677
-0.2220979215 -0.1000344479 -0.1204321440 -0.1999541888 0.0375056130 -0.0994874007 -0.0225802687 -0.2079251414 0.1251266988 0.0823540076 0.0514043799 -0.1149841906 -0.1162898579 -0.1147305741
-0.2027879077 -0.0853933798 -0.1046516119 -0.1778019033 0.0455101194 -0.0859928834 -0.0109370515 -0.1857479669 0.1296475331 0.0862086634 0.0484414136 -0.1000942320 -0.0944439717 -0.0928795580
-0.1829756323 -0.0701945626 -0.0883368087 -0.1552794869 0.0541892941 -0.0718958579 0.0013005165 -0.1631935955 0.1348867312 0.0907773378 0.0447402103 -0.0846405502 -0.0723007697 -0.0707328983
-0.1626552317 -0.0544299652 -0.0714803985 -0.1323843929 0.0635548855 -0.0571872402 0.0141418743 -0.1402593324 0.1408576954 0.0960734428 0.0402869052 -0.0686150803 -0.0498591843 -0.0482895741
-0.1418208421 -0.0380915565 -0.0540750454 -0.1091140747 0.0736186417 -0.0418579463 0.0275964609 -0.1169424827 0.1475738277 0.1021103907 0.0350676334 -0.0520097573 -0.0271181477 -0.0255485642
