0.1665127343 0.1886493305 0.2058833089 0.2212559886 0.2102929178 0.2054790679 0.1831314672 0.2210208088 0.2497656813 0.2670033819 -0.2449904604 0.1683804204 0.2372822652 0.2294117478
0.1821257337 0.2042448444 0.2220088235 0.2359344686 0.2231338626 0.2194572005 0.1987437151 0.2357223313 0.2605169275 0.2714458756 -0.2471204442 0.1844068484 0.2517126720 0.2439274031
0.1982661309 0.2203328168 0.2385716726 0.2510997226 0.2365737147 0.2339836221 0.2148564949 0.2509098251 0.2719105148 0.2764933384 -0.2497913164 0.2009364148 0.2666166496 0.2589249922
0.2149412193 0.2369199706 0.2555775493 0.2667585941 0.2506215895 0.2490663508 0.2314766585 0.2665901149 0.2839567598 0.2821567088 -0.2530133477 0.2179759178 0.2820008824 0.2744113172
0.2321582922 0.2540130289 0.2730321469 0.2829179264 0.2652866021 0.2647134043 0.2486110577 0.2827700255 0.2966659789 0.2884469256 -0.2567968088 0.2355321555 0.2978720545 0.2903931796
0.2499246428 0.2716187146 0.2909411585 0.2995845629 0.2805778678 0.2809328008 0.2662665442 0.2994563817 0.3100484887 0.2953749274 -0.2611519704 0.2536119259 0.3142368500 0.3068773813
0.2682475645 0.2897437508 0.3093102775 0.3167653469 0.2965045019 0.2977325582 0.2844499699 0.3166560084 0.3241146058 0.3029516527 -0.2660891033 0.2722220271 0.3311019532 0.3238707241
0.2871343505 0.3083948604 0.3281451968 0.3344671219 0.3130756196 0.3151206943 0.3031681867 0.3343757303 0.3388746467 0.3111880402 -0.2716184780 0.2913692572 0.3484740482 0.3413800097
0.3065922941 0.3275787664 0.3474516099 0.3526967312 0.3303003362 0.3331052272 0.3224280463 0.3526223723 0.3543389280 0.3200950286 -0.2777503654 0.3110604143 0.3663598192 0.3594120399
0.3266286887 0.3473021918 0.3672352098 0.3714610182 0.3481877669 0.3516941748 0.3422364005 0.3714027591 0.3705177662 0.3296835564 -0.2844950361 0.3313022965 0.3847659503 0.3779736166
0.3472508275 0.3675718596 0.3875016899 0.3907668262 0.3667470270 0.3708955550 0.3626001011 0.3907237156 0.3874214779 0.3399645624 -0.2918627607 0.3521017018 0.4036991258 0.3970715414
0.3684660038 0.3883944928 0.4082567432 0.4106209988 0.3859872318 0.3907173858 0.3835260000 0.4105920666 0.4050603797 0.3509489850 -0.2998638101 0.3734654284 0.4231660298 0.4167126162
0.3902815109 0.4097768144 0.4295060630 0.4310303791 0.4059174964 0.4111676852 0.4050209490 0.4310146369 0.4234447880 0.3626477630 -0.3085084548 0.3954002742 0.4431733465 0.4369036427
0.4127046421 0.4317255473 0.4512553424 0.4520018107 0.4265469362 0.4322544711 0.4270917998 0.4519982512 0.4425850195 0.3750718350 -0.3178069656 0.4179130374 0.4637277600 0.4576514228
0.4357426907 0.4542474146 0.4735102748 0.4735421369 0.4478846663 0.4539857615 0.4497454043 0.4735497345 0.4624913907 0.3882321396 -0.3277696132 0.4410105162 0.4848359546 0.4789627581
0.4594029500 0.4773491393 0.4962765533 0.4956582010 0.4699398021 0.4763695743 0.4729886143 0.4956759114 0.4831742181 0.4021396154 -0.3384066683 0.4646995084 0.5065046143 0.5008444505
0.4836927133 0.5010374443 0.5195598710 0.5183568465 0.4927214588 0.4994139274 0.4968282817 0.5183836069 0.5046438183 0.4168052011 -0.3497284016 0.4889868123 0.5287404235 0.5233033017
0.5086192739 0.5253190526 0.5433659213 0.5416449168 0.5162387517 0.5231268388 0.5212712581 0.5416796457 0.5269105079 0.4322398352 -0.3617450837 0.5138792259 0.5515500662 0.5463461136
0.5341899250 0.5502006873 0.5677003973 0.5655292551 0.5405007959 0.5475163265 0.5463243955 0.5655708526 0.5499846033 0.4484544565 -0.3744669855 0.5393835473 0.5749402267 0.5699796879
0.5604119600 0.5756890713 0.5925689922 0.5900167049 0.5655167068 0.5725904084 0.5719945457 0.5900640524 0.5738764213 0.4654600035 -0.3879043774 0.5655065746 0.5989175890 0.5942108263
