-0.5337207283 -0.4722376071 -0.5377802965 -0.5160819428 -0.2273798353 -0.3972624526 -0.4477158113 -0.5149909182 0.1980398955 0.6799683942 -0.1006163200 -0.4884392992 -0.5160214043 -0.5147473701
-0.5422818803 -0.4780460836 -0.5420637354 -0.5260616368 -0.2344171773 -0.4062628364 -0.4505410613 -0.5249406648 0.1941066367 0.6684665274 -0.0887569469 -0.4940433508 -0.5268387339 -0.5256343428
-0.5507499921 -0.4837729586 -0.5462594710 -0.5359485554 -0.2414018184 -0.4151866216 -0.4532918477 -0.5347978132 0.1901687089 0.6568700768 -0.0769158997 -0.4995640569 -0.5375621513 -0.5364274673
-0.5591188225 -0.4894130295 -0.5503628550 -0.5457359327 -0.2483281493 -0.4240274320 -0.4559640846 -0.5445556089 0.1862304767 0.6451852227 -0.0651005164 -0.5049962877 -0.5481845787 -0.5471196400
-0.5673821305 -0.4949610938 -0.5543692394 -0.5554170030 -0.2551905603 -0.4327788913 -0.4585536858 -0.5542072974 0.1822963045 0.6334181455 -0.0533181348 -0.5103349132 -0.5586989381 -0.5577037573
-0.5755336752 -0.5004119487 -0.5582739762 -0.5649850003 -0.2619834419 -0.4414346232 -0.4610565654 -0.5637461243 0.1783705569 0.6215750253 -0.0415760928 -0.5155748037 -0.5690981516 -0.5681727156
-0.5835672156 -0.5057603917 -0.5620724172 -0.5744331588 -0.2687011847 -0.4499882515 -0.4634686373 -0.5731653351 0.1744575982 0.6096620424 -0.0298817281 -0.5207108293 -0.5793751412 -0.5785194114
-0.5914765105 -0.5110012201 -0.5657599145 -0.5837547126 -0.2753381790 -0.4584333999 -0.4657858154 -0.5824581754 0.1705617930 0.5976853773 -0.0182423787 -0.5257378602 -0.5895228291 -0.5887367409
-0.5992553191 -0.5161292314 -0.5693318198 -0.5929428959 -0.2818888155 -0.4667636922 -0.4680040138 -0.5916178905 0.1666875057 0.5856512101 -0.0066653823 -0.5306507666 -0.5995341372 -0.5988176005
-0.6068974003 -0.5211392228 -0.5727834852 -0.6019909428 -0.2883474845 -0.4749727520 -0.4701191463 -0.6006377262 0.1628391009 0.5735657211 0.0048419231 -0.5354444186 -0.6094019878 -0.6087548868
-0.6143965130 -0.5260259917 -0.5761102626 -0.6108920875 -0.2947085765 -0.4830542032 -0.4721271269 -0.6095109279 0.1590209429 0.5614350907 0.0162721997 -0.5401136863 -0.6191193027 -0.6185414959
-0.6217464164 -0.5307843355 -0.5793075040 -0.6196395641 -0.3009664821 -0.4910016695 -0.4740238697 -0.6182307411 0.1552373964 0.5492654991 0.0276181098 -0.5446534400 -0.6286790041 -0.6281703244
-0.6289408693 -0.5354090517 -0.5823705611 -0.6282266067 -0.3071155916 -0.4988087745 -0.4758052885 -0.6267904113 0.1514928256 0.5370631265 0.0388723153 -0.5490585498 -0.6380740142 -0.6376342686
-0.6359736308 -0.5398949375 -0.5852947860 -0.6366464496 -0.3131502957 -0.5064691422 -0.4774672973 -0.6351831841 0.1477915952 0.5248341534 0.0500274786 -0.5533238859 -0.6472972548 -0.6469262250
-0.6428384598 -0.5442367903 -0.5880755306 -0.6448923267 -0.3190649846 -0.5139763961 -0.4790058101 -0.6434023051 0.1441380696 0.5125847600 0.0610762616 -0.5574443184 -0.6563416482 -0.6560390898
-0.6495291154 -0.5484294075 -0.5907081468 -0.6529574723 -0.3248540491 -0.5213241600 -0.4804167408 -0.6514410197 0.1405366132 0.5003211265 0.0720113267 -0.5614147175 -0.6652001163 -0.6649657595
-0.6560393564 -0.5524675865 -0.5931879866 -0.6608351206 -0.3305118794 -0.5285060577 -0.4816960034 -0.6592925734 0.1369915906 0.4880494333 0.0828253359 -0.5652299534 -0.6738655813 -0.6736991304
-0.6623629420 -0.5563461246 -0.5955104018 -0.6685185055 -0.3360328661 -0.5355157129 -0.4828395119 -0.6669502119 0.1335073661 0.4757758606 0.0935109514 -0.5688848962 -0.6823309653 -0.6822320991
-0.6684936312 -0.5600598192 -0.5976707445 -0.6760008614 -0.3414113997 -0.5423467493 -0.4838431801 -0.6744071806 0.1300883044 0.4635065888 0.1040608354 -0.5723744161 -0.6905891902 -0.6905575617
-0.6744251828 -0.5636034677 -0.5996643664 -0.6832754224 -0.3466418706 -0.5489927907 -0.4847029222 -0.6816567250 0.1267387699 0.4512477981 0.1144676499 -0.5756933832 -0.6986331782 -0.6986684148
