0.4585740352 0.3966659428 0.1195992013 0.2651176325 0.8376985126 0.1148928264 0.3938903183 0.2672836775 0.8922391351 -0.6237240660 -1.0000000000 0.3526082685 0.2885382524 0.2916771492
0.4119119322 0.3525961985 0.0820573901 0.2391485442 0.7848298393 0.0797401599 0.3522572850 0.2410008944 0.8422477355 -0.6330797958 -0.9423391856 0.3097766258 0.2651436703 0.2682910083
0.3661735740 0.3093493354 0.0452550083 0.2137873883 0.7328694128 0.0452379224 0.3113595802 0.2153309889 0.7930451505 -0.6423114351 -0.8856761902 0.2677466657 0.2423120062 0.2454673187
0.3213524218 0.2669198907 0.0091870790 0.1890294624 0.6818114323 0.0113820051 0.2711925887 0.1902692291 0.7446267331 -0.6514192233 -0.8300044558 0.2265130827 0.2200388334 0.2232016571
0.2774419368 0.2253024013 -0.0261513748 0.1648700638 0.6316500966 -0.0218317005 0.2317516955 0.1658108833 0.6969878365 -0.6604034001 -0.7753174243 0.1860705714 0.1983197250 0.2014896002
0.2344355803 0.1844914043 -0.0607653302 0.1413044901 0.5823796048 -0.0544073030 0.1930322855 0.1419512197 0.6501238139 -0.6692642049 -0.7216085377 0.1464138265 0.1771502542 0.1803267245
0.1923268135 0.1444814367 -0.0946597640 0.1183280387 0.5339941561 -0.0863489109 0.1550297435 0.1186855066 0.6040300186 -0.6780018771 -0.6688712380 0.1075375424 0.1565259944 0.1597086069
0.1511090977 0.1052670357 -0.1278396532 0.0959360071 0.4864879493 -0.1176606329 0.1177394547 0.0960090120 0.5587018035 -0.6866166564 -0.6170989673 0.0694364138 0.1364425187 0.1396308239
0.1107758940 0.0668427382 -0.1603099750 0.0741236928 0.4398551835 -0.1483465774 0.0811568037 0.0739170043 0.5141345219 -0.6951087822 -0.5662851675 0.0321051352 0.1168954003 0.1200889522
0.0713206638 0.0292030813 -0.1920757062 0.0528863932 0.3940900578 -0.1784108532 0.0452771757 0.0524047516 0.4703235270 -0.7034784940 -0.5164232806 -0.0044615987 0.0978802125 0.1010785685
0.0327368682 -0.0076573980 -0.2231418238 0.0322194059 0.3491867712 -0.2078575688 0.0100959554 0.0314675222 0.4272641720 -0.7117260314 -0.4675067486 -0.0402690935 0.0793925286 0.0825952495
-0.0049820315 -0.0437441626 -0.2535133048 0.0121180283 0.3051395227 -0.2366908327 -0.0243914722 0.0111005842 0.3849518099 -0.7198516338 -0.4195290136 -0.0753226545 0.0614279217 0.0646345718
-0.0418425742 -0.0790626755 -0.2831951263 -0.0074224422 0.2619425113 -0.2649147536 -0.0581897221 -0.0087007940 0.3433817940 -0.7278555407 -0.3724835174 -0.1096275871 0.0439819650 0.0471921122
-0.0778512984 -0.1136183996 -0.3121922651 -0.0264067079 0.2195899361 -0.2925334399 -0.0913034095 -0.0279413445 0.3025494774 -0.7357379917 -0.3263637021 -0.1431891968 0.0270502319 0.0302634473
-0.1130147431 -0.1474167979 -0.3405096983 -0.0448394716 0.1780759961 -0.3195510004 -0.1237371494 -0.0466257988 0.2624502133 -0.7434992263 -0.2811630098 -0.1760127890 0.0106282955 0.0138441537
-0.1473394470 -0.1804633333 -0.3681524028 -0.0627254356 0.1373948903 -0.3459715436 -0.1554955570 -0.0647588888 0.2230793549 -0.7511394839 -0.2368748823 -0.2081036691 -0.0052882710 -0.0020701919
-0.1808319488 -0.2127634688 -0.3951253558 -0.0800693026 0.0975408178 -0.3717991780 -0.1865832472 -0.0823453463 0.1844322553 -0.7586590041 -0.1934927617 -0.2394671425 -0.0207038943 -0.0174840127
-0.2134987874 -0.2443226674 -0.4214335340 -0.0968757750 0.0585079777 -0.3970380123 -0.2170048352 -0.0993899031 0.1465042677 -0.7660580264 -0.1510100899 -0.2701085146 -0.0356230011 -0.0324017322
-0.2453465014 -0.2751463919 -0.4470819145 -0.1131495553 0.0202905688 -0.4216921550 -0.2467649360 -0.1158972909 0.1092907453 -0.7733367903 -0.1094203091 -0.3000330910 -0.0500500184 -0.0468277736
-0.2763816297 -0.3052401054 -0.4720754744 -0.1288953462 -0.0171172097 -0.4457657147 -0.2758681648 -0.1318722416 0.0727870412 -0.7804955353 -0.0687168611 -0.3292461769 -0.0639893727 -0.0607665602
