-0.9997797139 -0.9779235929 -0.9499507219 -0.9998280178 -0.9807997365 -0.9896469081 -0.9422708944 -0.9998865355 -0.9392904257 -0.9051512482 0.9661533066 -0.9775306703 -0.9691902891 -0.9934072545
-0.9992863910 -0.9738247240 -0.9437382098 -1.0000000000 -0.9769418711 -0.9871086168 -0.9348800596 -1.0000000000 -0.9317278112 -0.8974235828 0.9617160858 -0.9734602526 -0.9695812134 -0.9940204434
-0.9985272121 -0.9694118075 -0.9372199449 -0.9999438503 -0.9727620014 -0.9843244503 -0.9270871310 -0.9998851122 -0.9237661176 -0.8895122489 0.9570712741 -0.9690881048 -0.9697644665 -0.9944179177
-0.9975093577 -0.9646928295 -0.9304054476 -0.9996675001 -0.9682677101 -0.9813035899 -0.9188992881 -0.9995498379 -0.9154127191 -0.8814314222 0.9522304382 -0.9644225872 -0.9697482501 -0.9946076504
-0.9962400083 -0.9596757760 -0.9233042381 -0.9991788806 -0.9634665796 -0.9780552166 -0.9103237105 -0.9990021429 -0.9066749902 -0.8731952785 0.9472051448 -0.9594720602 -0.9695407660 -0.9945976146
-0.9947263447 -0.9543686330 -0.9159258367 -0.9984859233 -0.9583661925 -0.9745885117 -0.9013675780 -0.9982499927 -0.8975603052 -0.8648179936 0.9420069606 -0.9542448844 -0.9691502158 -0.9943957833
-0.9929755473 -0.9487793866 -0.9082797637 -0.9975965595 -0.9529741314 -0.9709126561 -0.8920380700 -0.9973013532 -0.8880760385 -0.8563137431 0.9366474524 -0.9487494200 -0.9685848014 -0.9940101295
-0.9909947969 -0.9429160228 -0.9003755394 -0.9965187204 -0.9472979787 -0.9670368311 -0.8823423663 -0.9961641900 -0.8782295645 -0.8476967030 0.9311381867 -0.9429940275 -0.9678527244 -0.9934486261
-0.9887912740 -0.9367865278 -0.8922226841 -0.9952603374 -0.9413453171 -0.9629702178 -0.8722876465 -0.9948464689 -0.8680282576 -0.8389810490 0.9254907304 -0.9369870672 -0.9669621866 -0.9927192462
-0.9863721592 -0.9303988874 -0.8838307180 -0.9938293420 -0.9351237290 -0.9587219972 -0.8618810902 -0.9933561556 -0.8574794920 -0.8301809567 0.9197166502 -0.9307368997 -0.9659213896 -0.9918299629
-0.9837446332 -0.9237610879 -0.8752091614 -0.9922336653 -0.9286407970 -0.9543013506 -0.8511298771 -0.9917012157 -0.8465906423 -0.8213106021 0.9138275126 -0.9242518853 -0.9647385352 -0.9907887491
-0.9809158764 -0.9168811152 -0.8663675346 -0.9904812387 -0.9219041036 -0.9497174591 -0.8400411867 -0.9898896151 -0.8353690828 -0.8123841608 0.9078348846 -0.9175403844 -0.9634218251 -0.9896035778
-0.9778930697 -0.9097669554 -0.8573153579 -0.9885799936 -0.9149212314 -0.9449795037 -0.8286221987 -0.9879293194 -0.8238221878 -0.8034158086 0.9017503326 -0.9106107573 -0.9619794611 -0.9882824221
-0.9746833934 -0.9024265945 -0.8480621515 -0.9865378613 -0.9076997629 -0.9400966656 -0.8168800927 -0.9858282943 -0.8119573317 -0.7944197213 0.8955854235 -0.9034713646 -0.9604196448 -0.9868332549
-0.9712940284 -0.8948680186 -0.8386174357 -0.9843627732 -0.9002472807 -0.9350781260 -0.8048220484 -0.9835945055 -0.7997818889 -0.7854100746 0.8893517240 -0.8961305666 -0.9587505780 -0.9852640493
-0.9677321550 -0.8870992137 -0.8289907308 -0.9820626605 -0.8925713673 -0.9299330659 -0.7924552454 -0.9812359188 -0.7873032338 -0.7764010444 0.8830608007 -0.8885967237 -0.9569804624 -0.9835827783
-0.9640049541 -0.8791281658 -0.8191915572 -0.9796454546 -0.8846796052 -0.9246706666 -0.7797868633 -0.9787604999 -0.7745287407 -0.7674068063 0.8767242204 -0.8808781964 -0.9551174997 -0.9817974149
-0.9601196061 -0.8709628611 -0.8092294350 -0.9771190869 -0.8765795770 -0.9193001090 -0.7668240817 -0.9761762145 -0.7614657840 -0.7584415362 0.8703535498 -0.8729833450 -0.9531698917 -0.9799159321
-0.9560832916 -0.8626112856 -0.7991138845 -0.9744914886 -0.8682788651 -0.9138305745 -0.7535740804 -0.9734910283 -0.7481217381 -0.7495194098 0.8639603555 -0.8649205299 -0.9511458400 -0.9779463030
-0.9519031914 -0.8540814253 -0.7888544260 -0.9717705911 -0.8597850523 -0.9082712440 -0.7400440388 -0.9707129070 -0.7345039773 -0.7406546029 0.8575562043 -0.8566981115 -0.9490535464 -0.9758965004
