-0.8953355028 -0.4493447706 -0.2326750471 -0.8736214125 -0.9538393440 -0.0110524667 -0.2458144794 -0.8686050583 -0.8001958414 0.2426139536 0.9924960648 -0.4879702342 -0.8987853174 -0.9031258246
-0.8836925603 -0.4219893117 -0.2020152951 -0.8608611002 -0.9468940251 0.0151657078 -0.2139383698 -0.8555520028 -0.8051569653 0.2654577660 0.9901278059 -0.4632815695 -0.8875714767 -0.8921590223
-0.8713879496 -0.3937104381 -0.1704389401 -0.8474361345 -0.9394343629 0.0420636632 -0.1811946890 -0.8418289641 -0.8102618013 0.2885971653 0.9874260837 -0.4377165137 -0.8757234651 -0.8805598153
-0.8584147793 -0.3644993609 -0.1379375187 -0.8333397695 -0.9314551214 0.0696475003 -0.1475757013 -0.8274291566 -0.8155123547 0.3120339913 0.9843877661 -0.4112666019 -0.8632347831 -0.8683216910
-0.8447661581 -0.3343472911 -0.1045025675 -0.8185652592 -0.9229510645 0.0979233200 -0.1130736713 -0.8123457951 -0.8209106309 0.3357700840 0.9810097211 -0.3839233693 -0.8500989313 -0.8554381367
-0.8304351945 -0.3032454397 -0.0701256231 -0.8031058577 -0.9139169559 0.1268972232 -0.0776808636 -0.7965720942 -0.8264586352 0.3598072831 0.9772888166 -0.3556783511 -0.8363094104 -0.8419026398
-0.8154149971 -0.2711850179 -0.0347982221 -0.7869548192 -0.9043475595 0.1565753108 -0.0413895426 -0.7801012685 -0.8321583730 0.3841474286 0.9732219205 -0.3265230823 -0.8218597209 -0.8277086877
-0.7996986747 -0.2381572366 0.0014880987 -0.7701053978 -0.8942376393 0.1869636835 -0.0041919729 -0.7629265329 -0.8380118497 0.4087923604 0.9688059008 -0.2964490982 -0.8067433635 -0.8128497677
-0.7832793357 -0.2041533070 0.0387418029 -0.7525508476 -0.8835819592 0.2180684423 0.0339195811 -0.7450411019 -0.8440210704 0.4337439184 0.9640376253 -0.2654479339 -0.7909538387 -0.7973193671
-0.7661500888 -0.1691644400 0.0769713539 -0.7342844226 -0.8723752828 0.2498956879 0.0729528548 -0.7264381902 -0.8501880407 0.4590039424 0.9589139620 -0.2335111245 -0.7744846472 -0.7811109733
-0.7483040426 -0.1331818468 0.1161852149 -0.7152993770 -0.8606123743 0.2824515213 0.1129155837 -0.7071110124 -0.8565147659 0.4845742724 0.9534317789 -0.2006302052 -0.7573292896 -0.7642180737
-0.7297343058 -0.0961967384 0.1563918494 -0.6955889649 -0.8482879973 0.3157420433 0.1538155033 -0.6870527832 -0.8630032513 0.5104567481 0.9475879438 -0.1667967111 -0.7394812664 -0.7466341557
-0.7104339868 -0.0582003258 0.1975997208 -0.6751464404 -0.8353969159 0.3497733548 0.1956603491 -0.6662567174 -0.8696555023 0.5366532096 0.9413793246 -0.1320021773 -0.7209340783 -0.7283527065
-0.6903961944 -0.0191838201 0.2398172924 -0.6539650576 -0.8219338939 0.3845515565 0.2384578566 -0.6447160295 -0.8764735242 0.5631654967 0.9348027894 -0.0962381391 -0.7016812259 -0.7093672135
-0.6696140372 0.0208615677 0.2830530277 -0.6320380706 -0.8078936950 0.4200827495 0.2822157612 -0.6224239342 -0.8834593223 0.5899954494 0.9278552060 -0.0594961315 -0.6817162097 -0.6896711641
-0.6480806238 0.0619446264 0.3273153900 -0.6093587335 -0.7932710834 0.4563730344 0.3269417985 -0.5993736463 -0.8906149021 0.6171449073 0.9205334423 -0.0217676898 -0.6610325305 -0.6692580456
-0.6257890627 0.1040741451 0.3726128427 -0.5859203004 -0.7780608227 0.4934285122 0.3726437039 -0.5755583802 -0.8979422688 0.6446157106 0.9128343663 0.0169556511 -0.6396236888 -0.6481213455
-0.6027324626 0.1472589127 0.4189538492 -0.5617160255 -0.7622576768 0.5312552837 0.4193292129 -0.5509713508 -0.9054434279 0.6724096990 0.9047548459 0.0566823558 -0.6174831851 -0.6262545510
-0.5789039322 0.1915077181 0.4663468730 -0.5367391627 -0.7458564097 0.5698594498 0.4670060610 -0.5256057727 -0.9131203846 0.7005287125 0.8962917490 0.0974208893 -0.5946045202 -0.6036511494
-0.5542965799 0.2368293503 0.5148003772 -0.5109829663 -0.7288517853 0.6092471113 0.5156819837 -0.4994548606 -0.9209751443 0.7289745909 0.8874419436 0.1391797164 -0.5709811946 -0.5803046283
