-0.8622043329 -0.8603795905 -0.8561745402 -0.8456829722 -0.6631615604 -0.6791701283 -0.8479431189 -0.8440067403 -0.4786091320 0.0842173424 0.2084750777 -0.8512644285 -0.8410191497 -0.8614267681
-0.8727390310 -0.8708188713 -0.8665763246 -0.8574321293 -0.6808717816 -0.6967701277 -0.8585731265 -0.8558137832 -0.4972296777 0.0643285874 0.2292734798 -0.8621191170 -0.8529164811 -0.8724277803
-0.8829264631 -0.8809296585 -0.8766727344 -0.8687809607 -0.6982274499 -0.7140061885 -0.8689099351 -0.8672221278 -0.5156467656 0.0444170787 0.2499790521 -0.8726428376 -0.8644120615 -0.8830263395
-0.8927571471 -0.8907019432 -0.8864530710 -0.8797209819 -0.7152174680 -0.7308658395 -0.8789423562 -0.8782232093 -0.5338521340 0.0244898612 0.2705832561 -0.8828254420 -0.8754980964 -0.8932153145
-0.9022216011 -0.9001257163 -0.8959066358 -0.8902437083 -0.7318307389 -0.7473366097 -0.8886592014 -0.8888084630 -0.5518375211 0.0045539796 0.2910775534 -0.8926567817 -0.8861667916 -0.9029875741
-0.9113103428 -0.9091909691 -0.9050227303 -0.9003406552 -0.7480561656 -0.7634060280 -0.8980492819 -0.8989693241 -0.5695946653 -0.0153835212 0.3114534055 -0.9021267084 -0.8964103525 -0.9123359869
-0.9200138904 -0.9178876924 -0.9137906558 -0.9100033380 -0.7638826510 -0.7790616234 -0.9071014094 -0.9086972279 -0.5871153048 -0.0353155963 0.3317022739 -0.9112250737 -0.9062209848 -0.9212534218
-0.9283227617 -0.9262058775 -0.9221997138 -0.9192232721 -0.7792990980 -0.7942909247 -0.9158043953 -0.9179836096 -0.6043911778 -0.0552352010 0.3518156203 -0.9199417292 -0.9155908940 -0.9297327475
-0.9362274747 -0.9341355153 -0.9302392056 -0.9279919729 -0.7942944096 -0.8090814609 -0.9241470510 -0.9268199046 -0.6214140227 -0.0751352903 0.3717849061 -0.9282665265 -0.9245122858 -0.9377668327
-0.9437185473 -0.9416665969 -0.9378984326 -0.9363009557 -0.8088574887 -0.8234207610 -0.9321181881 -0.9351975480 -0.6381755776 -0.0950088196 0.3916015929 -0.9361893173 -0.9329773658 -0.9453485461
-0.9507864976 -0.9487891134 -0.9451666962 -0.9441417360 -0.8229772382 -0.8372963538 -0.9397066179 -0.9431079752 -0.6546675809 -0.1148487438 0.4112571422 -0.9436999532 -0.9409783395 -0.9524707566
-0.9574218433 -0.9554930558 -0.9520332979 -0.9515058290 -0.8366425611 -0.8506957682 -0.9469011520 -0.9505426215 -0.6708817708 -0.1346480182 0.4307430156 -0.9507882857 -0.9485074126 -0.9591263328
-0.9636151026 -0.9617684152 -0.9584875391 -0.9583847503 -0.8498423604 -0.8636065332 -0.9536906019 -0.9574929220 -0.6868098856 -0.1543995980 0.4500506746 -0.9574441666 -0.9555567906 -0.9653081436
-0.9693567933 -0.9676051827 -0.9645187210 -0.9647700151 -0.8625655389 -0.8760161778 -0.9600637789 -0.9639503121 -0.7024436636 -0.1740964383 0.4691715808 -0.9636574474 -0.9621186791 -0.9710090576
-0.9746374334 -0.9729933492 -0.9701161452 -0.9706531388 -0.8748009996 -0.8879122307 -0.9660094946 -0.9699062270 -0.7177748429 -0.1937314942 0.4880971957 -0.9694179797 -0.9681852838 -0.9762219436
-0.9794475408 -0.9779229060 -0.9752691131 -0.9760256368 -0.8865376454 -0.8992822211 -0.9715165605 -0.9753521020 -0.7327951620 -0.2132977211 0.5068189809 -0.9747156152 -0.9737488102 -0.9809396703
-0.9837776336 -0.9823838440 -0.9799669260 -0.9808790245 -0.8977643793 -0.9101136777 -0.9765737880 -0.9802793723 -0.7474963590 -0.2327880739 0.5253283978 -0.9795402055 -0.9788014639 -0.9851551065
-0.9876182295 -0.9863661543 -0.9841988853 -0.9852048173 -0.9084701042 -0.9203941295 -0.9811699885 -0.9846794733 -0.7618701722 -0.2521955079 0.5436169081 -0.9838816022 -0.9833354505 -0.9888611209
-0.9909598467 -0.9898598280 -0.9879542925 -0.9889945305 -0.9186437231 -0.9301111055 -0.9852939736 -0.9885438402 -0.7759083399 -0.2715129783 0.5616759733 -0.9877296568 -0.9873429756 -0.9920505823
-0.9937930030 -0.9928548561 -0.9912224489 -0.9922396795 -0.9282741389 -0.9392521345 -0.9889345547 -0.9918639082 -0.7896026003 -0.2907334402 0.5794970549 -0.9910742212 -0.9908162449 -0.9947163594
