0.9056126863 0.5781906088 0.3967983548 0.8715480565 0.9927149899 0.9491346607 0.3177238492 0.8709291475 0.9840410332 0.9859427404 -0.9657467893 0.5806906972 0.8713395309 0.8693204265
0.8960353161 0.5712841587 0.3887056996 0.8586672718 0.9887745054 0.9400107496 0.3116657259 0.8580168970 0.9891726051 0.9807449750 -0.9588626263 0.5729222007 0.8585181737 0.8564310656
0.8857977296 0.5637558858 0.3800993853 0.8452620193 0.9840172651 0.9302005969 0.3050595291 0.8445803923 0.9932935632 0.9747715196 -0.9513928999 0.5645582438 0.8451780120 0.8430263298
0.8749143561 0.5556193588 0.3709915028 0.8313448058 0.9784587374 0.9197189081 0.2979176339 0.8306321551 0.9964203444 0.9680373712 -0.9433484391 0.5556121000 0.8313313560 0.8291184782
0.8633996247 0.5468881461 0.3613941427 0.8169281381 0.9721143908 0.9085803886 0.2902524154 0.8161847068 0.9985693862 0.9605575272 -0.9347400733 0.5460970426 0.8169905158 0.8147197697
0.8512679648 0.5375758164 0.3513193959 0.8020245230 0.9649996938 0.8967997437 0.2820762486 0.8012505689 0.9997571256 0.9523469846 -0.9255786317 0.5360263451 0.8021678016 0.7998424635
0.8385338056 0.5276959380 0.3407793532 0.7866464673 0.9571301148 0.8843916788 0.2734015088 0.7858422630 1.0000000000 0.9434207406 -0.9158749434 0.5254132809 0.7868755236 0.7844988184
0.8252115764 0.5172620796 0.3297861054 0.7708064779 0.9485211224 0.8713708994 0.2642405709 0.7699723106 0.9993144465 0.9337937925 -0.9056398376 0.5142711234 0.7711259918 0.7687010937
0.8113157063 0.5062878096 0.3183517432 0.7545170615 0.9391881849 0.8577521108 0.2546058101 0.7536532332 0.9977169024 0.9234811372 -0.8948841437 0.5026131461 0.7549315163 0.7524615483
0.7968606248 0.4947866967 0.3064883574 0.7377907251 0.9291467708 0.8435500184 0.2445096015 0.7368975524 0.9952238048 0.9124977721 -0.8836186907 0.4904526224 0.7383044074 0.7357924412
0.7818607609 0.4827723093 0.2942080388 0.7206399754 0.9184123487 0.8287793275 0.2339643200 0.7197177896 0.9918515910 0.9008586943 -0.8718543080 0.4778028256 0.7212569751 0.7187060315
0.7663305441 0.4702582160 0.2815228782 0.7030773192 0.9070003870 0.8134547437 0.2229823410 0.7021264664 0.9876166982 0.8885789010 -0.8596018247 0.4646770292 0.7038015295 0.7012145782
0.7502844035 0.4572579853 0.2684449664 0.6851152634 0.8949263541 0.7975909723 0.2115760393 0.6841361043 0.9825355637 0.8756733893 -0.8468720700 0.4510885067 0.6859503809 0.6833303404
0.7337367684 0.4437851858 0.2549863941 0.6667663148 0.8822057185 0.7812027186 0.1997577902 0.6657592249 0.9766246246 0.8621571564 -0.8336758732 0.4370505314 0.6677158393 0.6650655771
0.7167020681 0.4298533859 0.2411592522 0.6480429802 0.8688539487 0.7643046881 0.1875399686 0.6470083496 0.9699003181 0.8480451995 -0.8200240634 0.4225763768 0.6491102149 0.6464325473
0.6991947318 0.4154761542 0.2269756313 0.6289577664 0.8548865132 0.7469115861 0.1749349498 0.6278959999 0.9623790816 0.8333525157 -0.8059274699 0.4076793163 0.6301458178 0.6274435100
0.6812291887 0.4006670593 0.2124476224 0.6095231803 0.8403188805 0.7290381181 0.1619551087 0.6084346975 0.9540773521 0.8180941022 -0.7913969219 0.3923726233 0.6108349582 0.6081107244
0.6628198683 0.3854396696 0.1975873161 0.5897517286 0.8251665189 0.7106989894 0.1486128206 0.5886369638 0.9450115669 0.8022849562 -0.7764432485 0.3766695713 0.5911899461 0.5884464494
0.6439811996 0.3698075537 0.1824068033 0.5696559183 0.8094448970 0.6919089054 0.1349204604 0.5685153204 0.9351981633 0.7859400748 -0.7610772791 0.3605834336 0.5712230918 0.5684629440
0.6247276119 0.3537842802 0.1669181748 0.5492482560 0.7931694832 0.6726825716 0.1208904033 0.5480822887 0.9246535784 0.7690744552 -0.7453098428 0.3441274837 0.5509467052 0.5481724674
