-0.6263031207 -0.5987171926 -0.7120110318 -0.7181175011 -0.2803976028 -0.6311318626 -0.5711502385 -0.7151060510 -0.0510037986 -0.6787974523 0.2824721471 -0.6140861516 -0.7196685572 -0.7201640562
-0.6485480801 -0.6212620468 -0.7303520635 -0.7370999870 -0.3122565361 -0.6521498175 -0.5936218186 -0.7342098382 -0.0838457393 -0.6933523425 0.3156140294 -0.6360801920 -0.7386861470 -0.7391421867
-0.6700370744 -0.6430831584 -0.7480307097 -0.7553568677 -0.3432968504 -0.6724850904 -0.6154200720 -0.7525863222 -0.1160212558 -0.7075349016 0.3478668671 -0.6573586011 -0.7569714595 -0.7573898274
-0.6907769672 -0.6641868512 -0.7650529225 -0.7728950024 -0.3735251238 -0.6921435847 -0.6365505839 -0.7702423713 -0.1475349178 -0.7213475697 0.3792381149 -0.6779276522 -0.7745314569 -0.7749139177
-0.7107746222 -0.6845794491 -0.7814246539 -0.7897212502 -0.4029479345 -0.7111312040 -0.6570189394 -0.7871848537 -0.1783912956 -0.7347927867 0.4097352277 -0.6977936190 -0.7913731013 -0.7917213967
-0.7300369031 -0.7042672757 -0.7971518561 -0.8058424703 -0.4315718606 -0.7294538517 -0.6768307238 -0.8034206375 -0.2085949591 -0.7478729928 0.4393656600 -0.7169627748 -0.8075033550 -0.8078192035
-0.7485706734 -0.7232566548 -0.8122404811 -0.8212655217 -0.4594034804 -0.7471174312 -0.6959915221 -0.8189565909 -0.2381504784 -0.7605906280 0.4681368666 -0.7354413931 -0.8229291803 -0.8232142773
-0.7663827968 -0.7415539103 -0.8266964809 -0.8359972638 -0.4864493719 -0.7641278461 -0.7145069196 -0.8337995821 -0.2670624235 -0.7729481325 0.4960563021 -0.7532357473 -0.8376575392 -0.8379135573
-0.7834801369 -0.7591653659 -0.8405258076 -0.8500445555 -0.5127161133 -0.7804909999 -0.7323825014 -0.8479564794 -0.2953353645 -0.7849479462 0.5231314213 -0.7703521110 -0.8516953940 -0.8519239827
-0.7998695575 -0.7760973454 -0.8537344132 -0.8634142561 -0.5382102829 -0.7962127960 -0.7496238526 -0.8614341508 -0.3229738713 -0.7965925094 0.5493696789 -0.7867967577 -0.8650497070 -0.8652524926
-0.8155579220 -0.7923561726 -0.8663282499 -0.8761132246 -0.5629384586 -0.8112991379 -0.7662365584 -0.8742394646 -0.3499825141 -0.8078842620 0.5747785296 -0.8025759607 -0.8777274403 -0.8779060263
-0.8305520943 -0.8079481711 -0.8783132697 -0.8881483202 -0.5869072188 -0.8257559290 -0.7822262040 -0.8863792889 -0.3763658628 -0.8188256441 0.5993654280 -0.8176959935 -0.8897355561 -0.8898915229
-0.8448589379 -0.8228796649 -0.8896954246 -0.8995264021 -0.6101231416 -0.8395890730 -0.7975983745 -0.8978604920 -0.4021284875 -0.8294190957 0.6231378289 -0.8321631297 -0.9010810166 -0.9012159216
-0.8584853164 -0.8371569777 -0.9004806667 -0.9102543293 -0.6325928051 -0.8528044732 -0.8123586550 -0.9086899420 -0.4272749582 -0.8396670571 0.6461031870 -0.8459836426 -0.9117707840 -0.9118861615
-0.8714380935 -0.8507864333 -0.9106749481 -0.9203389611 -0.6543227875 -0.8654080331 -0.8265126308 -0.9188745072 -0.4518098450 -0.8495719682 0.6682689570 -0.8591638058 -0.9218118206 -0.9219091819
-0.8837241329 -0.8637743553 -0.9202842209 -0.9297871566 -0.6753196670 -0.8774056562 -0.8400658870 -0.9284210556 -0.4757377180 -0.8591362692 0.6896425936 -0.8717098927 -0.9312110886 -0.9312919219
-0.8953502981 -0.8761270677 -0.9293144370 -0.9386057748 -0.6955900216 -0.8888032460 -0.8530240087 -0.9373364555 -0.4990631470 -0.8683624000 0.7102315514 -0.8836281767 -0.9399755501 -0.9400413207
-0.9063234529 -0.8878508942 -0.9377715486 -0.9468016750 -0.7151404297 -0.8996067060 -0.8653925811 -0.9456275751 -0.5217907023 -0.8772528008 0.7300432852 -0.8949249314 -0.9481121674 -0.9481643175
-0.9166504609 -0.8989521586 -0.9456615078 -0.9543817163 -0.7339774693 -0.9098219396 -0.8771771894 -0.9533012826 -0.5439249537 -0.8858099117 0.7490852497 -0.9056064303 -0.9556279027 -0.9556678515
-0.9263381856 -0.9094371846 -0.9529902665 -0.9613527578 -0.7521077186 -0.9194548504 -0.8883834187 -0.9603644461 -0.5654704714 -0.8940361726 0.7673648996 -0.9156789467 -0.9625297181 -0.9625588618
