-0.8281535924 -0.8197573919 -0.8677955132 -0.8925591523 -0.5138419696 -0.7657116170 -0.8019776008 -0.8917839965 -0.2708772471 -0.4922673900 0.4348971427 -0.8198056771 -0.8909531567 -0.8915570064
-0.8390550215 -0.8293231727 -0.8754294440 -0.9012528338 -0.5306002465 -0.7775081876 -0.8106210829 -0.9005278890 -0.2875089497 -0.5065279122 0.4515490567 -0.8296913720 -0.8999650711 -0.9005401210
-0.8495704559 -0.8386074757 -0.8828209917 -0.9095555993 -0.5470315037 -0.7889726393 -0.8190590710 -0.9088791271 -0.3039362851 -0.5205734251 0.4679164304 -0.8392757032 -0.9085627194 -0.9091093742
-0.8597028097 -0.8476120245 -0.8899715670 -0.9174706548 -0.5631374736 -0.8001071265 -0.8272924234 -0.9168409346 -0.3201596856 -0.5344044392 0.4840008282 -0.8485606143 -0.9167495926 -0.9172682545
-0.8694549970 -0.8563385427 -0.8968825812 -0.9250012062 -0.5789198886 -0.8109138037 -0.8353219985 -0.9244165356 -0.3361795831 -0.5480214653 0.4998038141 -0.8575480491 -0.9245291813 -0.9250202504
-0.8788299320 -0.8647887540 -0.9035554451 -0.9321504594 -0.5943804811 -0.8213948255 -0.8431486545 -0.9316091539 -0.3519964097 -0.5614250139 0.5153269523 -0.8662399511 -0.9319049763 -0.9323688504
-0.8878305287 -0.8729643820 -0.9099915697 -0.9389216203 -0.6095209835 -0.8315523461 -0.8507732498 -0.9384220134 -0.3676105975 -0.5746155956 0.5305718070 -0.8746382641 -0.9388804685 -0.9393175431
-0.8964597013 -0.8808671504 -0.9161923661 -0.9453178948 -0.6243431283 -0.8413885202 -0.8581966427 -0.9448583382 -0.3830225785 -0.5875937212 0.5455399423 -0.8827449316 -0.9454591485 -0.9458698168
-0.9047203639 -0.8884987826 -0.9221592452 -0.9513424888 -0.6388486478 -0.8509055020 -0.8654196916 -0.9509213520 -0.3982327849 -0.6003599012 0.5602329224 -0.8905618973 -0.9516445072 -0.9520291602
-0.9126154306 -0.8958610025 -0.9278936180 -0.9569986083 -0.6530392743 -0.8601054462 -0.8724432547 -0.9566142788 -0.4132416486 -0.6129146463 0.5746523115 -0.8980911048 -0.9574400353 -0.9577990616
-0.9201478156 -0.9029555335 -0.9333968955 -0.9622894591 -0.6669167405 -0.8689905071 -0.8792681905 -0.9619403426 -0.4280496019 -0.6252584670 0.5887996738 -0.9053344978 -0.9628492236 -0.9631830096
-0.9273204331 -0.9097840994 -0.9386704887 -0.9672182471 -0.6804827785 -0.8775628392 -0.8858953571 -0.9669027673 -0.4426570766 -0.6373918741 0.6026765733 -0.9122940199 -0.9678755629 -0.9681844928
-0.9341361970 -0.9163484237 -0.9437158085 -0.9717881783 -0.6937391209 -0.8858245969 -0.8923256131 -0.9715047767 -0.4570645050 -0.6493153781 0.6162845743 -0.9189716148 -0.9725225440 -0.9728069995
-0.9405980216 -0.9226502301 -0.9485342661 -0.9760024585 -0.7066875000 -0.8937779348 -0.8985598166 -0.9757495949 -0.4712723191 -0.6610294896 0.6296252409 -0.9253692261 -0.9767936575 -0.9770540183
-0.9467088209 -0.9286912422 -0.9531272722 -0.9798642938 -0.7193296483 -0.9014250072 -0.9045988260 -0.9796404457 -0.4852809509 -0.6725347194 0.6427001373 -0.9314887974 -0.9806923944 -0.9809290377
-0.9524715092 -0.9344731836 -0.9574962380 -0.9833768899 -0.7316672981 -0.9087679686 -0.9104434996 -0.9831805530 -0.4990908325 -0.6838315780 0.6555108276 -0.9373322725 -0.9842222454 -0.9844355462
-0.9578890005 -0.9399977780 -0.9616425744 -0.9865434528 -0.7437021819 -0.9158089735 -0.9160946958 -0.9863731408 -0.5127023961 -0.6949205760 0.6680588761 -0.9429015949 -0.9873867012 -0.9875770323
-0.9629642089 -0.9452667489 -0.9655676925 -0.9893671884 -0.7554360320 -0.9225501763 -0.9215532729 -0.9892214331 -0.5261160736 -0.7058022242 0.6803458468 -0.9481987082 -0.9901892527 -0.9903569844
-0.9677000487 -0.9502818200 -0.9692730031 -0.9918513027 -0.7668705808 -0.9289937315 -0.9268200892 -0.9917286536 -0.5393322971 -0.7164770330 0.6923733040 -0.9532255562 -0.9926333906 -0.9927788911
-0.9720994338 -0.9550447150 -0.9727599174 -0.9939990014 -0.7780075608 -0.9351417935 -0.9318960030 -0.9938980264 -0.5523514988 -0.7269455132 0.7041428118 -0.9579840825 -0.9947226056 -0.9948462409
