0.6897889941 0.0599113869 -0.2880443541 0.2854764116 -0.4379672257 0.6612710174 -0.9384504734 0.2843888760 -0.4129360346 -0.7407450598 0.7312737428 -0.0392142798 0.2992594912 0.2767810873
0.7072656362 0.0739377113 -0.2617855396 0.3178038524 -0.4642546050 0.6781425741 -0.9454505479 0.3166678741 -0.4423212925 -0.7577893338 0.7473672561 -0.0287093667 0.3316980196 0.3097780828
0.7242576238 0.0878425333 -0.2353528852 0.3498048294 -0.4903413515 0.6945760767 -0.9521164632 0.3486227908 -0.4713102667 -0.7742821130 0.7629558022 -0.0183083901 0.3637983825 0.3424508044
0.7407629343 0.1016284623 -0.2087642650 0.3814452262 -0.5161908368 0.7105720869 -0.9584297326 0.3802196960 -0.4998711735 -0.7902203535 0.7780401624 -0.0080046535 0.3955249192 0.3747627764
0.7567795449 0.1152981079 -0.1820375532 0.4126909262 -0.5417664329 0.7261311663 -0.9643718695 0.4114246593 -0.5279722292 -0.8056010116 0.7926211180 0.0022085397 0.4268419689 0.4066775233
0.7723054330 0.1288540796 -0.1551906241 0.4435078128 -0.5670315114 0.7412538766 -0.9699243870 0.4422037508 -0.5555816501 -0.8204210434 0.8066994504 0.0123378860 0.4577138709 0.4381585694
0.7873385760 0.1422989869 -0.1282413519 0.4738617695 -0.5919494443 0.7559407793 -0.9750687985 0.4725230401 -0.5826676526 -0.8346774051 0.8202759409 0.0223900819 0.4881049645 0.4691694391
0.8018769511 0.1556354393 -0.1012076108 0.5037186797 -0.6164836034 0.7701924360 -0.9797866172 0.5023485971 -0.6091984529 -0.8483670530 0.8333513709 0.0323718240 0.5179795889 0.4996736568
0.8159185357 0.1688660463 -0.0741072751 0.5330444269 -0.6405973604 0.7840094085 -0.9840593564 0.5316464916 -0.6351422674 -0.8614869430 0.8459265217 0.0422898087 0.5473020834 0.5296347469
0.8294613072 0.1819934176 -0.0469582188 0.5618048946 -0.6642540872 0.7973922583 -0.9878685294 0.5603827934 -0.6604673125 -0.8740340316 0.8580021747 0.0521507326 0.5760367873 0.5590162337
0.8425032428 0.1950201625 -0.0197783163 0.5899659662 -0.6874171556 0.8103415471 -0.9911956493 0.5885235724 -0.6851418044 -0.8860052748 0.8695791112 0.0619612922 0.6041480398 0.5877816416
0.8550423199 0.2079488906 0.0074145582 0.6174935252 -0.7100499374 0.8228578365 -0.9940222296 0.6160348982 -0.7091339595 -0.8973976288 0.8806581126 0.0717281840 0.6316001801 0.6158944949
0.8670765158 0.2207822114 0.0346025305 0.6443534550 -0.7321158045 0.8349416880 -0.9963297835 0.6428828409 -0.7324119941 -0.9082080498 0.8912399601 0.0814581046 0.6583575476 0.6433183182
0.8786038078 0.2335227344 0.0617677264 0.6705116390 -0.7535781286 0.8465936635 -0.9980998242 0.6690334700 -0.7549441246 -0.9184334940 0.9013254353 0.0911577505 0.6843844816 0.6700166356
0.8896221733 0.2461730692 0.0888922717 0.6959339608 -0.7744002816 0.8578143244 -0.9993138650 0.6944528556 -0.7766985672 -0.9280709175 0.9109153193 0.1008338182 0.7096453212 0.6959529717
0.9001295896 0.2587358253 0.1159582922 0.7205863038 -0.7945456352 0.8686042324 -0.9999534192 0.7191070673 -0.7976435383 -0.9371172766 0.9200103936 0.1104930042 0.7341044057 0.7210908508
0.9101240341 0.2712136122 0.1429479136 0.7444345514 -0.8139775614 0.8789639491 -1.0000000000 0.7429621751 -0.8177472542 -0.9455695275 0.9286114395 0.1201420051 0.7577260745 0.7453937972
0.9196034840 0.2836090394 0.1698432617 0.7674445871 -0.8326594318 0.8888940362 -0.9994351208 0.7659842486 -0.8369779312 -0.9534246263 0.9367192384 0.1297875174 0.7804746667 0.7688253354
0.9285659167 0.2959247164 0.1966264624 0.7895822944 -0.8505546185 0.8983950553 -0.9982402947 0.7881393578 -0.8553037857 -0.9606795292 0.9443345715 0.1394362375 0.8023145216 0.7913489897
0.9370093095 0.3081632527 0.2232796413 0.8108135567 -0.8676264930 0.9074675680 -0.9963970352 0.8093935723 -0.8726930340 -0.9673311923 0.9514582203 0.1490948621 0.8232099786 0.8129282845
