0.9961076491 0.9766067802 0.9320882039 0.8583424171 0.9702508670 0.9809138875 0.8851402238 0.8574891190 0.9457675004 0.8921104016 -0.8893682367 0.9751916964 0.9355413496 0.9181647075
0.9941572171 0.9697939606 0.9206340672 0.8544398207 0.9618801418 0.9764495875 0.8654933979 0.8535745645 0.9324805090 0.8783574572 -0.8765334906 0.9688266621 0.9322224180 0.9146239324
0.9918186055 0.9621645476 0.9083803351 0.8504217269 0.9525468851 0.9715341592 0.8445252192 0.8495448161 0.9178803827 0.8638909965 -0.8630900305 0.9617790094 0.9287497426 0.9109360638
0.9890931935 0.9537355875 0.8953467040 0.8462833313 0.9422736569 0.9661724014 0.8222847995 0.8453950722 0.9020070429 0.8487298175 -0.8490527436 0.9540615523 0.9251188787 0.9070966866
0.9859823602 0.9445241269 0.8815528699 0.8420198293 0.9310830175 0.9603691132 0.7988212510 0.8411205310 0.8849004111 0.8328927181 -0.8344365169 0.9456871050 0.9213253813 0.9031013861
0.9824874846 0.9345472121 0.8670185291 0.8376264166 0.9189975272 0.9541290932 0.7741836854 0.8367163909 0.8666004088 0.8163984964 -0.8192562376 0.9366684817 0.9173648056 0.8989457472
0.9786099458 0.9238218895 0.8517633778 0.8330982888 0.9060397461 0.9474571404 0.7484212148 0.8321778504 0.8471469574 0.7992659501 -0.8035267930 0.9270184967 0.9132327067 0.8946253551
0.9743511229 0.9123652057 0.8358071121 0.8284306414 0.8922322344 0.9403580538 0.7215829511 0.8275001076 0.8265799783 0.7815138774 -0.7872630702 0.9167499641 0.9089246399 0.8901357948
0.9697123951 0.9001942071 0.8191694282 0.8236186701 0.8775975524 0.9328366321 0.6937180062 0.8226783611 0.8049393930 0.7631610761 -0.7704799564 0.9058756980 0.9044361602 0.8854726515
0.9646951414 0.8873259400 0.8018700224 0.8186575703 0.8621582602 0.9248976742 0.6648754923 0.8177078091 0.7822651231 0.7442263443 -0.7531923387 0.8944085128 0.8997628228 0.8806315102
0.9593007409 0.8737774510 0.7839285908 0.8135425377 0.8459369181 0.9165459790 0.6351045211 0.8125836499 0.7585970899 0.7247284799 -0.7354151043 0.8823612225 0.8949001829 0.8756079559
0.9535305727 0.8595657864 0.7653648295 0.8082687679 0.8289560863 0.9077863454 0.6044542046 0.8073010820 0.7339752148 0.7046862808 -0.7171631404 0.8697466413 0.8898437956 0.8703975739
0.9473860159 0.8447079927 0.7461984349 0.8028314564 0.8112383250 0.8986235723 0.5729736549 0.8018553037 0.7084394194 0.6841185451 -0.6984513342 0.8565775835 0.8845892161 0.8649959491
0.9408684495 0.8292211163 0.7264491030 0.7972257988 0.7928061944 0.8890624585 0.5407119838 0.7962415134 0.6820296251 0.6630440706 -0.6792945728 0.8428668632 0.8791319995 0.8593986667
0.9339792528 0.8131222037 0.7061365300 0.7914469906 0.7736822548 0.8791078030 0.5077183034 0.7904549093 0.6547857534 0.6414816553 -0.6597077433 0.8286272947 0.8734677010 0.8536013117
0.9267198047 0.7964283013 0.6852804122 0.7854902276 0.7538890662 0.8687644045 0.4740417255 0.7844906899 0.6267477256 0.6194500973 -0.6397057331 0.8138716920 0.8675918758 0.8475994692
0.9190914844 0.7791564555 0.6639004458 0.7793507052 0.7334491891 0.8580370619 0.4397313622 0.7783440535 0.5979554634 0.5969681944 -0.6193034292 0.7986128694 0.8615000789 0.8413887243
0.9110956709 0.7613237128 0.6420163268 0.7730236189 0.7123851834 0.8469305743 0.4048363253 0.7720101984 0.5684488880 0.5740547446 -0.5985157188 0.7828636412 0.8551878656 0.8349646621
0.9027337434 0.7429471196 0.6196477516 0.7665041645 0.6907196096 0.8354497403 0.3694057269 0.7654843230 0.5382679211 0.5507285459 -0.5773574891 0.7666368214 0.8486507910 0.8283228677
0.8940070809 0.7240437223 0.5968144162 0.7597875375 0.6684750277 0.8235993589 0.3334886789 0.7587616257 0.5074524840 0.5270083962 -0.5558436273 0.7499452242 0.8418844102 0.8214589261
