-0.0393048738 -0.0467155063 -0.2011093101 -0.2317314048 -0.0866316374 -0.1929156889 0.0834360584 -0.2319705198 0.1894427129 -0.4198575041 -0.0541472114 -0.0836588031 -0.2487507303 -0.2384981634
-0.0468996586 -0.0593824385 -0.2077654875 -0.2311437915 -0.1156734033 -0.2044133127 0.0563181706 -0.2314153772 0.1698698909 -0.4418739416 -0.0281945528 -0.0957677888 -0.2468712071 -0.2369400330
-0.0546771531 -0.0720865718 -0.2145822610 -0.2309068039 -0.1440971907 -0.2159336437 0.0295756569 -0.2312099258 0.1508780279 -0.4634154337 -0.0027385915 -0.1079181545 -0.2453721525 -0.2357565862
-0.0626328570 -0.0848248127 -0.2215554772 -0.2310145121 -0.1719085569 -0.2274738679 0.0032073200 -0.2313482445 0.1324605602 -0.4844848172 0.0222249874 -0.1201067996 -0.2442473716 -0.2349416739
-0.0707622698 -0.0975940678 -0.2286809830 -0.2314609863 -0.1991130593 -0.2390311706 -0.0227880376 -0.2318244127 0.1146109240 -0.5050849291 0.0467004990 -0.1323306237 -0.2434906691 -0.2344891469
-0.0790608912 -0.1103912438 -0.2359546251 -0.2322402968 -0.2257162554 -0.2506027377 -0.0484116131 -0.2326325093 0.0973225555 -0.5252186062 0.0706922584 -0.1445865262 -0.2430958498 -0.2343928563
-0.0875242208 -0.1232132471 -0.2433722503 -0.2333465136 -0.2517237024 -0.2621857548 -0.0736646040 -0.2337666134 0.0805888909 -0.5448886853 0.0942045806 -0.1568714064 -0.2430567186 -0.2346466530
-0.0961477582 -0.1360569843 -0.2509297054 -0.2347737071 -0.2771409577 -0.2737774076 -0.0985482074 -0.2352208042 0.0644033666 -0.5640980034 0.1172417808 -0.1691821639 -0.2433670802 -0.2352443878
-0.1049270030 -0.1489193620 -0.2586228372 -0.2365159472 -0.3019735788 -0.2853748816 -0.1230636208 -0.2369891608 0.0487594186 -0.5828493972 0.1398081740 -0.1815156980 -0.2440207394 -0.2361799117
-0.1138574548 -0.1617972869 -0.2664474925 -0.2385673044 -0.3262271229 -0.2969753626 -0.1472120415 -0.2390657623 0.0336504833 -0.6011457037 0.1619080753 -0.1938689082 -0.2450115012 -0.2374470757
-0.1229346133 -0.1746876654 -0.2743995181 -0.2409218487 -0.3499071474 -0.3085760362 -0.1709946669 -0.2414446877 0.0190699969 -0.6189897597 0.1835457996 -0.2062386940 -0.2463331703 -0.2390397306
-0.1321539780 -0.1875874041 -0.2824747607 -0.2435736503 -0.3730192098 -0.3201740880 -0.1944126943 -0.2441200162 0.0050113956 -0.6363844022 0.2047256623 -0.2186219547 -0.2479795515 -0.2409517273
-0.1415110485 -0.2004934097 -0.2906690672 -0.2465167794 -0.3955688673 -0.3317667038 -0.2174673210 -0.2470858269 -0.0085318844 -0.6533324678 0.2254519781 -0.2310155899 -0.2499444496 -0.2431769169
-0.1510013246 -0.2134025886 -0.2989782843 -0.2497453063 -0.4175616774 -0.3433510692 -0.2401597445 -0.2503361989 -0.0215664068 -0.6698367936 0.2457290624 -0.2434164989 -0.2522216695 -0.2457091502
-0.1606203057 -0.2263118475 -0.3073982589 -0.2532533010 -0.4390031973 -0.3549243697 -0.2624911619 -0.2538652113 -0.0340987354 -0.6859002164 0.2655612301 -0.2558215812 -0.2548050160 -0.2485422781
-0.1703634915 -0.2392180929 -0.3159248376 -0.2570348338 -0.4598989846 -0.3664837912 -0.2844627707 -0.2576669432 -0.0461354339 -0.7015255730 0.2849527962 -0.2682277362 -0.2576882939 -0.2516701516
-0.1802263817 -0.2521182314 -0.3245538674 -0.2610839749 -0.4802545965 -0.3780265192 -0.3060757682 -0.2617354737 -0.0576830662 -0.7167157003 0.3039080760 -0.2806318634 -0.2608653080 -0.2550866215
-0.1902044757 -0.2650091696 -0.3332811949 -0.2653947945 -0.5000755904 -0.3895497394 -0.3273313518 -0.2660648819 -0.0687481961 -0.7314734352 0.3224313844 -0.2930308622 -0.2643298631 -0.2587855389
-0.2002932733 -0.2778878140 -0.3421026670 -0.2699613627 -0.5193675237 -0.4010506374 -0.3482307187 -0.2706492470 -0.0793373871 -0.7458016146 0.3405270365 -0.3054216320 -0.2680757641 -0.2627607547
-0.2104882740 -0.2907510712 -0.3510141304 -0.2747777497 -0.5381359537 -0.4125263990 -0.3687750664 -0.2754826479 -0.0894572033 -0.7597030753 0.3581993474 -0.3178010723 -0.2720968157 -0.2670061196
