-0.7729568242 -0.9394977525 -0.8425980249 -0.1906119365 -0.8802992426 -0.9741951921 -0.9630769225 -0.1951951737 -0.7786488882 -0.9297874544 0.9820112306 -0.9361484053 -0.0476985855 -0.0564601078
-0.7894573059 -0.9462968349 -0.8545245703 -0.2342264422 -0.8637120074 -0.9779065379 -0.9575213687 -0.2385898064 -0.7489657622 -0.9202670917 0.9779949911 -0.9431240882 -0.0974521215 -0.1060628008
-0.8052802848 -0.9526710701 -0.8659462675 -0.2764656785 -0.8472500340 -0.9813217537 -0.9518959652 -0.2806155175 -0.7197544608 -0.9108672244 0.9736309691 -0.9496763311 -0.1456766203 -0.1541318413
-0.8204322094 -0.9586242821 -0.8768674197 -0.3173435644 -0.8309123367 -0.9844430204 -0.9462008310 -0.3212861510 -0.6910107206 -0.9015855176 0.9689237717 -0.9558089030 -0.1923876744 -0.2006829350
-0.8349195285 -0.9641602949 -0.8872923302 -0.3568740185 -0.8146979302 -0.9872725187 -0.9404360853 -0.3606155509 -0.6627302778 -0.8924196363 0.9638780059 -0.9615255732 -0.2376008764 -0.2457317878
-0.8487486906 -0.9692829326 -0.8972253023 -0.3950709599 -0.7986058289 -0.9898124293 -0.9346018473 -0.3986175611 -0.6349088690 -0.8833672456 0.9584982788 -0.9668301108 -0.2813318189 -0.2892941057
-0.8619261445 -0.9739960191 -0.9066706391 -0.4319483071 -0.7826350472 -0.9920649330 -0.9286982360 -0.4353060257 -0.6075422306 -0.8744260107 0.9527891976 -0.9717262850 -0.3235960945 -0.3313855944
-0.8744583387 -0.9783033784 -0.9156326439 -0.4675199792 -0.7667845998 -0.9940322104 -0.9227253706 -0.4706947884 -0.5806260989 -0.8655935965 0.9467553694 -0.9762178648 -0.3644092958 -0.3720219599
-0.8863517219 -0.9822088345 -0.9241156200 -0.5017998948 -0.7510535009 -0.9957164424 -0.9166833702 -0.5047976934 -0.5541562106 -0.8568676682 0.9404014012 -0.9803086195 -0.4037870153 -0.4112189080
-0.8976127428 -0.9857162114 -0.9321238705 -0.5348019729 -0.7354407653 -0.9971198096 -0.9105723539 -0.5376285846 -0.5281283019 -0.8482458907 0.9337319001 -0.9840023183 -0.4417448457 -0.4489921446
-0.9082478501 -0.9888293332 -0.9396616987 -0.5665401321 -0.7199454073 -0.9982444927 -0.9043924408 -0.5692013059 -0.5025381094 -0.8397259292 0.9267514733 -0.9873027302 -0.4782983796 -0.4853573756
-0.9182634922 -0.9915520237 -0.9467334079 -0.5970282914 -0.7045664414 -0.9990926726 -0.8981437502 -0.5995297014 -0.4773813694 -0.8313054488 0.9194647278 -0.9902136245 -0.5134632095 -0.5203303068
-0.9276661180 -0.9938881071 -0.9533433012 -0.6262803695 -0.6893028821 -0.9996665300 -0.8918264010 -0.6286276148 -0.4526538183 -0.8229821144 0.9118762707 -0.9927387704 -0.5472549280 -0.5539266442
-0.9364621761 -0.9958414072 -0.9594956819 -0.6543102854 -0.6741537439 -0.9999682455 -0.8854405124 -0.6565088903 -0.4283511927 -0.8147535912 0.9039907092 -0.9948819369 -0.5796891277 -0.5861620936
-0.9446581150 -0.9974157482 -0.9651948532 -0.6811319576 -0.6591180413 -1.0000000000 -0.8789862036 -0.6831873718 -0.4044692290 -0.8066175443 0.8958126503 -0.9966468932 -0.6107814012 -0.6170523608
-0.9522603836 -0.9986149539 -0.9704451184 -0.7067593052 -0.6441947888 -0.9997639741 -0.8724635936 -0.7086769032 -0.3810036636 -0.7985716386 0.8873467011 -0.9980374085 -0.6405473411 -0.6466131518
-0.9592754303 -0.9994428485 -0.9752507807 -0.7312062469 -0.6293830009 -0.9992623487 -0.8658728016 -0.7329913285 -0.3579502328 -0.7906135393 0.8785974687 -0.9990572520 -0.6690025400 -0.6748601725
-0.9657097039 -0.9999032559 -0.9796161434 -0.7544867015 -0.6146816920 -0.9984973043 -0.8592139468 -0.7561444916 -0.3353046732 -0.7827409115 0.8695695602 -0.9997101927 -0.6961625905 -0.7018091286
-0.9715696530 -1.0000000000 -0.9835455096 -0.7766145879 -0.6000898767 -0.9974710218 -0.8524871481 -0.7781502366 -0.3130627212 -0.7749514201 0.8602675827 -1.0000000000 -0.7220430851 -0.7274757261
-0.9768617263 -0.9997369049 -0.9870431826 -0.7976038248 -0.5856065695 -0.9961856820 -0.8456925249 -0.7990224073 -0.2912201133 -0.7672427303 0.8506961433 -0.9999304429 -0.7466596164 -0.7518756708
