0.1789974483 0.1308989258 0.0470520711 0.3374897017 0.5419510582 0.3787911717 -0.0032142723 0.3367862287 0.9587408104 0.9943273769 -0.8320727141 0.1151091764 0.3903155163 0.3868260829
0.1687807369 0.1238141159 0.0410331817 0.3258155483 0.5341210094 0.3678378986 -0.0064098292 0.3251328826 0.9630246724 0.9921826466 -0.8209365063 0.1082108915 0.3777240663 0.3741422033
0.1585851411 0.1167526144 0.0350518950 0.3141341625 0.5262335153 0.3568673826 -0.0095644201 0.3134723958 0.9670688351 0.9896913752 -0.8095179489 0.1013386408 0.3651169640 0.3614435922
0.1484225978 0.1097245204 0.0291177243 0.3024582557 0.5182988761 0.3458918812 -0.0126701840 0.3018174677 0.9708741802 0.9868521055 -0.7978242470 0.0945024215 0.3525074360 0.3487435335
0.1383050436 0.1027399331 0.0232401833 0.2908005394 0.5103273919 0.3349236519 -0.0157192599 0.2901807978 0.9744415895 0.9836633802 -0.7858626056 0.0877122308 0.3399087091 0.3360553111
0.1282444153 0.0958089514 0.0174287854 0.2791737250 0.5023293629 0.3239749523 -0.0187037867 0.2785750854 0.9777719446 0.9801237423 -0.7736402299 0.0809780661 0.3273340101 0.3233922088
0.1182526495 0.0889416745 0.0116930442 0.2675905239 0.4943150891 0.3130580398 -0.0216159034 0.2670130302 0.9808661274 0.9762317345 -0.7611643249 0.0743099247 0.3147965658 0.3107675106
0.1083416831 0.0821482014 0.0060424732 0.2560636476 0.4862948708 0.3021851719 -0.0244477490 0.2555073314 0.9837250195 0.9719858996 -0.7484420957 0.0677178037 0.3023096028 0.2981945003
0.0985234527 0.0754386313 0.0004865860 0.2446058074 0.4782790081 0.2913686061 -0.0271914625 0.2440706885 0.9863495027 0.9673847803 -0.7354807473 0.0612117005 0.2898863479 0.2856864619
0.0888098950 0.0688230632 -0.0049651039 0.2332297149 0.4702778011 0.2806205998 -0.0298391829 0.2327158010 0.9887404586 0.9624269195 -0.7222874849 0.0548016123 0.2775400279 0.2732566792
0.0792129469 0.0623115961 -0.0103030831 0.2219480814 0.4623015500 0.2699534107 -0.0323830491 0.2214553684 0.9908987691 0.9571108600 -0.7088695135 0.0484975365 0.2652838696 0.2609184361
0.0697445450 0.0559143292 -0.0155178378 0.2107736184 0.4543605548 0.2593792961 -0.0348152001 0.2103020900 0.9928253158 0.9514351445 -0.6952340381 0.0423094702 0.2531310997 0.2486850165
0.0604166260 0.0496413616 -0.0205998547 0.1997190372 0.4464651158 0.2489105136 -0.0371277749 0.1992686654 0.9945209804 0.9453983158 -0.6813882639 0.0362474108 0.2410949449 0.2365697043
0.0512411266 0.0435027922 -0.0255396201 0.1887970494 0.4386255331 0.2385593206 -0.0393129125 0.1883677939 0.9959866447 0.9389989167 -0.6673393959 0.0303213556 0.2291886320 0.2245857833
0.0422299837 0.0375087202 -0.0303276206 0.1780203662 0.4308521068 0.2283379747 -0.0413627518 0.1776121750 0.9972231904 0.9322354901 -0.6530946392 0.0245413018 0.2174253878 0.2127465375
0.0333951339 0.0316692448 -0.0349543426 0.1674016993 0.4231551371 0.2182587333 -0.0432694318 0.1670145082 0.9982314992 0.9251065787 -0.6386611989 0.0189172466 0.2058184389 0.2010652508
0.0247485139 0.0259944648 -0.0394102726 0.1569537600 0.4155449241 0.2083338539 -0.0450250915 0.1565874929 0.9990124528 0.9176107253 -0.6240462800 0.0134591875 0.1943810123 0.1895552070
0.0163020605 0.0204944795 -0.0436858970 0.1466892597 0.4080317679 0.1985755941 -0.0466218699 0.1463438286 0.9995669330 0.9097464727 -0.6092570876 0.0081771216 0.1831263345 0.1782296900
0.0080677103 0.0151793879 -0.0477717023 0.1366209098 0.4006259687 0.1889962113 -0.0480519060 0.1362962146 0.9998958215 0.9015123637 -0.5943008269 0.0030810462 0.1720676325 0.1671019837
0.0000574002 0.0100592891 -0.0516581750 0.1267614218 0.3933378266 0.1796079630 -0.0493073387 0.1264573504 1.0000000000 0.8929069410 -0.5791847028 -0.0018190415 0.1612181328 0.1561853721
