-0.6856659094 -0.5701598159 -0.6031328560 -0.6971740959 -0.3566361865 -0.5617043834 -0.4859742834 -0.6955065232 0.1202657401 0.4267863812 0.1348227194 -0.5817991399 -0.7140501316 -0.7142178779
-0.6909626024 -0.5731621103 -0.6045984275 -0.7037846768 -0.3613888124 -0.5677571822 -0.4863777305 -0.7020932680 0.1171509739 0.4145961156 0.1447562987 -0.5845756698 -0.7214089412 -0.7216422806
-0.6960351939 -0.5759735480 -0.6058786861 -0.7101603993 -0.3659709375 -0.5735994810 -0.4866209073 -0.7084455707 0.1141231928 0.4024410522 0.1545174572 -0.5871611276 -0.7285252021 -0.7288236593
-0.7008774429 -0.5785889265 -0.6069689836 -0.7162944976 -0.3703769524 -0.5792249034 -0.4866997276 -0.7145566768 0.1111867612 0.3903273715 0.1640988571 -0.5895503835 -0.7353918365 -0.7357549103
-0.7054831082 -0.5810030432 -0.6078646720 -0.7221802057 -0.3746012475 -0.5846270732 -0.4866101054 -0.7204198317 0.1083460436 0.3782612536 0.1734931604 -0.5917383076 -0.7420017663 -0.7424289301
-0.7098459490 -0.5832106953 -0.6085611032 -0.7278107579 -0.3786382133 -0.5897996142 -0.4863479547 -0.7260282811 0.1056054045 0.3662488788 0.1826930295 -0.5937197701 -0.7483479137 -0.7488386151
-0.7139597242 -0.5852066802 -0.6090536291 -0.7331793883 -0.3824822403 -0.5947361500 -0.4859091895 -0.7313752705 0.1029692083 0.3542964274 0.1916911264 -0.5954896412 -0.7544232007 -0.7549768616
-0.7178181928 -0.5869857954 -0.6093376018 -0.7382793310 -0.3861277189 -0.5994303045 -0.4852897236 -0.7364540454 0.1004418196 0.3424100798 0.2004801132 -0.5970427910 -0.7602205494 -0.7608365660
-0.7214151137 -0.5885428382 -0.6094083730 -0.7431038202 -0.3895690397 -0.6038757014 -0.4844854712 -0.7412578513 0.0980276028 0.3305960162 0.2090526522 -0.5983740897 -0.7657328819 -0.7664106248
-0.7247442461 -0.5898726059 -0.6092612948 -0.7476460899 -0.3928005931 -0.6080659644 -0.4834923461 -0.7457799337 0.0957309224 0.3188604169 0.2174014055 -0.5994784074 -0.7709531202 -0.7716919342
-0.7277993488 -0.5909698960 -0.6088917190 -0.7518993744 -0.3958167696 -0.6119947172 -0.4823062622 -0.7500135382 0.0935561429 0.3072094621 0.2255190352 -0.6003506144 -0.7758741864 -0.7766733907
-0.7305741809 -0.5918295058 -0.6082949976 -0.7558569078 -0.3986119597 -0.6156555836 -0.4809231336 -0.7539519103 0.0915076287 0.2956493323 0.2333982035 -0.6009855808 -0.7804890025 -0.7813478907
-0.7330625013 -0.5924462326 -0.6074664825 -0.7595119243 -0.4011805538 -0.6190421873 -0.4793388742 -0.7575882955 0.0895897443 0.2841862075 0.2410315725 -0.6013781767 -0.7847904907 -0.7857083305
-0.7352580691 -0.5928148740 -0.6064015256 -0.7628576579 -0.4035169425 -0.6221481521 -0.4775493980 -0.7609159394 0.0878068542 0.2728262683 0.2484118044 -0.6015232723 -0.7887715731 -0.7897476066
-0.7371546431 -0.5929302271 -0.6050954789 -0.7658873428 -0.4056155162 -0.6249671017 -0.4755506189 -0.7639280875 0.0861633229 0.2615756948 0.2555315614 -0.6014157378 -0.7924251716 -0.7934586153
-0.7387459825 -0.5927870895 -0.6035436943 -0.7685942132 -0.4074706654 -0.6274926599 -0.4733384509 -0.7666179852 0.0846635148 0.2504406672 0.2623835056 -0.6010504434 -0.7957442083 -0.7968342531
-0.7400258462 -0.5923802584 -0.6017415238 -0.7709715031 -0.4090767805 -0.6297184503 -0.4709088080 -0.7689788782 0.0833117944 0.2394273661 0.2689602991 -0.6004222591 -0.7987216054 -0.7998674162
-0.7409879932 -0.5917045312 -0.5996843191 -0.7730124469 -0.4104282521 -0.6316380968 -0.4682576040 -0.7710040120 0.0821125263 0.2285419715 0.2752546042 -0.5995260552 -0.8013502849 -0.8025510011
-0.7416261825 -0.5907547054 -0.5973674324 -0.7747102785 -0.4115194707 -0.6332452230 -0.4653807530 -0.7726866320 0.0810700747 0.2177906638 0.2812590829 -0.5983567019 -0.8036231688 -0.8048779043
-0.7419341731 -0.5895255783 -0.5947862154 -0.7760582321 -0.4123448266 -0.6345334527 -0.4622741690 -0.7740199839 0.0801888044 0.2071796232 0.2869663974 -0.5969090692 -0.8055331793 -0.8068410220
