0.9165240257 0.8137522868 0.7885948394 0.9146621621 0.8733679912 0.8760650738 0.7056361428 0.9139429962 0.3245207422 0.7847481668 -0.9303587936 0.8520517677 0.9131763957 0.9223968986
0.9234233417 0.8236403960 0.7987849541 0.9217975020 0.8817981268 0.8848373579 0.7171357955 0.9211049171 0.3304803219 0.7946376875 -0.9360039284 0.8608325320 0.9204224835 0.9292037356
0.9300303144 0.8332806687 0.8087451428 0.9286298183 0.8899773639 0.8933081933 0.7284387389 0.9279642892 0.3364474938 0.8043916836 -0.9414432697 0.8693571455 0.9273625519 0.9357049903
0.9363442405 0.8426712018 0.8184736948 0.9351579194 0.8979012542 0.9014751499 0.7395429068 0.9345199141 0.3424142877 0.8140023814 -0.9466722261 0.8776244014 0.9339952380 0.9418996509
0.9423644169 0.8518100924 0.8279688994 0.9413806141 0.9055653496 0.9093357974 0.7504462336 0.9407705935 0.3483727331 0.8234620074 -0.9516862064 0.8856330929 0.9403191791 0.9477867061
0.9480901404 0.8606954375 0.8372290459 0.9472967108 0.9129652020 0.9168877057 0.7611466534 0.9467151289 0.3543148598 0.8327627879 -0.9564806194 0.8933820135 0.9463330124 0.9533651442
0.9535207075 0.8693253342 0.8462524236 0.9529050182 0.9200963633 0.9241284446 0.7716421002 0.9523523220 0.3602326976 0.8418969492 -0.9610508737 0.9008699563 0.9520353752 0.9586339537
0.9586554152 0.8776978794 0.8550373217 0.9582043449 0.9269543852 0.9310555840 0.7819305082 0.9576809744 0.3661182762 0.8508567179 -0.9653923782 0.9080957146 0.9574249045 0.9635921231
0.9634935601 0.8858111703 0.8635820296 0.9631934994 0.9335348197 0.9376666936 0.7920098115 0.9626998877 0.3719636251 0.8596343202 -0.9695005416 0.9150580816 0.9625002377 0.9682386408
0.9680344391 0.8936633038 0.8718848365 0.9678712903 0.9398332186 0.9439593433 0.8018779444 0.9674078635 0.3777607742 0.8682219825 -0.9733707726 0.9217558506 0.9672600119 0.9725724953
0.9722773488 0.9012523770 0.8799440318 0.9722365263 0.9458451337 0.9499311030 0.8115328408 0.9718037036 0.3835017532 0.8766119313 -0.9769984799 0.9281878149 0.9717028644 0.9765926750
0.9762215861 0.9085764870 0.8877579047 0.9762880159 0.9515661170 0.9555795424 0.8209724350 0.9758862094 0.3891785918 0.8847963928 -0.9803790723 0.9343527678 0.9758274324 0.9802981684
0.9798664476 0.9156337307 0.8953247445 0.9800245677 0.9569917202 0.9609022314 0.8301946611 0.9796541826 0.3947833196 0.8927675935 -0.9835079586 0.9402495025 0.9796323530 0.9836879640
0.9832112302 0.9224222052 0.9026428406 0.9834449903 0.9621174952 0.9658967398 0.8391974532 0.9831064248 0.4003079664 0.9005177597 -0.9863805474 0.9458768122 0.9831162636 0.9867610502
0.9862552306 0.9289400075 0.9097104822 0.9865480923 0.9669389939 0.9705606375 0.8479787455 0.9862417376 0.4057445618 0.9080391179 -0.9889922475 0.9512334903 0.9862778012 0.9895164155
0.9889977456 0.9351852348 0.9165259587 0.9893326823 0.9714517682 0.9748914942 0.8565364721 0.9890589228 0.4110851357 0.9153238944 -0.9913384677 0.9563183299 0.9891156032 0.9919530484
0.9914380718 0.9411559839 0.9230875592 0.9917975688 0.9756513698 0.9788868798 0.8648685671 0.9915567818 0.4163217177 0.9223643156 -0.9934146167 0.9611301244 0.9916283067 0.9940699372
0.9935755062 0.9468503519 0.9293935731 0.9939415605 0.9795333506 0.9825443642 0.8729729646 0.9937341163 0.4214463375 0.9291526078 -0.9952161032 0.9656676671 0.9938145489 0.9958660705
0.9954093453 0.9522664360 0.9354422897 0.9957634660 0.9830932626 0.9858615171 0.8808475989 0.9955897280 0.4264510247 0.9356809975 -0.9967383360 0.9699297511 0.9956729671 0.9973404367
0.9969388861 0.9574023330 0.9412319983 0.9972620937 0.9863266575 0.9888359084 0.8884904039 0.9971224184 0.4313278093 0.9419417110 -0.9979767238 0.9739151698 0.9972021985 0.9984920243
