-0.5655662347 -0.7379692058 -0.7568750016 -0.4024140125 -0.7392375155 -0.6815317754 -0.7907516664 -0.4035985599 -0.4892900896 -0.6542425691 0.4247438398 -0.7365530352 -0.3677943931 -0.3667481764
-0.5783928840 -0.7527988941 -0.7712579993 -0.4128316925 -0.7569925705 -0.6961059223 -0.8075571838 -0.4140360795 -0.5092769880 -0.6733764344 0.4391871239 -0.7514896848 -0.3778101612 -0.3767616221
-0.5904859683 -0.7668294683 -0.7848140729 -0.4225619503 -0.7740379266 -0.7099147973 -0.8235818207 -0.4237859146 -0.5287988249 -0.6918934058 0.4530510505 -0.7656315781 -0.3871516796 -0.3861015201
-0.6018560422 -0.7800720270 -0.7975548639 -0.4316151986 -0.7903825641 -0.7229690309 -0.8388356120 -0.4328584773 -0.5478594833 -0.7097996825 0.4663433708 -0.7789897198 -0.3958292513 -0.3947781632
-0.6125136608 -0.7925376687 -0.8094920138 -0.4400018501 -0.8060354629 -0.7352792534 -0.8533285927 -0.4412641795 -0.5664628464 -0.7271014639 0.4790718362 -0.7915751144 -0.4038531796 -0.4028018441
-0.6224693788 -0.8042374921 -0.8206371642 -0.4477323174 -0.8210056034 -0.7468560950 -0.8670707978 -0.4490134332 -0.5846127972 -0.7438049491 0.4912441980 -0.8033987666 -0.4112337679 -0.4101828556
-0.6317337510 -0.8151825958 -0.8310019566 -0.4548170132 -0.8353019656 -0.7577101861 -0.8800722625 -0.4561166504 -0.6023132187 -0.7599163375 0.5028682076 -0.8144716809 -0.4179813192 -0.4169314907
-0.6403173323 -0.8253840782 -0.8405980326 -0.4612663502 -0.8489335297 -0.7678521570 -0.8923430217 -0.4625842431 -0.6195679940 -0.7754418284 0.5139516163 -0.8248048620 -0.4241061370 -0.4230580421
-0.6482306776 -0.8348530381 -0.8494370337 -0.4670907409 -0.8619092758 -0.7772926382 -0.9038931105 -0.4684266233 -0.6363810062 -0.7903876209 0.5245021754 -0.8344093144 -0.4296185243 -0.4285728025
-0.6554843417 -0.8436005740 -0.8575306015 -0.4723005982 -0.8742381840 -0.7860422598 -0.9147325638 -0.4736542030 -0.6527561383 -0.8047599143 0.5345276363 -0.8432960429 -0.4345287846 -0.4334860650
-0.6620888793 -0.8516377844 -0.8648903774 -0.4769063346 -0.8859292346 -0.7941116523 -0.9248714168 -0.4782773942 -0.6686972733 -0.8185649079 0.5440357504 -0.8514760519 -0.4388472210 -0.4378081222
-0.6680548455 -0.8589757681 -0.8715280031 -0.4809183628 -0.8969914076 -0.8015114459 -0.9343197045 -0.4823066088 -0.6842082944 -0.8318088010 0.5530342689 -0.8589603460 -0.4425841367 -0.4415492669
-0.6733927949 -0.8656256235 -0.8774551200 -0.4843470955 -0.9074336831 -0.8082522710 -0.9430874618 -0.4857522588 -0.6992930845 -0.8444977929 0.5615309433 -0.8657599300 -0.4457498351 -0.4447197920
-0.6781132824 -0.8715984493 -0.8826833698 -0.4872029453 -0.9172650414 -0.8143447579 -0.9511847239 -0.4886247563 -0.7139555268 -0.8566380827 0.5695335248 -0.8718858084 -0.4483546193 -0.4473299904
-0.6822268630 -0.8769053440 -0.8872243939 -0.4894963248 -0.9264944626 -0.8197995370 -0.9586215257 -0.4909345132 -0.7281995042 -0.8682358698 0.5770497648 -0.8773489857 -0.4504087926 -0.4493901547
-0.6857440913 -0.8815574062 -0.8910898339 -0.4912376469 -0.9351309268 -0.8246272385 -0.9654079023 -0.4926919415 -0.7420288999 -0.8792973534 0.5840874146 -0.8821604666 -0.4519226583 -0.4509105779
-0.6886755223 -0.8855657346 -0.8942913314 -0.4924373240 -0.9431834142 -0.8288384929 -0.9715538888 -0.4939074532 -0.7554475968 -0.8898287327 0.5906542256 -0.8863312558 -0.4529065196 -0.4519015527
-0.6910317107 -0.8889414277 -0.8968405278 -0.4931057689 -0.9506609048 -0.8324439304 -0.9770695201 -0.4945914603 -0.7684594781 -0.8998362072 0.5967579491 -0.8898723577 -0.4533706798 -0.4523733720
-0.6928232115 -0.8916955841 -0.8987490648 -0.4932533942 -0.9575723789 -0.8354541814 -0.9819648312 -0.4947543747 -0.7810684269 -0.9093259759 0.6024063365 -0.8927947771 -0.4533254420 -0.4523363286
-0.6940605795 -0.8938393024 -0.9000285838 -0.4928906126 -0.9639268166 -0.8378798761 -0.9862498573 -0.4944066085 -0.7932783260 -0.9183042382 0.6076071391 -0.8951095184 -0.4527811096 -0.4518007152
