0.6771369997 0.9393724234 0.4486277661 0.2389543785 0.9941832865 0.9129945075 0.7236789848 0.2373296681 0.9902710121 0.9987580738 -0.9978821174 0.9296351573 0.2619694200 0.2706738186
0.6783711767 0.9444336684 0.4672161720 0.2432347536 0.9925773598 0.9137710548 0.7367118298 0.2416115204 0.9880456699 0.9993491464 -0.9986618653 0.9350894215 0.2646358409 0.2736285537
0.6794967369 0.9493239715 0.4857274181 0.2474907383 0.9907658066 0.9143947431 0.7495498923 0.2458692855 0.9855845024 0.9997564259 -0.9992688361 0.9403798714 0.2672721022 0.2765517788
0.6805078863 0.9540359937 0.5041467590 0.2517146899 0.9887455282 0.9148601173 0.7621833475 0.2500953193 0.9828856123 0.9999750109 -0.9996977213 0.9454988061 0.2698714653 0.2794365985
0.6813988312 0.9585623961 0.5224594494 0.2558989656 0.9865134257 0.9151617227 0.7746023707 0.2542819776 0.9799471023 1.0000000000 -0.9999432121 0.9504385249 0.2724271919 0.2822761174
0.6821637779 0.9628958399 0.5406507440 0.2600359226 0.9840664005 0.9152941045 0.7867971374 0.2584216162 0.9767670754 0.9998264922 -1.0000000000 0.9551913268 0.2749325437 0.2850634403
0.6827969324 0.9670289861 0.5587058974 0.2641179184 0.9814013537 0.9152518077 0.7987578227 0.2625065912 0.9733436341 0.9994495858 -0.9998627763 0.9597495111 0.2773807823 0.2877916719
0.6832925011 0.9709544957 0.5766101644 0.2681373102 0.9785151865 0.9150293774 0.8104746018 0.2665292583 0.9696748812 0.9988643797 -0.9995262325 0.9641053767 0.2797651693 0.2904539168
0.6836446900 0.9746650299 0.5943487996 0.2720864551 0.9754048002 0.9146213590 0.8219376502 0.2704819735 0.9657589196 0.9980659724 -0.9989850598 0.9682512230 0.2820789662 0.2930432798
0.6838477054 0.9781532497 0.6119070577 0.2759577107 0.9720670960 0.9140222974 0.8331371431 0.2743570926 0.9615938518 0.9970494626 -0.9982339496 0.9721793489 0.2843154349 0.2955528655
0.6838957534 0.9814118162 0.6292701933 0.2797434340 0.9684989751 0.9132267378 0.8440632558 0.2781469714 0.9571777807 0.9958099490 -0.9972675934 0.9758820537 0.2864678368 0.2979757785
0.6837830404 0.9844333905 0.6464234612 0.2834359824 0.9646973388 0.9122292254 0.8547061636 0.2818439659 0.9525088091 0.9943425302 -0.9960806824 0.9793516365 0.2885294335 0.3003051237
0.6835037724 0.9872106337 0.6633521160 0.2870277132 0.9606590883 0.9110243053 0.8650560418 0.2854404320 0.9475850396 0.9926423050 -0.9946679080 0.9825803964 0.2904934868 0.3025340056
0.6830521557 0.9897362068 0.6800414124 0.2905109836 0.9563811247 0.9096065227 0.8751030656 0.2889287254 0.9424045750 0.9907043719 -0.9930239617 0.9855606326 0.2923532583 0.3046555289
0.6824223964 0.9920027710 0.6964766051 0.2938781510 0.9518603494 0.9079704227 0.8848374105 0.2923012022 0.9369655181 0.9885238297 -0.9911435347 0.9882846442 0.2941020095 0.3066627984
0.6816087009 0.9940029873 0.7126429487 0.2971215726 0.9470936636 0.9061105504 0.8942492516 0.2955502181 0.9312659717 0.9860957770 -0.9890213185 0.9907447303 0.2957330021 0.3085489187
0.6806052751 0.9957295168 0.7285256980 0.3002336056 0.9420779684 0.9040214510 0.9033287643 0.2986681290 0.9253040383 0.9834153125 -0.9866520044 0.9929331902 0.2972394976 0.3103069946
0.6794063255 0.9971750205 0.7441101076 0.3032066075 0.9368101652 0.9016976697 0.9120661239 0.3016472909 0.9190778209 0.9804775348 -0.9840302837 0.9948423228 0.2986147579 0.3119301306
0.6780060580 0.9983321597 0.7593814322 0.3060329354 0.9312871550 0.8991337515 0.9204515056 0.3044800596 0.9125854222 0.9772775426 -0.9811508479 0.9964644275 0.2998520443 0.3134114315
0.6763986791 0.9991935952 0.7743249265 0.3087049467 0.9255058392 0.8963242417 0.9284750847 0.3071587909 0.9058249448 0.9738104345 -0.9780083883 0.9977918032 0.3009446187 0.3147440019
