-0.9498106694 -0.9698832992 -0.9910013737 -0.9619113116 -0.9852301044 -0.9762094737 -0.9895817528 -0.9630121768 -0.9963141766 -0.9999637380 0.8959880332 -0.9725636438 -0.9588399225 -0.9559070988
-0.9402208544 -0.9624561115 -0.9868932489 -0.9536597808 -0.9801608223 -0.9695022980 -0.9852006913 -0.9548920421 -0.9936889885 -1.0000000000 0.8957085130 -0.9654735551 -0.9502409600 -0.9470060045
-0.9298986371 -0.9542868879 -0.9820574779 -0.9446913691 -0.9744023780 -0.9620262859 -0.9800970325 -0.9460564867 -0.9903966754 -0.9995415153 0.8948448711 -0.9576402967 -0.9409232050 -0.9373859528
-0.9188686844 -0.9453971907 -0.9765119840 -0.9350298064 -0.9679757248 -0.9538008693 -0.9742892939 -0.9365291437 -0.9864559364 -0.9985927416 0.8934139574 -0.9490849539 -0.9309107301 -0.9270713773
-0.9071556631 -0.9358085827 -0.9702746900 -0.9246988228 -0.9609018162 -0.9448454801 -0.9677959926 -0.9263336461 -0.9818854707 -0.9971581366 0.8914326221 -0.9398286123 -0.9202276077 -0.9160867114
-0.8947842399 -0.9255426262 -0.9633635191 -0.9137221482 -0.9532016055 -0.9351795504 -0.9606356458 -0.9154936270 -0.9767039773 -0.9952421578 0.8889177150 -0.9298923570 -0.9088979106 -0.9044563888
-0.8817790818 -0.9146208839 -0.9557963943 -0.9021235127 -0.9448960460 -0.9248225119 -0.9528267708 -0.9040327194 -0.9709301554 -0.9928492630 0.8858860862 -0.9192972736 -0.8969457111 -0.8922048430
-0.8681648555 -0.9030649182 -0.9475912387 -0.8899266461 -0.9360060912 -0.9137937967 -0.9443878848 -0.8919745565 -0.9645827040 -0.9899839098 0.8823545858 -0.9080644474 -0.8843950819 -0.8793565076
-0.8539662278 -0.8908962918 -0.9387659752 -0.8771552786 -0.9265526945 -0.9021128368 -0.9353375051 -0.8793427713 -0.9576803223 -0.9866505560 0.8783400637 -0.8962149637 -0.8712700955 -0.8659358162
-0.8392078655 -0.8781365670 -0.9293385270 -0.8638331401 -0.9165568092 -0.8897990640 -0.9256941488 -0.8661609968 -0.9502417093 -0.9828536591 0.8738593699 -0.8837699079 -0.8575948244 -0.8519672022
-0.8239144354 -0.8648073066 -0.9193268172 -0.8499839605 -0.9060393887 -0.8768719104 -0.9154763332 -0.8524528662 -0.9422855643 -0.9785976768 0.8689293545 -0.8707503655 -0.8433933413 -0.8374750993
-0.8081106044 -0.8509300730 -0.9087487686 -0.8356314699 -0.8950213865 -0.8633508077 -0.9047025756 -0.8382420125 -0.9338305862 -0.9738870669 0.8635668674 -0.8571774217 -0.8286897186 -0.8224839409
-0.7918210392 -0.8365264287 -0.8976223045 -0.8207993983 -0.8835237558 -0.8492551881 -0.8933913932 -0.8235520688 -0.9248954743 -0.9687262870 0.8577887587 -0.8430721620 -0.8135080288 -0.8070181608
-0.7750704067 -0.8216179363 -0.8859653478 -0.8055114756 -0.8715674501 -0.8346044834 -0.8815613032 -0.8084066682 -0.9154989275 -0.9631197947 0.8516118783 -0.8284556718 -0.7978723446 -0.7911021924
-0.7578833736 -0.8062261583 -0.8737958216 -0.7897914318 -0.8591734227 -0.8194181256 -0.8692308228 -0.7928294436 -0.9056596451 -0.9570720477 0.8450530763 -0.8133490363 -0.7818067385 -0.7747604692
-0.7402846068 -0.7903726573 -0.8611316489 -0.7736629970 -0.8463626271 -0.8037155466 -0.8564184693 -0.7768440283 -0.8953963261 -0.9505875037 0.8381292027 -0.7977733410 -0.7653352831 -0.7580174250
-0.7222987730 -0.7740789958 -0.8479907528 -0.7571499010 -0.8331560165 -0.7875161784 -0.8431427599 -0.7604740552 -0.8847276696 -0.9436706203 0.8308571075 -0.7817496712 -0.7484820508 -0.7408974931
-0.7039505391 -0.7573667362 -0.8343910563 -0.7402758739 -0.8195745445 -0.7708394529 -0.8294222118 -0.7437431575 -0.8736723748 -0.9363258552 0.8232536408 -0.7652991124 -0.7312711143 -0.7234251072
-0.6852645720 -0.7402574413 -0.8203504825 -0.7230646457 -0.8056391644 -0.7537048021 -0.8152753423 -0.7266749681 -0.8622491408 -0.9285576662 0.8153356524 -0.7484427499 -0.7137265460 -0.7056247008
-0.6662655383 -0.7227726734 -0.8058869545 -0.7055399464 -0.7913708296 -0.7361316578 -0.8007206687 -0.7092931202 -0.8504766666 -0.9203705108 0.8071199924 -0.7312016691 -0.6958724186 -0.6875207075
