0.5170298333 0.1658932373 0.1827973786 0.6190738302 -0.2283583419 0.1837985557 -0.3803539381 0.6187395720 -0.4151135751 0.0574921493 0.0662660968 0.2085144037 0.6450004195 0.6621020167
0.5443674230 0.1929233134 0.2083528202 0.6451894816 -0.2058898498 0.2130710815 -0.3559528276 0.6448462041 -0.3995096489 0.0729989475 0.0444452907 0.2356914779 0.6707974763 0.6876303700
0.5708158500 0.2195269461 0.2334239567 0.6702463333 -0.1829958411 0.2419360393 -0.3313689225 0.6698947884 -0.3829781177 0.0890055640 0.0223240980 0.2623917326 0.6954881299 0.7120200673
0.5963833075 0.2457031742 0.2580143945 0.6942585527 -0.1597019558 0.2703858700 -0.3066164005 0.6938995511 -0.3655540810 0.1054864897 -0.0000748435 0.2886152780 0.7190877291 0.7352874442
0.6210779888 0.2714510366 0.2821277402 0.7172403074 -0.1360338339 0.2984130149 -0.2817094394 0.7168747184 -0.3472726379 0.1224162154 -0.0227288961 0.3143622240 0.7416116229 0.7574488367
0.6449080873 0.2967695719 0.3057676005 0.7392057648 -0.1120171154 0.3260099150 -0.2566622168 0.7388345167 -0.3281688878 0.1397692319 -0.0456154218 0.3396326809 0.7630751600 0.7785205806
0.6678817960 0.3216578190 0.3289375818 0.7601690924 -0.0876774404 0.3531690116 -0.2314889106 0.7597931722 -0.3082779301 0.1575200302 -0.0687117829 0.3644267588 0.7834936893 0.7985190115
0.6900073085 0.3461148167 0.3516412907 0.7801444577 -0.0630404488 0.3798827456 -0.2062036983 0.7797649111 -0.2876348640 0.1756431010 -0.0919953414 0.3887445678 0.8028825596 0.8174604654
0.7112928178 0.3701396036 0.3738823337 0.7991460283 -0.0381317807 0.4061435583 -0.1808207577 0.7987639599 -0.2662747888 0.1941129353 -0.1154434596 0.4125862180 0.8212571196 0.8353612780
0.7317465173 0.3937312187 0.3956643175 0.8171879715 -0.0129770761 0.4319438908 -0.1553542666 0.8168045446 -0.2442328040 0.2129040237 -0.1390334997 0.4359518196 0.8386327184 0.8522377852
0.7513766002 0.4168887006 0.4169908485 0.8342844548 0.0123980250 0.4572761842 -0.1298184026 0.8339008916 -0.2215440087 0.2319908573 -0.1627428237 0.4588414826 0.8550247045 0.8681063226
0.7701912599 0.4396110881 0.4378655333 0.8504496458 0.0379678826 0.4821328796 -0.1042273435 0.8500672273 -0.1982435024 0.2513479268 -0.1865487940 0.4812553173 0.8704484270 0.8829832263
0.7881986896 0.4618974201 0.4582919785 0.8656977120 0.0637068567 0.5065064182 -0.0785952670 0.8653177777 -0.1743663843 0.2709497232 -0.2104287725 0.5031934336 0.8849192346 0.8968848318
0.8054070825 0.4837467352 0.4782737906 0.8800428207 0.0895893073 0.5303892410 -0.0529363508 0.8796667693 -0.1499477538 0.2907707372 -0.2343601215 0.5246559418 0.8984524762 0.9098274751
0.8218246320 0.5051580724 0.4978145762 0.8934991396 0.1155895943 0.5537737893 -0.0272647726 0.8931284283 -0.1250227101 0.3107854596 -0.2583202032 0.5456429520 0.9110635005 0.9218274920
0.8374595313 0.5261304702 0.5169179418 0.9060808360 0.1416820777 0.5766525041 -0.0015947102 0.9057169809 -0.0996263527 0.3309683815 -0.2822863798 0.5661545742 0.9227676564 0.9329012182
0.8523199737 0.5466629676 0.5355874940 0.9178020776 0.1678411175 0.5990178266 0.0240596587 0.9174466535 -0.0737937808 0.3512939935 -0.3062360133 0.5861909187 0.9335802928 0.9430649895
0.8664141524 0.5667546033 0.5538268393 0.9286770317 0.1940410737 0.6208621979 0.0496841565 0.9283316723 -0.0475600937 0.3717367866 -0.3301464660 0.6057520955 0.9435167584 0.9523351419
0.8797502607 0.5864044161 0.5716395843 0.9387198658 0.2202563064 0.6421780590 0.0752646053 0.9383862635 -0.0209603908 0.3922712515 -0.3539951000 0.6248382147 0.9525924020 0.9607280109
0.8923364920 0.6056114447 0.5890293355 0.9479447475 0.2464611753 0.6629578513 0.1007868276 0.9476246535 0.0059702287 0.4128718792 -0.3777592775 0.6434493865 0.9608225726 0.9682599326
