-0.6399522304 -0.7345766412 -0.7772758062 -0.2976205111 -0.6704643521 -0.6661911118 -0.7448048759 -0.2988232924 -0.6507565142 -0.5476775303 0.5831000660 -0.7383586323 -0.1795835614 -0.1648277786
-0.5934330221 -0.6876354326 -0.7382098859 -0.2612299948 -0.6112665770 -0.6071203896 -0.6991478824 -0.2625217453 -0.5873177436 -0.4654622659 0.5079031858 -0.6921229358 -0.1457358130 -0.1322769542
-0.5490636068 -0.6426691514 -0.7009024203 -0.2267931914 -0.5542317876 -0.5505245525 -0.6552229721 -0.2281702932 -0.5259496442 -0.3859167991 0.4353483773 -0.6478455220 -0.1138070045 -0.1016068694
-0.5068091433 -0.5996465575 -0.6653243301 -0.1942771098 -0.4993284986 -0.4963655436 -0.6130036047 -0.1957359924 -0.4666239426 -0.3090068676 0.3653989417 -0.6054952869 -0.0837643705 -0.0727852121
-0.4666347898 -0.5585364107 -0.6314465362 -0.1636487585 -0.4465252246 -0.4446053057 -0.5724632400 -0.1651858993 -0.4093123654 -0.2346982089 0.2980181802 -0.5650411262 -0.0555751456 -0.0457796700
-0.4285057051 -0.5193074709 -0.5992399592 -0.1348751465 -0.3957904804 -0.3952057817 -0.5335753377 -0.1364870701 -0.3539866393 -0.1629565606 0.2331693941 -0.5264519359 -0.0292065643 -0.0205579307
-0.3923870477 -0.4819284980 -0.5686755200 -0.1079232825 -0.3470927806 -0.3481289145 -0.4963133577 -0.1096065613 -0.3006184910 -0.0937476604 0.1708158845 -0.4896966119 -0.0046258611 0.0029123179
-0.3582439760 -0.4463682517 -0.5397241394 -0.0827601752 -0.3004006399 -0.3033366470 -0.4606507596 -0.0845114290 -0.2491796471 -0.0270372459 0.1109209528 -0.4547440500 0.0181997293 0.0246633882
-0.3260416486 -0.4125954920 -0.5123567380 -0.0593528334 -0.2556825729 -0.2607909220 -0.4265610031 -0.0611687297 -0.1996418344 0.0372089452 0.0534479001 -0.4215631461 0.0393029724 0.0447275924
-0.2957452240 -0.3805789787 -0.4865442368 -0.0376682659 -0.2129070944 -0.2204536826 -0.3940175482 -0.0395455197 -0.1519767794 0.0990251755 -0.0016399724 -0.3901227961 0.0587166337 0.0631372429
-0.2673198609 -0.3502874717 -0.4622575564 -0.0176734815 -0.1720427190 -0.1822868715 -0.3629938544 -0.0196088553 -0.1061562089 0.1584457072 -0.0543793634 -0.3603918959 0.0764734785 0.0799246518
-0.2407307176 -0.3216897309 -0.4394676177 0.0006645112 -0.1330579614 -0.1462524317 -0.3334633816 -0.0013257928 -0.0621518495 0.2155048028 -0.1048069718 -0.3323393413 0.0926062723 0.0951221315
-0.2159429528 -0.2947545160 -0.4181453415 0.0173787033 -0.0959213362 -0.1123123060 -0.3053995895 0.0153366115 -0.0199354279 0.2702367245 -0.1529594962 -0.3059340283 0.1071477806 0.1087619943
-0.1929217250 -0.2694505870 -0.3982616484 0.0325020860 -0.0606013582 -0.0804284374 -0.2787759378 0.0304113012 0.0205213293 0.3226757349 -0.1988736355 -0.2811448526 0.1201307688 0.1208765523
-0.1716321927 -0.2457467037 -0.3797874594 0.0460676507 -0.0270665419 -0.0505627688 -0.2535658863 0.0439312201 0.0592466953 0.3728560963 -0.2425860885 -0.2579407103 0.1315880024 0.1314981180
-0.1520395144 -0.2236116260 -0.3626936951 0.0581083885 0.0047145979 -0.0226772429 -0.2297428948 0.0559293117 0.0962689436 0.4208120711 -0.2841335539 -0.2362904971 0.1415522467 0.1406590035
-0.1341088487 -0.2030141137 -0.3469512763 0.0686572907 0.0347735465 0.0032661971 -0.2072804230 0.0664385197 0.1316163474 0.4665779217 -0.3235527306 -0.2161631090 0.1500562672 0.1483915211
-0.1178053541 -0.1839229267 -0.3325311239 0.0777473485 0.0631417893 0.0273056086 -0.1861519307 0.0754917879 0.1653171801 0.5101879104 -0.3608803172 -0.1975274418 0.1571328294 0.1547279832
-0.1030941892 -0.1663068249 -0.3194041586 0.0854115532 0.0898508116 0.0494790485 -0.1663308776 0.0831220599 0.1973997150 0.5516762996 -0.3961530127 -0.1803523914 0.1628146986 0.1597007020
-0.0899405125 -0.1501345681 -0.3075413012 0.0916828959 0.1149320987 0.0698245740 -0.1477907234 0.0893622794 0.2278922255 0.5910773517 -0.4294075157 -0.1646068538 0.1671346404 0.1633419897
