0.1110149852 0.0120664000 -0.1462572174 0.0636070782 0.6837217283 0.2536080404 0.0322642017 0.0621825794 0.5184568942 0.5551787076 -0.6439939361 0.1165753930 0.0707858379 0.0648794962
0.1183022951 0.0194532878 -0.1371754284 0.0711837293 0.6685792242 0.2567702063 0.0320011621 0.0697544958 0.4929354450 0.5344729610 -0.6299763232 0.1236184050 0.0782416588 0.0724383967
0.1256345071 0.0269115568 -0.1279755075 0.0788186587 0.6531756694 0.2599277516 0.0317823224 0.0773850542 0.4670880040 0.5134744654 -0.6157586834 0.1307041500 0.0857535128 0.0800551880
0.1329971445 0.0344265225 -0.1186736667 0.0864971021 0.6375177135 0.2630695982 0.0315989795 0.0850594920 0.4409418138 0.4921958796 -0.6013452130 0.1378183485 0.0933067391 0.0877151213
0.1403757306 0.0419835005 -0.1092861179 0.0942042952 0.6216120061 0.2661846680 0.0314424305 0.0927630468 0.4145241169 0.4706498627 -0.5867401079 0.1449467214 0.1008866766 0.0954034477
0.1477557887 0.0495678066 -0.0998290730 0.1019254738 0.6054651968 0.2692618827 0.0313039724 0.1004809559 0.3878621560 0.4488490735 -0.5719475643 0.1520749894 0.1084786648 0.1031054185
0.1551228419 0.0571647563 -0.0903187439 0.1096458734 0.5890839353 0.2722901643 0.0311749020 0.1081984570 0.3609831736 0.4268061710 -0.5569717782 0.1591888732 0.1160680428 0.1108062849
0.1624624136 0.0647596652 -0.0807713425 0.1173507298 0.5724748710 0.2752584346 0.0310465164 0.1159007876 0.3339144123 0.4045338137 -0.5418169457 0.1662740936 0.1236401496 0.1184912980
0.1697600271 0.0723378490 -0.0712030808 0.1250252787 0.5556446540 0.2781556155 0.0309101127 0.1235731851 0.3066831148 0.3820446615 -0.5264872627 0.1733163713 0.1311803247 0.1261457090
0.1770012055 0.0798846233 -0.0616301706 0.1326547558 0.5385999335 0.2809706287 0.0307569878 0.1312008870 0.2793165234 0.3593513723 -0.5109869255 0.1803014271 0.1386739070 0.1337547690
0.1841714723 0.0873853038 -0.0520688239 0.1402243967 0.5213473592 0.2836923961 0.0305784385 0.1387691309 0.2518418810 0.3364666055 -0.4953201301 0.1872149816 0.1461062359 0.1413037294
0.1912563505 0.0948252060 -0.0425352525 0.1477194371 0.5038935808 0.2863098396 0.0303657621 0.1462631543 0.2242864299 0.3134030198 -0.4794910726 0.1940427557 0.1534626505 0.1487778412
0.1982413635 0.1021896456 -0.0330456684 0.1551251129 0.4862452480 0.2888118809 0.0301102553 0.1536681946 0.1966774129 0.2901732742 -0.4635039490 0.2007704700 0.1607284900 0.1561623557
0.2051120346 0.1094639383 -0.0236162834 0.1624266595 0.4684090102 0.2911874420 0.0298032153 0.1609694894 0.1690420724 0.2667900277 -0.4473629553 0.2073838454 0.1678890936 0.1634425239
0.2118538869 0.1166333996 -0.0142633096 0.1696093128 0.4503915172 0.2934254447 0.0294359389 0.1681522762 0.1414076511 0.2432659391 -0.4310722877 0.2138686025 0.1749298004 0.1706035972
0.2184524439 0.1236833451 -0.0050029587 0.1766583084 0.4321994186 0.2955148109 0.0289997233 0.1752017924 0.1138013916 0.2196136674 -0.4146361422 0.2202104621 0.1818359498 0.1776308267
0.2248932287 0.1305990905 0.0041485572 0.1835588821 0.4138393640 0.2974444623 0.0284858653 0.1821032756 0.0862505364 0.1958458715 -0.3980587150 0.2263951449 0.1885928807 0.1845094635
0.2311617646 0.1373659515 0.0131750264 0.1902962694 0.3953180029 0.2992033208 0.0278856619 0.1888419633 0.0587823281 0.1719752102 -0.3813442019 0.2324083717 0.1951859325 0.1912247589
0.2372435748 0.1439692436 0.0220602368 0.1968557061 0.3766419852 0.3007803082 0.0271904102 0.1954030930 0.0314240093 0.1480143425 -0.3644967992 0.2382358631 0.2016004444 0.1977619641
0.2431241827 0.1503942826 0.0307879766 0.2032224280 0.3578179603 0.3021643465 0.0263914071 0.2017719022 0.0042028226 0.1239759273 -0.3475207030 0.2438633401 0.2078217554 0.2041063301
