0.6340194209 0.9801440254 0.9320486703 0.3259208396 0.8254329781 0.8349698115 0.9953873404 0.3244868251 0.7926803374 0.9022003803 -0.9108058211 0.9847234670 0.2989133206 0.3153955793
0.6289041309 0.9760950246 0.9408542811 0.3256299320 0.8157100120 0.8281492583 0.9973140897 0.3242064008 0.7819675482 0.8944790102 -0.9034236221 0.9811160479 0.2972723957 0.3139219155
0.6234948223 0.9716402364 0.9491108817 0.3250700671 0.8056822586 0.8210012906 0.9987316659 0.3236572774 0.7709582217 0.8864170041 -0.8956987697 0.9770983870 0.2953856830 0.3121960916
0.6177857013 0.9667723220 0.9568037269 0.3242336020 0.7953466192 0.8135204535 0.9996302442 0.3228318106 0.7596504605 0.8780094608 -0.8876259555 0.9726627835 0.2932464441 0.3102112121
0.6117709741 0.9614839424 0.9639180713 0.3231128940 0.7846999949 0.8057012921 1.0000000000 0.3217223564 0.7480423674 0.8692514790 -0.8791998707 0.9678015364 0.2908479408 0.3079603819
0.6054448468 0.9557677587 0.9704391696 0.3217003004 0.7737392871 0.7975383517 0.9998311085 0.3203212707 0.7361320452 0.8601381573 -0.8704152068 0.9625069449 0.2881834345 0.3054367055
0.5988015258 0.9496164320 0.9763522764 0.3199881784 0.7624613969 0.7890261773 0.9991137451 0.3186209092 0.7239175966 0.8506645943 -0.8612666551 0.9567713082 0.2852461869 0.3026332877
0.5918352171 0.9430226233 0.9816426464 0.3179688855 0.7508632256 0.7801593141 0.9978380849 0.3166136280 0.7113971244 0.8408258888 -0.8517489069 0.9505869254 0.2820294597 0.2995432332
0.5845401270 0.9359789938 0.9862955343 0.3156347787 0.7389416744 0.7709323073 0.9959943034 0.3142917828 0.6985687313 0.8306171393 -0.8418566536 0.9439460956 0.2785265145 0.2961596466
0.5769104617 0.9284782044 0.9902961949 0.3129782155 0.7266936445 0.7613397020 0.9935725758 0.3116477296 0.6854305201 0.8200334446 -0.8315845867 0.9368411180 0.2747306128 0.2924756327
0.5689404274 0.9205129164 0.9936298826 0.3099915531 0.7141160371 0.7513760432 0.9905630775 0.3086738242 0.6719805934 0.8090699033 -0.8209273974 0.9292642918 0.2706350164 0.2884842960
0.5606242302 0.9120757908 0.9962818524 0.3066671488 0.7012057535 0.7410358763 0.9869559836 0.3053624225 0.6582170541 0.7977216141 -0.8098797771 0.9212079160 0.2662329868 0.2841787414
0.5519560764 0.9031594886 0.9982373587 0.3029973598 0.6879596949 0.7303137463 0.9827414695 0.3017058804 0.6441380049 0.7859836757 -0.7984364173 0.9126642897 0.2615177857 0.2795520734
0.5429301722 0.8937566710 0.9994816564 0.2989745435 0.6743747625 0.7192041983 0.9779097105 0.2976965537 0.6297415485 0.7738511866 -0.7865920092 0.9036257123 0.2564826746 0.2745973968
0.5335407237 0.8838599989 1.0000000000 0.2945910571 0.6604478575 0.7077017776 0.9724508820 0.2933267984 0.6150257878 0.7613192456 -0.7743412442 0.8940844826 0.2511209153 0.2693078162
0.5237819372 0.8734621336 0.9997776443 0.2898392579 0.6461758812 0.6958010292 0.9663551590 0.2885889703 0.5999888254 0.7483829514 -0.7616788138 0.8840329001 0.2454257693 0.2636764364
0.5136480189 0.8625557361 0.9987998439 0.2847115032 0.6315557348 0.6834964983 0.9596127171 0.2834754252 0.5846287640 0.7350374026 -0.7485994092 0.8734632636 0.2393904982 0.2576963620
0.5031331748 0.8511334674 0.9970518535 0.2792001502 0.6165843196 0.6707827300 0.9522137314 0.2779785191 0.5689437066 0.7212776978 -0.7350977219 0.8623678725 0.2330083638 0.2513606977
0.4922316114 0.8391879886 0.9945189278 0.2732975564 0.6012585366 0.6576542695 0.9441483773 0.2720906079 0.5529317556 0.7070989357 -0.7211684431 0.8507390258 0.2262726275 0.2446625483
0.4809375347 0.8267119609 0.9911863215 0.2669960788 0.5855752873 0.6441056620 0.9354068301 0.2658040473 0.5365910141 0.6924962151 -0.7068062644 0.8385690226 0.2191765511 0.2375950182
