0.0076327836 -0.1211712439 -0.1921230188 0.1222650740 0.0700519120 0.1136626500 -0.3110120134 0.1212550698 -0.2386792145 0.1721630928 -0.1700753358 -0.1340360829 0.1755564610 0.1773852080
0.0344018076 -0.0973997171 -0.1703262645 0.1523545349 0.1001899379 0.1438030803 -0.2920151385 0.1513191849 -0.2123626273 0.1930202933 -0.2048715342 -0.1106259289 0.2070718843 0.2089196477
0.0602370092 -0.0744128081 -0.1492529902 0.1814198493 0.1294465075 0.1729456684 -0.2736061793 0.1803602037 -0.1863562772 0.2136475294 -0.2388089771 -0.0879895228 0.2375135149 0.2393766447
0.0851503252 -0.0522004178 -0.1288936826 0.2094737285 0.1578319206 0.2011026718 -0.2557772749 0.2083908256 -0.1606592825 0.2340433438 -0.2718948696 -0.0661168673 0.2668945795 0.2687694831
0.1091536924 -0.0307524472 -0.1092388280 0.2365288840 0.1853564776 0.2282863479 -0.2385205641 0.2354237500 -0.1352707615 0.2542062795 -0.3041364167 -0.0449979650 0.2952283050 0.2971114467
0.1322590473 -0.0100587971 -0.0902789129 0.2625980273 0.2120304786 0.2545089543 -0.2218281861 0.2614716764 -0.1101898325 0.2741348791 -0.3355408236 -0.0246228187 0.3225279181 0.3244158193
0.1544783268 0.0098906315 -0.0720044238 0.2876938697 0.2378642236 0.2797827483 -0.2056922798 0.2865473042 -0.0854156137 0.2938276855 -0.3661152952 -0.0049814312 0.3488066455 0.3506958849
0.1758234676 0.0291059377 -0.0544058471 0.3118291227 0.2628680129 0.3041199876 -0.1901049841 0.3106633329 -0.0609472234 0.3132832414 -0.3958670368 0.0139361949 0.3740777140 0.3759649274
0.1963064064 0.0475972205 -0.0374736693 0.3350164977 0.2870521465 0.3275329297 -0.1750584381 0.3338324619 -0.0367837799 0.3325000897 -0.4248032533 0.0321400569 0.3983543503 0.4002362306
0.2159390799 0.0653745791 -0.0211983769 0.3572687062 0.3104269247 0.3500338319 -0.1605447806 0.3560673907 -0.0129244014 0.3514767731 -0.4529311498 0.0496401519 0.4216497812 0.4235230784
0.2347334249 0.0824481126 -0.0055704564 0.3785984595 0.3330026475 0.3716349518 -0.1465561508 0.3773808187 0.0106317937 0.3702118345 -0.4802579314 0.0664464773 0.4439772334 0.4458387547
0.2527013781 0.0988279199 0.0094196058 0.3990184691 0.3547896151 0.3923485470 -0.1330846875 0.3977854453 0.0338856872 0.3887038166 -0.5067908032 0.0825690304 0.4653499337 0.4671965435
0.2698548762 0.1145241003 0.0237813232 0.4185414465 0.3757981276 0.4121868748 -0.1201225297 0.4172939700 0.0568381607 0.4069512622 -0.5325369702 0.0980178084 0.4857811089 0.4876097285
0.2862058559 0.1295467527 0.0375242094 0.4371801030 0.3960384852 0.4311621928 -0.1076618165 0.4359190923 0.0794900962 0.4249527141 -0.5575036376 0.1128028086 0.5052839857 0.5070915937
0.3017662540 0.1439059762 0.0506577779 0.4549471501 0.4155209880 0.4492867585 -0.0956946868 0.4536735116 0.1018423751 0.4427067151 -0.5816980103 0.1269340282 0.5238717908 0.5256554230
0.3165480071 0.1576118700 0.0631915422 0.4718552992 0.4342559361 0.4665728293 -0.0842132796 0.4705699273 0.1238958794 0.4602118080 -0.6051272935 0.1404214646 0.5415577511 0.5433145003
0.3305630521 0.1706745331 0.0751350159 0.4879172617 0.4522536298 0.4830326628 -0.0732097338 0.4866210389 0.1456514906 0.4774665356 -0.6277986923 0.1532751150 0.5583550932 0.5600821094
0.3438233256 0.1831040645 0.0864977124 0.5031457490 0.4695243691 0.4986785164 -0.0626761885 0.5018395458 0.1671100906 0.4944694406 -0.6497194117 0.1655049767 0.5742770439 0.5759715343
0.3563407643 0.1949105634 0.0972891454 0.5175534727 0.4860784541 0.5135226477 -0.0526047826 0.5162381475 0.1882725610 0.5112190659 -0.6708966567 0.1771210470 0.5893368300 0.5909960587
0.3681273051 0.2061041289 0.1075188283 0.5311531441 0.5019261851 0.5275773141 -0.0429876550 0.5298295434 0.2091397836 0.5277139543 -0.6913376325 0.1881333231 0.6035476783 0.6051689667
