-0.8303341668 -0.8688101666 -0.8781059016 -0.6652572926 -0.5530074890 -0.7956463299 -0.7816080410 -0.6659168442 -0.2841424373 -0.1011897541 0.5061666545 -0.8538349015 -0.6437248177 -0.6619097627
-0.8270480410 -0.8616967935 -0.8751628837 -0.6781082046 -0.5249934832 -0.7855789788 -0.7686164378 -0.6787386067 -0.2380629754 -0.0570387696 0.4779285153 -0.8456533878 -0.6584478612 -0.6754647066
-0.8241741812 -0.8551135049 -0.8725812440 -0.6907430039 -0.4982974246 -0.7762224941 -0.7563575703 -0.6913450587 -0.1939344368 -0.0151103501 0.4512050629 -0.8380285877 -0.6728768887 -0.6887683472
-0.8217016922 -0.8490479856 -0.8703509430 -0.7031594746 -0.4728972677 -0.7675618211 -0.7448167701 -0.7037339747 -0.1517273379 0.0246307249 0.4259703851 -0.8309479650 -0.6870107978 -0.7018189988
-0.8196196790 -0.8434879202 -0.8684619409 -0.7153554008 -0.4487709670 -0.7595819052 -0.7339793688 -0.7159031293 -0.1114121953 0.0622196758 0.4021985699 -0.8243989830 -0.7008484861 -0.7146149756
-0.8179172463 -0.8384209934 -0.8669041981 -0.7273285666 -0.4258964771 -0.7522676918 -0.7238306977 -0.7278502970 -0.0729595253 0.0976917231 0.3798637052 -0.8183691054 -0.7143888509 -0.7271545921
-0.8165834992 -0.8338348900 -0.8656676750 -0.7390767562 -0.4042517524 -0.7456041262 -0.7143560884 -0.7395732525 -0.0363398446 0.1310820873 0.3589398790 -0.8128457957 -0.7276307900 -0.7394361625
-0.8156075424 -0.8297172947 -0.8647423320 -0.7505977536 -0.3838147474 -0.7395761538 -0.7055408724 -0.7510697702 -0.0015236695 0.1624259888 0.3394011792 -0.8078165175 -0.7405732007 -0.7514580012
-0.8149784809 -0.8260558922 -0.8641181294 -0.7618893431 -0.3645634167 -0.7341687201 -0.6973703813 -0.7623376247 0.0315184835 0.1917586479 0.3212216937 -0.8032687343 -0.7532149806 -0.7632184225
-0.8146854195 -0.8228383671 -0.8637850276 -0.7729493086 -0.3464757147 -0.7293667703 -0.6898299465 -0.7733745906 0.0628160979 0.2191152853 0.3043755103 -0.7991899098 -0.7655550273 -0.7747157407
-0.8147174632 -0.8200524043 -0.8637329870 -0.7837754343 -0.3295295960 -0.7251552498 -0.6829048996 -0.7841784425 0.0923986572 0.2445311214 0.2888367172 -0.7955675073 -0.7775922382 -0.7859482701
-0.8150637168 -0.8176856884 -0.8639519679 -0.7943655044 -0.3137030151 -0.7215191041 -0.6765805720 -0.7947469549 0.1202956450 0.2680413765 0.2745794021 -0.7923889906 -0.7893255109 -0.7969143252
-0.8157132853 -0.8157259042 -0.8644319307 -0.8047173029 -0.2989739265 -0.7184432784 -0.6708422953 -0.8050779024 0.1465365447 0.2896812712 0.2615776530 -0.7896418231 -0.8007537429 -0.8076122201
-0.8166552734 -0.8141607363 -0.8651628357 -0.8148286140 -0.2853202846 -0.7159127182 -0.6656754010 -0.8151690595 0.1711508400 0.3094860259 0.2498055579 -0.7873134685 -0.8118758318 -0.8180402693
-0.8178787862 -0.8129778694 -0.8661346434 -0.8246972218 -0.2727200441 -0.7139123688 -0.6610652205 -0.8250182009 0.1941680143 0.3274908610 0.2392372046 -0.7853913902 -0.8226906750 -0.8281967870
-0.8193729284 -0.8121649884 -0.8673373141 -0.8343209103 -0.2611511593 -0.7124271757 -0.6569970855 -0.8346231010 0.2156175511 0.3437309970 0.2298466810 -0.7838630519 -0.8331971701 -0.8380800877
-0.8211268050 -0.8117097778 -0.8687608082 -0.8436974638 -0.2505915848 -0.7114420841 -0.6534563274 -0.8439815345 0.2355289341 0.3582416544 0.2216080752 -0.7827159170 -0.8433942147 -0.8476884855
-0.8231295209 -0.8115999225 -0.8703950860 -0.8528246663 -0.2410192752 -0.7109420395 -0.6504282776 -0.8530912759 0.2539316466 0.3710580536 0.2144954750 -0.7819374492 -0.8532807061 -0.8570202948
-0.8253701809 -0.8118231071 -0.8722301079 -0.8617003019 -0.2324121849 -0.7109119872 -0.6478982679 -0.8619500998 0.2708551723 0.3822154151 0.2084829684 -0.7815151119 -0.8628555420 -0.8660738301
-0.8278378900 -0.8123670163 -0.8742558342 -0.8703221548 -0.2247482684 -0.7113368726 -0.6458516295 -0.8705557807 0.2863289946 0.3917489593 0.2035446433 -0.7814363689 -0.8721176200 -0.8748474055
