0.1219906775 0.0501504252 0.1266536199 0.2549906413 -0.3130659021 0.0229933286 -0.0178031955 0.2537274739 -0.5536360722 -0.1601667705 0.2312353053 0.0351121538 0.2693772070 0.2685679961
0.1140778087 0.0441795052 0.1200620795 0.2445977665 -0.3152587019 0.0168872947 -0.0188390974 0.2433555442 -0.5458552477 -0.1516708794 0.2366653039 0.0292796700 0.2585947658 0.2577860710
0.1054947114 0.0375315871 0.1127491382 0.2335074299 -0.3179361618 0.0101326987 -0.0204287779 0.2322865043 -0.5381258080 -0.1433825965 0.2425468733 0.0227783301 0.2471162426 0.2463087492
0.0962308307 0.0301955723 0.1047031545 0.2217092189 -0.3211072619 0.0027189102 -0.0225822720 0.2205099424 -0.5304516361 -0.1353081210 0.2488877649 0.0155971294 0.2349313342 0.2341257379
0.0862756119 0.0221603621 0.0959124867 0.2091927207 -0.3247809825 -0.0053647010 -0.0253096148 0.2080154463 -0.5228366151 -0.1274536521 0.2556957300 0.0077250634 0.2220297372 0.2212267444
0.0756185000 0.0134148581 0.0863654934 0.1959475227 -0.3289663036 -0.0141287652 -0.0286208412 0.1947926041 -0.5152846280 -0.1198253891 0.2629785199 -0.0008488725 0.2084011485 0.2076014757
0.0642489403 0.0039479615 0.0760505331 0.1819632123 -0.3336722053 -0.0235839129 -0.0325259863 0.1808310039 -0.5077995580 -0.1124295312 0.2707438860 -0.0101356829 0.1940352648 0.1932396391
0.0521563779 -0.0062514261 0.0649559641 0.1672293768 -0.3389076679 -0.0337407744 -0.0370350852 0.1661202336 -0.5003852880 -0.1052722778 0.2789995796 -0.0201463725 0.1789217828 0.1781309418
0.0393302579 -0.0171944034 0.0530701450 0.1517356035 -0.3446816714 -0.0446099799 -0.0421581728 0.1506498812 -0.4930457011 -0.0983598281 0.2877533521 -0.0308919458 0.1630503993 0.1622650909
0.0257600256 -0.0288920690 0.0403814341 0.1354714798 -0.3510031961 -0.0562021598 -0.0479052842 0.1344095347 -0.4857846804 -0.0916983813 0.2970129547 -0.0423834075 0.1464108111 0.1456317936
0.0114351261 -0.0413555214 0.0268781900 0.1184265930 -0.3578812219 -0.0685279445 -0.0542864545 0.1173887823 -0.4786061089 -0.0852941367 0.3067861390 -0.0546317621 0.1289927149 0.1282207572
-0.0036549955 -0.0545958593 0.0125487711 0.1005905305 -0.3653247292 -0.0815979642 -0.0613117186 0.0995772118 -0.4715138697 -0.0791532936 0.3170806561 -0.0676480143 0.1107858074 0.1100216887
-0.0195208940 -0.0686241812 -0.0026184641 0.0819528795 -0.3733426980 -0.0954228494 -0.0689911117 0.0809644112 -0.4645118459 -0.0732820513 0.3279042574 -0.0814431686 0.0917797854 0.0910242954
-0.0361731242 -0.0834515857 -0.0186351572 0.0625032274 -0.3819441085 -0.1100132302 -0.0773346686 0.0615399687 -0.4576039204 -0.0676866089 0.3392646943 -0.0960282297 0.0719643457 0.0712182845
-0.0536222410 -0.0990891714 -0.0355129497 0.0422311616 -0.3911379408 -0.1253797372 -0.0863524245 0.0412934722 -0.4507939763 -0.0623731659 0.3511697182 -0.1114142022 0.0513291851 0.0505933632
-0.0718787991 -0.1155480369 -0.0532634832 0.0211262695 -0.4009331750 -0.1415330005 -0.0960544144 0.0202145097 -0.4440858968 -0.0573479213 0.3636270802 -0.1276120906 0.0298640001 0.0291392385
-0.0909533536 -0.1328392807 -0.0718983991 -0.0008218618 -0.4113387914 -0.1584836505 -0.1064506734 -0.0017073308 -0.4374835648 -0.0526170746 0.3766445319 -0.1446328997 0.0075584877 0.0068456178
-0.1108564591 -0.1509740016 -0.0914293391 -0.0236236448 -0.4223637699 -0.1762423176 -0.1175512364 -0.0244824613 -0.4309908634 -0.0481868249 0.3902298245 -0.1624876339 -0.0155976554 -0.0162977918
-0.1315986705 -0.1699632980 -0.1118679447 -0.0472894921 -0.4340170909 -0.1948196321 -0.1293661384 -0.0481212937 -0.4246116757 -0.0440633715 0.4043907094 -0.1811872978 -0.0396147325 -0.0403012831
-0.1531905427 -0.1898182685 -0.1332258574 -0.0718298165 -0.4463077344 -0.2142262242 -0.1419054146 -0.0726342401 -0.4183498847 -0.0402529137 0.4191349379 -0.2007428962 -0.0645030468 -0.0651751489
