0.7177487052 0.7499344768 0.7763455023 0.7178597136 0.9847542124 0.7088262732 0.9567437321 0.7118528074 0.8672437773 0.2260947192 -0.9228916921 0.7402043018 0.6417414293 0.6296014080
0.7304826985 0.7628336064 0.7879283033 0.7269063525 0.9810446630 0.7232243709 0.9623933634 0.7208871220 0.8569679327 0.2218559089 -0.9149688918 0.7532527167 0.6505169895 0.6383272013
0.7430946883 0.7755181150 0.7993338148 0.7358427895 0.9769523449 0.7373925934 0.9676540617 0.7298125190 0.8464249072 0.2175304334 -0.9066891539 0.7660997671 0.6591984234 0.6469614211
0.7555707657 0.7879765865 0.8105501290 0.7446569515 0.9724828068 0.7513193313 0.9725243978 0.7386169289 0.8356276774 0.2131279181 -0.8980566940 0.7787336073 0.6677737800 0.6554921398
0.7678970217 0.8001976051 0.8215653380 0.7533367651 0.9676415977 0.7649929750 0.9770029427 0.7472882823 0.8245892199 0.2086579884 -0.8890757277 0.7911423915 0.6762311081 0.6639074302
0.7800595472 0.8121697546 0.8323675341 0.7618701572 0.9624342664 0.7784019151 0.9810882674 0.7558145098 0.8133225114 0.2041302696 -0.8797504706 0.8033142740 0.6845584568 0.6721953648
0.7920444333 0.8238816190 0.8429448093 0.7702450547 0.9568663617 0.7915345421 0.9847789426 0.7641835419 0.8018405285 0.1995543871 -0.8700851383 0.8152374090 0.6927438748 0.6803440161
0.8038377709 0.8353217822 0.8532852559 0.7784493843 0.9509434326 0.8043792466 0.9880735395 0.7723833093 0.7901562478 0.1949399662 -0.8600839465 0.8268999508 0.7007754111 0.6883414568
0.8154256510 0.8464788283 0.8633769661 0.7864710728 0.9446710278 0.8169244191 0.9909706288 0.7804017426 0.7782826461 0.1902966324 -0.8497511108 0.8382900537 0.7086411146 0.6961757595
0.8267941647 0.8573413412 0.8732080320 0.7942980471 0.9380546962 0.8291584502 0.9934687815 0.7882267723 0.7662326998 0.1856340110 -0.8390908466 0.8493958718 0.7163290341 0.7038349967
0.8379294029 0.8678979049 0.8827665459 0.8019182339 0.9310999867 0.8410697303 0.9955665684 0.7958463290 0.7540193857 0.1809617274 -0.8281073698 0.8602055596 0.7238272186 0.7113072411
0.8488174566 0.8781371032 0.8920405998 0.8093195601 0.9238124482 0.8526466501 0.9972625606 0.8032483434 0.7416556804 0.1762894070 -0.8168048958 0.8707072711 0.7311237170 0.7185805651
0.8594444169 0.8880475203 0.9010182860 0.8164899525 0.9161976295 0.8638776000 0.9985553290 0.8104207459 0.7291545606 0.1716266751 -0.8051876402 0.8808891607 0.7382065781 0.7256430415
0.8697963746 0.8976177400 0.9096876966 0.8234173379 0.9082610794 0.8747509706 0.9994434444 0.8173514673 0.7165290028 0.1669831570 -0.7932598187 0.8907393826 0.7450638508 0.7324827427
0.8798594208 0.9068363464 0.9180369239 0.8300896431 0.9000083469 0.8852551523 0.9999254777 0.8240284380 0.7037919837 0.1623684783 -0.7810256469 0.9002460911 0.7516835841 0.7390877414
0.8896196466 0.9156919233 0.9260540600 0.8364947949 0.8914449807 0.8953785359 1.0000000000 0.8304395887 0.6909564799 0.1577922642 -0.7684893404 0.9093974405 0.7580538268 0.7454461102
0.8990631428 0.9241730548 0.9337271971 0.8426207201 0.8825765297 0.9051095117 0.9996655821 0.8365728500 0.6780354682 0.1532641401 -0.7556551147 0.9181815849 0.7641626279 0.7515459216
0.9081760005 0.9322683249 0.9410444274 0.8484553455 0.8734085429 0.9144364704 0.9989207948 0.8424161524 0.6650419250 0.1487937314 -0.7425271856 0.9265866787 0.7699980362 0.7573752482
0.9169443107 0.9399663174 0.9479938430 0.8539865980 0.8639465690 0.9233478024 0.9977642092 0.8479574266 0.6519888271 0.1443906635 -0.7291097685 0.9346008762 0.7755481007 0.7629221627
0.9253541643 0.9472556163 0.9545635361 0.8592024043 0.8541961569 0.9318318983 0.9961943962 0.8531846031 0.6388891511 0.1400645617 -0.7154070791 0.9422123315 0.7808008702 0.7681747375
