0.6142145883 0.6165150806 0.4510029268 0.4501187203 0.8569948959 0.6175840674 0.6937614190 0.4520931464 0.9849644915 -0.0046956235 -0.8782479059 0.6438452868 0.4348639455 0.4392190325
0.6004899478 0.6012469200 0.4336164382 0.4361683319 0.8475750166 0.6021738645 0.6832335432 0.4381128716 0.9821681852 -0.0068902641 -0.8711727043 0.6287403835 0.4214075949 0.4257753348
0.5866036259 0.5857778484 0.4160657555 0.4221234037 0.8379008506 0.5865582731 0.6725052029 0.4240370096 0.9791462756 -0.0091588921 -0.8639248372 0.6134176828 0.4078676638 0.4122469398
0.5725598898 0.5701137639 0.3983576845 0.4079871695 0.8279767486 0.5707433736 0.6615822225 0.4098688245 0.9759016790 -0.0114987059 -0.8565065756 0.5978833444 0.3942469921 0.3986366972
0.5583630066 0.5542605647 0.3804990313 0.3937628631 0.8178070616 0.5547352463 0.6504704265 0.3956115806 0.9724373117 -0.0139069038 -0.8489201906 0.5821435282 0.3805484196 0.3849474567
0.5440172433 0.5382241490 0.3624966018 0.3794537185 0.8073961401 0.5385399714 0.6391756394 0.3812685420 0.9687560898 -0.0163806843 -0.8411679534 0.5662043939 0.3667747864 0.3711820677
0.5295268670 0.5220104150 0.3443572019 0.3650629693 0.7967483350 0.5221636291 0.6277036856 0.3668429729 0.9648609297 -0.0189172455 -0.8332521349 0.5500721012 0.3529289324 0.3573433801
0.5148961450 0.5056252610 0.3260876377 0.3505938494 0.7858679971 0.5056122998 0.6160603896 0.3523381375 0.9607547475 -0.0215137860 -0.8251750063 0.5337528101 0.3390136976 0.3434342433
0.5001293441 0.4890745852 0.3076947150 0.3360495927 0.7747594771 0.4888920637 0.6042515758 0.3377573000 0.9564404595 -0.0241675040 -0.8169388387 0.5172526801 0.3250319218 0.3294575071
0.4852307317 0.4723642856 0.2891852399 0.3214334330 0.7634271257 0.4720090011 0.5922830687 0.3231037245 0.9519209820 -0.0268755979 -0.8085459030 0.5005778713 0.3109864450 0.3154160210
0.4702045746 0.4555002606 0.2705660182 0.3067486041 0.7518752938 0.4549691922 0.5801606929 0.3083806753 0.9471992312 -0.0296352661 -0.7999984705 0.4837345432 0.2968801072 0.3013126347
0.4550551402 0.4384884083 0.2518438560 0.2919983398 0.7401083321 0.4377787173 0.5678902726 0.2935914165 0.9422781233 -0.0324437069 -0.7912988121 0.4667288557 0.2827157482 0.2871501978
0.4397866953 0.4213346270 0.2330255593 0.2771858740 0.7281305914 0.4204436568 0.5554776325 0.2787392124 0.9371605746 -0.0352981187 -0.7824491990 0.4495669686 0.2684962081 0.2729315599
0.4244035073 0.4040448148 0.2141179338 0.2623144404 0.7159464224 0.4029700908 0.5429285970 0.2638273271 0.9318495014 -0.0381956997 -0.7734519022 0.4322550417 0.2542243268 0.2586595707
0.4089098430 0.3866248700 0.1951277858 0.2473872730 0.7035601759 0.3853640996 0.5302489904 0.2488590248 0.9263478198 -0.0411336485 -0.7643091929 0.4147992347 0.2399029442 0.2443370798
0.3933099698 0.3690806907 0.1760619210 0.2324076054 0.6909762027 0.3676317635 0.5174446374 0.2338375696 0.9206584462 -0.0441091633 -0.7550233420 0.3972057075 0.2255349002 0.2299669368
0.3776081546 0.3514181751 0.1569271454 0.2173786717 0.6781988535 0.3497791628 0.5045213624 0.2187662259 0.9147842967 -0.0471194425 -0.7455966207 0.3794806197 0.2111230349 0.2155519913
0.3618086645 0.3336432215 0.1377302650 0.2023037055 0.6652324791 0.3318123777 0.4914849898 0.2036482577 0.9087282876 -0.0501616844 -0.7360313000 0.3616301312 0.1966701880 0.2010950930
0.3459157666 0.3157617281 0.1184780859 0.1871859407 0.6520814303 0.3137374885 0.4783413440 0.1884869293 0.9024933352 -0.0532330874 -0.7263296510 0.3436604018 0.1821791997 0.1865990915
0.3299337282 0.2977795930 0.0991774138 0.1720286112 0.6387500578 0.2955605754 0.4650962497 0.1732855048 0.8960823557 -0.0563308499 -0.7164939448 0.3255775912 0.1676529097 0.1720668365
