0.2125374760 -0.6803490152 -0.7943165984 -0.0854884171 0.2842252019 -0.6848067041 -0.8918625581 -0.0860590446 0.2255728967 -0.9997193225 -0.3636586981 -0.6655580326 -0.0487456787 -0.0627478117
0.1843891544 -0.7050910575 -0.8096352142 -0.1271341410 0.2764172559 -0.7089224619 -0.9043948520 -0.1277187200 0.2221522905 -1.0000000000 -0.3566134498 -0.6911757211 -0.0894819387 -0.1038303947
0.1572272295 -0.7287368673 -0.8243104837 -0.1676552033 0.2691316796 -0.7319829546 -0.9161067859 -0.1682524387 0.2191553559 -0.9999477376 -0.3500506484 -0.7156689653 -0.1291753975 -0.1438391793
0.1310404334 -0.7512988866 -0.8383484957 -0.2070622502 0.2623610566 -0.7539999655 -0.9270081500 -0.2076708596 0.2165755378 -0.9995660239 -0.3439632988 -0.7390505668 -0.1678358163 -0.1827842944
0.1058174979 -0.7727895578 -0.8517553391 -0.2453659277 0.2560979702 -0.7749852776 -0.9371087347 -0.2459846416 0.2144062809 -0.9988583473 -0.3383444059 -0.7613333269 -0.2054729561 -0.2206758687
0.0815471550 -0.7932213230 -0.8645371028 -0.2825768820 0.2503350039 -0.7949506743 -0.9464183303 -0.2832044436 0.2126410299 -0.9978281964 -0.3331869743 -0.7825300472 -0.2420965783 -0.2575240314
0.0582181367 -0.8126066244 -0.8766998756 -0.3187057591 0.2450647413 -0.8139079386 -0.9549467270 -0.3193409243 0.2112732294 -0.9964790598 -0.3284840089 -0.8026535292 -0.2777164441 -0.2933389111
0.0358191749 -0.8309579044 -0.8882497463 -0.3537632052 0.2402797656 -0.8318688540 -0.9627037153 -0.3544047428 0.2102963244 -0.9948144260 -0.3242285146 -0.8217165742 -0.3123423144 -0.3281306368
0.0143390016 -0.8482876050 -0.8991928037 -0.3877598664 0.2359726604 -0.8488452034 -0.9696990855 -0.3884065577 0.2097037593 -0.9928377835 -0.3204134961 -0.8397319838 -0.3459839507 -0.3619093373
-0.0062336512 -0.8646081685 -0.9095351368 -0.4207063887 0.2321360092 -0.8648487703 -0.9759426277 -0.4213570280 0.2094889791 -0.9905526209 -0.3170319583 -0.8567125595 -0.3786511140 -0.3946851416
-0.0259100516 -0.8799320372 -0.9192828344 -0.4526134184 0.2287623953 -0.8798913377 -0.9814441324 -0.4532668125 0.2096454284 -0.9879624267 -0.3140769058 -0.8726711027 -0.4103535656 -0.4264681786
-0.0447014676 -0.8942716533 -0.9284419853 -0.4834916014 0.2258444023 -0.8939846888 -0.9862133899 -0.4841465701 0.2101665519 -0.9850706895 -0.3115413436 -0.8876204150 -0.4411010665 -0.4572685771
-0.0626191672 -0.9076394589 -0.9370186784 -0.5133515839 0.2233746135 -0.9071406070 -0.9902601904 -0.5140069597 0.2110457944 -0.9818808979 -0.3094182765 -0.9015732977 -0.4709033781 -0.4870964659
-0.0796744186 -0.9200478962 -0.9450190024 -0.5422040121 0.2213456125 -0.9193708753 -0.9935943243 -0.5428586401 0.2122766005 -0.9783965403 -0.3077007092 -0.9145425524 -0.4997702614 -0.5159619741
-0.0958784897 -0.9315094076 -0.9524490464 -0.5700595320 0.2197499827 -0.9306872771 -0.9962255819 -0.5707122702 0.2138524151 -0.9746211053 -0.3063816465 -0.9265409805 -0.5277114777 -0.5438752304
-0.1112426485 -0.9420364353 -0.9593148990 -0.5969287897 0.2185803076 -0.9411015955 -0.9981637535 -0.5975785087 0.2157666828 -0.9705580815 -0.3054540933 -0.9375813835 -0.5547367882 -0.5708463638
-0.1257781632 -0.9516414213 -0.9656226492 -0.6228224314 0.2178291706 -0.9506256137 -0.9994186295 -0.6234680147 0.2180128483 -0.9662109573 -0.3049110544 -0.9476765629 -0.5808559540 -0.5968855031
-0.1394963017 -0.9603368081 -0.9713783857 -0.6477511031 0.2174891551 -0.9592711149 -1.0000000000 -0.6483914469 0.2205843564 -0.9615832214 -0.3047455346 -0.9568393202 -0.6060787362 -0.6220027773
-0.1524083321 -0.9681350377 -0.9765881975 -0.6717254510 0.2175528447 -0.9670498824 -0.9999176555 -0.6723594643 0.2234746518 -0.9566783624 -0.3049505386 -0.9650824568 -0.6304148962 -0.6462083151
-0.1645255224 -0.9750485524 -0.9812581734 -0.6947561211 0.2180128227 -0.9739736993 -0.9991813862 -0.6953827256 0.2266771792 -0.9514998686 -0.3055190713 -0.9724187742 -0.6538741951 -0.6695122455
