0.4658274483 0.3283157601 0.4095309878 0.5666733060 0.5957543291 0.5576046908 0.3145806005 0.5667550188 0.7264216741 0.6573937071 -0.7063989867 0.3619637043 0.5706069112 0.5720616287
0.3964496735 0.2573519425 0.3370376663 0.4874086205 0.5350766563 0.4873145062 0.2457113509 0.4875038991 0.6767419120 0.5945537155 -0.6526183949 0.2895760907 0.4920985789 0.4938122229
0.3292866563 0.1886466449 0.2667683789 0.4105484990 0.4763584348 0.4192398923 0.1789897036 0.4106564454 0.6286952697 0.5335594420 -0.6004416693 0.2194823379 0.4159847301 0.4179469136
0.2643131261 0.1221744653 0.1986987661 0.3360662326 0.4195769002 0.3533556393 0.1143920384 0.3361859609 0.5822622407 0.4743902993 -0.5498505222 0.1516566452 0.3422386740 0.3444391324
0.2015038126 0.0579100017 0.1328044682 0.2639351127 0.3647092879 0.2896365372 0.0518947355 0.2640657486 0.5374233188 0.4170256997 -0.5008266661 0.0860732115 0.2708337198 0.2732623109
0.1408334452 -0.0041721479 0.0690611259 0.1941284303 0.3117328333 0.2280573761 -0.0085258252 0.1942691117 0.4941589978 0.3614450559 -0.4533518135 0.0227062361 0.2017431768 0.2043898806
0.0822767533 -0.0640973857 0.0074443796 0.1266194767 0.2606247719 0.1685929460 -0.0668932637 0.1267693531 0.4524497714 0.3076277804 -0.4074076770 -0.0384700820 0.1349403542 0.1377952732
0.0258084664 -0.1218911136 -0.0520701303 0.0613815432 0.2113623391 0.1112180371 -0.1232312000 0.0615397761 0.4122761332 0.2555532856 -0.3629759689 -0.0974815437 0.0703985614 0.0734519203
-0.0285966860 -0.1775787337 -0.1095067633 -0.0016120791 0.1639227704 0.0559074394 -0.1775632540 -0.0014463163 0.3736185771 0.2052009841 -0.3200384018 -0.1543539499 0.0080911074 0.0113332534
-0.0809639745 -0.2311856479 -0.1648898789 -0.0623880989 0.1182833012 0.0026359430 -0.2299130459 -0.0622156210 0.3364575966 0.1565502884 -0.2785766881 -0.2091131013 -0.0520086983 -0.0485872959
-0.1313186694 -0.2827372584 -0.2182438367 -0.1209732250 0.0744211670 -0.0486216621 -0.2803041955 -0.1207948349 0.3007736856 0.1095806110 -0.2385725403 -0.2617847990 -0.1099275466 -0.1063362960
-0.1796860415 -0.3322589671 -0.2695929961 -0.1773941662 0.0323136032 -0.0978905857 -0.3287603230 -0.1772106549 0.2665473378 0.0642713645 -0.2000076709 -0.3123948438 -0.1656921282 -0.1619403153
-0.2260913611 -0.3797761762 -0.3189617168 -0.2316776312 -0.0080621547 -0.1451960379 -0.3753050482 -0.2314897779 0.2337590468 0.0206019612 -0.1628637923 -0.3609690367 -0.2193291338 -0.2154259223
-0.2705598989 -0.4253142875 -0.3663743581 -0.2838503289 -0.0467288714 -0.1905632285 -0.4199619913 -0.2836589009 0.2023893064 -0.0214481861 -0.1271226171 -0.4075331784 -0.2708652542 -0.2668196852
-0.3131169253 -0.4688987032 -0.4118552797 -0.3339389681 -0.0837093113 -0.2340173675 -0.4627547722 -0.3337447207 0.1724186102 -0.0618996651 -0.0927658577 -0.4521130698 -0.3203271802 -0.3161481726
-0.3537877108 -0.5105548253 -0.4554288411 -0.3819702574 -0.1190262390 -0.2755836647 -0.5037070108 -0.3817739342 0.1438274522 -0.1007730632 -0.0597752266 -0.4947345120 -0.3677416025 -0.3634379529
-0.3925975261 -0.5503080558 -0.4971194019 -0.4279709058 -0.1527024191 -0.3152873302 -0.5428423273 -0.4277732384 0.1165963258 -0.1380889678 -0.0281324363 -0.5354233057 -0.4131352117 -0.4087155944
-0.4295716415 -0.5881837968 -0.5369513214 -0.4719676219 -0.1847606160 -0.3531535739 -0.5801843417 -0.4717693301 0.0907057249 -0.1738679666 0.0021808008 -0.5742052518 -0.4565346988 -0.4520076657
-0.4647353277 -0.6242074503 -0.5749489594 -0.5139871146 -0.2152235945 -0.3892076056 -0.6157566738 -0.5137889063 0.0661361431 -0.2081306469 0.0311827721 -0.6111061513 -0.4979667544 -0.4933407350
-0.4981138552 -0.6584044182 -0.6111366752 -0.5540560926 -0.2441141190 -0.4234746354 -0.6495829438 -0.5538586638 0.0428680743 -0.2408975963 0.0588917653 -0.6461518050 -0.5374580693 -0.5327413709
