0.4651063871 0.4228898476 0.4511028601 0.5241336168 0.2896907006 0.3891915051 0.3754340703 0.5238602225 0.1801607174 -0.3610330702 -0.1804414349 0.4120315938 0.5407802914 0.5371073331
0.4939542580 0.4536394634 0.4805173507 0.5502532372 0.3264516418 0.4215673494 0.4082953924 0.5499918095 0.2215022472 -0.3353785520 -0.2183493629 0.4432670580 0.5661374613 0.5626368375
0.5231236063 0.4847795810 0.5102831429 0.5766055790 0.3638220698 0.4543774866 0.4416278307 0.5763566018 0.2636754497 -0.3091483398 -0.2569558738 0.4749111591 0.5917015991 0.5883785405
0.5526155481 0.5163120512 0.5404018157 0.6031909109 0.4018056363 0.4876239098 0.4754341083 0.6029548742 0.3066860982 -0.2823385190 -0.2962653742 0.5069659425 0.6174727050 0.6143324894
0.5824311992 0.5482387244 0.5708749483 0.6300095017 0.4404059928 0.5213086121 0.5097169482 0.6297869014 0.3505399658 -0.2549451752 -0.3362822709 0.5394334537 0.6434507793 0.6404987312
0.6125716757 0.5805614515 0.6017041198 0.6570616199 0.4796267909 0.5554335866 0.5444790733 0.6568529585 0.3952428258 -0.2269643940 -0.3770109709 0.5723157380 0.6696358224 0.6668773132
0.6430380936 0.6132820829 0.6328909092 0.6843475344 0.5194716823 0.5900008264 0.5797232066 0.6841533201 0.4408004514 -0.1983922608 -0.4184558809 0.6056148410 0.6960278345 0.6934682825
0.6738315689 0.6464024693 0.6644368957 0.7118675139 0.5599443185 0.6250123246 0.6154520713 0.7116882611 0.4872186158 -0.1692248613 -0.4606214077 0.6393328081 0.7226268159 0.7202716864
0.7049532176 0.6799244614 0.6963436583 0.7396218271 0.6010483512 0.6604700744 0.6516683902 0.7394580563 0.5345030922 -0.1394582809 -0.5035119582 0.6734716847 0.7494327668 0.7472875718
0.7364041558 0.7138499098 0.7286127762 0.7676107426 0.6427874319 0.6963760687 0.6883748864 0.7674629806 0.5826596539 -0.1090886052 -0.5471319392 0.7080335163 0.7764456875 0.7745159862
0.7681854993 0.7481806652 0.7612458284 0.7958345293 0.6851652123 0.7327323007 0.7255742830 0.7957033087 0.6316940739 -0.0781119197 -0.5914857574 0.7430203483 0.8036655783 0.8019569765
0.8002983643 0.7829185781 0.7942443941 0.8242934559 0.7281853440 0.7695407635 0.7632693028 0.8241793156 0.6816121256 -0.0465243099 -0.6365778198 0.7784342261 0.8310924395 0.8296105901
0.8327438667 0.8180654992 0.8276100523 0.8529877910 0.7718514785 0.8068034501 0.8014626690 0.8528912760 0.7324195821 -0.0143218614 -0.6824125330 0.8142771952 0.8587262713 0.8574768740
0.8655231225 0.8536232792 0.8613443822 0.8819178033 0.8161672675 0.8445223538 0.8401571045 0.8818394648 0.7841222168 0.0184993402 -0.7289943041 0.8505513009 0.8865670741 0.8855558754
0.8986372478 0.8895937686 0.8954489628 0.9110837617 0.8611363625 0.8826994675 0.8793553323 0.9110241567 0.8367258026 0.0519432095 -0.7763275397 0.8872585889 0.9146148481 0.9138476416
