0.9022398151 0.9893791579 0.9436888377 0.7136333425 0.9657638832 0.9802783635 0.9536235348 0.7188364834 0.9302458939 0.6736267128 -0.9351629813 0.9838383566 0.6540514200 0.6474740065
0.9005782201 0.9911980100 0.9476163128 0.7138887842 0.9616794802 0.9827234842 0.9571485818 0.7191453485 0.9246832762 0.6832672441 -0.9391629207 0.9860666973 0.6537409562 0.6473895319
0.8986967974 0.9928503972 0.9514121343 0.7139645618 0.9573537386 0.9850129095 0.9605432440 0.7192749080 0.9188936006 0.6929082161 -0.9430456899 0.9881352614 0.6532473630 0.6471255669
0.8965938078 0.9943349196 0.9550750986 0.7138591558 0.9527849167 0.9871453051 0.9638063758 0.7192236436 0.9128753945 0.7025493527 -0.9468102484 0.9900426878 0.6525691106 0.6466806006
0.8942675120 0.9956501777 0.9586040022 0.7135710468 0.9479712724 0.9891193366 0.9669368322 0.7189900369 0.9066271857 0.7121903778 -0.9504555556 0.9917876153 0.6517046693 0.6460531221
0.8917161707 0.9967947715 0.9619976417 0.7130987153 0.9429110639 0.9909336694 0.9699334676 0.7185725697 0.9001475019 0.7218310154 -0.9539805713 0.9933686828 0.6506525092 0.6452416205
0.8889380446 0.9977673014 0.9652548135 0.7124406419 0.9376025494 0.9925869693 0.9727951369 0.7179697237 0.8934348707 0.7314709895 -0.9573842547 0.9947845291 0.6494111005 0.6442445847
0.8859313943 0.9985663676 0.9683743141 0.7115953070 0.9320439870 0.9940779017 0.9755206947 0.7171799806 0.8864878197 0.7411100239 -0.9606655656 0.9960337931 0.6479789134 0.6430605038
0.8826944806 0.9991905703 0.9713549401 0.7105611913 0.9262336347 0.9954051322 0.9781089956 0.7162018222 0.8793048766 0.7507478425 -0.9638234634 0.9971151136 0.6463544181 0.6416878670
0.8792255643 0.9996385098 0.9741954879 0.7093367752 0.9201697506 0.9965673263 0.9805588944 0.7150337301 0.8718845690 0.7603841694 -0.9668569076 0.9980271295 0.6445360849 0.6401251633
0.8755229059 0.9999087863 0.9768947541 0.7079205393 0.9138505930 0.9975631497 0.9828692457 0.7136741861 0.8642254247 0.7700187284 -0.9697648577 0.9987684797 0.6425223839 0.6383708817
0.8715847661 1.0000000000 0.9794515351 0.7063109642 0.9072744199 0.9983912679 0.9850389042 0.7121216720 0.8563259712 0.7796512435 -0.9725462733 0.9993378030 0.6403117852 0.6364235114
0.8674094058 0.9999107512 0.9818646275 0.7045065303 0.9004394894 0.9990503465 0.9870667246 0.7103746693 0.8481847362 0.7892814385 -0.9752001139 0.9997337382 0.6379027592 0.6342815413
0.8629950856 0.9996396401 0.9841328278 0.7025057182 0.8933440596 0.9995390510 0.9889515616 0.7084316598 0.8398002473 0.7989090375 -0.9777253391 0.9999549243 0.6352937760 0.6319434605
0.8583400661 0.9991852670 0.9862549324 0.7003070085 0.8859863887 0.9998560470 0.9906922698 0.7062911253 0.8311710323 0.8085337643 -0.9801209082 1.0000000000 0.6324833057 0.6294077582
