-0.0164636479 -0.0995238552 -0.1307974849 -0.0412793095 0.3941092511 -0.1414885677 -0.1416842023 -0.0412424059 0.6165755727 -0.4172268009 -0.0003783641 -0.0840728429 -0.0350827701 -0.0425653686
0.0054885500 -0.0814975952 -0.1132091539 -0.0221620307 0.4191649630 -0.1245172201 -0.1253581989 -0.0221458099 0.6367305924 -0.4068496814 -0.0189546887 -0.0658495989 -0.0156629482 -0.0232507357
0.0271651096 -0.0638127672 -0.0959415031 -0.0034122829 0.4436237135 -0.1078807504 -0.1093962248 -0.0034177355 0.6562820121 -0.3967490052 -0.0370846101 -0.0479789225 0.0033950627 -0.0042929672
0.0485671785 -0.0464665100 -0.0789918713 0.0149729828 0.4674897817 -0.0915762527 -0.0937949445 0.0149448810 0.6752346934 -0.3869217989 -0.0547721974 -0.0304578408 0.0220942069 0.0143108335
0.0696959044 -0.0294559624 -0.0623575973 0.0329968159 0.4907674466 -0.0756008211 -0.0785510229 0.0329451031 0.6935934976 -0.3773650886 -0.0720215195 -0.0132833807 0.0404374286 0.0325635630
0.0905524350 -0.0127782632 -0.0460360199 0.0506622653 0.5134609869 -0.0599515497 -0.0636611248 0.0505859945 0.7113632863 -0.3680759008 -0.0888366454 0.0035474307 0.0584276720 0.0504681179
0.1111379181 0.0035694487 -0.0300244780 0.0679723804 0.5355746817 -0.0446255326 -0.0491219148 0.0678706187 0.7285489210 -0.3590512619 -0.1052216443 0.0200375666 0.0760678813 0.0680273949
0.1314535014 0.0195900347 -0.0143203104 0.0849302102 0.5571128099 -0.0296198640 -0.0349300577 0.0848020395 0.7451552633 -0.3502881981 -0.1211805850 0.0361899998 0.0933610008 0.0852442907
0.1515003325 0.0352863558 0.0010791441 0.1015388040 0.5780796504 -0.0149316378 -0.0210822182 0.1013833205 0.7611871745 -0.3417837360 -0.1367175365 0.0520077034 0.1103099748 0.1021217019
0.1712795592 0.0506612733 0.0161765467 0.1178012110 0.5984794821 -0.0005579483 -0.0075750611 0.1176175252 0.7766495163 -0.3335349017 -0.1518365680 0.0674936505 0.1269177473 0.1186625251
0.1907923291 0.0657176484 0.0309745584 0.1337204803 0.6183165840 0.0135041106 0.0055947488 0.1335077174 0.7915471501 -0.3255387218 -0.1665417484 0.0826508139 0.1431872628 0.1348696570
0.2100397901 0.0804583423 0.0454758406 0.1492996612 0.6375952351 0.0272574447 0.0184305469 0.1490569605 0.8058849374 -0.3177922225 -0.1808371467 0.0974821668 0.1591214653 0.1507459943
0.2290230897 0.0948862161 0.0596830542 0.1645418027 0.6563197142 0.0407049599 0.0309356683 0.1642683184 0.8196677397 -0.3102924302 -0.1947268319 0.1119906822 0.1747232992 0.1662944335
0.2477433758 0.1090041312 0.0735988606 0.1794499542 0.6744943002 0.0538495621 0.0431134484 0.1791448545 0.8329004185 -0.3030363714 -0.2082148730 0.1261793330 0.1899957086 0.1815178714
0.2662017959 0.1228149486 0.0872259209 0.1940271648 0.6921232722 0.0666941573 0.0549672224 0.1936896325 0.8455878354 -0.2960210723 -0.2213053391 0.1400510922 0.2049416379 0.1964192045
