-0.3060361621 -0.5464165774 -0.5053291886 -0.1853203377 -0.3748929757 -0.5160746119 -0.6384511174 -0.1901518344 -0.4221486386 -0.6982355824 0.3282946534 -0.5420278502 -0.1042235561 -0.1119497290
-0.3231483165 -0.5649047936 -0.5240302663 -0.2029705186 -0.3892486820 -0.5340645886 -0.6564994960 -0.2078339142 -0.4357829935 -0.7157073309 0.3424641319 -0.5605370520 -0.1213275842 -0.1291167638
-0.3399270924 -0.5829405441 -0.5423095904 -0.2203827105 -0.4031404843 -0.5516075794 -0.6740190628 -0.2252757374 -0.4488997288 -0.7325923843 0.3561951719 -0.5785971165 -0.1382310356 -0.1460799331
-0.3563753302 -0.6005279693 -0.5601706338 -0.2375583021 -0.4165733371 -0.5687077623 -0.6910149215 -0.2424787164 -0.4615046057 -0.7488966692 0.3694924266 -0.5962121195 -0.1549348909 -0.1628402468
-0.3724958704 -0.6176712096 -0.5776168699 -0.2544986825 -0.4295521951 -0.5853693154 -0.7074921760 -0.2594442637 -0.4736033858 -0.7646261120 0.3823605493 -0.6133861373 -0.1714401306 -0.1793987148
-0.3882915534 -0.6343744054 -0.5946517717 -0.2712052406 -0.4420820130 -0.6015964168 -0.7234559299 -0.2761737917 -0.4852018303 -0.7797866392 0.3948041932 -0.6301232459 -0.1877477352 -0.1957563468
-0.4037652196 -0.6506416971 -0.6112788124 -0.2876793653 -0.4541677454 -0.6173932446 -0.7389112871 -0.2926687131 -0.4963057008 -0.7943841772 0.4068280115 -0.6464275212 -0.2038586853 -0.2119141527
-0.4189197094 -0.6664772250 -0.6275014650 -0.3039224456 -0.4658143471 -0.6327639767 -0.7538633514 -0.3089304404 -0.5069207585 -0.8084246526 0.4184366573 -0.6623030394 -0.2197739614 -0.2278731424
-0.4337578633 -0.6818851295 -0.6433232028 -0.3199358705 -0.4770267727 -0.6477127912 -0.7683172265 -0.3249603860 -0.5170527650 -0.8219139917 0.4296347840 -0.6777538764 -0.2354945440 -0.2436343256
-0.4482825217 -0.6968695511 -0.6587474988 -0.3357210288 -0.4878099767 -0.6622438663 -0.7822780163 -0.3407599624 -0.5267074815 -0.8348581210 0.4404270447 -0.6927841084 -0.2510214138 -0.2591987122
-0.4624965250 -0.7114346301 -0.6737778263 -0.3512793095 -0.4981689140 -0.6763613799 -0.7957508244 -0.3563305821 -0.5358906695 -0.8472629670 0.4508180926 -0.7073978114 -0.2663555512 -0.2745673120
-0.4764027137 -0.7255845069 -0.6884176584 -0.3666121016 -0.5081085392 -0.6900695101 -0.8087407546 -0.3716736577 -0.5446080903 -0.8591344561 0.4608125810 -0.7215990614 -0.2814979367 -0.2897411350
-0.4900039281 -0.7393233218 -0.7026704681 -0.3817207939 -0.5176338069 -0.7033724350 -0.8212529108 -0.3867906017 -0.5528655055 -0.8704785149 0.4704151630 -0.7353919345 -0.2964495509 -0.3047211908
-0.5033030088 -0.7526552154 -0.7165397286 -0.3966067756 -0.5267496717 -0.7162743326 -0.8332923966 -0.4016828265 -0.5606686764 -0.8813010697 0.4796304918 -0.7487805067 -0.3112113744 -0.3195084894
-0.5163027961 -0.7655843279 -0.7300289131 -0.4112714354 -0.5354610884 -0.7287793810 -0.8448643160 -0.4163517447 -0.5680233643 -0.8916080470 0.4884632208 -0.7617688541 -0.3257843877 -0.3341040406
