-0.1171527329 -0.4339471296 -0.5473056832 -0.3050691120 -0.0782166932 -0.4443478396 -0.6426432106 -0.3091288886 0.6771966446 -0.8990798444 0.5724512436 -0.4327664338 -0.2566320101 -0.2475473094
-0.1517908890 -0.4571725611 -0.5684043712 -0.3350275372 -0.1143055153 -0.4677149185 -0.6593230638 -0.3389101492 0.6666389976 -0.9049157811 0.5942942721 -0.4562878069 -0.2882818958 -0.2794120208
-0.1856359516 -0.4798504212 -0.5889410981 -0.3642376554 -0.1495538342 -0.4905174343 -0.6755617417 -0.3679477407 0.6563453085 -0.9105694787 0.6154996045 -0.4792485741 -0.3191493122 -0.3104928629
-0.2186938474 -0.5019845293 -0.6089200636 -0.3927052669 -0.1839686913 -0.5127594087 -0.6913623119 -0.3962474184 0.6463124793 -0.9160417158 0.6360723904 -0.5016526932 -0.3492403510 -0.3407959240
-0.2509705034 -0.5235787051 -0.6283454677 -0.4204361720 -0.2175571279 -0.5344448631 -0.7067278417 -0.4238149374 0.6365374123 -0.9213332707 0.6560177796 -0.5235041216 -0.3785611040 -0.3703272920
-0.2824718466 -0.5446367679 -0.6472215100 -0.4474361710 -0.2503261851 -0.5555778193 -0.7216613987 -0.4506560531 0.6270170095 -0.9264449218 0.6753409215 -0.5448068168 -0.4071176630 -0.3990930552
-0.3132038038 -0.5651625371 -0.6655523903 -0.4737110641 -0.2822829043 -0.5761622986 -0.7361660502 -0.4767765206 0.6177481730 -0.9313774474 0.6940469660 -0.5655647364 -0.4349161197 -0.4270993017
-0.3431723019 -0.5851598323 -0.6833423084 -0.4992666517 -0.3134343268 -0.5962023228 -0.7502448636 -0.5021820952 0.6087278051 -0.9361316260 0.7121410627 -0.5857818380 -0.4619625659 -0.4543521198
-0.3723832680 -0.6046324730 -0.7005954641 -0.5241087340 -0.3437874938 -0.6157019133 -0.7639009064 -0.5268785321 0.5999528078 -0.9407082360 0.7296283613 -0.6054620791 -0.4882630934 -0.4808575974
-0.4008426289 -0.6235842784 -0.7173160571 -0.5482431114 -0.3733494465 -0.6346650917 -0.7771372461 -0.5508715867 0.5914200832 -0.9451080557 0.7465140113 -0.6246094172 -0.5138237939 -0.5066218229
-0.4285563114 -0.6420190682 -0.7335082873 -0.5716755841 -0.4021272264 -0.6530958796 -0.7899569500 -0.5741670140 0.5831265335 -0.9493318636 0.7628031626 -0.6432278100 -0.5386507592 -0.5316508842
-0.4555302427 -0.6599406617 -0.7491763543 -0.5944119524 -0.4301278745 -0.6709982984 -0.8023630856 -0.5967705694 0.5750690608 -0.9533804380 0.7785009646 -0.6613212149 -0.5627500811 -0.5559508697
-0.4817703494 -0.6773528785 -0.7643244581 -0.6164580166 -0.4573584323 -0.6883763699 -0.8143587203 -0.6186880082 0.5672445672 -0.9572545573 0.7936125672 -0.6788935894 -0.5861278513 -0.5795278673
-0.5072825587 -0.6942595380 -0.7789567983 -0.6378195770 -0.4838259410 -0.7052341155 -0.8259469216 -0.6399250854 0.5596499549 -0.9609549999 0.8081431200 -0.6959488913 -0.6087901617 -0.6023879654
-0.5320727974 -0.7106644597 -0.7930775747 -0.6585024339 -0.5095374418 -0.7215755569 -0.8371307568 -0.6604875565 0.5522821260 -0.9644825443 0.8220977726 -0.7124910778 -0.6307431039 -0.6245372520
