0.2492398633 0.2441768164 0.2723629379 0.3294000828 0.1541307338 0.2380602917 0.1121627266 0.3284167368 0.0909597888 -0.4017173590 -0.2030418453 0.2472997623 0.3482884035 0.3441811613
0.2235485873 0.2182385526 0.2471802028 0.3059297989 0.1259354923 0.2119574512 0.0872838432 0.3049171901 0.0611984803 -0.4151538857 -0.1759774127 0.2214468323 0.3253872131 0.3211587768
0.1981769386 0.1926183083 0.2222888354 0.2827083296 0.0981533271 0.1861783998 0.0627285307 0.2816671990 0.0319193141 -0.4284237364 -0.1492689294 0.1959090537 0.3027210728 0.2983745846
0.1731233446 0.1673147124 0.1976876821 0.2597346567 0.0707819343 0.1607217231 0.0384953956 0.2586657418 0.0031194485 -0.4415273869 -0.1229148006 0.1706850752 0.2802890286 0.2758276114
0.1483862329 0.1423263939 0.1733755894 0.2370077623 0.0438190101 0.1355860066 0.0145830444 0.2359117964 -0.0252039579 -0.4544653128 -0.0969134320 0.1457735454 0.2580901265 0.2535168839
0.1239640311 0.1176519818 0.1493514036 0.2145266280 0.0172622508 0.1107698359 -0.0090099165 0.2134043411 -0.0530537466 -0.4672379898 -0.0712632291 0.1211731129 0.2361234124 0.2314414290
0.0998551667 0.0932901050 0.1256139712 0.1922902358 -0.0088906473 0.0862717966 -0.0322848804 0.1911423540 -0.0804327590 -0.4798458936 -0.0459625974 0.0968824264 0.2143879323 0.2096002733
0.0760580673 0.0692393926 0.1021621387 0.1702975675 -0.0346419881 0.0620904742 -0.0552432410 0.1691248131 -0.1073438366 -0.4922894998 -0.0210099424 0.0729001344 0.1928827322 0.1879924436
0.0525711605 0.0454984734 0.0789947524 0.1485476050 -0.0599940752 0.0382244543 -0.0778863917 0.1473506966 -0.1337898209 -0.5045692840 0.0035963304 0.0492248857 0.1716068580 0.1666169667
0.0293928738 0.0220659765 0.0561106588 0.1270393301 -0.0849492124 0.0146723224 -0.1002157260 0.1258189827 -0.1597735533 -0.5166857220 0.0278578154 0.0258553288 0.1505593557 0.1454728693
0.0065216347 -0.0010594692 0.0335087043 0.1057717247 -0.1095097035 -0.0085673358 -0.1222326373 0.1045286494 -0.1852978754 -0.5286392894 0.0517761072 0.0027901123 0.1297392713 0.1245591782
-0.0160441291 -0.0238792348 0.0111877354 0.0847437707 -0.1336778521 -0.0314959349 -0.1439385193 0.0834786748 -0.2103656286 -0.5404304619 0.0753528003 -0.0199721151 0.1091456508 0.1038749201
-0.0383059902 -0.0463946911 -0.0108534015 0.0639544499 -0.1574559622 -0.0541148892 -0.1653347654 0.0626680371 -0.2349796544 -0.5520597152 0.0985894891 -0.0424327047 0.0887775401 0.0834191218
-0.0602655209 -0.0686072094 -0.0326158601 0.0434027442 -0.1808463374 -0.0764256133 -0.1864227690 0.0420957144 -0.2591427942 -0.5635275248 0.1214877681 -0.0645930081 0.0686339851 0.0631908100
-0.0819242938 -0.0905181605 -0.0541007937 0.0230876354 -0.2038512814 -0.0984295215 -0.2072039237 0.0217606849 -0.2828578895 -0.5748343665 0.1440492318 -0.0864543764 0.0487140319 0.0431890116
