0.9480984551 0.9911222414 0.6589102163 0.8237644512 0.7984605921 0.8611625489 0.9276959732 0.8265067271 0.5801275649 0.5476578955 -0.6440192228 0.8562621586 0.8140666634 0.8170508243
0.9536808338 0.9931808030 0.6763203257 0.8352801349 0.7911828327 0.8592407883 0.9225059123 0.8379135181 0.5703223260 0.5385843742 -0.6360157157 0.8604808048 0.8259420489 0.8288140959
0.9589814109 0.9949795323 0.6933993808 0.8464864210 0.7837420071 0.8571109163 0.9171105498 0.8490112112 0.5604001302 0.5294000570 -0.6278795045 0.8644507675 0.8375086072 0.8402684984
0.9639933129 0.9965127968 0.7101364900 0.8573743805 0.7761364860 0.8547689819 0.9115074586 0.8597909185 0.5503608495 0.5201043759 -0.6196094341 0.8681655707 0.8487572294 0.8514049750
0.9687096667 0.9977749635 0.7265207613 0.8679350846 0.7683646395 0.8522110346 0.9056942119 0.8702437524 0.5402043563 0.5106967626 -0.6112043493 0.8716187387 0.8596788066 0.8622144690
0.9731235987 0.9987604000 0.7425413030 0.8781596041 0.7604248381 0.8494331235 0.8996683825 0.8803608250 0.5299305227 0.5011766490 -0.6026630950 0.8748037957 0.8702642300 0.8726879236
0.9772282358 0.9994634733 0.7581872233 0.8880390102 0.7523154523 0.8464312980 0.8934275434 0.8901332486 0.5195392208 0.4915434671 -0.5939845161 0.8777142657 0.8805043905 0.8828162822
0.9810167045 0.9998785509 0.7734476304 0.8975643739 0.7440348523 0.8432016072 0.8869692677 0.8995521355 0.5090303230 0.4817966486 -0.5851674575 0.8803436730 0.8903901793 0.8925904878
0.9844821316 1.0000000000 0.7883116326 0.9067267662 0.7355814086 0.8397401004 0.8802911283 0.9086085978 0.4984037013 0.4719356255 -0.5762107640 0.8826855417 0.8999124876 0.9020014839
0.9876176436 0.9998221879 0.8027683379 0.9155172581 0.7269534917 0.8360428270 0.8733906983 0.9172937478 0.4876592280 0.4619598297 -0.5671132806 0.8847333960 0.9090622062 0.9110402136
0.9904163673 0.9993394819 0.8168068547 0.9239269207 0.7181494717 0.8321058361 0.8662655506 0.9255986978 0.4767967752 0.4518686929 -0.5578738521 0.8864807600 0.9178302265 0.9196976202
0.9928714294 0.9985462494 0.8304162912 0.9319468249 0.7091677193 0.8279251771 0.8589132583 0.9335145600 0.4658162152 0.4416616471 -0.5484913233 0.8879211579 0.9262074394 0.9279646470
0.9949759565 0.9974368575 0.8435857554 0.9395680419 0.7000066047 0.8234968991 0.8513313942 0.9410324466 0.4547174201 0.4313381242 -0.5389645393 0.8890481139 0.9341847360 0.9358322372
0.9967230752 0.9960056736 0.8563043558 0.9467816426 0.6906644983 0.8188170515 0.8435175315 0.9481434699 0.4435002621 0.4208975560 -0.5292923448 0.8898551521 0.9417530075 0.9432913341
0.9981059122 0.9942470649 0.8685612004 0.9535786980 0.6811397706 0.8138816835 0.8354692430 0.9548387420 0.4321646134 0.4103393744 -0.5194735847 0.8903357966 0.9489031449 0.9503328809
