-0.2271902260 -0.7623768764 -0.8756651016 -0.1096580787 -0.3028192862 -0.8000961757 -0.6674788443 -0.1159574443 -0.4232518403 -0.6186708428 0.5788262881 -0.7812765445 -0.0566412825 -0.0668582285
-0.2234775953 -0.7510725853 -0.8669677298 -0.1140049511 -0.2855373236 -0.7879531556 -0.6495507574 -0.1202058383 -0.3944784809 -0.5998228432 0.5569575090 -0.7706702810 -0.0621827631 -0.0719870811
-0.2195832815 -0.7396571462 -0.8580990682 -0.1180325286 -0.2683408184 -0.7757145315 -0.6316842321 -0.1241359435 -0.3660408073 -0.5812105276 0.5352487173 -0.7599367078 -0.0673896220 -0.0767876813
-0.2155097925 -0.7281327448 -0.8490616844 -0.1217442177 -0.2512304123 -0.7633823403 -0.6138798927 -0.1277511615 -0.3379375692 -0.5628323496 0.5136997570 -0.7490781263 -0.0722653539 -0.0812634838
-0.2112596361 -0.7165015667 -0.8398581461 -0.1251434251 -0.2342067468 -0.7509586191 -0.5961383632 -0.1310548940 -0.3101675163 -0.5446867623 0.4923104720 -0.7380968382 -0.0768134535 -0.0854179436
-0.2068353202 -0.7047657976 -0.8304910212 -0.1282335575 -0.2172704634 -0.7384454051 -0.5784602676 -0.1340505427 -0.2827293982 -0.5267722193 0.4710807063 -0.7269951449 -0.0810374154 -0.0892545154
-0.2022393524 -0.6929276231 -0.8209628774 -0.1310180216 -0.2004222040 -0.7258447351 -0.5608462301 -0.1367415092 -0.2556219645 -0.5090871738 0.4500103040 -0.7157753481 -0.0849407343 -0.0927766540
-0.1974742408 -0.6809892289 -0.8112762823 -0.1335002241 -0.1836626100 -0.7131586463 -0.5432968747 -0.1391311953 -0.2288439650 -0.4916300791 0.4290991090 -0.7044397494 -0.0885269047 -0.0959878144
-0.1925424930 -0.6689528006 -0.8014338037 -0.1356835715 -0.1669923230 -0.7003891758 -0.5258128256 -0.1412230026 -0.2023941491 -0.4743993887 0.4083469654 -0.6929906502 -0.0917994215 -0.0988914512
-0.1874466170 -0.6568205239 -0.7914380094 -0.1375714706 -0.1504119848 -0.6875383605 -0.5083947069 -0.1430203327 -0.1762712666 -0.4573935559 0.3877537170 -0.6814303522 -0.0947617791 -0.1014910194
-0.1821891205 -0.6445945844 -0.7812914671 -0.1391673280 -0.1339222368 -0.6746082375 -0.4910431425 -0.1445265874 -0.1504740672 -0.4406110340 0.3673192080 -0.6697611570 -0.0974174723 -0.1037899737
-0.1767725114 -0.6322771678 -0.7709967445 -0.1404745505 -0.1175237207 -0.6616008440 -0.4737587567 -0.1457451683 -0.1250013004 -0.4240502765 0.3470432823 -0.6579853660 -0.0997699957 -0.1057917690
-0.1711992975 -0.6198704596 -0.7605564094 -0.1414965446 -0.1012170782 -0.6485182168 -0.4565421735 -0.1466794772 -0.0998517159 -0.4077097365 0.3269257839 -0.6461052809 -0.1018228439 -0.1074998601
-0.1654719865 -0.6073766456 -0.7499730295 -0.1422367170 -0.0850029508 -0.6353623932 -0.4393940169 -0.1473329156 -0.0750240634 -0.3915878676 0.3069665568 -0.6341232032 -0.1035795117 -0.1089177018
-0.1595930865 -0.5947979115 -0.7392491726 -0.1426984745 -0.0688819801 -0.6221354101 -0.4223149112 -0.1477088852 -0.0505170924 -0.3756831230 0.2871654449 -0.6220414345 -0.1050434936 -0.1100487489
