0.2942694898 0.0015213060 -0.3254212419 0.1380559571 0.0325275392 0.1868589951 -0.3599117101 0.1340401693 -0.0468828018 -0.2887447822 -0.1883041024 -0.0373880755 0.1227652635 0.1496714753
0.3091494497 0.0229327761 -0.3002554850 0.1471946088 0.0559147826 0.2055584163 -0.3337124535 0.1432145817 -0.0218134566 -0.2634249947 -0.2078794413 -0.0151038058 0.1312818672 0.1583061142
0.3242088045 0.0445829127 -0.2747244248 0.1565078936 0.0794056205 0.2244438457 -0.3072809766 0.1525649799 0.0032681001 -0.2379423852 -0.2275923506 0.0074134635 0.1399721545 0.1671082511
0.3394303122 0.0664510074 -0.2488525820 0.1659820685 0.1029818967 0.2434965000 -0.2806362520 0.1620775844 0.0283478412 -0.2123129949 -0.2474249232 0.0301429236 0.1488227666 0.1760645246
0.3547967308 0.0885163513 -0.2226644776 0.1756033907 0.1266254549 0.2626975961 -0.2537972521 0.1717386159 0.0534117395 -0.1865528646 -0.2673592522 0.0530637656 0.1578203444 0.1851615737
0.3702908184 0.1107582360 -0.1961846325 0.1853581172 0.1503181388 0.2820283509 -0.2267829494 0.1815342950 0.0784457678 -0.1606780353 -0.2873774306 0.0761551808 0.1669515289 0.1943860372
0.3858953330 0.1331559527 -0.1694375675 0.1952325052 0.1740417922 0.3014699813 -0.1996123165 0.1914508422 0.1034358988 -0.1347045480 -0.3074615514 0.0993963604 0.1762029613 0.2037245540
0.4015930328 0.1556887928 -0.1424478037 0.2052128118 0.1977782589 0.3210037039 -0.1723043258 0.2014744782 0.1283681055 -0.1086484436 -0.3275937077 0.1227664956 0.1855612824 0.2131637630
0.4173666757 0.1783360478 -0.1152398618 0.2152852939 0.2215093826 0.3406107358 -0.1448779498 0.2115914236 0.1532283605 -0.0825257631 -0.3477559925 0.1462447774 0.1950131333 0.2226903029
0.4331990198 0.2010770089 -0.0878382629 0.2254362088 0.2452170069 0.3602722938 -0.1173521611 0.2217878991 0.1780026368 -0.0563525475 -0.3679304987 0.1698103973 0.2045451550 0.2322908127
0.4490728232 0.2238909675 -0.0602675277 0.2356518136 0.2688829758 0.3799695947 -0.0897459321 0.2320501251 0.2026769070 -0.0301448377 -0.3880993195 0.1934425463 0.2141439885 0.2419519313
0.4649708439 0.2467572151 -0.0325521773 0.2459183652 0.2924891329 0.3996838554 -0.0620782352 0.2423643224 0.2272371440 -0.0039186747 -0.4082445478 0.2171204156 0.2237962749 0.2516602973
0.4808758400 0.2696550429 -0.0047167325 0.2562221209 0.3160173219 0.4193962926 -0.0343680431 0.2527167115 0.2516693206 0.0223099005 -0.4283482766 0.2408231964 0.2334886551 0.2614025498
0.4967705696 0.2925637424 0.0232142859 0.2665493377 0.3394493867 0.4390881234 -0.0066343282 0.2630935130 0.2759594096 0.0485248470 -0.4483925991 0.2645300799 0.2432077703 0.2711653276
0.5126377906 0.3154626049 0.0512163568 0.2768862727 0.3627671709 0.4587405644 0.0211039370 0.2734809476 0.3000933838 0.0747101237 -0.4683596082 0.2882202574 0.2529402613 0.2809352695
