0.7901462316 0.7732644386 0.7641171271 0.7898277473 0.7772715282 0.7730362943 0.7652667753 0.7894477219 0.7679161260 0.7375840578 -0.7565355298 0.7787357449 0.7919081345 0.7899682909
0.7399487558 0.7191781220 0.7079603403 0.7396040656 0.7240822949 0.7189631153 0.7092858156 0.7391363144 0.7125331749 0.6755352318 -0.6987443288 0.7258780416 0.7422355933 0.7397969771
0.6906433306 0.6661144153 0.6529106633 0.6902924358 0.6718750418 0.6659385233 0.6543704490 0.6897398189 0.6581906891 0.6148807897 -0.6421602596 0.6739888485 0.6934866477 0.6905441515
0.6422227881 0.6140651090 0.5989588647 0.6418850075 0.6206421822 0.6139532624 0.6005130028 0.6412503589 0.6048812976 0.5556068917 -0.5867719046 0.6230607486 0.6456530106 0.6422017353
0.5946799601 0.5630219933 0.5460957130 0.5943739305 0.5703761293 0.5629980767 0.5477058041 0.5936600581 0.5525976295 0.4976996977 -0.5325678464 0.5730863249 0.5987263947 0.5947616500
0.5480076788 0.5129768586 0.4943119770 0.5477513543 0.5210692962 0.5130637100 0.4959411802 0.5469610400 0.5013323140 0.4411453679 -0.4795366676 0.5240581604 0.5526985127 0.5482158169
0.5021987761 0.4639214949 0.4435984251 0.5020094288 0.4727140961 0.4641409067 0.4452114583 0.5011454282 0.4510779802 0.3859300623 -0.4276669507 0.4759688381 0.5075610774 0.5025561574
0.4572460841 0.4158476928 0.3939458260 0.4571403034 0.4253029423 0.4162204105 0.3955089657 0.4562053463 0.4018272572 0.3320399410 -0.3769472782 0.4288109411 0.4633058017 0.4577745928
0.4131424348 0.3687472424 0.3453449482 0.4131361280 0.3788282478 0.3692929657 0.3468260297 0.4121329178 0.3535727742 0.2794611642 -0.3273662327 0.3825770522 0.4199243982 0.4138630446
0.3698806603 0.3226119340 0.2977865605 0.3699890521 0.3332824260 0.3233493162 0.2991549774 0.3689202663 0.3063071602 0.2281798917 -0.2789123968 0.3372597546 0.3774085798 0.3708134340
0.3274535925 0.2774335580 0.2512614313 0.3276912255 0.2886578901 0.2783802061 0.2524881361 0.3265595155 0.2600230444 0.1781822838 -0.2315743530 0.2928516311 0.3357500592 0.3286176825
0.2858540634 0.2332039045 0.2057603292 0.2862347978 0.2449470531 0.2343763794 0.2068178331 0.2850427888 0.2147130559 0.1294545005 -0.1853406838 0.2493452649 0.2949405493 0.2872677115
0.2450749051 0.1899147639 0.1612740230 0.2456119186 0.2021423283 0.1913285802 0.1621363955 0.2443622099 0.1703698238 0.0819827018 -0.1401999717 0.2067332389 0.2549717627 0.2467554422
0.2051089497 0.1475579266 0.1177932811 0.2058147376 0.1602361289 0.1492275525 0.1184361507 0.2045099024 0.1269859772 0.0357530479 -0.0961407994 0.1650081361 0.2158354123 0.2070727961
0.1659490290 0.1061251826 0.0753088722 0.1668354046 0.1192208681 0.1080640403 0.0757094258 0.1654779898 0.0845541452 -0.0092483012 -0.0531517493 0.1241625395 0.1775232108 0.1682116945
