-0.9871810611 -0.9630977807 -0.9503298669 -0.9809731315 0.4737740099 -0.9624503709 -0.6743674888 -0.9808876043 0.8099087702 -0.2760962128 0.4139916016 -0.9656844429 -0.9816313059 -0.9816203263
-0.9849174474 -0.9595791995 -0.9463250653 -0.9782302437 0.4659752996 -0.9589160097 -0.6707743874 -0.9781396168 0.8027079241 -0.2717311822 0.4121440240 -0.9622697432 -0.9789223580 -0.9789084124
-0.9824611627 -0.9558869111 -0.9421507784 -0.9752939266 0.4581756710 -0.9552088752 -0.6670445179 -0.9751982789 0.7953679551 -0.2672823148 0.4101734708 -0.9586799615 -0.9760186570 -0.9760014975
-0.9798103281 -0.9520192150 -0.9378054719 -0.9721625699 0.4503765761 -0.9513272523 -0.6631764037 -0.9720619808 0.7878885801 -0.2627487009 0.4080783406 -0.9549133751 -0.9729186094 -0.9728979958
-0.9769630647 -0.9479744111 -0.9332876116 -0.9688345632 0.4425794668 -0.9472694259 -0.6591685676 -0.9687291128 0.7802695163 -0.2581294311 0.4058570319 -0.9509682614 -0.9696206215 -0.9695963216
-0.9739174936 -0.9437507990 -0.9285956634 -0.9653082961 0.4347857953 -0.9430336808 -0.6550195330 -0.9651980650 0.7725104806 -0.2534235959 0.4035079431 -0.9468428976 -0.9661230994 -0.9660948892
-0.9706717359 -0.9393466784 -0.9237280930 -0.9615821581 0.4269970134 -0.9386183019 -0.6507278229 -0.9614672278 0.7646111901 -0.2486302857 0.4010294728 -0.9425355612 -0.9624244495 -0.9623921129
-0.9672239127 -0.9347603491 -0.9186833663 -0.9576545390 0.4192145733 -0.9340215742 -0.6462919605 -0.9575349914 0.7565713619 -0.2437485909 0.3984200195 -0.9380445296 -0.9585230781 -0.9584864070
-0.9635721452 -0.9299901108 -0.9134599490 -0.9535238284 0.4114399270 -0.9292417824 -0.6417104688 -0.9533997460 0.7483907131 -0.2387776022 0.3956779817 -0.9333680799 -0.9544173914 -0.9543761858
-0.9597145544 -0.9250342631 -0.9080563070 -0.9491884157 0.4036745264 -0.9242772116 -0.6369818711 -0.9490598820 0.7400689606 -0.2337164098 0.3928017579 -0.9285044897 -0.9501057958 -0.9500598636
-0.9556492615 -0.9198911058 -0.9024709060 -0.9446466907 0.3959198236 -0.9191261466 -0.6321046903 -0.9445137894 0.7316058216 -0.2285641044 0.3897897467 -0.9234520363 -0.9455866975 -0.9455358546
-0.9513743875 -0.9145589387 -0.8967022119 -0.9398970430 0.3881772706 -0.9137868722 -0.6270774498 -0.9397598586 0.7230010131 -0.2233197764 0.3866403465 -0.9182089969 -0.9408585028 -0.9408025733
-0.9468880537 -0.9090360613 -0.8907486904 -0.9349378622 0.3804483194 -0.9082576734 -0.6218986726 -0.9347964797 0.7142542522 -0.2179825162 0.3833519558 -0.9127736489 -0.9359196179 -0.9358584338
-0.9421883810 -0.9033207735 -0.8846088074 -0.9297675379 0.3727344221 -0.9025368351 -0.6165668818 -0.9296220432 0.7053652559 -0.2125514143 0.3799229732 -0.9071442698 -0.9307684493 -0.9307018505
-0.9372734907 -0.8974113749 -0.8782810286 -0.9243844597 0.3650370307 -0.8966226420 -0.6110806005 -0.9242349391 0.6963337412 -0.2070255612 0.3763517972 -0.9013191368 -0.9254034031 -0.9253312377
