0.8910306095 0.8024206793 0.5936827307 0.7021757725 1.0000000000 0.7760835297 0.7042847246 0.7018248605 0.9501926073 0.2780348681 -0.9692156637 0.7922533211 0.5725789479 0.5821474796
0.9004695940 0.8133121538 0.6066166976 0.7122484977 0.9998575057 0.7872933848 0.7150374428 0.7119672837 0.9446448630 0.2872335257 -0.9634059912 0.8032382376 0.5815223099 0.5910941315
0.9095272469 0.8239470226 0.6194071757 0.7219751111 0.9992554011 0.7982691488 0.7256381630 0.7217655107 0.9387881985 0.2964842887 -0.9570700552 0.8139772972 0.5901242060 0.5996968582
0.9181966736 0.8343204557 0.6320506594 0.7313487638 0.9981880816 0.8090063173 0.7360840401 0.7312127106 0.9326202865 0.3057875160 -0.9502022219 0.8244658490 0.5983779276 0.6079489210
0.9264709796 0.8444276234 0.6445436432 0.7403626070 0.9966499427 0.8195003859 0.7463722290 0.7403020524 0.9261388000 0.3151435663 -0.9427968573 0.8346992420 0.6062767660 0.6158435812
0.9343432706 0.8542636958 0.6568826213 0.7490097918 0.9946353799 0.8297468504 0.7564998845 0.7490267052 0.9193414119 0.3245527985 -0.9348483273 0.8446728252 0.6138140124 0.6233741003
0.9418066521 0.8638238432 0.6690640882 0.7572834695 0.9921387886 0.8397412064 0.7664641615 0.7573798381 0.9122257949 0.3340155714 -0.9263509979 0.8543819477 0.6209829582 0.6305337396
0.9488542295 0.8731032356 0.6810845383 0.7651767912 0.9891545643 0.8494789496 0.7762622150 0.7653546200 0.9047896219 0.3435322438 -0.9172992353 0.8638219585 0.6277768946 0.6373157605
0.9554791085 0.8820970434 0.6929404658 0.7726829081 0.9856771025 0.8589555756 0.7858911999 0.7729442201 0.8970305658 0.3531031745 -0.9076874054 0.8729882067 0.6341891130 0.6437134242
0.9616743947 0.8908004367 0.7046283653 0.7797949713 0.9817007986 0.8681665803 0.7953482710 0.7801418074 0.8889462994 0.3627287223 -0.8975098741 0.8818760412 0.6402129047 0.6497199923
0.9674331934 0.8992085856 0.7161447309 0.7865061319 0.9772200481 0.8771074591 0.8046305832 0.7869405509 0.8805344956 0.3724092461 -0.8867610076 0.8904808111 0.6458415609 0.6553287259
0.9727486104 0.9073166604 0.7274860572 0.7928095413 0.9722292464 0.8857737079 0.8137352914 0.7933336197 0.8717928273 0.3821451047 -0.8754351718 0.8987978655 0.6510683729 0.6605328865
0.9776137511 0.9151198312 0.7386488385 0.7986983504 0.9667227891 0.8941608222 0.8226595506 0.7993141829 0.8627189673 0.3919366569 -0.8635267328 0.9068225534 0.6558866321 0.6653257355
0.9820217210 0.9226132683 0.7496295692 0.8041657104 0.9606950715 0.9022642978 0.8314005155 0.8048754096 0.8533105884 0.4017842614 -0.8510300565 0.9145502238 0.6602896298 0.6697005342
0.9859656258 0.9297921417 0.7604247436 0.8092047727 0.9541404893 0.9100796303 0.8399553412 0.8100104686 0.8435653636 0.4116882772 -0.8379395090 0.9219762257 0.6642706572 0.6736505439
