-0.9670037438 -0.9737705015 -0.9741761302 -0.9655185133 -0.9794186833 -0.9753519382 -0.9817952594 -0.9655235878 0.9418187934 -0.9941606896 0.9814206091 -0.9744924732 -0.9647980667 -0.9648132379
-0.9343591356 -0.9478309097 -0.9486484140 -0.9314574600 -0.9589268634 -0.9509721384 -0.9637879315 -0.9314674853 0.8846703429 -0.9883974692 0.9630594423 -0.9492623853 -0.9300267451 -0.9300591398
-0.9020643976 -0.9221795209 -0.9234150392 -0.8978143595 -0.9385248153 -0.9268590068 -0.9459766690 -0.8978292131 0.8285472449 -0.9827092952 0.9449149447 -0.9243081128 -0.8956835011 -0.8957351467
-0.8701177520 -0.8968146314 -0.8984741935 -0.8645867317 -0.9182128140 -0.9030109495 -0.9283601245 -0.8646062918 0.7734420960 -0.9770951235 0.9269855611 -0.8996280320 -0.8617658007 -0.8618386992
-0.8385174212 -0.8717345376 -0.8738240647 -0.8317720960 -0.8979911345 -0.8794263726 -0.9109369507 -0.8317962422 0.7193474925 -0.9715539105 0.9092697366 -0.8752205193 -0.8282711099 -0.8283672383
-0.8072616272 -0.8469375356 -0.8494628408 -0.7993679724 -0.8778600519 -0.8561036822 -0.8937058002 -0.7993965847 0.6662560309 -0.9660846123 0.8917659161 -0.8510839511 -0.7951968946 -0.7953182048
-0.7763485923 -0.8224219218 -0.8253887093 -0.7673718802 -0.8578198411 -0.8330412844 -0.8766653257 -0.7674048402 0.6141603076 -0.9606861850 0.8744725446 -0.8272167038 -0.7625406207 -0.7626890395
-0.7457765389 -0.7981859925 -0.8015998583 -0.7357813393 -0.8378707773 -0.8102375853 -0.8598141798 -0.7358185291 0.5630529192 -0.9553575848 0.8573880671 -0.8036171537 -0.7302997543 -0.7304771832
-0.7155436890 -0.7742280440 -0.7780944754 -0.7045938694 -0.8180131354 -0.7876909909 -0.8431510152 -0.7046351722 0.5129264619 -0.9500977679 0.8405109286 -0.7802836773 -0.6984717612 -0.6986800768
-0.6856482651 -0.7505463726 -0.7548707484 -0.6738069899 -0.7982471905 -0.7653999075 -0.8266744845 -0.6738522901 0.4637735324 -0.9449056905 0.8238395740 -0.7572146510 -0.6670541075 -0.6672951611
-0.6560884892 -0.7271392746 -0.7319268652 -0.6434182207 -0.7785732175 -0.7433627411 -0.8103832404 -0.6434674034 0.4155867271 -0.9397803087 0.8073724482 -0.7344084511 -0.6360442590 -0.6363198770
-0.6268625836 -0.7040050463 -0.7092610135 -0.6134250813 -0.7589914916 -0.7215778978 -0.7942759355 -0.6134780328 0.3683586423 -0.9347205787 0.7911079964 -0.7118634540 -0.6054396818 -0.6057516652
-0.5979687706 -0.6811419840 -0.6868713812 -0.5838250915 -0.7395022877 -0.7000437836 -0.7783512225 -0.5838816989 0.3220818746 -0.9297254567 0.7750446634 -0.6895780360 -0.5752378418 -0.5755879666
-0.5694052723 -0.6585483840 -0.6647561561 -0.5546157709 -0.7201058808 -0.6787588048 -0.7626077540 -0.5546759223 0.2767490204 -0.9247938988 0.7591808942 -0.6675505737 -0.5454362049 -0.5458262221
-0.5411703112 -0.6362225426 -0.6429135259 -0.5257946392 -0.7008025461 -0.6577213674 -0.7470441828 -0.5258582237 0.2323526762 -0.9199248613 0.7435151338 -0.6457794433 -0.5160322372 -0.5164638724
