-0.0591388560 0.2264495307 0.2872822408 -0.1062666456 0.2010502495 0.3847004327 0.3982037826 -0.1067464245 0.5259182154 0.8997281468 -0.2048354618 0.2102112983 -0.1480620931 -0.1493868395
-0.0642883000 0.2221242876 0.2858091774 -0.1083709648 0.1849715081 0.3832925788 0.3900123487 -0.1089372136 0.5036020438 0.9080081735 -0.1872878634 0.2054538024 -0.1499095802 -0.1510748854
-0.0699498481 0.2172386329 0.2838322575 -0.1108976847 0.1680963475 0.3813593105 0.3811258565 -0.1115525127 0.4803576829 0.9159680978 -0.1690068242 0.2001290028 -0.1521620041 -0.1531633856
-0.0761308468 0.2117846037 0.2813439767 -0.1138533156 0.1504150222 0.3788928699 0.3715350584 -0.1145988510 0.4561745736 0.9236027347 -0.1499837080 0.1942288864 -0.1548256877 -0.1556586217
-0.0828386422 0.2057542370 0.2783368307 -0.1172443677 0.1319177869 0.3758854993 0.3612307068 -0.1180827573 0.4310421565 0.9309068990 -0.1302098787 0.1877454401 -0.1579069541 -0.1585668751
-0.0900805807 0.1991395697 0.2748033153 -0.1210773515 0.1125948962 0.3723294409 0.3502035541 -0.1220107607 0.4049498722 0.9378754056 -0.1096767001 0.1806706507 -0.1614121262 -0.1618944274
-0.0978640083 0.1919326390 0.2707359261 -0.1253587774 0.0924366048 0.3682169369 0.3384443527 -0.1263893903 0.3778871615 0.9445030693 -0.0883755362 0.1729965052 -0.1653475270 -0.1656475602
-0.1061962715 0.1841254817 0.2661271589 -0.1300951556 0.0714331672 0.3635402295 0.3259438552 -0.1312251749 0.3498434651 0.9507847051 -0.0662977508 0.1647149906 -0.1697194796 -0.1698325550
-0.1150847164 0.1757101350 0.2609695094 -0.1352929964 0.0495748381 0.3582915610 0.3126928137 -0.1365246437 0.3208082236 0.9567151277 -0.0434347078 0.1558180936 -0.1745343068 -0.1744556933
-0.1245366893 0.1666786359 0.2552554732 -0.1409588104 0.0268518721 0.3524631736 0.2986819809 -0.1422943257 0.2907708778 0.9622891521 -0.0197777710 0.1462978013 -0.1797983316 -0.1795232566
-0.1345595364 0.1570230212 0.2489775461 -0.1470991077 0.0032545238 0.3460473094 0.2839021090 -0.1485407498 0.2597208682 0.9675015931 0.0046816957 0.1361461006 -0.1855178771 -0.1850415265
-0.1451606040 0.1467353281 0.2421282238 -0.1537203988 -0.0212269522 0.3390362108 0.2683439505 -0.1552704451 0.2276476356 0.9723472655 0.0299523283 0.1253549782 -0.1916992663 -0.1910167845
-0.1563472384 0.1358075936 0.2347000020 -0.1608291939 -0.0466023012 0.3314221199 0.2519982578 -0.1624899406 0.1945406207 0.9768209843 0.0560427631 0.1139164213 -0.1983488221 -0.1974553121
-0.1681267857 0.1242318547 0.2266853764 -0.1684320035 -0.0728812686 0.3231972789 0.2348557834 -0.1702057652 0.1603892642 0.9809175643 0.0829616362 0.1018224166 -0.2054728674 -0.2043633909
-0.1805065922 0.1120001483 0.2180768427 -0.1765353378 -0.1000735999 0.3143539301 0.2169072796 -0.1784244481 0.1251830068 0.9846318203 0.1107175836 0.0890649511 -0.2130777254 -0.2117473024
