0.1173707902 0.1113850448 0.1228865676 0.1317670219 0.0058741211 0.0705631132 0.1795779983 0.1333884863 -0.1356702551 -0.0345507185 -0.0084756684 0.1138219318 0.1250326637 0.1276460384
0.1097536254 0.1052902205 0.1178907536 0.1237845214 -0.0007943343 0.0638869696 0.1769363309 0.1253934885 -0.1407311247 -0.0370861190 -0.0006593892 0.1076726250 0.1169723936 0.1195511848
0.1017984224 0.0988193340 0.1124835510 0.1154666568 -0.0077708806 0.0568707416 0.1739096287 0.1170626562 -0.1460729277 -0.0399651330 0.0074353599 0.1011475106 0.1085822064 0.1111260447
0.0935013960 0.0919679696 0.1066599979 0.1068097197 -0.0150590773 0.0495105016 0.1704930385 0.1083922770 -0.1516991129 -0.0431922028 0.0158116518 0.0942421824 0.0998584662 0.1023669823
0.0848587610 0.0847317114 0.1004151322 0.0978100019 -0.0226624838 0.0418023222 0.1666817074 0.0993786388 -0.1576131291 -0.0467717707 0.0244725596 0.0869522345 0.0907975374 0.0932703622
0.0758667320 0.0771061435 0.0937439923 0.0884637949 -0.0305846596 0.0337422757 0.1624707823 0.0900180294 -0.1638184251 -0.0507082789 0.0334211562 0.0792732608 0.0813957842 0.0838325486
0.0665215238 0.0690868503 0.0866416161 0.0787673904 -0.0388291640 0.0253264348 0.1578554100 0.0803067366 -0.1703184497 -0.0550061699 0.0426605147 0.0712008553 0.0716495710 0.0740499059
0.0568193511 0.0606694158 0.0791030419 0.0687170800 -0.0473995565 0.0165508719 0.1528307376 0.0702410481 -0.1771166518 -0.0596698858 0.0521937082 0.0627306121 0.0615552619 0.0639187986
0.0467564287 0.0518494242 0.0711233077 0.0583091554 -0.0562993965 0.0074116595 0.1473919119 0.0598172518 -0.1842164801 -0.0647038691 0.0620238095 0.0538581250 0.0511092214 0.0534355909
0.0363289712 0.0426224597 0.0626974516 0.0475399082 -0.0655322433 -0.0020951299 0.1415340798 0.0490316354 -0.1916213834 -0.0701125619 0.0721538918 0.0445789882 0.0403078135 0.0425966473
0.0255331936 0.0329841066 0.0538205117 0.0364056301 -0.0751016565 -0.0119734238 0.1352523884 0.0378804867 -0.1993348106 -0.0759004066 0.0825870280 0.0348887955 0.0291474027 0.0313983322
0.0143653103 0.0229299489 0.0444875263 0.0249026126 -0.0850111954 -0.0222271498 0.1285419845 0.0263600935 -0.2073602104 -0.0820718455 0.0933262911 0.0247831410 0.0176243532 0.0198370098
0.0028215363 0.0124555709 0.0346935333 0.0130271475 -0.0952644194 -0.0328602353 0.1213980151 0.0144667436 -0.2157010318 -0.0886313209 0.1043747542 0.0142576185 0.0057350293 0.0079090446
-0.0091019138 0.0015565567 0.0244335709 0.0007755264 -0.1058648880 -0.0438766078 0.1138156271 0.0021967247 -0.2243607233 -0.0955832752 0.1157354903 0.0033078223 -0.0065242047 -0.0043891990
-0.0214088253 -0.0097715094 0.0137026773 -0.0118559592 -0.1168161605 -0.0552801949 0.1057899675 -0.0104536753 -0.2333427340 -0.1029321505 0.1274115723 -0.0080706539 -0.0191569847 -0.0170613566
