-0.7117845710 -0.8631704795 -0.9113339376 -0.6699148766 -0.9707502024 -0.8505224477 -0.9986067853 -0.6743344462 -0.1456383912 -0.3258206436 0.2666072460 -0.8802825727 -0.6329136766 -0.6253357884
-0.7256826032 -0.8708711745 -0.9172651604 -0.6827781458 -0.9658750439 -0.8603633729 -0.9977628679 -0.6871390921 -0.1222840519 -0.3042070369 0.2513166260 -0.8882476312 -0.6466567940 -0.6389053755
-0.7392973474 -0.8784085471 -0.9230367613 -0.6955025531 -0.9606440497 -0.8698961956 -0.9967174395 -0.6998014587 -0.0988943381 -0.2824588268 0.2360687630 -0.8959744191 -0.6602639620 -0.6523612246
-0.7526239722 -0.8857768249 -0.9286434583 -0.7080801865 -0.9550613323 -0.8791179548 -0.9954688673 -0.7123137301 -0.0754797550 -0.2605861049 0.2208645935 -0.9034588953 -0.6737269501 -0.6656946417
-0.7656576461 -0.8929702354 -0.9340799697 -0.7205031339 -0.9491310041 -0.8880256894 -0.9940155184 -0.7246680905 -0.0520508078 -0.2385989624 0.2057050539 -0.9106970190 -0.6870375279 -0.6788969329
-0.7783935375 -0.8999830062 -0.9393410133 -0.7327634831 -0.9428571776 -0.8966164385 -0.9923557603 -0.7368567239 -0.0286180018 -0.2165074908 0.1905910806 -0.9176847495 -0.7001874653 -0.6919594043
-0.7908268151 -0.9068093649 -0.9444213074 -0.7448533220 -0.9362439652 -0.9048872409 -0.9904879599 -0.7488718145 -0.0051918420 -0.1943217814 0.1755236100 -0.9244180457 -0.7131685318 -0.7048733620
-0.8029526473 -0.9134435390 -0.9493155699 -0.7567647387 -0.9292954793 -0.9128351356 -0.9884104847 -0.7607055463 0.0182171662 -0.1720519257 0.1605035785 -0.9308928669 -0.7259724970 -0.7176301121
-0.8147662027 -0.9198797561 -0.9540185188 -0.7684898208 -0.9220158323 -0.9204571616 -0.9861217018 -0.7723501035 0.0415985177 -0.1497080149 0.1455319226 -0.9371051721 -0.7385911308 -0.7302209607
-0.8262626497 -0.9261122437 -0.9585248724 -0.7800206565 -0.9144091368 -0.9277503577 -0.9836199785 -0.7837976700 0.0649417072 -0.1273001404 0.1306095787 -0.9430509205 -0.7510162026 -0.7426372139
-0.8374371569 -0.9321352295 -0.9628293485 -0.7913493335 -0.9064795050 -0.9347117630 -0.9809036819 -0.7950404301 0.0882362295 -0.1048383937 0.1157374831 -0.9487260713 -0.7632394822 -0.7548701778
-0.8482848929 -0.9379429409 -0.9669266653 -0.8024679398 -0.8982310495 -0.9413384164 -0.9779711794 -0.8060705679 0.1114715794 -0.0823328661 0.1009165722 -0.9541265836 -0.7752527392 -0.7669111585
-0.8588010261 -0.9435296055 -0.9708115408 -0.8133685632 -0.8896678827 -0.9476273568 -0.9748208381 -0.8168802673 0.1346372518 -0.0597936490 0.0861477826 -0.9592484165 -0.7870477434 -0.7787514620
-0.8689807251 -0.9488894509 -0.9744786931 -0.8240432917 -0.8807941169 -0.9535756232 -0.9714510252 -0.8274617126 0.1577227413 -0.0372308337 0.0714320505 -0.9640875291 -0.7986162643 -0.7903823946
-0.8788191583 -0.9540167046 -0.9779228403 -0.8344842132 -0.8716138648 -0.9591802546 -0.9678601081 -0.8378070878 0.1807175428 -0.0146545116 0.0567703125 -0.9686398806 -0.8099500716 -0.8017952621
