-0.8348404772 -0.8264384192 -0.8600615356 -0.9523590272 -0.6078736799 -0.7540264819 -0.7843121248 -0.9498716781 -0.4914106884 -0.5080774375 0.4807811066 -0.8377346153 -0.9666524844 -0.9606401949
-0.8484749377 -0.8375198274 -0.8694341607 -0.9602505760 -0.6224158516 -0.7681797343 -0.7949998234 -0.9579812258 -0.5055403085 -0.5230890061 0.4966045743 -0.8485664758 -0.9736644033 -0.9681357977
-0.8614830794 -0.8482298850 -0.8784813988 -0.9673979329 -0.6367356910 -0.7819016267 -0.8054384849 -0.9653447034 -0.5195930582 -0.5379635791 0.5122773637 -0.8590159943 -0.9798216305 -0.9748107318
-0.8738702040 -0.8585691963 -0.8872033155 -0.9738104573 -0.6508299968 -0.7951932698 -0.8156262870 -0.9719714490 -0.5335629788 -0.5526961872 0.5277946099 -0.8690840645 -0.9851361796 -0.9806761128
-0.8856416129 -0.8685383654 -0.8955999762 -0.9794975086 -0.6646955681 -0.8080557740 -0.8255614076 -0.9778708006 -0.5474441115 -0.5672818609 0.5431514483 -0.8787715801 -0.9896200642 -0.9857430561
-0.8968026078 -0.8781379966 -0.9036714466 -0.9844684459 -0.6783292038 -0.8204902501 -0.8352420247 -0.9830520963 -0.5612304977 -0.5817156308 0.5583430141 -0.8880794346 -0.9932852981 -0.9900226775
-0.9073584903 -0.8873686941 -0.9114177921 -0.9887326286 -0.6917277026 -0.8324978086 -0.8446663161 -0.9875246743 -0.5749161787 -0.5959925276 0.5733644425 -0.8970085220 -0.9961438950 -0.9935260924
-0.9173145619 -0.8962310620 -0.9188390783 -0.9922994161 -0.7048878635 -0.8440795602 -0.8538324596 -0.9912978725 -0.5884951956 -0.6101075817 0.5882108689 -0.9055597357 -0.9982078685 -0.9962644166
-0.9266761243 -0.9047257047 -0.9259353708 -0.9951781676 -0.7178064855 -0.8552366153 -0.8627386331 -0.9943810290 -0.6019615900 -0.6240558239 0.6028774285 -0.9137339695 -0.9994892322 -0.9982487655
-0.9354484790 -0.9128532263 -0.9327067349 -0.9973782424 -0.7304803673 -0.8659700847 -0.8713830144 -0.9967834820 -0.6153094029 -0.6378322846 0.6173592565 -0.9215321170 -1.0000000000 -0.9994902548
-0.9436369276 -0.9206142311 -0.9391532363 -0.9989089999 -0.7429063079 -0.8762810789 -0.8797637815 -0.9985145694 -0.6285326758 -0.6514319944 0.6316514882 -0.9289550720 -0.9997521854 -1.0000000000
-0.9512467716 -0.9280093232 -0.9452749405 -0.9997797993 -0.7550811061 -0.8861707085 -0.8878791122 -0.9995836294 -0.6416254499 -0.6648499840 0.6457492589 -0.9360037281 -0.9987578022 -0.9997891168
-0.9582833127 -0.9350391069 -0.9510719131 -1.0000000000 -0.7670015609 -0.8956400841 -0.8957271844 -1.0000000000 -0.6545817665 -0.6780812839 0.6596477038 -0.9426789790 -0.9970288640 -0.9988687206
-0.9647518525 -0.9417041864 -0.9565442195 -0.9995789613 -0.7786644712 -0.9046903163 -0.9033061759 -0.9997730193 -0.6673956670 -0.6911209248 0.6733419582 -0.9489817184 -0.9945773844 -0.9972499272
-0.9706576925 -0.9480051658 -0.9616919253 -0.9985260425 -0.7900666357 -0.9133225158 -0.9106142646 -0.9989120254 -0.6800611925 -0.7039639371 0.6868271574 -0.9549128399 -0.9914153773 -0.9949438521
