0.0090960579 -0.1081478983 -0.2490887397 0.0817326038 0.0774768829 -0.1147796284 -0.1582283305 0.0805353400 0.0856142702 -0.3087555667 -0.2797458152 -0.1221713831 0.1531747783 0.1491142346
0.0123224636 -0.1048665508 -0.2467661860 0.0845168275 0.0815852879 -0.1116331878 -0.1550053837 0.0833488174 0.0900733205 -0.3063353274 -0.2840266509 -0.1191728546 0.1562691222 0.1520811566
0.0152355306 -0.1018475335 -0.2446647257 0.0869481136 0.0853685146 -0.1087488964 -0.1520245830 0.0858104403 0.0942105976 -0.3041088563 -0.2878995446 -0.1164362256 0.1589861794 0.1546700243
0.0178425979 -0.0990843465 -0.2427781751 0.0890345967 0.0888337736 -0.1061202087 -0.1492797318 0.0879283155 0.0980331311 -0.3020704441 -0.2913729740 -0.1139549011 0.1613343637 0.1568893098
0.0201510044 -0.0965704901 -0.2411003507 0.0907844115 0.0919882759 -0.1037405790 -0.1467646334 0.0897105494 0.1015479505 -0.3002143814 -0.2944554170 -0.1117222863 0.1633220887 0.1587474853
0.0221680891 -0.0942994643 -0.2396250691 0.0922056924 0.0948392321 -0.1016034619 -0.1444730912 0.0911652488 0.1047620852 -0.2985349589 -0.2971553517 -0.1097317860 0.1649577682 0.1602530228
0.0239011909 -0.0922647695 -0.2383461466 0.0933065742 0.0973938530 -0.0997023116 -0.1423989083 0.0923005202 0.1076825648 -0.2970264670 -0.2994812557 -0.1079768054 0.1662498159 0.1614143943
0.0253576487 -0.0904599057 -0.2372573998 0.0940951913 0.0996593493 -0.0980305825 -0.1405358882 0.0931244704 0.1103164187 -0.2956831965 -0.3014416070 -0.1064507494 0.1672066457 0.1622400720
0.0265448015 -0.0888783732 -0.2363526451 0.0945796784 0.1016429319 -0.0965817291 -0.1388778340 0.0936452059 0.1126706765 -0.2944994380 -0.3030448836 -0.1051470231 0.1678366713 0.1627385279
0.0274699883 -0.0875136722 -0.2356256990 0.0947681701 0.1033518115 -0.0953492058 -0.1374185492 0.0938708334 0.1147523677 -0.2934694821 -0.3042995631 -0.1040590315 0.1681483063 0.1629182341
0.0281405480 -0.0863593029 -0.2350703779 0.0946688009 0.1047931988 -0.0943264670 -0.1361518371 0.0938094595 0.1165685218 -0.2925876194 -0.3052141237 -0.1031801796 0.1681499647 0.1627876626
0.0285638195 -0.0854087654 -0.2346804983 0.0942897055 0.1059743047 -0.0935069670 -0.1350715008 0.0934691908 0.1181261683 -0.2918481405 -0.3057970431 -0.1025038725 0.1678500600 0.1623552856
0.0287471418 -0.0846555599 -0.2344498767 0.0936390184 0.1069023398 -0.0928841603 -0.1341713439 0.0928581340 0.1194323366 -0.2912453361 -0.3060567992 -0.1020235151 0.1672570062 0.1616295751
0.0286978538 -0.0840931867 -0.2343723295 0.0927248742 0.1075845149 -0.0924515012 -0.1334451694 0.0919843958 0.1204940564 -0.2907734968 -0.3060018699 -0.1017325125 0.1663792169 0.1606190031
0.0284232945 -0.0837151458 -0.2344416732 0.0915554075 0.1080280409 -0.0922024443 -0.1328867808 0.0908560827 0.1213183570 -0.2904269132 -0.3056407330 -0.1016242698 0.1652251058 0.1593320418
