-0.9652966780 -0.9697365065 -0.9736880838 -0.9619942347 -0.9639430242 -0.9698010394 -0.9715222780 -0.9620783663 -0.9641141128 -0.9760418349 0.9566447286 -0.9698762881 -0.9597533965 -0.9597323116
-0.9313396925 -0.9401188320 -0.9479620895 -0.9248213478 -0.9286366616 -0.9402504184 -0.9436523072 -0.9249868785 -0.9289647394 -0.9526142913 0.9141975943 -0.9404035794 -0.9203804911 -0.9203425298
-0.8981217046 -0.9111404767 -0.9228158335 -0.8884732047 -0.8940737017 -0.9113415916 -0.9163838908 -0.8887174300 -0.8945448504 -0.9297116599 0.8726501193 -0.9115752790 -0.8818728701 -0.8818221823
-0.8656353753 -0.8827949409 -0.8982431323 -0.8529416709 -0.8602469334 -0.8830680133 -0.8897108323 -0.8532619141 -0.8608474162 -0.9073282312 0.8319938257 -0.8833847918 -0.8442221197 -0.8441627971
-0.8338733656 -0.8550757247 -0.8742378024 -0.8182186116 -0.8271491462 -0.8554231379 -0.8636269349 -0.8186122242 -0.8278654074 -0.8854582961 0.7922202356 -0.8558255230 -0.8074198262 -0.8073559022
-0.8028283366 -0.8279763283 -0.8507936603 -0.7842958925 -0.7947731293 -0.8284004198 -0.8381260019 -0.7847602536 -0.7955917944 -0.8640961449 0.7533208711 -0.8288908774 -0.7714575758 -0.7713930254
-0.7724929493 -0.8014902519 -0.8279045223 -0.7511653787 -0.7631116718 -0.8019933133 -0.8132018366 -0.7516978958 -0.7640195478 -0.8432360684 0.7152872544 -0.8025742602 -0.7363269548 -0.7362656948
-0.7428598649 -0.7756109957 -0.8055642050 -0.7188189359 -0.7321575630 -0.7761952730 -0.7888482423 -0.7194170441 -0.7331416380 -0.8228723573 0.6781109075 -0.7768690763 -0.7020195494 -0.7019654382
-0.7139217444 -0.7503320599 -0.7837665249 -0.6872484293 -0.7019035922 -0.7509997532 -0.7650590223 -0.6879095918 -0.7029510355 -0.8029993020 0.6417833526 -0.7517687308 -0.6685269459 -0.6684837836
-0.6856712488 -0.7256469446 -0.7625052983 -0.6564457243 -0.6723425487 -0.7264002083 -0.7418279800 -0.6571674323 -0.6734407108 -0.7836111932 0.6062961118 -0.7272666287 -0.6358407305 -0.6358122588
-0.6581010391 -0.7015491501 -0.7417743418 -0.6264026865 -0.6434672215 -0.7023900927 -0.7191489186 -0.6271824591 -0.6446036345 -0.7647023217 0.5716407072 -0.7033561751 -0.6039524895 -0.6039423919
-0.6312037765 -0.6780321765 -0.7215674719 -0.5971111812 -0.6152704000 -0.6789628608 -0.6970156415 -0.5979465653 -0.6164327770 -0.7462669779 0.5378086610 -0.6800307748 -0.5728538090 -0.5728657108
-0.6049721220 -0.6550895240 -0.7018785049 -0.5685630738 -0.5877448735 -0.6561119670 -0.6754219519 -0.5694516445 -0.5889211088 -0.7282994524 0.5047914952 -0.6572838331 -0.5425362754 -0.5425737433
-0.5793987366 -0.6327146928 -0.6827012574 -0.5407502297 -0.5608834311 -0.6338308657 -0.6543616531 -0.5416895900 -0.5620616004 -0.7107940360 0.4725807319 -0.6351087548 -0.5129914749 -0.5130580174
-0.5544762814 -0.6109011832 -0.6640295458 -0.5136645143 -0.5346788621 -0.6121130113 -0.6338285485 -0.5146522951 -0.5358472223 -0.6937450193 0.4411678934 -0.6134989451 -0.4842109938 -0.4843100610
