-0.9993699258 -0.9953770176 -0.9728862494 -0.9952904745 -0.9932682124 -0.9966418236 -0.9302386489 -0.9949617000 -0.5802196374 0.1310850914 0.2025550304 -0.9959952217 -0.9801087909 -0.9874842588
-0.9998594462 -0.9932992408 -0.9684621338 -0.9969679892 -0.9914786483 -0.9977972933 -0.9229775171 -0.9967059330 -0.5764347632 0.1294210884 0.2031344507 -0.9940171993 -0.9837994107 -0.9902964703
-1.0000000000 -0.9908351314 -0.9637008495 -0.9982791334 -0.9894953093 -0.9987086428 -0.9153710964 -0.9980833613 -0.5725888485 0.1276908908 0.2037156982 -0.9916452833 -0.9871190142 -0.9927555541
-0.9997912569 -0.9879838581 -0.9586017753 -0.9992224727 -0.9873232692 -0.9993780751 -0.9074213382 -0.9990925030 -0.5686896698 0.1258893859 0.2043042561 -0.9888788145 -0.9900649409 -0.9948598249
-0.9992328866 -0.9847445898 -0.9531642903 -0.9997965730 -0.9849676014 -0.9998077932 -0.8991301939 -0.9997318765 -0.5647450032 0.1240114610 0.2049056076 -0.9857171340 -0.9926345304 -0.9966075974
-0.9983245589 -0.9811164956 -0.9473877732 -1.0000000000 -0.9824333797 -1.0000000000 -0.8904996148 -1.0000000000 -0.5607626251 0.1220520033 0.2055252360 -0.9821595825 -0.9948251222 -0.9979971865
-0.9970659434 -0.9770987441 -0.9412716029 -0.9998313195 -0.9797256774 -0.9999568986 -0.8815315522 -0.9998953918 -0.5567503117 0.1200059002 0.2061686244 -0.9782055009 -0.9966340558 -0.9990269068
-0.9954567099 -0.9726905045 -0.9348151585 -0.9992890972 -0.9768495684 -0.9996806919 -0.8722279575 -0.9994165700 -0.5527158394 0.1178680388 0.2068412562 -0.9738542301 -0.9980586709 -0.9996950730
-0.9934965280 -0.9678909454 -0.9280178187 -0.9983718990 -0.9738101261 -0.9991735829 -0.8625907820 -0.9985620530 -0.5486669845 0.1156333064 0.2075486144 -0.9691051110 -0.9990963069 -1.0000000000
-0.9911850676 -0.9626992358 -0.9208789625 -0.9970782906 -0.9706124242 -0.9984377745 -0.8526219771 -0.9973303591 -0.5446115233 0.1132965903 0.2082961823 -0.9639574844 -0.9997443034 -0.9999400024
-0.9885219983 -0.9571145446 -0.9133979688 -0.9954068378 -0.9672615363 -0.9974754699 -0.8423234940 -0.9957200064 -0.5405572320 0.1108527777 0.2090894432 -0.9584106912 -1.0000000000 -0.9995133950
-0.9855069898 -0.9511360407 -0.9055742164 -0.9933561064 -0.9637625359 -0.9962888718 -0.8316972842 -0.9937295132 -0.5365118870 0.1082967559 0.2099338803 -0.9524640722 -0.9998607361 -0.9987184925
-0.9821397119 -0.9447628930 -0.8974070843 -0.9909246620 -0.9601204967 -0.9948801834 -0.8207452989 -0.9913573978 -0.5324832645 0.1056234121 0.2108349767 -0.9461169684 -0.9993238514 -0.9975536096
-0.9784198343 -0.9379942703 -0.8888959514 -0.9881110706 -0.9563404923 -0.9932516076 -0.8094694896 -0.9886021784 -0.5284791409 0.1028276336 0.2117982158 -0.9393687206 -0.9983866854 -0.9960170611
-0.9743470266 -0.9308293416 -0.8800401965 -0.9849138979 -0.9524275962 -0.9914053473 -0.7978718075 -0.9854623733 -0.5245072925 0.0999043077 0.2128290806 -0.9322186697 -0.9970465776 -0.9941071617
