-0.3968471240 -0.4831809605 -0.3981070128 -0.1973057275 -0.7559028866 -0.4857037620 -0.6105867005 -0.1973479745 -0.7302235662 -0.7389949524 0.6916315175 -0.4440402881 -0.1710135503 -0.1683758729
-0.3864691149 -0.4731323068 -0.3868799508 -0.1846538435 -0.7503688097 -0.4756789209 -0.6018620126 -0.1846887956 -0.7281458694 -0.7312993593 0.6843379059 -0.4335961799 -0.1582651787 -0.1555062341
-0.3760871030 -0.4630527935 -0.3756205803 -0.1720048539 -0.7448239678 -0.4656228686 -0.5930899360 -0.1720322699 -0.7260530593 -0.7235106539 0.6770046555 -0.4231255897 -0.1455265169 -0.1426435625
-0.3657035948 -0.4529445429 -0.3643311137 -0.1593615560 -0.7392703164 -0.4555377207 -0.5842722463 -0.1593811923 -0.7239464969 -0.7156296630 0.6696335053 -0.4126307344 -0.1328004584 -0.1297907267
-0.3553210964 -0.4428096777 -0.3530137631 -0.1467267471 -0.7337098106 -0.4454255928 -0.5754107189 -0.1467383576 -0.7218275432 -0.7076572136 0.6622261944 -0.4021138313 -0.1200898966 -0.1169505952
-0.3449421141 -0.4326503204 -0.3416707410 -0.1341032246 -0.7281444059 -0.4352886007 -0.5665071295 -0.1341065606 -0.7196975592 -0.6995941327 0.6547844619 -0.3915770972 -0.1073977248 -0.1041260367
-0.3345691542 -0.4224685934 -0.3303042595 -0.1214937857 -0.7225760576 -0.4251288598 -0.5575632535 -0.1214885962 -0.7175579058 -0.6914412470 0.6473100468 -0.3810227493 -0.0947268363 -0.0913199197
-0.3242047231 -0.4122666194 -0.3189165311 -0.1089012277 -0.7170067209 -0.4149484860 -0.5485808665 -0.1088872591 -0.7154099442 -0.6831993836 0.6398046881 -0.3704530047 -0.0820801245 -0.0785351128
-0.3138513269 -0.4020465209 -0.3075097679 -0.0963283480 -0.7114383513 -0.4047495948 -0.5395617441 -0.0963053442 -0.7132550352 -0.6748693693 0.6322701248 -0.3598700804 -0.0694604827 -0.0657744847
-0.3035114719 -0.3918104203 -0.2960861823 -0.0837779437 -0.7058729041 -0.3945343020 -0.5305076617 -0.0837456462 -0.7110945400 -0.6664520311 0.6247080960 -0.3492761935 -0.0568708043 -0.0530409038
-0.2931876644 -0.3815604402 -0.2846479865 -0.0712528123 -0.7003123346 -0.3843047231 -0.5214203949 -0.0712109602 -0.7089298195 -0.6579481957 0.6171203407 -0.3386735610 -0.0443139826 -0.0403372388
-0.2828824108 -0.3712987032 -0.2731973930 -0.0587557510 -0.6947585981 -0.3740629739 -0.5123017192 -0.0587040807 -0.7067622347 -0.6493586903 0.6095085980 -0.3280644000 -0.0317929110 -0.0276663583
-0.2725982172 -0.3610273318 -0.2617366138 -0.0462895571 -0.6892136499 -0.3638111699 -0.5031534103 -0.0462278028 -0.7045931466 -0.6406843416 0.6018746069 -0.3174509276 -0.0193104828 -0.0150311309
-0.2623375900 -0.3507484485 -0.2502678615 -0.0338570279 -0.6836794454 -0.3535514268 -0.4939772435 -0.0337849211 -0.7024239163 -0.6319259765 0.5942201064 -0.3068353608 -0.0068695914 -0.0024344250
-0.2521030354 -0.3404641758 -0.2387933482 -0.0214609607 -0.6781579399 -0.3432858603 -0.4847749945 -0.0213782306 -0.7002559047 -0.6230844221 0.5865468357 -0.2962199167 0.0055268699 0.0101208906
