0.7675600658 -0.3380441786 -0.3194823606 0.8597213420 -0.9271275383 0.6305279627 -0.9881521824 0.8599021276 -0.8914399726 -0.7081948967 0.7446400443 -0.2100098198 0.8665585592 0.8647692926
0.7241101783 -0.3688707558 -0.3518458838 0.8335246858 -0.9130262201 0.5987791116 -0.9901134240 0.8337425433 -0.8707952923 -0.6878205110 0.7280371787 -0.2453623192 0.8416133399 0.8394831764
0.6816527378 -0.3988658272 -0.3833166699 0.8079344700 -0.8990795861 0.5678871866 -0.9918935718 0.8081896866 -0.8504992977 -0.6674804478 0.7113742040 -0.2797932714 0.8172366889 0.8147712024
0.6401790647 -0.4280362795 -0.4139023276 0.7829450155 -0.8852863334 0.5378440445 -0.9934938307 0.7832378708 -0.8305489506 -0.6471765344 0.6946537222 -0.3133103413 0.7934232687 0.7906279996
0.5996804793 -0.4563889995 -0.4436104657 0.7585506430 -0.8716451587 0.5086415423 -0.9949154059 0.7588814092 -0.8109412128 -0.6269105975 0.6778783353 -0.3459211942 0.7701677415 0.7670481966
0.5601483018 -0.4839308741 -0.4724486931 0.7347456734 -0.8581547592 0.4802715370 -0.9961595023 0.7351146151 -0.7916730458 -0.6066844644 0.6610506454 -0.3776334951 0.7474647697 0.7440264224
0.5215738526 -0.5106687901 -0.5004246184 0.7115244275 -0.8448138317 0.4527258853 -0.9972273252 0.7119318017 -0.7727414115 -0.5864999621 0.6441732545 -0.4084549091 0.7253090157 0.7215573057
0.4839484520 -0.5366096342 -0.5275458506 0.6888812262 -0.8316210733 0.4259964442 -0.9981200795 0.6893272823 -0.7541432716 -0.5663589175 0.6272487646 -0.4383931012 0.7036951417 0.6996354753
0.4472634201 -0.5617602934 -0.5538199984 0.6668103902 -0.8185751807 0.4000750706 -0.9988389703 0.6672953702 -0.7358755878 -0.5462631577 0.6102797779 -0.4674557367 0.6826178102 0.6782555601
0.4115100774 -0.5861276544 -0.5792546706 0.6453062405 -0.8056748511 0.3749536214 -0.9993852027 0.6458303786 -0.7179353218 -0.5262145099 0.5932688963 -0.4956504806 0.6620716834 0.6574121889
0.3766797441 -0.6097186040 -0.6038574761 0.6243630978 -0.7929187813 0.3506239536 -0.9997599817 0.6249266207 -0.7003194354 -0.5062148009 0.5762187219 -0.5229849980 0.6420514237 0.6370999904
0.3427637405 -0.6325400291 -0.6276360236 0.6039752829 -0.7803056683 0.3270779240 -0.9999645125 0.6045784100 -0.6830248902 -0.4862658579 0.5591318568 -0.5494669540 0.6225516934 0.6173135934
0.3097533869 -0.6545988164 -0.6505979220 0.5841371168 -0.7678342090 0.3043073896 -1.0000000000 0.5847800596 -0.6660486481 -0.4663695078 0.5420109029 -0.5751040137 0.6035671550 0.5980476269
0.2776400035 -0.6759018529 -0.6727507799 0.5648429201 -0.7555031004 0.2823042072 -0.9998676494 0.5655258827 -0.6493876706 -0.4465275778 0.5248584624 -0.5999038422 0.5850924706 0.5792967195
0.2464149107 -0.6964560252 -0.6941022064 0.5460870138 -0.7433110395 0.2610602338 -0.9995686656 0.5468101927 -0.6330389196 -0.4267418948 0.5076771372 -0.6238741046 0.5671223027 0.5610555002
