0.0345007212 -0.0631923925 -0.1541773101 0.0737633428 0.2403912815 0.0649762282 -0.1803386780 0.0730695386 0.2923568515 0.5163459019 -0.4526048361 -0.0690306683 0.0838392930 0.0814639316
-0.0129996349 -0.1156007497 -0.2108870378 0.0278485689 0.2030364509 0.0188509024 -0.2381609183 0.0271192088 0.3411428872 0.4920561926 -0.4250768778 -0.1218010634 0.0383623484 0.0358350735
-0.0585501577 -0.1658715563 -0.2652544298 -0.0162348071 0.1672138123 -0.0254004852 -0.2935655282 -0.0169984678 0.3879581055 0.4686797002 -0.3985806189 -0.1724303261 -0.0053101567 -0.0079884004
-0.1021788087 -0.2140350488 -0.3173125024 -0.0585128843 0.1329006845 -0.0678048041 -0.3465861686 -0.0593096046 0.4328273577 0.4462021271 -0.3731003656 -0.2209486607 -0.0472039190 -0.0500321625
-0.1439135498 -0.2601214641 -0.3670942719 -0.0990117616 0.1000743863 -0.1083889239 -0.3972565004 -0.0998403150 0.4757754949 0.4246091756 -0.3486204240 -0.2673862713 -0.0873446353 -0.0903218850
-0.1837823425 -0.3041610387 -0.4146327547 -0.1377575379 0.0687122364 -0.1471797141 -0.4456101847 -0.1386167124 0.5168273684 0.4038865481 -0.3251251002 -0.3117733622 -0.1257580022 -0.1288832400
-0.2218131485 -0.3461840095 -0.4599609671 -0.1747763124 0.0387915538 -0.1842040442 -0.4916808822 -0.1756649104 0.5560078293 0.3840199469 -0.3025987002 -0.3541401375 -0.1624697165 -0.1657418999
-0.2580339296 -0.3862206131 -0.5031119254 -0.2100941839 0.0102896571 -0.2194887838 -0.5355022539 -0.2110110222 0.5933417288 0.3649950743 -0.2810255303 -0.3945168015 -0.1975054750 -0.2009235367
-0.2924726473 -0.4243010862 -0.5441186460 -0.2437372514 -0.0168161347 -0.2530608025 -0.5771079607 -0.2446811613 0.6288539182 0.3467976326 -0.2603898964 -0.4329335582 -0.2308909745 -0.2344538227
-0.3251572633 -0.4604556655 -0.5830141452 -0.2757316140 -0.0425485030 -0.2849469698 -0.6165316635 -0.2767014411 0.6625692485 0.3294133242 -0.2406761047 -0.4694206121 -0.2626519116 -0.2663584303
-0.3561157394 -0.4947145877 -0.6198314394 -0.3061033705 -0.0669301289 -0.3151741553 -0.6538070234 -0.3070979751 0.6945125711 0.3128278513 -0.2218684614 -0.5040081671 -0.2928139832 -0.2966630314
-0.3853760371 -0.5271080895 -0.6546035448 -0.3348786200 -0.0899836937 -0.3437692285 -0.6889677011 -0.3358968767 0.7247087370 0.2970269164 -0.2039512724 -0.5367264277 -0.3214028859 -0.3253932985
-0.4129661182 -0.5576664076 -0.6873634779 -0.3620834615 -0.1117318785 -0.3707590589 -0.7220473576 -0.3631242593 0.7531825976 0.2819962216 -0.1869088439 -0.5676055979 -0.3484443166 -0.3525749036
-0.4389139443 -0.5864197786 -0.7181442549 -0.3877439940 -0.1321973645 -0.3961705162 -0.7530796539 -0.3888062363 0.7799590039 0.2677214694 -0.1707254820 -0.5966758819 -0.3739639720 -0.3782335191
-0.4632474771 -0.6133984394 -0.7469788922 -0.4118863163 -0.1514028330 -0.4200304698 -0.7820982508 -0.4129689212 0.8050628071 0.2541883621 -0.1553854928 -0.6239674840 -0.3979875487 -0.4023948171
