-0.2637403573 -0.2768696230 -0.2482216283 -0.2279154535 -0.1344163845 -0.2761436372 -0.3015931922 -0.2273707776 0.2458926263 -0.6914933482 0.3225372431 -0.2719130798 -0.2202148423 -0.2231359441
-0.2833064073 -0.2965716630 -0.2677734581 -0.2472571531 -0.1510100839 -0.2958531532 -0.3214928654 -0.2467093972 0.2362136993 -0.7007097660 0.3425044846 -0.2915877529 -0.2394917480 -0.2424345821
-0.3025641324 -0.3159586514 -0.2870274113 -0.2663110397 -0.1672928095 -0.3152482456 -0.3410634659 -0.2657605184 0.2267894610 -0.7097727348 0.3621289735 -0.3109503412 -0.2584848712 -0.2614478575
-0.3215152902 -0.3350323230 -0.3059850392 -0.2850786786 -0.1832665813 -0.3343306266 -0.3603067559 -0.2845257028 0.2176179713 -0.7186828745 0.3814126482 -0.3300025512 -0.2771957563 -0.2801773269
-0.3401616387 -0.3537944125 -0.3246478933 -0.3035616349 -0.1989334199 -0.3531020085 -0.3792244978 -0.3030065120 0.2086972898 -0.7274408050 0.4003574472 -0.3487460893 -0.2956259474 -0.2986245468
-0.3585049355 -0.3722466547 -0.3430175249 -0.3217614738 -0.2142953454 -0.3715641034 -0.3978184537 -0.3212045074 0.2000254764 -0.7360471464 0.4189653091 -0.3671826619 -0.3137769886 -0.3167910736
-0.3765469384 -0.3903907844 -0.3610954854 -0.3396797605 -0.2293543783 -0.3897186235 -0.4160903861 -0.3391212506 0.1916005908 -0.7445025186 0.4372381722 -0.3853139755 -0.3316504242 -0.3346784640
-0.3942894053 -0.4082285363 -0.3788833263 -0.3573180601 -0.2441125387 -0.4075672809 -0.4340420571 -0.3567583032 0.1834206928 -0.7528075415 0.4551779752 -0.4031417366 -0.3492477985 -0.3522882744
-0.4117340939 -0.4257616454 -0.3963825989 -0.3746779379 -0.2585718471 -0.4251117880 -0.4516752292 -0.3741172268 0.1754838421 -0.7609628352 0.4727866566 -0.4206676514 -0.3665706555 -0.3696220613
-0.4288827621 -0.4429918464 -0.4135948546 -0.3917609591 -0.2727343237 -0.4423538568 -0.4689916645 -0.3911995828 0.1677880986 -0.7689690195 0.4900661548 -0.4378934266 -0.3836205394 -0.3866813814
-0.4457371676 -0.4599208740 -0.4305216448 -0.4085686888 -0.2866019889 -0.4592951996 -0.4859931254 -0.4080069328 0.1603315220 -0.7768267145 0.5070184084 -0.4548207685 -0.4003989946 -0.4034677910
-0.4622990681 -0.4765504631 -0.4471645209 -0.4251026922 -0.3001768629 -0.4759375286 -0.5026813741 -0.4245408384 0.1531121721 -0.7845365401 0.5236453559 -0.4714513836 -0.4169075651 -0.4199828469
-0.4785702216 -0.4928823485 -0.4635250342 -0.4413645345 -0.3134609662 -0.4922825559 -0.5190581730 -0.4408028611 0.1461281087 -0.7920991164 0.5399489358 -0.4877869782 -0.4331477952 -0.4362281053
-0.4945523858 -0.5089182648 -0.4796047362 -0.4573557809 -0.3264563189 -0.5083319937 -0.5351252843 -0.4567945625 0.1393773914 -0.7995150631 0.5559310865 -0.5038292589 -0.4491212290 -0.4522051230
-0.5102473184 -0.5246599471 -0.4954051782 -0.4730779966 -0.3391649415 -0.5240875543 -0.5508844703 -0.4725175040 0.1328580802 -0.8067850004 0.5715937467 -0.5195799320 -0.4648294108 -0.4679154564
