0.3901345351 0.3016906800 0.2020176429 0.4149362764 0.4705540390 0.3988106133 0.2254776901 0.4156056116 0.5151453422 0.4421997167 -0.5586034076 0.2907333704 0.4337845988 0.4338008475
0.3984308632 0.3106638601 0.2130203506 0.4244308564 0.4771325007 0.4069852651 0.2350952869 0.4250933860 0.5205626198 0.4500511376 -0.5652683768 0.3000351911 0.4433105109 0.4433043601
0.4070190278 0.3199637595 0.2243329460 0.4341450784 0.4840181365 0.4154506016 0.2450654435 0.4348005832 0.5263046406 0.4581746750 -0.5721665359 0.3096573687 0.4530398251 0.4530122733
0.4158866758 0.3295772439 0.2359422453 0.4440677382 0.4911986206 0.4241943141 0.2553744259 0.4447160043 0.5323589611 0.4665584326 -0.5792869577 0.3195868293 0.4629616412 0.4629136720
0.4250214540 0.3394911791 0.2478350645 0.4541876313 0.4986616270 0.4332040939 0.2660085005 0.4548284505 0.5387131377 0.4751905141 -0.5866187150 0.3298104987 0.4730650592 0.4729976411
0.4344110092 0.3496924310 0.2599982199 0.4644935534 0.5063948298 0.4424676321 0.2769539332 0.4651267228 0.5453547269 0.4840590229 -0.5941508805 0.3403153027 0.4833391787 0.4832532657
0.4440429885 0.3601678654 0.2724185275 0.4749743003 0.5143859031 0.4519726200 0.2881969902 0.4755996225 0.5522712850 0.4931520630 -0.6018725269 0.3510881674 0.4937730996 0.4936696307
0.4539050386 0.3709043481 0.2850828035 0.4856186675 0.5226225211 0.4617067487 0.2997239377 0.4862359506 0.5594503684 0.5024577378 -0.6097727271 0.3621160186 0.5043559218 0.5042358211
0.4639848064 0.3818887450 0.2979778640 0.4964154506 0.5310923576 0.4716577096 0.3115210418 0.4970245082 0.5668795336 0.5119641510 -0.6178405538 0.3733857822 0.5150767450 0.5149409218
0.4742699388 0.3931079219 0.3110905252 0.5073534455 0.5397830869 0.4818131937 0.3235745687 0.5079540965 0.5745463369 0.5216594063 -0.6260650797 0.3848843842 0.5259246690 0.5257740179
0.4847480828 0.4045487446 0.3244076032 0.5184214476 0.5486823831 0.4921608924 0.3358707844 0.5190135166 0.5824383347 0.5315316073 -0.6344353777 0.3965987504 0.5368887937 0.5367241942
0.4954068850 0.4161980789 0.3379159141 0.5296082527 0.5577779202 0.5026884969 0.3483959552 0.5301915696 0.5905430836 0.5415688577 -0.6429405205 0.4085158068 0.5479582189 0.5477805358
0.5062339926 0.4280427907 0.3516022741 0.5409026565 0.5670573722 0.5133836983 0.3611363471 0.5414770566 0.5988481397 0.5517592612 -0.6515695809 0.4206224792 0.5591220444 0.5589321277
0.5172170522 0.4400697458 0.3654534993 0.5522934545 0.5765084133 0.5242341880 0.3740782263 0.5528587787 0.6073410597 0.5620909214 -0.6603116316 0.4329056936 0.5703693700 0.5701680547
0.5283437108 0.4522658100 0.3794564059 0.5637694424 0.5861187176 0.5352276570 0.3872078590 0.5643255372 0.6160093998 0.5725519419 -0.6691557453 0.4453523758 0.5816892956 0.5814774018
