-0.7521217050 -0.8198906755 -0.9128396554 -0.7029962579 -0.8858376208 -0.7738765478 -0.9452155572 -0.7003773637 -0.6102213245 0.1900347446 0.1366563481 -0.8104313288 -0.6225932014 -0.6652784799
-0.7649540542 -0.8311673544 -0.9201399601 -0.7169079194 -0.8944029662 -0.7852875278 -0.9516844139 -0.7143397242 -0.6138129209 0.1873486579 0.1408218151 -0.8221944947 -0.6378685462 -0.6796809029
-0.7774493270 -0.8420876207 -0.9271254559 -0.7305048424 -0.9025918874 -0.7963750804 -0.9577377336 -0.7279886230 -0.6170635302 0.1847804353 0.1447917134 -0.8335874956 -0.6528686509 -0.6937908677
-0.7896071932 -0.8526506433 -0.9337955214 -0.7437855928 -0.9104094577 -0.8071414085 -0.9633774676 -0.7413225781 -0.6199809285 0.1823249642 0.1485715260 -0.8446096725 -0.6675908553 -0.7076066891
-0.8014273224 -0.8628555910 -0.9401495357 -0.7567487363 -0.9178607509 -0.8175887152 -0.9686055673 -0.7543401079 -0.6225728922 0.1799771318 0.1521667364 -0.8552603663 -0.6820324988 -0.7211266818
-0.8129093844 -0.8727016328 -0.9461868776 -0.7693928386 -0.9249508406 -0.8277192034 -0.9734239840 -0.7670397306 -0.6248471976 0.1777318254 0.1555828276 -0.8655389177 -0.6961909209 -0.7343491604
-0.8240530489 -0.8821879375 -0.9519069260 -0.7817164656 -0.9316848004 -0.8375350761 -0.9778346691 -0.7794199644 -0.6268116211 0.1755839323 0.1588252830 -0.8754446677 -0.7100634613 -0.7472724398
-0.8348579855 -0.8913136741 -0.9573090598 -0.7937181831 -0.9380677037 -0.8470385363 -0.9818395739 -0.7914793277 -0.6284739388 0.1735283396 0.1618995857 -0.8849769572 -0.7236474595 -0.7598948347
-0.8453238641 -0.9000780113 -0.9623926580 -0.8053965567 -0.9441046244 -0.8562317869 -0.9854406497 -0.8032163386 -0.6298419271 0.1715599348 0.1648112189 -0.8941351269 -0.7369402549 -0.7722146598
-0.8554503543 -0.9084801181 -0.9671570993 -0.8167501523 -0.9498006359 -0.8651170310 -0.9886398480 -0.8146295154 -0.6309233623 0.1696736049 0.1675656659 -0.9029185179 -0.7499391872 -0.7842302299
-0.8652371258 -0.9165191634 -0.9716017628 -0.8277775356 -0.9551608118 -0.8736964714 -0.9914391199 -0.8257173764 -0.6317260207 0.1678642373 0.1701684099 -0.9113264709 -0.7626415959 -0.7959398596
-0.8746838484 -0.9241943160 -0.9757260274 -0.8384772725 -0.9601902258 -0.8819723113 -0.9938404169 -0.8364784398 -0.6322576786 0.1661267192 0.1726249341 -0.9193583268 -0.7750448206 -0.8073418638
-0.8837901917 -0.9315047449 -0.9795292718 -0.8488479287 -0.9648939514 -0.8899467535 -0.9958456903 -0.8469112238 -0.6325261123 0.1644559379 0.1749407218 -0.9270134265 -0.7871462007 -0.8184345572
-0.8925558256 -0.9384496189 -0.9830108750 -0.8588880699 -0.9692770622 -0.8976220011 -0.9974568914 -0.8570142468 -0.6325390981 0.1628467807 0.1771212561 -0.9342911109 -0.7989430759 -0.8292162544
-0.9009804196 -0.9450281070 -0.9861702160 -0.8685962619 -0.9733446319 -0.9050002570 -0.9986759716 -0.8667860270 -0.6323044123 0.1612941348 0.1791720203 -0.9411907208 -0.8104327857 -0.8396852703
