0.3754531607 0.4827154394 0.5135444915 0.4859275979 -0.8724423563 0.4212186920 0.2799497891 0.4812243821 -0.9862374471 0.0913939648 -0.1973625620 0.4632180905 0.5273187777 0.5346049575
0.3650260200 0.4898576231 0.5203798343 0.4927050793 -0.8811062409 0.4295374761 0.2904509646 0.4880742862 -0.9893162785 0.1062973177 -0.2083704075 0.4705777426 0.5334236145 0.5406377693
0.3545550778 0.4972363367 0.5274320532 0.4997309647 -0.8895027427 0.4381083752 0.3012618330 0.4951745210 -0.9920166866 0.1215249018 -0.2197537897 0.4781853751 0.5397613750 0.5468988391
0.3440414819 0.5048544417 0.5347038093 0.5070083034 -0.8976275827 0.4469342950 0.3123857296 0.5025281504 -0.9943338097 0.1370796908 -0.2315167776 0.4860439608 0.5463350034 0.5533910635
0.3334863800 0.5127147991 0.5421977638 0.5145401446 -0.9054764820 0.4560181416 0.3238259895 0.5101382379 -0.9962627866 0.1529646583 -0.2436634404 0.4941564730 0.5531474440 0.5601173392
0.3228909198 0.5208202702 0.5499165779 0.5223295374 -0.9130451618 0.4653628207 0.3355859481 0.5180078471 -0.9977987555 0.1691827779 -0.2561978469 0.5025258845 0.5602016409 0.5670805627
0.3122562490 0.5291737161 0.5578629128 0.5303795311 -0.9203293430 0.4749712384 0.3476689407 0.5261400416 -0.9989368550 0.1857370233 -0.2691240662 0.5111551685 0.5675005384 0.5742836307
0.3015835154 0.5377779981 0.5660394296 0.5386931748 -0.9273247467 0.4848463004 0.3600783024 0.5345378851 -0.9996722237 0.2026303680 -0.2824461673 0.5200472978 0.5750470808 0.5817294399
0.2908738666 0.5466359774 0.5744487895 0.5472735177 -0.9340270941 0.4949909128 0.3728173685 0.5432044413 -1.0000000000 0.2198657859 -0.2961682192 0.5292052456 0.5828442122 0.5894208869
0.2801284503 0.5557505151 0.5830936537 0.5561236090 -0.9404321061 0.5054079815 0.3858894743 0.5521427737 -0.9999153224 0.2374462503 -0.3102942909 0.5386319847 0.5908948768 0.5973608684
0.2693484142 0.5651244725 0.5919766833 0.5652464979 -0.9465355039 0.5161004122 0.3992979551 0.5613559459 -0.9994133294 0.2553747351 -0.3248284514 0.5483304883 0.5992020190 0.6055522810
0.2585349061 0.5747607107 0.6011005396 0.5746452335 -0.9523330085 0.5270711110 0.4130461461 0.5708470216 -0.9984891596 0.2736542139 -0.3397747698 0.5583037294 0.6077685830 0.6139980213
0.2476890737 0.5846620910 0.6104678836 0.5843228651 -0.9578203409 0.5383229837 0.4271373825 0.5806190645 -0.9971379513 0.2922876602 -0.3551373150 0.5685546809 0.6165975129 0.6227009861
0.2368120646 0.5948314745 0.6200813765 0.5942824418 -0.9629932223 0.5498589363 0.4415749997 0.5906751380 -0.9953548432 0.3112780478 -0.3709201560 0.5790863158 0.6256917530 0.6316640719
0.2259050266 0.6052717225 0.6299436796 0.6045270128 -0.9678473737 0.5616818746 0.4563623328 0.6010183060 -0.9931349736 0.3306283502 -0.3871273619 0.5899016072 0.6350542476 0.6408901754
