-0.5557242358 -0.5330894540 -0.3223943098 -0.4818739729 -0.6568956973 -0.6022380657 -0.1371547338 -0.4811734693 -0.4757561192 -0.1083262574 0.6328049357 -0.5333211635 -0.4744640422 -0.4738827534
-0.5693669763 -0.5434919645 -0.3297331995 -0.4982262573 -0.6668068295 -0.6139941671 -0.1412248588 -0.4975422246 -0.4805206533 -0.1080416489 0.6441946142 -0.5440223809 -0.4911254209 -0.4905919870
-0.5833322696 -0.5542304745 -0.3373791051 -0.5149215135 -0.6770140461 -0.6260737459 -0.1455657763 -0.5142548523 -0.4855220422 -0.1079492561 0.6558415103 -0.5550651431 -0.5081289703 -0.5076415211
-0.5976229163 -0.5653081626 -0.3453350719 -0.5319625363 -0.6875201735 -0.6384797658 -0.1501803440 -0.5313141548 -0.4907628230 -0.1080514242 0.6677479229 -0.5664526652 -0.5254774515 -0.5250340932
-0.6122417170 -0.5767282072 -0.3536041452 -0.5493521200 -0.6983280381 -0.6512151903 -0.1550714196 -0.5487229349 -0.4962455326 -0.1083504983 0.6799161512 -0.5781881619 -0.5431736253 -0.5427724407
-0.6271914723 -0.5884937870 -0.3621893704 -0.5670930592 -0.7094404662 -0.6642829829 -0.1602418607 -0.5664839951 -0.5019727079 -0.1088488234 0.6923484942 -0.5902748483 -0.5612202528 -0.5608593013
-0.6424749828 -0.6006080805 -0.3710937929 -0.5851881482 -0.7208602842 -0.6776861072 -0.1656945249 -0.5846001379 -0.5079468859 -0.1095487447 0.7050472511 -0.6027159392 -0.5796200950 -0.5792974123
-0.6580950492 -0.6130742662 -0.3803204578 -0.6036401818 -0.7325903186 -0.6914275267 -0.1714322700 -0.6030741660 -0.5141706037 -0.1104526072 0.7180147207 -0.6155146495 -0.5983759129 -0.5980895114
-0.6740544720 -0.6258955228 -0.3898724106 -0.6224519542 -0.7446333956 -0.7055102049 -0.1774579536 -0.6219088820 -0.5206463981 -0.1115627561 0.7312532023 -0.6286741942 -0.6174904674 -0.6172383359
-0.6903560519 -0.6390750288 -0.3997526967 -0.6416262600 -0.7569923417 -0.7199371055 -0.1837744335 -0.6411070884 -0.5273768062 -0.1128815364 0.7447649948 -0.6421977880 -0.6369665195 -0.6367466235
-0.7070025895 -0.6526159628 -0.4099643612 -0.6611658937 -0.7696699832 -0.7347111919 -0.1903845672 -0.6606715878 -0.5343643649 -0.1144112933 0.7585523973 -0.6560886460 -0.6568068303 -0.6566171115
-0.7239968855 -0.6665215033 -0.4205104496 -0.6810736499 -0.7826691466 -0.7498354277 -0.1972912125 -0.6806051829 -0.5416116112 -0.1161543719 0.7726177089 -0.6703499830 -0.6770141607 -0.6768525376
-0.7413417404 -0.6807948289 -0.4313940072 -0.7013523228 -0.7959926582 -0.7653127764 -0.2044972270 -0.7009106761 -0.5491210820 -0.1181131171 0.7869632287 -0.6849850139 -0.6975912717 -0.6974556393
-0.7590399549 -0.6954391181 -0.4426180793 -0.7220047072 -0.8096433444 -0.7811462017 -0.2120054683 -0.7215908701 -0.5568953144 -0.1202898743 0.8015912557 -0.6999969537 -0.7185409243 -0.7184291540
-0.7770943295 -0.7104575495 -0.4541857112 -0.7430335974 -0.8236240315 -0.7973386669 -0.2198187943 -0.7426485675 -0.5649368453 -0.1226869883 0.8165040889 -0.7153890172 -0.7398658794 -0.7397758192
