0.4888874258 0.4572942941 0.4617852136 0.3129379481 0.5749560580 0.4810610574 0.4022733215 0.3118820690 0.2940497601 -0.4685366676 -0.1486895680 0.4394652015 0.2837904262 0.2921909719
0.5060083506 0.4773018690 0.4810748775 0.3264227527 0.5976684896 0.4982940176 0.4271482570 0.3251903480 0.2941377800 -0.4888634106 -0.1583808416 0.4602894877 0.2962351551 0.3046690227
0.5241202918 0.4981813867 0.5012839087 0.3409127487 0.6203681327 0.5165482935 0.4527036162 0.3394983756 0.2934133389 -0.5099709669 -0.1690212510 0.4819990665 0.3096628715 0.3181275594
0.5432401237 0.5199467375 0.5224272703 0.3564256787 0.6430505443 0.5358412925 0.4789484296 0.3548238322 0.2918600124 -0.5318714482 -0.1806281370 0.5046078578 0.3240911031 0.3325840674
0.5633847205 0.5426118114 0.5445199256 0.3729792853 0.6657112812 0.5561904220 0.5058917275 0.3711843982 0.2894613761 -0.5545769660 -0.1932188408 0.5281297813 0.3395373774 0.3480560319
0.5845709566 0.5661904986 0.5675768379 0.3905913110 0.6883459001 0.5776130892 0.5335425403 0.3885977540 0.2862010056 -0.5780996319 -0.2068107034 0.5525787569 0.3560192223 0.3645609383
0.6068157063 0.5906966893 0.5916129703 0.4092794983 0.7109499579 0.6001267015 0.5619098983 0.4070815799 0.2820624766 -0.6024515575 -0.2214210657 0.5779687044 0.3735541653 0.3821162716
0.6301358439 0.6161442736 0.6166432861 0.4290615897 0.7335190114 0.6237486662 0.5910028321 0.4266535563 0.2770293646 -0.6276448544 -0.2370672690 0.6043135438 0.3921597340 0.4007395174
0.6545482438 0.6425471417 0.6426827485 0.4499553279 0.7560486174 0.6484963907 0.6208303719 0.4473313637 0.2710852452 -0.6536916343 -0.2537666542 0.6316271948 0.4118534562 0.4204481607
0.6800697801 0.6699191837 0.6697463208 0.4719784552 0.7785343328 0.6743872822 0.6514015482 0.4691326824 0.2642136941 -0.6806040086 -0.2715365623 0.6599235773 0.4326528595 0.4412596870
0.7067173273 0.6982742897 0.6978489663 0.4951487143 0.8009717143 0.7014387482 0.6827253913 0.4920751928 0.2563982869 -0.7083940890 -0.2903943344 0.6892166111 0.4545754715 0.4631915814
0.7345077596 0.7276263499 0.7270056481 0.5194838477 0.8233563188 0.7296681959 0.7148109316 0.5161765754 0.2476225991 -0.7370739871 -0.3103573115 0.7195202161 0.4776388199 0.4862613293
0.7634579514 0.7579892544 0.7572313295 0.5450015979 0.8456837031 0.7590930327 0.7476671995 0.5414545104 0.2378702064 -0.7666558145 -0.3314428347 0.7508483121 0.5018604324 0.5104864159
0.7935847769 0.7893768934 0.7885409737 0.5717197074 0.8679494240 0.7897306659 0.7813032254 0.5679266784 0.2271246843 -0.7971516827 -0.3536682450 0.7832148190 0.5272578366 0.5358843265
0.8249051105 0.8218031571 0.8209495440 0.5996559189 0.8901490383 0.8215985028 0.8157280397 0.5956107596 0.2153696085 -0.8285737035 -0.3770508834 0.8166336566 0.5538485602 0.5624725465
