-0.5830234340 0.0771722646 0.1113126789 -0.6922645565 -0.2922168143 0.1741476638 0.6709575213 -0.6865088978 0.7873793557 0.3524126001 -0.5103315585 0.0531542975 -0.7206427234 -0.7190221767
-0.5913244715 0.0784802530 0.1162735972 -0.6966094897 -0.3063109661 0.1762664462 0.6811057149 -0.6907863344 0.7762952823 0.3687260607 -0.5236215573 0.0539880703 -0.7258652850 -0.7242611515
-0.5998213779 0.0796584238 0.1211592106 -0.7010988743 -0.3207343187 0.1782589978 0.6912186846 -0.6952077152 0.7649021358 0.3851635536 -0.5369550039 0.0546868799 -0.7312361251 -0.7296500204
-0.6085156654 0.0807054511 0.1259684872 -0.7057339916 -0.3354892069 0.1801239970 0.7012956381 -0.6997743198 0.7531979485 0.4017255094 -0.5503316946 0.0552493759 -0.7367565181 -0.7351900709
-0.6174088464 0.0816200085 0.1307003946 -0.7105161231 -0.3505779653 0.1818601221 0.7113357830 -0.7044874276 0.7411807525 0.4184123583 -0.5637514258 0.0556742076 -0.7424277385 -0.7408825905
-0.6265024333 0.0824007700 0.1353539009 -0.7154465500 -0.3660029288 0.1834660516 0.7213383268 -0.7093483180 0.7288485798 0.4352245309 -0.5772139938 0.0559600248 -0.7482510611 -0.7467288667
-0.6357979383 0.0830464093 0.1399279738 -0.7205265537 -0.3817664320 0.1849404637 0.7313024773 -0.7143582707 0.7161994627 0.4521624575 -0.5907191950 0.0561054769 -0.7542277602 -0.7527301871
-0.6452968739 0.0835556003 0.1444215812 -0.7257574155 -0.3978708096 0.1862820367 0.7412274420 -0.7195185651 0.7032314333 0.4692265685 -0.6042668256 0.0561092134 -0.7603591105 -0.7588878390
-0.6550007524 0.0839270169 0.1488336910 -0.7311404168 -0.4143183964 0.1874894491 0.7511124287 -0.7248304808 0.6899425236 0.4864172944 -0.6178566820 0.0559698840 -0.7666463866 -0.7652031101
-0.6649110862 0.0841593328 0.1531632710 -0.7366768389 -0.4311115271 0.1885613791 0.7609566448 -0.7302952971 0.6763307658 0.5037350655 -0.6314885607 0.0556861381 -0.7730908629 -0.7716772877
-0.6750293875 0.0842512218 0.1574092891 -0.7423679632 -0.4482525365 0.1894965052 0.7707592980 -0.7359142936 0.6623941921 0.5211803122 -0.6451622578 0.0552566254 -0.7796938141 -0.7783116596
-0.6853571687 0.0842013579 0.1615707131 -0.7482150709 -0.4657437592 0.1902935056 0.7805195960 -0.7416887499 0.6481308345 0.5387534650 -0.6588775698 0.0546799952 -0.7864565147 -0.7851075130
-0.6958959422 0.0840084149 0.1656465110 -0.7542194436 -0.4835875301 0.1909510587 0.7902367464 -0.7476199453 0.6335387253 0.5564549543 -0.6726342930 0.0539548972 -0.7933802392 -0.7920661356
-0.7066472204 0.0836710665 0.1696356506 -0.7603823624 -0.5017861837 0.1914678429 0.7999099568 -0.7537091594 0.6186158965 0.5742852104 -0.6864322237 0.0530799810 -0.8004662623 -0.7991888148
-0.7176125155 0.0831879866 0.1735370997 -0.7667051087 -0.5203420550 0.1918425365 0.8095384348 -0.7599576717 0.6033603802 0.5922446638 -0.7002711584 0.0520538960 -0.8077158584 -0.8064768382
