-0.4024977394 -0.1128303263 -0.1781439128 -0.5678419549 -0.0759111345 -0.0917862292 0.0965577519 -0.5636088320 0.2428752501 -0.0793047349 -0.1351901150 -0.1261493562 -0.6504178272 -0.6383044816
-0.3960056874 -0.1017396746 -0.1667468883 -0.5609299673 -0.0695415386 -0.0806679871 0.1093921434 -0.5566538977 0.2495107494 -0.0670484265 -0.1480199680 -0.1151185997 -0.6444160228 -0.6322047103
-0.3895525252 -0.0906435982 -0.1553215099 -0.5540013013 -0.0632841223 -0.0695484479 0.1222323888 -0.5496823963 0.2559805352 -0.0547338938 -0.1608422272 -0.1040808049 -0.6383966875 -0.6260886469
-0.3831398252 -0.0795434684 -0.1438689313 -0.5470569750 -0.0571411893 -0.0584290260 0.1350770945 -0.5426953498 0.2622817662 -0.0423616127 -0.1736552982 -0.0930373232 -0.6323607754 -0.6199572648
-0.3767691599 -0.0684406561 -0.1323903060 -0.5400980067 -0.0511150434 -0.0473111357 0.1479248670 -0.5356937800 0.2684116009 -0.0299320587 -0.1864575865 -0.0819895060 -0.6263092405 -0.6138115371
-0.3704421016 -0.0573365323 -0.1208867875 -0.5331254144 -0.0452079883 -0.0361961916 0.1607743129 -0.5286787089 0.2743671979 -0.0174457076 -0.1992474975 -0.0709387046 -0.6202430368 -0.6076524372
-0.3641602229 -0.0462324680 -0.1093595295 -0.5261402163 -0.0394223279 -0.0250856081 0.1736240387 -0.5216511583 0.2801457155 -0.0049030349 -0.2120234369 -0.0598862704 -0.6141631183 -0.6014809382
-0.3579250961 -0.0351298344 -0.0978096855 -0.5191434305 -0.0337603658 -0.0139807996 0.1864726508 -0.5146121500 0.2857443124 0.0076954836 -0.2247838101 -0.0488335547 -0.6080704391 -0.5952980135
-0.3517382937 -0.0240300024 -0.0862384091 -0.5121360752 -0.0282244058 -0.0028831806 0.1993187557 -0.5075627061 0.2911601471 0.0203493722 -0.2375270226 -0.0377819090 -0.6019659533 -0.5891046362
-0.3456013882 -0.0129343430 -0.0746468538 -0.5051191685 -0.0228167517 0.0082058345 0.2121609600 -0.5005038483 0.2963903782 0.0330581554 -0.2502514800 -0.0267326847 -0.5958506148 -0.5829017797
-0.3395159520 -0.0018442274 -0.0630361732 -0.4980937285 -0.0175397072 0.0192848313 0.2249978702 -0.4934365985 0.3014321641 0.0458213574 -0.2629555877 -0.0156872330 -0.5897253776 -0.5766904171
-0.3334835575 0.0092389736 -0.0514075210 -0.4910607734 -0.0123955761 0.0303523953 0.2378280928 -0.4863619786 0.3062826634 0.0586385026 -0.2756377513 -0.0046469054 -0.5835911959 -0.5704715217
-0.3275057773 0.0203138888 -0.0397620505 -0.4840213214 -0.0073866620 0.0414071121 0.2506502342 -0.4792810105 0.3109390346 0.0715091154 -0.2882963763 0.0063869468 -0.5774490236 -0.5642460667
-0.3215841836 0.0313791472 -0.0281009155 -0.4769763905 -0.0025152689 0.0524475672 0.2634629010 -0.4721947161 0.3153984362 0.0844327199 -0.3009298682 0.0174129721 -0.5712998147 -0.5580150255
-0.3157203490 0.0424333778 -0.0164252695 -0.4699269990 0.0022162996 0.0634723463 0.2762646997 -0.4651041172 0.3196580268 0.0974088407 -0.3135366325 0.0284298192 -0.5651445234 -0.5517793712
