-0.5222803003 -0.4920041184 -0.5449631096 -0.4632903136 -0.5021819103 -0.5124350366 -0.5294048708 -0.4623782119 -0.4926409065 -0.7140084956 0.5107646998 -0.5305156785 -0.4322132185 -0.4692007717
-0.5335453182 -0.5035695559 -0.5553930677 -0.4747701760 -0.5134722992 -0.5239769275 -0.5404048729 -0.4738673465 -0.5039599733 -0.7203628500 0.5211932410 -0.5419530646 -0.4436724072 -0.4805969230
-0.5446549270 -0.5149882374 -0.5656931115 -0.4861104553 -0.5246125921 -0.5353665014 -0.5512638345 -0.4852171612 -0.5151314750 -0.7266471212 0.5315028177 -0.5532330291 -0.4549995876 -0.4918516952
-0.5556098583 -0.5262606269 -0.5758635530 -0.4973116442 -0.5356034774 -0.5466042586 -0.5619821420 -0.4964281406 -0.5261560657 -0.7328612642 0.5416936439 -0.5643561698 -0.4661952142 -0.5029656511
-0.5664108435 -0.5373871887 -0.5859047041 -0.5083742354 -0.5464456434 -0.5576906993 -0.5725601822 -0.5075007692 -0.5370343992 -0.7390052341 0.5517659335 -0.5753230842 -0.4772597421 -0.5139393530
-0.5770586139 -0.5483683870 -0.5958168768 -0.5192987214 -0.5571397786 -0.5686263239 -0.5829983417 -0.5184355314 -0.5477671296 -0.7450789860 0.5617199005 -0.5861343699 -0.4881936259 -0.5247733637
-0.5875539009 -0.5592046858 -0.6056003829 -0.5300855949 -0.5676865715 -0.5794116324 -0.5932970072 -0.5292329117 -0.5583549109 -0.7510824750 0.5715557590 -0.5967906246 -0.4989973204 -0.5354682457
-0.5978974361 -0.5698965494 -0.6152555346 -0.5407353486 -0.5780867103 -0.5900471252 -0.6034565654 -0.5398933946 -0.5687983970 -0.7570156562 0.5812737228 -0.6072924459 -0.5096712805 -0.5460245615
-0.6080899507 -0.5804444419 -0.6247826436 -0.5512484750 -0.5883408834 -0.6005333025 -0.6134774028 -0.5504174647 -0.5790982419 -0.7628784848 0.5908740060 -0.6176404314 -0.5202159610 -0.5564428738
-0.6181321763 -0.5908488274 -0.6341820220 -0.5616254669 -0.5984497794 -0.6108706646 -0.6233599061 -0.5608056063 -0.5892550996 -0.7686709157 0.6003568225 -0.6278351788 -0.5306318166 -0.5667237450
-0.6280248441 -0.6011101702 -0.6434539817 -0.5718668168 -0.6084140865 -0.6210597117 -0.6331044620 -0.5710583039 -0.5992696240 -0.7743929041 0.6097223864 -0.6378772857 -0.5409193021 -0.5768677377
-0.6377686858 -0.6112289345 -0.6525988346 -0.5819730174 -0.6182344932 -0.6311009441 -0.6427114572 -0.5811760421 -0.6091424692 -0.7800444050 0.6189709116 -0.6477673497 -0.5510788725 -0.5868754146
-0.6473644325 -0.6212055843 -0.6616168927 -0.5919445614 -0.6279116879 -0.6409948620 -0.6521812783 -0.5911593054 -0.6188742891 -0.7856253736 0.6281026120 -0.6575059685 -0.5611109823 -0.5967473382
-0.6568128159 -0.6310405838 -0.6705084679 -0.6017819413 -0.6374463590 -0.6507419656 -0.6615143120 -0.6010085782 -0.6284657377 -0.7911357650 0.6371177018 -0.6670937396 -0.5710160865 -0.6064840710
-0.6661145672 -0.6407343972 -0.6792738722 -0.6114856498 -0.6468391948 -0.6603427552 -0.6707109448 -0.6107243450 -0.6379174689 -0.7965755342 0.6460163948 -0.6765312608 -0.5807946398 -0.6160861756
