0.9380621216 -0.5751217098 -0.5044882783 0.6474114290 -0.1209171885 -0.7013085711 -0.9962029637 0.6120272089 -0.5576453424 -0.9928779411 0.9987406982 -0.6557187457 0.5733443891 0.6169827277
0.9428702914 -0.5727051419 -0.5022593677 0.6555717247 -0.1249922518 -0.6996138894 -0.9956253140 0.6203444780 -0.5625366724 -0.9921039107 0.9982845569 -0.6537752370 0.5825075819 0.6258680267
0.9474715925 -0.5703008784 -0.5000545178 0.6636130784 -0.1289770668 -0.6979219331 -0.9950055345 0.6285491577 -0.5672864238 -0.9912883853 0.9977583025 -0.6518380440 0.5915647202 0.6346389151
0.9518676240 -0.5679083677 -0.4978730427 0.6715362641 -0.1328726927 -0.6962321449 -0.9943433870 0.6366419337 -0.5718960267 -0.9904311395 0.9971620274 -0.6499066086 0.6005160179 0.6432957468
0.9560599850 -0.5655270587 -0.4957142565 0.6793420558 -0.1366801888 -0.6945439671 -0.9936386328 0.6446234919 -0.5763669116 -0.9895319483 0.9964958239 -0.6479803727 0.6093616894 0.6518388754
0.9600502748 -0.5631563999 -0.4935774732 0.6870312275 -0.1404006143 -0.6928568422 -0.9928910335 0.6524945179 -0.5807005085 -0.9885905863 0.9957597844 -0.6460587782 0.6181019488 0.6602686545
0.9638400924 -0.5607958398 -0.4914620069 0.6946045532 -0.1440350285 -0.6911702126 -0.9921003506 0.6602556976 -0.5848982479 -0.9876068284 0.9949540011 -0.6441412669 0.6267370102 0.6685854379
0.9674310371 -0.5584448272 -0.4893671716 0.7020628068 -0.1475844907 -0.6894835208 -0.9912663457 0.6679077165 -0.5889615600 -0.9865804493 0.9940785665 -0.6422272808 0.6352670877 0.6767895791
0.9708247080 -0.5561028106 -0.4872922813 0.7094067624 -0.1510500602 -0.6877962092 -0.9903887801 0.6754512606 -0.5928918750 -0.9855112238 0.9931335729 -0.6403162617 0.6436923956 0.6848814319
0.9740227042 -0.5537692386 -0.4852366501 0.7166371939 -0.1544327962 -0.6861077202 -0.9894674156 0.6828870154 -0.5966906232 -0.9843989267 0.9921191125 -0.6384076514 0.6520131479 0.6928613500
0.9770266249 -0.5514435599 -0.4831995922 0.7237548754 -0.1577337580 -0.6844174964 -0.9885020135 0.6902156668 -0.6003592349 -0.9832433327 0.9910352778 -0.6365008920 0.6602295588 0.7007296870
0.9798380693 -0.5491252230 -0.4811804214 0.7307605807 -0.1609540049 -0.6827249801 -0.9874923354 0.6974379005 -0.6038991404 -0.9820442167 0.9898821611 -0.6345954252 0.6683418425 0.7084867966
0.9824586365 -0.5468136767 -0.4791784519 0.7376550839 -0.1640945961 -0.6810296139 -0.9864381427 0.7045544023 -0.6073117698 -0.9808013534 0.9886598547 -0.6326906929 0.6763502132 0.7161330324
0.9848899257 -0.5445083694 -0.4771929977 0.7444391590 -0.1671565910 -0.6793308401 -0.9853391971 0.7115658578 -0.6105985536 -0.9795145177 0.9873684511 -0.6307861371 0.6842548849 0.7236687482
0.9871335359 -0.5422087498 -0.4752233729 0.7511135800 -0.1701410487 -0.6776281012 -0.9841952600 0.7184729529 -0.6137609219 -0.9781834842 0.9860080424 -0.6288811995 0.6920560718 0.7310942976
