-0.7634415957 -0.8517987498 -0.7868399980 -0.6375407723 -0.8500509557 -0.8310179523 -0.8441360861 -0.6337373730 -0.8761058158 -0.8903264624 0.8425778482 -0.8235729112 -0.6319644867 -0.6365770943
-0.7770367967 -0.8610200892 -0.7949617969 -0.6456067894 -0.8622224970 -0.8405621820 -0.8531052668 -0.6418529447 -0.8873699218 -0.8965746186 0.8514711357 -0.8336651804 -0.6397550075 -0.6441778235
-0.7902175281 -0.8699486654 -0.8029876252 -0.6537443544 -0.8738368406 -0.8498391095 -0.8618199805 -0.6500411405 -0.8980529603 -0.9026646099 0.8601191267 -0.8434664216 -0.6476352752 -0.6518732465
-0.8029849105 -0.8785841390 -0.8109134440 -0.6619462125 -0.8848995604 -0.8588478050 -0.8702791691 -0.6582946756 -0.9081616109 -0.9085940525 0.8685205948 -0.8529760595 -0.6555977430 -0.6596557589
-0.8153400650 -0.8869261708 -0.8187352147 -0.6702051085 -0.8954162302 -0.8675873384 -0.8784817743 -0.6666062654 -0.9177025536 -0.9143605631 0.8766743138 -0.8621935187 -0.6636348643 -0.6675177559
-0.8272841123 -0.8949744213 -0.8264488984 -0.6785137873 -0.9053924238 -0.8760567796 -0.8864267379 -0.6749686254 -0.9266824679 -0.9199617581 0.8845790574 -0.8711182237 -0.6717390924 -0.6754516330
-0.8388181732 -0.9027285513 -0.8340504564 -0.6868649940 -0.9148337152 -0.8842551986 -0.8941130017 -0.6833744708 -0.9351080336 -0.9253952540 0.8922335992 -0.8797495991 -0.6799028805 -0.6834497857
-0.8499433686 -0.9101882213 -0.8415358499 -0.6952514735 -0.9237456780 -0.8921816654 -0.9015395075 -0.6918165172 -0.9429859305 -0.9306586673 0.8996367128 -0.8880870694 -0.6881186821 -0.6915046093
-0.8606608193 -0.9173530920 -0.8489010403 -0.7036659707 -0.9321338862 -0.8998352500 -0.9087051972 -0.7002874797 -0.9503228384 -0.9357496144 0.9067871721 -0.8961300593 -0.6963789504 -0.6996084992
-0.8709716462 -0.9242228241 -0.8561419886 -0.7121012306 -0.9400039135 -0.9072150223 -0.9156090126 -0.7087800739 -0.9571254370 -0.9406657119 0.9136837507 -0.9038779931 -0.7046761388 -0.7077538508
-0.8808769700 -0.9307970781 -0.8632546563 -0.7205499981 -0.9473613338 -0.9143200523 -0.9222498953 -0.7172870152 -0.9634004060 -0.9454045761 0.9203252222 -0.9113302956 -0.7130027005 -0.7159330597
-0.8903779115 -0.9370755148 -0.8702350044 -0.7290050182 -0.9542117209 -0.9211494100 -0.9286267873 -0.7258010188 -0.9691544252 -0.9499638237 0.9267103603 -0.9184863913 -0.7213510888 -0.7241385211
-0.8994755917 -0.9430577949 -0.8770789943 -0.7374590358 -0.9605606487 -0.9277021653 -0.9347386303 -0.7343148002 -0.9743941743 -0.9543410710 0.9328379388 -0.9253457047 -0.7297137571 -0.7323626305
-0.9081711313 -0.9487435788 -0.8837825871 -0.7459047959 -0.9664136909 -0.9339773881 -0.9405843662 -0.7428210747 -0.9791263332 -0.9585339346 0.9387067313 -0.9319076604 -0.7380831587 -0.7405977833
-0.9164656512 -0.9541325273 -0.8903417442 -0.7543350434 -0.9717764215 -0.9399741486 -0.9461629368 -0.7513125578 -0.9833575815 -0.9625400309 0.9443155114 -0.9381716830 -0.7464517469 -0.7488363749
