-0.1622702800 -0.2334471114 -0.2650910416 -0.3296176548 0.3515723991 -0.2029300507 -0.1384355724 -0.3312236204 0.8047684837 -0.2507854820 0.0484395591 -0.1933286231 -0.3497016494 -0.3564378185
-0.1665144003 -0.2364547848 -0.2677680185 -0.3334513812 0.3463510666 -0.2056864544 -0.1408014626 -0.3350501220 0.7990780883 -0.2516697432 0.0510069360 -0.1961927336 -0.3538082512 -0.3604608912
-0.1707253078 -0.2394263849 -0.2704072743 -0.3372408793 0.3411286372 -0.2084093542 -0.1431390370 -0.3388322952 0.7933532171 -0.2525203659 0.0535519540 -0.1990238275 -0.3578687492 -0.3644375320
-0.1749008846 -0.2423600374 -0.2730069973 -0.3409840887 0.3359073467 -0.2110969321 -0.1454465688 -0.3425680807 0.7875960889 -0.2533359103 0.0560728595 -0.2018200663 -0.3618810233 -0.3683656366
-0.1790390129 -0.2452538676 -0.2755653761 -0.3446789486 0.3306894310 -0.2137473705 -0.1477223313 -0.3462554192 0.7818089226 -0.2541149370 0.0585678988 -0.2045796116 -0.3658429532 -0.3722431012
-0.1831375745 -0.2481060008 -0.2780805991 -0.3483233984 0.3254771257 -0.2163588514 -0.1499645976 -0.3498922513 0.7759939370 -0.2548560064 0.0610353182 -0.2073006251 -0.3697524190 -0.3760678217
-0.1871944516 -0.2509145626 -0.2805508547 -0.3519153777 0.3202726666 -0.2189295572 -0.1521716409 -0.3534765177 0.7701533510 -0.2555576789 0.0634733642 -0.2099812681 -0.3736073004 -0.3798376941
-0.1912075262 -0.2536776783 -0.2829743314 -0.3554528257 0.3150782896 -0.2214576700 -0.1543417346 -0.3570061589 0.7642893834 -0.2562185151 0.0658802829 -0.2126197022 -0.3774054774 -0.3835506144
-0.1951746804 -0.2563934734 -0.2853492177 -0.3589336819 0.3098962304 -0.2239413719 -0.1564731518 -0.3604791156 0.7584042531 -0.2568370754 0.0682543208 -0.2152140891 -0.3811448298 -0.3872044786
-0.1990937961 -0.2590600732 -0.2876737019 -0.3623558858 0.3047287247 -0.2263788453 -0.1585641658 -0.3638933284 0.7525001789 -0.2574119202 0.0705937242 -0.2177625902 -0.3848232374 -0.3907971827
-0.2029627554 -0.2616756031 -0.2899459726 -0.3657173767 0.2995780085 -0.2287682722 -0.1606130498 -0.3672467381 0.7465793796 -0.2579416099 0.0728967394 -0.2202633672 -0.3884385802 -0.3943266228
-0.2067794404 -0.2642381886 -0.2921642181 -0.3690160940 0.2944463173 -0.2311078349 -0.1626180769 -0.3705372852 0.7406440741 -0.2584247050 0.0751616127 -0.2227145814 -0.3919887380 -0.3977906947
-0.2105417331 -0.2667459552 -0.2943266270 -0.3722499772 0.2893358871 -0.2333957156 -0.1645775205 -0.3737629103 0.7346964813 -0.2588597660 0.0773865905 -0.2251143946 -0.3954715907 -0.4011872946
-0.2142475155 -0.2691970281 -0.2964313877 -0.3754169656 0.2842489536 -0.2356300964 -0.1664896538 -0.3769215541 0.7287388200 -0.2592453533 0.0795699192 -0.2274609682 -0.3988850181 -0.4045143183
-0.2178946697 -0.2715895328 -0.2984766886 -0.3785149986 0.2791877525 -0.2378091596 -0.1683527499 -0.3800111573 0.7227733090 -0.2595800274 0.0817098450 -0.2297524638 -0.4022269002 -0.4077696620
