-0.4531449776 -0.6043171404 -0.7959713720 -0.3957182367 -0.1937381421 -0.4195008394 -0.7168645724 -0.3969633721 0.0418697391 -0.1295705297 -0.0531780108 -0.5485184184 -0.3874604746 -0.3903433851
-0.4490310845 -0.5972495179 -0.7881529537 -0.3923335664 -0.1869544347 -0.4138847759 -0.7050353937 -0.3936171942 0.0518592366 -0.1155311811 -0.0588157541 -0.5420255007 -0.3845263948 -0.3874777107
-0.4445929843 -0.5897887454 -0.7798843567 -0.3886468933 -0.1798863105 -0.4079379381 -0.6927357375 -0.3899690829 0.0621049344 -0.1011503423 -0.0646626290 -0.5351596496 -0.3812970127 -0.3843166849
-0.4398414187 -0.5819478506 -0.7711796849 -0.3846683294 -0.1725452986 -0.4016718732 -0.6799818937 -0.3860291309 0.0725941126 -0.0864437526 -0.0707086011 -0.5279333628 -0.3777821396 -0.3808700866
-0.4347871290 -0.5737398613 -0.7620530417 -0.3804079869 -0.1649429284 -0.3950981288 -0.6667901522 -0.3818074311 0.0833140510 -0.0714271507 -0.0769436362 -0.5203591382 -0.3739915867 -0.3771476945
-0.4294408568 -0.5651778053 -0.7525185308 -0.3758759780 -0.1570907290 -0.3882282521 -0.6531768027 -0.3773140761 0.0942520297 -0.0561162758 -0.0833576999 -0.5124494734 -0.3699351651 -0.3731592876
-0.4238133436 -0.5562747103 -0.7425902559 -0.3710824148 -0.1490002295 -0.3810737904 -0.6391581351 -0.3725591588 0.1053953286 -0.0405268669 -0.0899407578 -0.5042168661 -0.3656226861 -0.3689146447
-0.4179153309 -0.5470436040 -0.7322823207 -0.3660374095 -0.1406829593 -0.3736462912 -0.6247504393 -0.3675527718 0.1167312277 -0.0246746630 -0.0966827758 -0.4956738141 -0.3610639608 -0.3644235446
-0.4117575603 -0.5374975143 -0.7216088287 -0.3607510743 -0.1321504476 -0.3659573018 -0.6099700050 -0.3623050079 0.1282470069 -0.0085754030 -0.1035737193 -0.4868328150 -0.3562688005 -0.3596957663
-0.4053507731 -0.5276494688 -0.7105838836 -0.3552335213 -0.1234142235 -0.3580183694 -0.5948331221 -0.3568259599 0.1399299461 0.0077551739 -0.1106035542 -0.4777063668 -0.3512470163 -0.3547410886
-0.3987057110 -0.5175124954 -0.6992215890 -0.3494948626 -0.1144858163 -0.3498410415 -0.5793560804 -0.3511257205 0.1517673254 0.0243013289 -0.1177622460 -0.4683069669 -0.3460084194 -0.3495692903
-0.3918331155 -0.5070996218 -0.6875360486 -0.3435452104 -0.1053767551 -0.3414368654 -0.5635551697 -0.3452143824 0.1637464247 0.0410473228 -0.1250397605 -0.4586471133 -0.3405628211 -0.3441901503
-0.3847437280 -0.4964238757 -0.6755413661 -0.3373946770 -0.0960985693 -0.3328173885 -0.5474466800 -0.3391020384 0.1758545239 0.0579774166 -0.1324260634 -0.4487393036 -0.3349200324 -0.3386134475
-0.3774482901 -0.4854982850 -0.6632516450 -0.3310533744 -0.0866627879 -0.3239941581 -0.5310469009 -0.3327987813 0.1880789031 0.0750758714 -0.1399111202 -0.4385960355 -0.3290898646 -0.3328489607
-0.3699575433 -0.4743358773 -0.6506809890 -0.3245314148 -0.0770809402 -0.3149787215 -0.5143721224 -0.3263147038 0.2004068421 0.0923269482 -0.1474848967 -0.4282298067 -0.3230821290 -0.3269064688
