-0.0884112652 -0.3494412737 -0.2854776626 0.1728499804 -0.6248277802 -0.3763730383 -0.5633344012 0.1686626701 -0.9825326504 -0.7742494726 0.5396683509 -0.3376401311 0.2463408796 0.2520590675
-0.0778354027 -0.3418020511 -0.2770827541 0.1864657704 -0.6199688592 -0.3690628955 -0.5580983895 0.1822290336 -0.9843501803 -0.7714277213 0.5338008654 -0.3298986534 0.2607903837 0.2665584667
-0.0675041471 -0.3343324250 -0.2688746880 0.1997650441 -0.6151904004 -0.3619154310 -0.5529704111 0.1954800112 -0.9860653797 -0.7686546972 0.5280367252 -0.3223311233 0.2749024709 0.2807183516
-0.0574154548 -0.3270308557 -0.2608518152 0.2127503092 -0.6104915215 -0.3549291463 -0.5479493400 0.2084181034 -0.9876786952 -0.7659296648 0.5223749035 -0.3149359659 0.2886797878 0.2945413858
-0.0475672823 -0.3198958032 -0.2530124867 0.2254240733 -0.6058713397 -0.3481025433 -0.5430340502 0.2210458106 -0.9891905735 -0.7632518888 0.5168143734 -0.3077116066 0.3021249812 0.3080302326
-0.0379575862 -0.3129257276 -0.2453550536 0.2377888440 -0.6013289727 -0.3414341236 -0.5382234158 0.2333656333 -0.9906014612 -0.7606206336 0.5113541082 -0.3006564706 0.3152406978 0.3211875556
-0.0285843228 -0.3061190891 -0.2378778668 0.2498471291 -0.5968635379 -0.3349223891 -0.5335163108 0.2453800720 -0.9919118050 -0.7580351638 0.5059930810 -0.2937689831 0.3280295842 0.3340160182
-0.0194454488 -0.2994743477 -0.2305792774 0.2616014361 -0.5924741527 -0.3285658414 -0.5289116093 0.2570916273 -0.9931220515 -0.7554947439 0.5007302650 -0.2870475694 0.3404942871 0.3465182837
-0.0105389206 -0.2929899636 -0.2234576364 0.2730542727 -0.5881599347 -0.3223629822 -0.5244081852 0.2685027995 -0.9942326474 -0.7529986385 0.4955646334 -0.2804906548 0.3526374532 0.3586970158
-0.0018626947 -0.2866643970 -0.2165112948 0.2842081465 -0.5839200012 -0.3163123134 -0.5200049126 0.2796160892 -0.9952440392 -0.7505461121 0.4904951594 -0.2740966644 0.3644617293 0.3705548777
0.0065852724 -0.2804961078 -0.2097386037 0.2950655652 -0.5797534698 -0.3104123365 -0.5157006656 0.2904339968 -0.9961566737 -0.7481364292 0.4855208162 -0.2678640236 0.3759697619 0.3820945330
0.0148070242 -0.2744835563 -0.2031379140 0.3056290364 -0.5756594579 -0.3046615535 -0.5114943182 0.3009590229 -0.9969709975 -0.7457688544 0.4806405770 -0.2617911576 0.3871641978 0.3933186451
0.0228046042 -0.2686252026 -0.1967075767 0.3159010679 -0.5716370830 -0.2990584659 -0.5073847443 0.3111936679 -0.9976874573 -0.7434426523 0.4758534150 -0.2558764916 0.3980476837 0.4042298774
0.0305800559 -0.2629195067 -0.1904459430 0.3258841671 -0.5676854626 -0.2936015756 -0.5033708181 0.3211404324 -0.9983064996 -0.7411570872 0.4711583033 -0.2501184509 0.4086228663 0.4148308935
0.0381354228 -0.2573649288 -0.1843513637 0.3355808418 -0.5638037141 -0.2882893842 -0.4994514136 0.3308018167 -0.9988285712 -0.7389114239 0.4665542151 -0.2445154608 0.4188923922 0.4251243567
