0.6381158400 0.6491963196 0.6671769339 0.6788583131 0.9901474332 0.6383125834 0.6821719573 0.6855376173 0.8344377357 0.7015216957 -0.9650879054 0.6733816897 0.6544729770 0.6624409461
0.6509714478 0.6629993907 0.6798704451 0.6807713526 0.9920185473 0.6526998487 0.6963833872 0.6874951784 0.8109245744 0.7183195968 -0.9585039895 0.6861073322 0.6568221291 0.6647862557
0.6644505943 0.6772736421 0.6930499645 0.6831141515 0.9936955307 0.6675579746 0.7108513031 0.6898802424 0.7857023876 0.7350168225 -0.9513227101 0.6992830116 0.6596320948 0.6675876435
0.6785646342 0.6920273026 0.7067243042 0.6858971066 0.9951773609 0.6828950232 0.7255797831 0.6927031625 0.7587447813 0.7516097955 -0.9435373714 0.7129168547 0.6629137189 0.6708558771
0.6933249218 0.7072686007 0.7209022764 0.6891306144 0.9964630157 0.6987190568 0.7405729055 0.6959742921 0.7300253615 0.7680949388 -0.9351412773 0.7270169881 0.6666778462 0.6746017245
0.7087428116 0.7230057648 0.7355926932 0.6928250719 0.9975514724 0.7150381374 0.7558347485 0.6997039843 0.6995177342 0.7844686750 -0.9261277323 0.7415915387 0.6709353213 0.6788359533
0.7248296581 0.7392470237 0.7508043666 0.6969908756 0.9984417086 0.7318603272 0.7713693902 0.7039025924 0.6671955056 0.8007274270 -0.9164900403 0.7566486330 0.6756969892 0.6835693316
0.7415968158 0.7560006058 0.7665461089 0.7016384225 0.9991327020 0.7491936884 0.7871809089 0.7085804698 0.6330322815 0.8168676174 -0.9062215055 0.7721963978 0.6809736944 0.6888126270
0.7590556390 0.7732747397 0.7828267321 0.7067781093 0.9996234299 0.7670462829 0.8032733828 0.7137479698 0.5970016681 0.8328856692 -0.8953154321 0.7882429599 0.6867762819 0.6945766073
0.7772174823 0.7910776540 0.7996550485 0.7124203326 0.9999128701 0.7854261730 0.8196508900 0.7194154455 0.5590772713 0.8487780050 -0.8837651243 0.8047964459 0.6931155963 0.7008720404
0.7960937001 0.8094175772 0.8170398700 0.7185754893 1.0000000000 0.8043414209 0.8363175087 0.7255932503 0.5192326972 0.8645410478 -0.8715638862 0.8218649825 0.7000024825 0.7077096942
0.8156956469 0.8283027379 0.8349900089 0.7252539760 0.9998837972 0.8238000885 0.8532773173 0.7322917375 0.4774415518 0.8801712201 -0.8587050219 0.8394566966 0.7074477852 0.7151003363
0.8360346772 0.8477413646 0.8535142773 0.7324661896 0.9995632392 0.8438102382 0.8705343937 0.7395212604 0.4336774411 0.8956649449 -0.8451818355 0.8575797147 0.7154623491 0.7230547346
0.8571221453 0.8677416860 0.8726214873 0.7402225268 0.9990373036 0.8643799319 0.8880928163 0.7472921722 0.3879139711 0.9110186449 -0.8309876314 0.8762421636 0.7240570190 0.7315836570
0.8789694058 0.8883119305 0.8923204510 0.7485333844 0.9983049680 0.8855172319 0.9059566633 0.7556148262 0.3401247479 0.9262287429 -0.8161157135 0.8954521700 0.7332426398 0.7406978711
