-0.7290220722 -0.4596287171 -0.4347316306 -0.5234618245 0.5289387417 -0.4960605863 -0.2847584457 -0.5236570079 0.9962629916 -0.2937332113 0.0178738908 -0.4995549526 -0.5510836910 -0.5785870873
-0.7325036207 -0.4612824559 -0.4364424572 -0.5258117290 0.5264218125 -0.4977988633 -0.2863162196 -0.5260246139 0.9949457293 -0.2943251579 0.0186766391 -0.5013698239 -0.5533573724 -0.5808071989
-0.7360125617 -0.4629826407 -0.4382026784 -0.5282074508 0.5237528997 -0.4995806540 -0.2879370625 -0.5284381635 0.9934362020 -0.2949713336 0.0195628194 -0.5032284910 -0.5556734935 -0.5830665709
-0.7395475776 -0.4647280020 -0.4400109937 -0.5306476373 0.5209342465 -0.5014047025 -0.2896195811 -0.5308963007 0.9917367135 -0.2956705404 0.0205309677 -0.5051296861 -0.5580307392 -0.5853639209
-0.7431073507 -0.4665172706 -0.4418661022 -0.5331309360 0.5179680961 -0.5032697526 -0.2913623821 -0.5333976698 0.9898495672 -0.2964215799 0.0215796197 -0.5070721410 -0.5604277941 -0.5876979666
-0.7466905634 -0.4683491772 -0.4437667033 -0.5356559943 0.5148566916 -0.5051745484 -0.2931640724 -0.5359409148 0.9877770668 -0.2972232538 0.0227073113 -0.5090545876 -0.5628633432 -0.5900674255
-0.7502958980 -0.4702224524 -0.4457114962 -0.5382214598 0.5116022764 -0.5071178338 -0.2950232586 -0.5385246800 0.9855215160 -0.2980743641 0.0239125783 -0.5110757580 -0.5653360712 -0.5924710152
-0.7539220369 -0.4721358270 -0.4476991803 -0.5408259797 0.5082070935 -0.5090983527 -0.2969385475 -0.5411476095 0.9830852183 -0.2989737124 0.0251939566 -0.5131343839 -0.5678446628 -0.5949074535
-0.7575676623 -0.4740880317 -0.4497284548 -0.5434682016 0.5046733863 -0.5111148492 -0.2989085458 -0.5438083475 0.9804704773 -0.2999201004 0.0265499821 -0.5152291973 -0.5703878030 -0.5973754579
-0.7612314567 -0.4760777970 -0.4517980191 -0.5461467729 0.5010033979 -0.5131660673 -0.3009318602 -0.5465055381 0.9776795967 -0.3009123301 0.0279791905 -0.5173589303 -0.5729641763 -0.5998737460
-0.7649121024 -0.4781038538 -0.4539065724 -0.5488603411 0.4971993714 -0.5152507508 -0.3030070976 -0.5492378256 0.9747148801 -0.3019492030 0.0294801177 -0.5195223146 -0.5755724677 -0.6024010356
-0.7686082817 -0.4801649327 -0.4560528140 -0.5516075536 0.4932635502 -0.5173676438 -0.3051328646 -0.5520038540 0.9715786310 -0.3030295210 0.0310512995 -0.5217180823 -0.5782113619 -0.6049560441
-0.7723186769 -0.4822597643 -0.4582354432 -0.5543870579 0.4891981774 -0.5195154902 -0.3073077679 -0.5548022676 0.9682731531 -0.3041520858 0.0326912718 -0.5239449653 -0.5808795437 -0.6075374892
-0.7760419704 -0.4843870795 -0.4604531593 -0.5571975013 0.4850054962 -0.5216930339 -0.3095304144 -0.5576317104 0.9648007501 -0.3053156993 0.0343985705 -0.5262016954 -0.5835756978 -0.6101440886
-0.7797768446 -0.4865456088 -0.4627046617 -0.5600375314 0.4806877499 -0.5238990191 -0.3117994108 -0.5604908268 0.9611637254 -0.3065191631 0.0361717313 -0.5284870047 -0.5862985092 -0.6127745598
