0.6123091692 0.9843301752 0.9024981662 0.2913218167 0.9902259682 0.9564451876 0.5044782728 0.2909033825 0.7813350936 -0.2434340959 -0.3742444615 0.9282986240 0.2938993595 0.2821257755
0.6125915907 0.9855025685 0.9055133690 0.2928582484 0.9922868010 0.9591855437 0.5067471420 0.2924303362 0.7828571232 -0.2424427309 -0.3778614278 0.9307880828 0.2952425643 0.2835067283
0.6128923121 0.9866394405 0.9085154764 0.2944687242 0.9940984108 0.9618448131 0.5088640153 0.2940313098 0.7841819939 -0.2415100691 -0.3813563289 0.9332627076 0.2966577695 0.2849616542
0.6132096329 0.9877394751 0.9115025880 0.2961507349 0.9956631616 0.9644221625 0.5108313289 0.2957037965 0.7853127385 -0.2406342965 -0.3847310208 0.9357206894 0.2981425275 0.2864880786
0.6135418526 0.9888013563 0.9144728032 0.2979017716 0.9969834171 0.9669167586 0.5126515191 0.2974452895 0.7862523903 -0.2398135992 -0.3879873594 0.9381602192 0.2996943909 0.2880835268
0.6138872709 0.9898237680 0.9174242217 0.2997193251 0.9980615412 0.9693277681 0.5143270221 0.2992532821 0.7870039823 -0.2390461633 -0.3911272006 0.9405794881 0.3013109121 0.2897455240
0.6142441873 0.9908053940 0.9203549429 0.3016008864 0.9988998978 0.9716543577 0.5158602740 0.3011252674 0.7875705476 -0.2383301747 -0.3941524005 0.9429766870 0.3029896435 0.2914715954
0.6146109013 0.9917449184 0.9232630665 0.3035439463 0.9995008505 0.9738956942 0.5172537112 0.3030587387 0.7879551193 -0.2376638196 -0.3970648149 0.9453500069 0.3047281376 0.2932592665
0.6149857125 0.9926410250 0.9261466920 0.3055459960 0.9998667633 0.9760509443 0.5185097699 0.3050511891 0.7881607305 -0.2370452840 -0.3998662998 0.9476976389 0.3065239468 0.2951060624
0.6153669204 0.9934923978 0.9290039190 0.3076045261 1.0000000000 0.9781192746 0.5196308862 0.3071001120 0.7881904141 -0.2364727540 -0.4025587112 0.9500177739 0.3083746237 0.2970095084
0.6157528246 0.9942977208 0.9318328469 0.3097170278 0.9999029244 0.9800998518 0.5206194964 0.3092030004 0.7880472035 -0.2359444156 -0.4051439049 0.9523086029 0.3102777206 0.2989671298
0.6161417246 0.9950556777 0.9346315754 0.3118809919 0.9995779003 0.9819918428 0.5214780368 0.3113573477 0.7877341315 -0.2354584549 -0.4076237370 0.9545683171 0.3122307901 0.3009764519
0.6165319200 0.9957649526 0.9373982039 0.3140939093 0.9990272915 0.9837944142 0.5222089435 0.3135606469 0.7872542314 -0.2350130580 -0.4100000634 0.9567951072 0.3142313845 0.3030349999
0.6169217103 0.9964242294 0.9401308321 0.3163532710 0.9982534620 0.9855067326 0.5228146528 0.3158103914 0.7866105361 -0.2346064108 -0.4122747400 0.9589871645 0.3162770564 0.3051402992
0.6173093952 0.9970321919 0.9428275595 0.3186565679 0.9972587754 0.9871279649 0.5232976009 0.3181040744 0.7858060788 -0.2342366996 -0.4144496228 0.9611426798 0.3183653582 0.3072898749
