-0.8384373252 -0.9963126890 -0.9308840592 -0.9190281221 -0.0838003004 -0.9780679746 -0.5803079448 -0.9214008620 0.0782676569 -0.3670646965 0.3949185098 -0.9916531796 -0.8965457218 -0.8804883738
-0.8486922993 -0.9940945953 -0.9228965811 -0.9242422863 -0.0852273171 -0.9733156935 -0.5751346922 -0.9266647640 0.0788517427 -0.3596732622 0.3893317113 -0.9885037026 -0.9014562643 -0.8853433997
-0.8586595976 -0.9913360338 -0.9144375766 -0.9292891662 -0.0863587032 -0.9680619575 -0.5696029482 -0.9317538243 0.0796496824 -0.3520246417 0.3834522164 -0.9848247554 -0.9062428163 -0.8900878096
-0.8683340109 -0.9880260236 -0.9055018248 -0.9341681005 -0.0871851310 -0.9622977244 -0.5637054156 -0.9366672031 0.0806687237 -0.3441139931 0.3772738646 -0.9806061804 -0.9109057233 -0.8947222246
-0.8777103295 -0.9841535840 -0.8960841046 -0.9388784282 -0.0876972728 -0.9560139523 -0.5574347972 -0.9414040606 0.0819161142 -0.3359364742 0.3707904958 -0.9758378199 -0.9154453308 -0.8992472660
-0.8867833442 -0.9797077342 -0.8861791950 -0.9434194880 -0.0878858009 -0.9492015991 -0.5507837956 -0.9459635573 0.0833991013 -0.3274872430 0.3639959496 -0.9705095161 -0.9198619844 -0.9036635549
-0.8955478454 -0.9746774934 -0.8757818752 -0.9477906187 -0.0877413876 -0.9418516228 -0.5437451136 -0.9503448533 0.0851249328 -0.3187614572 0.3568840656 -0.9646111115 -0.9241560297 -0.9079717123
-0.9039986238 -0.9690518808 -0.8648869242 -0.9519911593 -0.0872547052 -0.9339549814 -0.5363114539 -0.9545471091 0.0871008560 -0.3097542749 0.3494486837 -0.9581324482 -0.9283278121 -0.9121723594
-0.9121304700 -0.9628199158 -0.8534891209 -0.9560204484 -0.0864164261 -0.9255026330 -0.5284755192 -0.9585694849 0.0893341187 -0.3004608538 0.3416836434 -0.9510633686 -0.9323776772 -0.9162661174
-0.9199381745 -0.9559706174 -0.8415832445 -0.9598778250 -0.0852172226 -0.9164855354 -0.5202300124 -0.9624111410 0.0918319683 -0.2908763520 0.3335827844 -0.9433937150 -0.9363059707 -0.9202536073
-0.9274165279 -0.9484930050 -0.8291640740 -0.9635626279 -0.0836477669 -0.9068946467 -0.5115676361 -0.9660712377 0.0946016525 -0.2809959273 0.3251399464 -0.9351133296 -0.9401130379 -0.9241354504
-0.9345603207 -0.9403760977 -0.8162263883 -0.9670741959 -0.0816987313 -0.8967209249 -0.5024810931 -0.9695489354 0.0976504187 -0.2708147375 0.3163489692 -0.9262120549 -0.9437992246 -0.9279122677
-0.9413643436 -0.9316089148 -0.8027649667 -0.9704118679 -0.0793607883 -0.8859553280 -0.4929630862 -0.9728433943 0.1009855147 -0.2603279407 0.3072036924 -0.9166797331 -0.9473648762 -0.9315846803
-0.9478233871 -0.9221804756 -0.7887745880 -0.9735749826 -0.0766246100 -0.8745888139 -0.4830063179 -0.9759537747 0.1046141878 -0.2495306946 0.2976979556 -0.9065062065 -0.9508103383 -0.9351533095
-0.9539322419 -0.9120797992 -0.7742500314 -0.9765628789 -0.0734808688 -0.8626123407 -0.4726034912 -0.9788792370 0.1085436857 -0.2384181572 0.2878255987 -0.8956813174 -0.9541359563 -0.9386187763
