-0.6907316399 -0.6718982073 -0.6891481423 -0.7355740901 -0.6062317788 -0.6680848580 -0.7434003816 -0.7366887753 -0.5853618511 -0.9101980873 0.7879532939 -0.6753629038 -0.7408510151 -0.7417751296
-0.7018994429 -0.6833003664 -0.7004361904 -0.7463639419 -0.6179389342 -0.6795137904 -0.7514528612 -0.7474689055 -0.5948093058 -0.9127690627 0.7947563482 -0.6867294132 -0.7515788515 -0.7524950631
-0.7128372365 -0.6944791610 -0.7114937972 -0.7569045250 -0.6294473938 -0.6907208570 -0.7593648161 -0.7579992506 -0.6041372625 -0.9153038545 0.8014389786 -0.6978712826 -0.7620551595 -0.7629630248
-0.7235463715 -0.7054357393 -0.7223221641 -0.7671973726 -0.6407581422 -0.7017071905 -0.7671368262 -0.7682813469 -0.6133460851 -0.9178024108 0.8080016506 -0.7087896886 -0.7722815107 -0.7731805885
-0.7340281987 -0.7161712498 -0.7329224921 -0.7772440178 -0.6518721639 -0.7124739236 -0.7747694715 -0.7783167314 -0.6224361373 -0.9202646798 0.8144448296 -0.7194858077 -0.7822594765 -0.7831493277
-0.7442840691 -0.7266868407 -0.7432959826 -0.7870459939 -0.6627904435 -0.7230221889 -0.7822633320 -0.7881069404 -0.6314077830 -0.9226906096 0.8207689811 -0.7299608164 -0.7919906287 -0.7928708163
-0.7543153333 -0.7369836603 -0.7534438366 -0.7966048341 -0.6735139655 -0.7333531191 -0.7896189877 -0.7976535107 -0.6402613861 -0.9250801485 0.8269745703 -0.7402158910 -0.8014765387 -0.8023466278
-0.7641233423 -0.7470628568 -0.7633672555 -0.8059220717 -0.6840437146 -0.7434678469 -0.7968370185 -0.8069579790 -0.6489973103 -0.9274332446 0.8330620629 -0.7502522081 -0.8107187782 -0.8115783360
-0.7737094468 -0.7569255787 -0.7730674404 -0.8149992397 -0.6943806753 -0.7533675049 -0.8039180043 -0.8160218819 -0.6576159196 -0.9297498459 0.8390319241 -0.7600709443 -0.8197189188 -0.8205675147
-0.7830749978 -0.7665729741 -0.7825455925 -0.8238378715 -0.7045258322 -0.7630532258 -0.8108625253 -0.8248467559 -0.6661175777 -0.9320299008 0.8448846195 -0.7696732759 -0.8284785319 -0.8293157374
-0.7922213460 -0.7760061914 -0.7918029131 -0.8324395002 -0.7144801697 -0.7725261423 -0.8176711613 -0.8334341378 -0.6745026485 -0.9342733573 0.8506206144 -0.7790603794 -0.8369991892 -0.8378245780
-0.8011498422 -0.7852263788 -0.8008406033 -0.8408056591 -0.7242446726 -0.7817873870 -0.8243444924 -0.8417855642 -0.6827714959 -0.9364801636 0.8562403743 -0.7882334313 -0.8452824623 -0.8460956100
-0.8098618373 -0.7942346847 -0.8096598643 -0.8489378814 -0.7338203254 -0.7908380926 -0.8308830985 -0.8499025717 -0.6909244837 -0.9386502679 0.8617443647 -0.7971936082 -0.8533299227 -0.8541304073
-0.8183586821 -0.8030322573 -0.8182618974 -0.8568377002 -0.7432081125 -0.7996793917 -0.8372875595 -0.8577866969 -0.6989619756 -0.9407836183 0.8671330508 -0.8059420864 -0.8611431420 -0.8619305434
-0.8266417274 -0.8116202450 -0.8266479038 -0.8645066488 -0.7524090187 -0.8083124171 -0.8435584555 -0.8654394766 -0.7068843357 -0.9428801630 0.8724068982 -0.8144800425 -0.8687236919 -0.8694975922
