0.5764900995 -0.6944070761 -0.5318839537 0.9662296216 -0.8073089413 -0.6421856458 -0.8681047938 0.9677105827 -0.8204053429 -0.8817202416 0.6835679918 -0.7105861083 0.9973011367 0.9982338346
0.5891086489 -0.6741104428 -0.5153226567 0.9715585543 -0.7708725521 -0.6207125388 -0.8433640733 0.9729102615 -0.7861753846 -0.8594673486 0.6241203193 -0.6893325473 0.9985488959 0.9992021845
0.6011350373 -0.6543727921 -0.4992703051 0.9764138528 -0.7351241893 -0.5998295413 -0.8191585160 0.9776373518 -0.7524990418 -0.8376727630 0.5659291694 -0.6686545746 0.9994118510 0.9997895230
0.6125752229 -0.6351888072 -0.4837218859 0.9808004400 -0.7000584612 -0.5795310972 -0.7954834317 0.9818967812 -0.7193722967 -0.8163324653 0.5089846619 -0.6485467603 0.9998941648 1.0000000000
0.6234351638 -0.6165531715 -0.4686723856 0.9847232388 -0.6656699759 -0.5598116504 -0.7723341302 0.9856934777 -0.6867911311 -0.7954424359 0.4532769164 -0.6290036745 1.0000000000 0.9998377653
0.6337208185 -0.5984605682 -0.4541167911 0.9881871722 -0.6319533416 -0.5406656447 -0.7497059214 0.9890323691 -0.6547515270 -0.7749986553 0.3987960529 -0.6100198872 0.9997335195 0.9993069690
0.6434381452 -0.5809056805 -0.4400500890 0.9911971631 -0.5989031664 -0.5220875241 -0.7275941151 0.9919183831 -0.6232494665 -0.7549971040 0.3455321911 -0.5915899685 0.9990988862 0.9984117608
0.6525931021 -0.5638831917 -0.4264672661 0.9937581345 -0.5665140584 -0.5040717323 -0.7059940211 0.9943564476 -0.5922809314 -0.7354337626 0.2934754508 -0.5737084884 0.9981002627 0.9971562907
0.6611916476 -0.5473877851 -0.4133633092 0.9958750092 -0.5347806258 -0.4866127133 -0.6849009493 0.9963514903 -0.5618419038 -0.7163046114 0.2426159517 -0.5563700170 0.9967418119 0.9955447086
0.6692397398 -0.5314141439 -0.4007332049 0.9975527101 -0.5036974768 -0.4697049109 -0.6643102095 0.9979084391 -0.5319283657 -0.6976056310 0.1929438137 -0.5395691244 0.9950276967 0.9935811644
0.6767433371 -0.5159569514 -0.3885719399 0.9987961603 -0.4732592195 -0.4533427690 -0.6442171115 0.9990322218 -0.5025362989 -0.6793328018 0.1444491566 -0.5233003807 0.9929620798 0.9912698080
0.6837083977 -0.5010108908 -0.3768745011 0.9996102826 -0.4434604620 -0.4375207315 -0.6246169651 0.9997277661 -0.4736616855 -0.6614821044 0.0971221000 -0.5075583558 0.9905491241 0.9886147894
0.6901408799 -0.4865706453 -0.3656358751 1.0000000000 -0.4142958126 -0.4222332421 -0.6055050802 1.0000000000 -0.4453005075 -0.6440495192 0.0509527639 -0.4923376199 0.9877929923 0.9856202584
0.6960467420 -0.4726308984 -0.3548510487 0.9999702354 -0.3857598793 -0.4074747448 -0.5868767666 0.9998538512 -0.4174487468 -0.6270310267 0.0059312680 -0.4776327429 0.9846978473 0.9822903650
0.7014319422 -0.4591863331 -0.3445150086 0.9995259117 -0.3578472703 -0.3932396835 -0.5687273341 0.9992942474 -0.3901023854 -0.6104226074 -0.0379522679 -0.4634382951 0.9812678518 0.9786292590
