-0.9772995317 -1.0000000000 -1.0000000000 -0.6364573584 -0.9988249960 -1.0000000000 -0.9977301662 -0.6463673708 -0.9946610419 -0.9918855209 0.7136025402 -1.0000000000 -0.2830997623 -0.3332335608
-0.9808308210 -0.9996546511 -0.9998809632 -0.6442012766 -0.9976964481 -0.9998353692 -0.9961859222 -0.6540026026 -0.9924404538 -0.9890476481 0.7129808940 -0.9998840228 -0.2934067952 -0.3426708803
-0.9840464836 -0.9989428215 -0.9993935183 -0.6517510613 -0.9962119405 -0.9993022246 -0.9942593663 -0.6614406471 -0.9898542476 -0.9858042499 0.7120713927 -0.9994041227 -0.3036163770 -0.3519923240
-0.9869514586 -0.9978710195 -0.9985439259 -0.6591092471 -0.9943789618 -0.9984068594 -0.9919574009 -0.6686841143 -0.9869104147 -0.9821624108 0.7108807756 -0.9985667125 -0.3137289871 -0.3611989064
-0.9895506851 -0.9964457538 -0.9973384465 -0.6662783689 -0.9922050000 -0.9971555672 -0.9892869288 -0.6757356142 -0.9836169469 -0.9781292151 0.7094157821 -0.9973782049 -0.3237451050 -0.3702916421
-0.9918491022 -0.9946735328 -0.9957833407 -0.6732609612 -0.9896975436 -0.9955546415 -0.9862548524 -0.6825977569 -0.9799818358 -0.9737117472 0.7076831513 -0.9958450128 -0.3336652101 -0.3792715455
-0.9938516492 -0.9925608649 -0.9938848691 -0.6800595588 -0.9868640806 -0.9936103756 -0.9828680744 -0.6892731525 -0.9760130731 -0.9689170916 0.7056896227 -0.9939735488 -0.3434897819 -0.3881396313
-0.9955632651 -0.9901142587 -0.9916492921 -0.6866766965 -0.9837120996 -0.9913290631 -0.9791334973 -0.6957644110 -0.9717186505 -0.9637523325 0.7034419356 -0.9917702256 -0.3532192997 -0.3968969139
-0.9969888891 -0.9873402227 -0.9890828704 -0.6931149088 -0.9802490886 -0.9887169975 -0.9750580239 -0.7020741424 -0.9671065596 -0.9582245544 0.7009468291 -0.9892414562 -0.3628542431 -0.4055444079
-0.9981334602 -0.9842452654 -0.9861918645 -0.6993767306 -0.9764825360 -0.9857804721 -0.9706485565 -0.7082049569 -0.9621847920 -0.9523408416 0.6982110427 -0.9863936531 -0.3723950914 -0.4140831278
-0.9990019178 -0.9808358951 -0.9829825349 -0.7054646965 -0.9724199300 -0.9825257805 -0.9659119980 -0.7141594644 -0.9569613395 -0.9461082786 0.6952413156 -0.9832332292 -0.3818423241 -0.4225140881
-0.9995992008 -0.9771186206 -0.9794611421 -0.7113813413 -0.9680687590 -0.9789592160 -0.9608552508 -0.7199402751 -0.9514441938 -0.9395339498 0.6920443871 -0.9797665973 -0.3911964207 -0.4308383034
-0.9999302485 -0.9730999501 -0.9756339468 -0.7171291996 -0.9634365112 -0.9750870722 -0.9554852175 -0.7255499990 -0.9456413464 -0.9326249395 0.6886269966 -0.9760001700 -0.4004578605 -0.4390567882
-1.0000000000 -0.9687863923 -0.9715072095 -0.7227108061 -0.9585306748 -0.9709156425 -0.9498088008 -0.7309912461 -0.9395607890 -0.9253883321 0.6849958832 -0.9719403602 -0.4096271231 -0.4471705570
-0.9998133944 -0.9641844555 -0.9670871906 -0.7281286956 -0.9533587382 -0.9664512204 -0.9438329032 -0.7362666266 -0.9332105134 -0.9178312119 0.6811577864 -0.9675935805 -0.4187046878 -0.4551806244
