-0.7361231881 -0.6840308984 -0.7228898194 -0.7882610433 -0.2770556133 -0.6792790514 -0.6000407557 -0.7887567280 0.5567659663 -0.7145113674 0.5754641933 -0.6922864542 -0.8037031486 -0.7991780132
-0.7291783732 -0.6759763466 -0.7152319218 -0.7820325226 -0.2696021482 -0.6710790831 -0.5904078536 -0.7825321130 0.5636751596 -0.7077613053 0.5657911396 -0.6843351808 -0.7977780234 -0.7931748617
-0.7221853863 -0.6678634922 -0.7075057531 -0.7757478364 -0.2621367158 -0.6628180953 -0.5807066977 -0.7762511089 0.5705518877 -0.7009495491 0.5560622326 -0.6763243750 -0.7917976568 -0.7871167133
-0.7151459849 -0.6596940700 -0.6997128648 -0.7694085500 -0.2546613362 -0.6544978003 -0.5709390502 -0.7699152770 0.5773942104 -0.6940767186 0.5462794108 -0.6682557433 -0.7857635930 -0.7810051244
-0.7080619271 -0.6514698147 -0.6918548083 -0.7630162287 -0.2471780298 -0.6461199102 -0.5611066736 -0.7635261791 0.5842001875 -0.6871434339 0.5364446127 -0.6601309920 -0.7796773762 -0.7748416517
-0.7009349704 -0.6431924611 -0.6839331350 -0.7565724375 -0.2396888170 -0.6376861372 -0.5512113300 -0.7570853766 0.5909678787 -0.6801503148 0.5265597768 -0.6519518276 -0.7735405506 -0.7686278515
-0.6937668728 -0.6348637441 -0.6759493962 -0.7500787417 -0.2321957181 -0.6291981935 -0.5412547817 -0.7505944311 0.5976953438 -0.6730979814 0.5166268416 -0.6437199565 -0.7673546604 -0.7623652804
-0.6865593919 -0.6264853984 -0.6679051433 -0.7435367064 -0.2247007533 -0.6206577913 -0.5312387911 -0.7440549041 0.6043806426 -0.6659870536 0.5066477457 -0.6354370852 -0.7611212498 -0.7560554951
-0.6793142857 -0.6180591588 -0.6598019278 -0.7369478969 -0.2172059430 -0.6120666429 -0.5211651205 -0.7374683573 0.6110218348 -0.6588181513 0.4966244274 -0.6271049201 -0.7548418630 -0.7497000518
-0.6720333119 -0.6095867601 -0.6516413010 -0.7303138783 -0.2097133074 -0.6034264603 -0.5110355320 -0.7308363521 0.6176169802 -0.6515918947 0.4865588255 -0.6187251676 -0.7485180441 -0.7433005073
-0.6647182282 -0.6010699371 -0.6434248143 -0.7236362159 -0.2022248670 -0.5947389558 -0.5008517881 -0.7241604500 0.6241641387 -0.6443089035 0.4764528783 -0.6102995342 -0.7421513375 -0.7368584180
-0.6573707925 -0.5925104246 -0.6351540191 -0.7169164747 -0.1947426420 -0.5860058415 -0.4906156510 -0.7174422127 0.6306613698 -0.6369697978 0.4663085243 -0.6018297263 -0.7357432871 -0.7303753405
-0.6499927626 -0.5839099574 -0.6268304668 -0.7101562201 -0.1872686527 -0.5772288297 -0.4803288829 -0.7106832017 0.6371067335 -0.6295751976 0.4561277022 -0.5933174504 -0.7292954374 -0.7238528312
-0.6425858962 -0.5752702702 -0.6184557087 -0.7033570171 -0.1798049195 -0.5684096326 -0.4699932463 -0.7038849785 0.6434982896 -0.6221257227 0.4459123503 -0.5847644128 -0.7228093324 -0.7172924468
-0.6351519511 -0.5665930979 -0.6100312964 -0.6965204310 -0.1723534626 -0.5595499622 -0.4596105033 -0.6970491047 0.6498340976 -0.6146219932 0.4356644072 -0.5761723200 -0.7162865164 -0.7106957436
