0.0756153903 0.0087151488 0.0064346409 0.1236058183 0.0786798509 0.0205701909 0.0528683803 0.1225671298 0.1794759796 -0.2214081696 -0.0833352243 0.0207728234 0.1565971695 0.1653356321
0.0424760923 -0.0270924720 -0.0294352053 0.0925783697 0.0446915198 -0.0149549781 0.0181210583 0.0915026022 0.1482585793 -0.2429504409 -0.0493795425 -0.0147436353 0.1267787790 0.1358574000
0.0100619618 -0.0621424841 -0.0645439419 0.0622690278 0.0113507973 -0.0497428387 -0.0159433605 0.0611570143 0.1175438457 -0.2641519923 -0.0160591994 -0.0495229222 0.0976545037 0.1070684984
-0.0216328574 -0.0964407384 -0.0988974323 0.0326718095 -0.0213471249 -0.0837989921 -0.0493297753 0.0315243771 0.0873285344 -0.2850144201 0.0166302018 -0.0835706502 0.0692185200 0.0789631256
-0.0526142212 -0.1299930859 -0.1325015404 0.0037807320 -0.0534070550 -0.1171290398 -0.0820430852 0.0025987018 0.0576094011 -0.3055393209 0.0486930580 -0.1168924322 0.0414650043 0.0515354800
-0.0828879858 -0.1628053773 -0.1653621297 -0.0244101876 -0.0848338014 -0.1497385829 -0.1140881895 -0.0256260005 0.0283832013 -0.3257282912 0.0801337659 -0.1494938813 0.0143881328 0.0247797598
-0.1124600072 -0.1948834637 -0.1974850638 -0.0519069322 -0.1156321722 -0.1816332229 -0.1454699874 -0.0531557187 -0.0003533091 -0.3455829275 0.1109567223 -0.1813806103 -0.0120179182 -0.0013098367
-0.1413361415 -0.2262331958 -0.2288762065 -0.0787154846 -0.1458069757 -0.2128185611 -0.1761933782 -0.0799964418 -0.0286033746 -0.3651048262 0.1411663239 -0.2125582322 -0.0377589721 -0.0267391111
-0.1695222448 -0.2568604246 -0.2595414212 -0.1048418278 -0.1753630201 -0.2433001987 -0.2062632610 -0.1061541586 -0.0563702395 -0.3842955840 0.1707669676 -0.2430323599 -0.0628408528 -0.0515138652
-0.1970241731 -0.2867710010 -0.2894865717 -0.1302919446 -0.2043051138 -0.2730837371 -0.2356845350 -0.1316348580 -0.0836571482 -0.4031567972 0.1997630502 -0.2728086065 -0.0872693838 -0.0756399006
-0.2238477825 -0.3159707758 -0.3187175215 -0.1550718179 -0.2326380649 -0.3021747776 -0.2644620995 -0.1564445289 -0.1104673450 -0.4216900623 0.2281589684 -0.3018925848 -0.1110503889 -0.0991230190
-0.2499989292 -0.3444656000 -0.3472401344 -0.1791874306 -0.2603666817 -0.3305789215 -0.2926008537 -0.1805891602 -0.1368040742 -0.4398969759 0.2559591191 -0.3302899078 -0.1341896916 -0.1219690222
-0.2754834690 -0.3722613243 -0.3750602739 -0.2026447655 -0.2874957725 -0.3583017701 -0.3201056968 -0.2040747408 -0.1626705802 -0.4577791345 0.2831678989 -0.3580061884 -0.1566931157 -0.1441837119
-0.3003072582 -0.3993637998 -0.4021838037 -0.2254498056 -0.3140301455 -0.3853489247 -0.3469815280 -0.2269072596 -0.1880701074 -0.4753381345 0.3097897048 -0.3850470397 -0.1785664848 -0.1657728897
-0.3244761528 -0.4257788774 -0.4286165874 -0.2476085338 -0.3399746089 -0.4117259867 -0.3732332465 -0.2490927056 -0.2130059000 -0.4925755724 0.3358289335 -0.4114180745 -0.1998156226 -0.1867423573
