-0.0786258553 0.1450521912 0.1501364908 -0.1284914654 0.1962214526 0.1830503367 0.4390226298 -0.1275703181 0.7547418077 0.1951832321 -0.3714304978 0.1376337448 -0.1763248132 -0.1672272322
-0.0759529788 0.1499990586 0.1566768542 -0.1246998351 0.1942948488 0.1885411742 0.4464283637 -0.1237404294 0.7481150634 0.2050311203 -0.3766734536 0.1427529542 -0.1728214859 -0.1637358156
-0.0734129825 0.1548255451 0.1631256956 -0.1210132536 0.1921721200 0.1939166757 0.4537208355 -0.1200149910 0.7412560103 0.2148768463 -0.3817725963 0.1477559333 -0.1694219693 -0.1603497240
-0.0710076241 0.1595299160 0.1694814634 -0.1174332861 0.1898512459 0.1991751289 0.4608982830 -0.1163955644 0.7341627082 0.2247197901 -0.3867259873 0.1526409756 -0.1661278077 -0.1570705141
-0.0687386615 0.1641104366 0.1757426064 -0.1139614978 0.1873302062 0.2043148215 0.4679589437 -0.1128837112 0.7268332169 0.2345593318 -0.3915316881 0.1574063746 -0.1629405453 -0.1538997422
-0.0666078525 0.1685653720 0.1819075731 -0.1105994539 0.1846069806 0.2093340415 0.4749010556 -0.1094809929 0.7192655961 0.2443948513 -0.3961877603 0.1620504240 -0.1598617263 -0.1508389649
-0.0646169548 0.1728929874 0.1879748122 -0.1073487195 0.1816795487 0.2142310766 0.4817228561 -0.1061889712 0.7114579055 0.2542257288 -0.4006922653 0.1665714172 -0.1568928949 -0.1478897388
-0.0627677262 0.1770915480 0.1939427722 -0.1042108600 0.1785458903 0.2190042146 0.4884225832 -0.1030092074 0.7034082051 0.2640513443 -0.4050432645 0.1709676479 -0.1540355952 -0.1450536203
-0.0610619246 0.1811593191 0.1998099018 -0.1011874403 0.1752039850 0.2236517434 0.4949984744 -0.0999432633 0.6951145545 0.2738710778 -0.4092388196 0.1752374096 -0.1512913715 -0.1423321661
-0.0595013076 0.1850945658 0.2055746496 -0.0982800258 0.1716518125 0.2281719507 0.5014487675 -0.0969927002 0.6865750134 0.2836843092 -0.4132769920 0.1793789959 -0.1486617679 -0.1397269325
-0.0580876332 0.1888955534 0.2112354642 -0.0954901816 0.1678873525 0.2325631244 0.5077717002 -0.0941590799 0.6777876418 0.2934904188 -0.4171558431 0.1833907003 -0.1461483287 -0.1372394762
-0.0568226591 0.1925605471 0.2167907942 -0.0928194729 0.1639085847 0.2368235522 0.5139655102 -0.0914439637 0.6687504993 0.3032887865 -0.4208734345 0.1872708165 -0.1437525981 -0.1348713536
-0.0557081431 0.1960878121 0.2222390882 -0.0902694648 0.1597134888 0.2409515221 0.5200284352 -0.0888489134 0.6594616458 0.3130787923 -0.4244278277 0.1910176379 -0.1414761202 -0.1326241214
-0.0547458429 0.1994756135 0.2275787949 -0.0878417227 0.1553000444 0.2449453217 0.5259587129 -0.0863754903 0.6499191409 0.3228598162 -0.4278170842 0.1946294582 -0.1393204393 -0.1304993359
-0.0539375164 0.2027222167 0.2328083628 -0.0855378116 0.1506662313 0.2488032389 0.5317545811 -0.0840252562 0.6401210445 0.3326312384 -0.4310392653 0.1981045708 -0.1372870995 -0.1284985538
