0.8600724857 0.8657105957 0.7278459949 0.9309458309 0.9707523753 0.8647190391 0.3925662707 0.9304973757 0.6934409859 -0.7493546816 -0.9991688016 0.8699772846 0.9471966661 0.9421022052
0.8686794756 0.8740195297 0.7354841953 0.9374371328 0.9732620821 0.8730936268 0.3996732048 0.9370188380 0.6914986728 -0.7492377136 -0.9987482958 0.8782295075 0.9526858891 0.9479454378
0.8769925376 0.8820378495 0.7428569950 0.9435908327 0.9756561019 0.8811765328 0.4065848014 0.9432017597 0.6895820382 -0.7491636290 -0.9982433803 0.8861871241 0.9578595485 0.9534624109
0.8850137046 0.8897680315 0.7499668726 0.9494096624 0.9779348825 0.8889701264 0.4133028911 0.9490488819 0.6876903861 -0.7491313528 -0.9976543918 0.8938525633 0.9627201928 0.9586557758
0.8927450093 0.8972125526 0.7568163071 0.9548963537 0.9800988718 0.8964767770 0.4198293044 0.9545629454 0.6858230204 -0.7491398102 -0.9969816666 0.9012282537 0.9672703706 0.9635281837
0.9001884844 0.9043738894 0.7634077772 0.9600536383 0.9821485176 0.9036988540 0.4261658717 0.9597466912 0.6839792452 -0.7491879264 -0.9962255413 0.9083166241 0.9715126302 0.9680822860
0.9073461628 0.9112545185 0.7697437617 0.9648842480 0.9840842680 0.9106387268 0.4323144237 0.9646028601 0.6821583644 -0.7492746265 -0.9953863524 0.9151201035 0.9754495201 0.9723207338
0.9142200771 0.9178569165 0.7758267395 0.9693909145 0.9859065707 0.9172987648 0.4382767908 0.9691341931 0.6803596819 -0.7493988359 -0.9944644362 0.9216411205 0.9790835889 0.9762461785
0.9208122602 0.9241835601 0.7816591894 0.9735763696 0.9876158736 0.9236813374 0.4440548034 0.9733434311 0.6785825016 -0.7495594795 -0.9934601294 0.9278821040 0.9824173849 0.9798612713
0.9271247448 0.9302369260 0.7872435901 0.9774433451 0.9892126245 0.9297888140 0.4496502922 0.9772333150 0.6768261277 -0.7497554827 -0.9923737683 0.9338454827 0.9854534566 0.9831686635
0.9331595636 0.9360194907 0.7925824206 0.9809945727 0.9906972715 0.9356235640 0.4550650876 0.9808065858 0.6750898639 -0.7499857705 -0.9912056894 0.9395336854 0.9881943524 0.9861710063
0.9389187494 0.9415337311 0.7976781595 0.9842327842 0.9920702623 0.9411879567 0.4603010201 0.9840659843 0.6733730143 -0.7502492683 -0.9899562293 0.9449491410 0.9906426210 0.9888709511
0.9444043351 0.9467821236 0.8025332857 0.9871607114 0.9933320449 0.9464843616 0.4653599203 0.9870142516 0.6716748828 -0.7505449011 -0.9886257243 0.9500942781 0.9928008106 0.9912711491
0.9496183532 0.9517671449 0.8071502781 0.9897810859 0.9944830670 0.9515151481 0.4702436186 0.9896541284 0.6699947734 -0.7508715941 -0.9872145111 0.9549715257 0.9946714698 0.9933742515
0.9545628367 0.9564912718 0.8115316154 0.9920966396 0.9955237766 0.9562826855 0.4749539456 0.9919883558 0.6683319900 -0.7512282725 -0.9857229259 0.9595833125 0.9962571471 0.9951829097
