-0.0097907788 -0.1092966405 -0.0884917337 0.2057957898 -0.4239124350 -0.1443116875 -0.2157838938 0.2052101827 -0.6665140350 -0.5136260877 0.3218453639 -0.1508847116 0.2392131783 0.2574811089
0.0002502035 -0.0969666789 -0.0758396571 0.2154462825 -0.4145653210 -0.1319381690 -0.2028964352 0.2148812830 -0.6585709668 -0.5017999537 0.3096585243 -0.1386548675 0.2482532607 0.2663875640
0.0101320865 -0.0847625929 -0.0633118794 0.2249114664 -0.4052966443 -0.1196731405 -0.1900658548 0.2243669995 -0.6506151280 -0.4898741706 0.2975002609 -0.1265354067 0.2571080859 0.2751072933
0.0198490141 -0.0726902336 -0.0509142641 0.2341853587 -0.3961112133 -0.1075222034 -0.1772970518 0.2336613434 -0.6426497628 -0.4778503349 0.2853749706 -0.1145319423 0.2657718304 0.2836344951
0.0293951303 -0.0607554516 -0.0386526750 0.2432619765 -0.3870138363 -0.0954909589 -0.1645949255 0.2427583256 -0.6346781156 -0.4657300430 0.2732870500 -0.1026500873 0.2742386704 0.2919633677
0.0387645790 -0.0489640981 -0.0265329756 0.2521353368 -0.3780093213 -0.0835850085 -0.1519643751 0.2516519573 -0.6267034307 -0.4535148915 0.2612408960 -0.0908954545 0.2825027823 0.3000881094
0.0479515041 -0.0373220238 -0.0145610296 0.2607994568 -0.3691024768 -0.0718099533 -0.1394102997 0.2603362495 -0.6187289524 -0.4412064769 0.2492409054 -0.0792736569 0.2905583424 0.3080029186
0.0569500496 -0.0258350796 -0.0027427006 0.2692483537 -0.3602981109 -0.0601713947 -0.1269375986 0.2688052135 -0.6107579252 -0.4288063955 0.2372914749 -0.0677903076 0.2983995271 0.3157019936
0.0657543594 -0.0145091164 0.0089161478 0.2774760445 -0.3516010320 -0.0486749341 -0.1145511711 0.2770528603 -0.6027935934 -0.4163162441 0.2253970014 -0.0564510193 0.3060205127 0.3231795325
0.0743585774 -0.0033499852 0.0204096519 0.2854765464 -0.3430160482 -0.0373261726 -0.1022559163 0.2850732009 -0.5948392012 -0.4037376189 0.2135618816 -0.0452614051 0.3134154756 0.3304297338
0.0827568475 0.0076364632 0.0317319481 0.2932438764 -0.3345479678 -0.0261307118 -0.0900567334 0.2928602466 -0.5868979931 -0.3910721166 0.2017905123 -0.0342270779 0.3205785921 0.3374467958
0.0909433137 0.0184443780 0.0428771728 0.3007720517 -0.3262015991 -0.0150941528 -0.0779585216 0.3004080084 -0.5789732134 -0.3783213337 0.1900872904 -0.0233536507 0.3275040385 0.3442249167
0.0989121199 0.0290679082 0.0538394623 0.3080550895 -0.3179817503 -0.0042220970 -0.0659661803 0.3077104974 -0.5710681064 -0.3654868665 0.1784566125 -0.0126467364 0.3341859912 0.3507582948
0.1066574101 0.0395012029 0.0646129530 0.3150870067 -0.3098932297 0.0064798544 -0.0540846085 0.3147617246 -0.5631859165 -0.3525703117 0.1669028755 -0.0021119480 0.3406186265 0.3570411285
0.1141733281 0.0497384112 0.0751917813 0.3218618206 -0.3019408454 0.0170060999 -0.0423187055 0.3215557013 -0.5553298880 -0.3395732657 0.1554304761 0.0082451016 0.3467961208 0.3630676160
