0.2370759079 0.1527106689 0.1592731845 0.4574247743 0.1287786741 0.1581839715 0.1313667821 0.4511372345 0.1081531282 0.1129430949 -0.2535799423 0.1572357148 0.6545848094 0.6161873330
0.2011462650 0.1136754652 0.1204473553 0.4308998472 0.0889996478 0.1193216691 0.0915720111 0.4243447425 0.0676722852 0.0724725366 -0.2195631717 0.1183606037 0.6366563896 0.5966752305
0.1658631713 0.0754428110 0.0824093908 0.4047388790 0.0500782953 0.0812495424 0.0526220258 0.3979243116 0.0280925019 0.0328821575 -0.1862857893 0.0802790700 0.6188575434 0.5773469774
0.1312216876 0.0380061980 0.0451530305 0.3789393350 0.0120071284 0.0439612979 0.0145099238 0.3718733317 -0.0105942135 -0.0058351268 -0.1537410559 0.0429847011 0.6011877913 0.5582015592
0.0972168747 0.0013591176 0.0086720138 0.3534986804 -0.0252213412 0.0074506422 -0.0227711975 0.3461891929 -0.0483958524 -0.0436864005 -0.1219222320 0.0064710841 0.5836466538 0.5392379614
0.0638437935 -0.0345049386 -0.0270399198 0.3284143807 -0.0616146019 -0.0282887182 -0.0592282407 0.3208692849 -0.0853204068 -0.0806787481 -0.0908225785 -0.0292681937 0.5662336515 0.5204551694
0.0310975049 -0.0695924792 -0.0619890309 0.3036839010 -0.0971801418 -0.0632630767 -0.0948681085 0.2959109978 -0.1213758680 -0.1168192541 -0.0604353559 -0.0642395450 0.5489483051 0.5018521688
-0.0010269303 -0.1039100126 -0.0961815800 0.2793047067 -0.1319254493 -0.0974787269 -0.1296977034 0.2713117215 -0.1565702280 -0.1521150027 -0.0307538251 -0.0984493827 0.5317901349 0.4834279449
-0.0325344512 -0.1374640473 -0.1296238276 0.2552742630 -0.1658580127 -0.1309419621 -0.1637239280 0.2470688460 -0.1909114783 -0.1865730783 -0.0017712467 -0.1319041194 0.5147586617 0.4651814833
-0.0634299969 -0.1702610919 -0.1623220344 0.2315900353 -0.1989853201 -0.1636590759 -0.1969536850 0.2231797612 -0.2244076105 -0.2202005654 0.0265191186 -0.1646101680 0.4978534059 0.4471117694
-0.0937185066 -0.2023076547 -0.1942824609 0.2082494888 -0.2313148599 -0.1956363616 -0.2293938768 0.1996418570 -0.2570666164 -0.2530045484 0.0541240101 -0.1965739412 0.4810738882 0.4292177887
-0.1234049195 -0.2336102444 -0.2255113675 0.1852500889 -0.2628541203 -0.2268801128 -0.2610514062 0.1764525235 -0.2888964875 -0.2849921115 0.0810501671 -0.2278018517 0.4644196290 0.4114985267
-0.1524941746 -0.2641753693 -0.2560150150 0.1625893008 -0.2936105896 -0.2573966229 -0.2919331756 0.1536091504 -0.3199052157 -0.3161703393 0.1073043289 -0.2583003123 0.4478901490 0.3939529688
-0.1809912111 -0.2940095380 -0.2857996637 0.1402645898 -0.3235917562 -0.2871921854 -0.3220460877 0.1311091278 -0.3501007924 -0.3465463161 0.1328932348 -0.2880757357 0.4314849686 0.3765801005
-0.2089009682 -0.3231192590 -0.3148715743 0.1182734212 -0.3528051081 -0.3162730936 -0.3513970451 0.1089498457 -0.3794912095 -0.3761271262 0.1578236240 -0.3171345348 0.4152036086 0.3593789072
