-0.0331731273 -0.4905198626 -0.6427662777 -0.3768407847 -0.1004838229 -0.5223889861 -0.6456504030 -0.3773165308 -0.2338699114 -0.7289772162 0.6809844029 -0.4961594276 -0.3354751270 -0.3202583244
-0.0205324278 -0.4830126473 -0.6368154630 -0.3677112338 -0.0898894500 -0.5151818917 -0.6398621681 -0.3681939190 -0.2264601276 -0.7258640470 0.6770614176 -0.4886653489 -0.3257973030 -0.3104660012
-0.0078888095 -0.4754666264 -0.6308156259 -0.3585484386 -0.0792860253 -0.5079337480 -0.6340252307 -0.3590380410 -0.2190333876 -0.7226930416 0.6730856137 -0.4811319030 -0.3160884062 -0.3006438447
0.0047559305 -0.4678821715 -0.6247667694 -0.3493531871 -0.0686746186 -0.5006448570 -0.6281395479 -0.3498496830 -0.2115899882 -0.7194636115 0.6690565571 -0.4735594611 -0.3063493642 -0.2907928060
0.0173999950 -0.4602596544 -0.6186688971 -0.3401262674 -0.0580562999 -0.4933155211 -0.6222050765 -0.3406296312 -0.2041302260 -0.7161751679 0.6649738139 -0.4659483947 -0.2965811043 -0.2809138360
0.0300415869 -0.4525994466 -0.6125220119 -0.3308684677 -0.0474321390 -0.4859460425 -0.6162217735 -0.3313786721 -0.1966543979 -0.7128271220 0.6608369500 -0.4582990750 -0.2867845540 -0.2710078857
0.0426789091 -0.4449019198 -0.6063261174 -0.3215805758 -0.0368032057 -0.4785367234 -0.6101895959 -0.3220975917 -0.1891628006 -0.7094188852 0.6566455315 -0.4506118736 -0.2769606408 -0.2610759062
0.0553101643 -0.4371674457 -0.6000812166 -0.3122633800 -0.0261705700 -0.4710878661 -0.6041085006 -0.3127871764 -0.1816557309 -0.7059498687 0.6523991242 -0.4428871617 -0.2671102920 -0.2511188485
0.0679335555 -0.4293963959 -0.5937873128 -0.3029176683 -0.0155353018 -0.4635997728 -0.5979784445 -0.3034482125 -0.1741334856 -0.7024194838 0.6480972942 -0.4351253108 -0.2572344350 -0.2411376636
0.0805472855 -0.4215891420 -0.5874444094 -0.2935442286 -0.0048984709 -0.4560727458 -0.5917993847 -0.2940814861 -0.1665963614 -0.6988271419 0.6437396076 -0.4273266921 -0.2473339974 -0.2311333025
0.0931495572 -0.4137460557 -0.5810525095 -0.2841438492 0.0057388527 -0.4485070871 -0.5855712780 -0.2846877837 -0.1590446550 -0.6951722541 0.6393256301 -0.4194916770 -0.2374099065 -0.2211067163
0.1057385733 -0.4058675086 -0.5746116164 -0.2747173181 0.0163755993 -0.4409030992 -0.5792940814 -0.2752678913 -0.1514786634 -0.6914542319 0.6348549280 -0.4116206370 -0.2274630898 -0.2110588558
0.1183125369 -0.3979538725 -0.5681217334 -0.2652654233 0.0270106989 -0.4332610842 -0.5729677519 -0.2658225954 -0.1438986832 -0.6876724863 0.6303270671 -0.4037139433 -0.2174944746 -0.2009906723
0.1308696506 -0.3900055189 -0.5615828636 -0.2557889529 0.0376430816 -0.4255813444 -0.5665922464 -0.2563526821 -0.1363050111 -0.6838264289 0.6257416134 -0.3957719674 -0.2075049885 -0.1909031166
0.1434081174 -0.3820228194 -0.5549950105 -0.2462886950 0.0482716775 -0.4178641819 -0.5601675219 -0.2468589378 -0.1286979441 -0.6799154708 0.6210981329 -0.3877950807 -0.1974955587 -0.1807971398
