0.0956792227 -0.0866375216 0.0373107297 0.3495709469 -0.5513196608 -0.1043394798 -0.2843102076 0.3455864340 -0.4365160043 -0.3038707388 0.5477163094 -0.0593042002 0.3754157435 0.3762575898
0.1098510811 -0.0668669262 0.0555363697 0.3583367937 -0.5218411334 -0.0855391446 -0.2584293025 0.3544300555 -0.4094286645 -0.2743667075 0.5179983503 -0.0403127287 0.3832745947 0.3840749925
0.1247985021 -0.0463009519 0.0744266293 0.3677266107 -0.4912710665 -0.0658629884 -0.2317336082 0.3639003928 -0.3816396696 -0.2441791372 0.4871977738 -0.0205319743 0.3917604850 0.3925201519
0.1405348207 -0.0249276088 0.0939915524 0.3777525820 -0.4595960322 -0.0452972366 -0.2042126439 0.3740096569 -0.3531446554 -0.2133038534 0.4553025309 0.0000501786 0.4008859326 0.4016056118
0.1570733721 -0.0027349067 0.1142411828 0.3884268915 -0.4268026022 -0.0238281149 -0.1758559283 0.3847700588 -0.3239392575 -0.1817366814 0.4223005726 0.0214458454 0.4106634555 0.4113439163
0.1744274915 0.0202891444 0.1351855643 0.3997617233 -0.3928773485 -0.0014418486 -0.1466529806 0.3961938095 -0.2940191116 -0.1494734464 0.3881798496 0.0436671417 0.4211055717 0.4217476094
0.1926105140 0.0441565344 0.1568347408 0.4117692614 -0.3578068431 0.0218753366 -0.1165933198 0.4082931200 -0.2633798536 -0.1165099738 0.3529283130 0.0667261828 0.4322247993 0.4328292351
0.2116357747 0.0688792534 0.1791987561 0.4244616898 -0.3215776580 0.0461372154 -0.0856664647 0.4210802014 -0.2320171190 -0.0828420888 0.3165339137 0.0906350843 0.4440336564 0.4446013374
0.2315166088 0.0944692915 0.2022876541 0.4378511926 -0.2841763649 0.0713575622 -0.0538619343 0.4345672647 -0.1999265437 -0.0484656168 0.2789846026 0.1154059616 0.4565446611 0.4570764603
0.2522663514 0.1209386387 0.2261114786 0.4519499537 -0.2455895359 0.0975501515 -0.0211692478 0.4487665209 -0.1671037634 -0.0133763832 0.2402683306 0.1410509302 0.4697703314 0.4702671478
0.2738983376 0.1482992850 0.2506802735 0.4667701571 -0.2058037430 0.1247287579 0.0124220760 0.4636901810 -0.1335444138 0.0224297869 0.2003730487 0.1675821057 0.4837231853 0.4841859439
0.2964259027 0.1765632204 0.2760040825 0.4823239870 -0.1648055579 0.1529071558 0.0469225181 0.4793504561 -0.0992441305 0.0589570680 0.1592867078 0.1950116033 0.4984157410 0.4988453926
0.3198623816 0.2057424350 0.3020929497 0.4986236272 -0.1225815527 0.1820991197 0.0823425594 0.4957595571 -0.0641985494 0.0962096349 0.1169972587 0.2233515387 0.5138605165 0.5142580379
0.3442211097 0.2358489188 0.3289569187 0.5156812619 -0.0791182994 0.2123184241 0.1186926811 0.5129296950 -0.0284033062 0.1341916622 0.0734926525 0.2526140274 0.5300700298 0.5304364239
0.3695154219 0.2668946618 0.3566060334 0.5335090749 -0.0344023697 0.2435788436 0.1559833640 0.5308730810 0.0081459635 0.1729073246 0.0287608400 0.2828111846 0.5470567991 0.5473930945
