0.6323224526 0.4900922647 0.5347434727 0.5903757403 0.1440317259 0.4856360487 -0.0090363063 0.5889410061 -0.3916347040 -0.4575284473 0.2333113346 0.4666692864 0.6183949612 0.6099766636
0.6231353015 0.4805497893 0.5257312434 0.5804851546 0.1352699441 0.4762737034 -0.0161769604 0.5790413309 -0.3979238834 -0.4623698449 0.2399078301 0.4569656974 0.6085845634 0.6000418912
0.6138991938 0.4710304216 0.5167371364 0.5705450198 0.1265699508 0.4669435135 -0.0232482728 0.5690926663 -0.4041118379 -0.4671098130 0.2464164772 0.4472918922 0.5987091298 0.5900427477
0.6046167318 0.4615378825 0.5077647376 0.5605580157 0.1179356044 0.4576493128 -0.0302467213 0.5590977017 -0.4101950728 -0.4717451920 0.2528337813 0.4376517087 0.5887710965 0.5799816945
0.5952905184 0.4520758931 0.4988176329 0.5505268221 0.1093707633 0.4483949348 -0.0371687837 0.5490591264 -0.4161700934 -0.4762728222 0.2591562479 0.4280489845 0.5787728996 0.5698611933
0.5859231559 0.4426481744 0.4898994082 0.5404541189 0.1008792855 0.4391842133 -0.0440109380 0.5389796298 -0.4220334049 -0.4806895440 0.2653803822 0.4184875575 0.5687169752 0.5596837054
0.5765172470 0.4332584474 0.4810136495 0.5303425859 0.0924650296 0.4300209817 -0.0507696619 0.5288619012 -0.4277815126 -0.4849921980 0.2715026896 0.4089712656 0.5586057593 0.5494516925
0.5670753943 0.4239104332 0.4721639426 0.5201949029 0.0841318536 0.4209090737 -0.0574414334 0.5187086299 -0.4334109219 -0.4891776246 0.2775196756 0.3995039464 0.5484416880 0.5391676160
0.5576002004 0.4146078528 0.4633538735 0.5100137497 0.0758836161 0.4118523230 -0.0640227302 0.5085225054 -0.4389181380 -0.4932426640 0.2834278455 0.3900894379 0.5382271975 0.5288339375
0.5480942679 0.4053544271 0.4545870280 0.4998018061 0.0677241751 0.4028545631 -0.0705100303 0.4983062169 -0.4442996663 -0.4971841569 0.2892237046 0.3807315777 0.5279647238 0.5184531185
0.5385601992 0.3961538773 0.4458669920 0.4895617520 0.0596573890 0.3939196276 -0.0768998114 0.4880624537 -0.4495520119 -0.5009989435 0.2949037583 0.3714342037 0.5176567031 0.5080276204
0.5290005971 0.3870099244 0.4371973516 0.4792962672 0.0516871161 0.3850513503 -0.0831885514 0.4777939053 -0.4546716802 -0.5046838643 0.3004645121 0.3622011537 0.5073055713 0.4975599050
0.5194180641 0.3779262893 0.4285816925 0.4690080315 0.0438172147 0.3762535647 -0.0893727281 0.4675032609 -0.4596551765 -0.5082357598 0.3059024712 0.3530362655 0.4969137646 0.4870524335
0.5098152028 0.3689066932 0.4200236007 0.4586997247 0.0360515431 0.3675301044 -0.0954488195 0.4571932099 -0.4644990061 -0.5116514703 0.3112141410 0.3439433768 0.4864837191 0.4765076677
0.5001946157 0.3599548570 0.4115266622 0.4483740267 0.0283939595 0.3588848031 -0.1014133033 0.4468664416 -0.4691996743 -0.5149278363 0.3163960270 0.3349263255 0.4760178709 0.4659280689
