-0.0369701171 -0.2590348557 -0.2154910705 0.0829047406 -0.2217068264 -0.0525330880 -0.1369393586 0.0841745673 -0.2028520368 -0.2163037284 0.0139282322 -0.1990069685 0.0915498814 0.0805845677
-0.0327177555 -0.2509127464 -0.2068331618 0.0850749725 -0.2138666788 -0.0477668278 -0.1244817442 0.0863880648 -0.1910239389 -0.2080445481 0.0115061150 -0.1911543385 0.0932399244 0.0823573534
-0.0286632082 -0.2429854964 -0.1983854252 0.0870457173 -0.2062260812 -0.0432009368 -0.1121992513 0.0884013140 -0.1793585267 -0.1999908302 0.0092658589 -0.1835062045 0.0947341157 0.0839356662
-0.0248127349 -0.2352605542 -0.1901556579 0.0888113537 -0.1987924480 -0.0388418672 -0.1000997987 0.0902086712 -0.1678634357 -0.1921501906 0.0072129586 -0.1760700428 0.0960270282 0.0853140692
-0.0211725956 -0.2277453686 -0.1821516568 0.0903662606 -0.1915731934 -0.0346960710 -0.0881913052 0.0918044925 -0.1565463015 -0.1845302453 0.0053529089 -0.1688533293 0.0971132350 0.0864871254
-0.0177490500 -0.2204473880 -0.1743812191 0.0917048167 -0.1845757320 -0.0307700005 -0.0764816895 0.0931831342 -0.1454147594 -0.1771386101 0.0036912043 -0.1618635402 0.0979873094 0.0874493979
-0.0145483579 -0.2133740610 -0.1668521419 0.0928214009 -0.1778074778 -0.0270701080 -0.0649788705 0.0943389526 -0.1344764452 -0.1699829011 0.0022333395 -0.1551081516 0.0986438245 0.0881954499
-0.0115767793 -0.2065328363 -0.1595722221 0.0937103920 -0.1712758453 -0.0236028454 -0.0536907668 0.0952663038 -0.1237389942 -0.1630707341 0.0009848092 -0.1485946396 0.0990773533 0.0887198445
-0.0088405739 -0.1999311624 -0.1525492569 0.0943661687 -0.1649882487 -0.0203746650 -0.0426252973 0.0959595441 -0.1132100420 -0.1564097252 -0.0000488921 -0.1423304804 0.0992824691 0.0890171446
-0.0063460016 -0.1935764879 -0.1457910434 0.0947831100 -0.1589521024 -0.0173920191 -0.0317903807 0.0964130297 -0.1028972241 -0.1500074901 -0.0008622695 -0.1363231500 0.0992537448 0.0890819135
-0.0040993222 -0.1874762614 -0.1393053786 0.0949555945 -0.1531748207 -0.0146613597 -0.0211939359 0.0966211168 -0.0928081761 -0.1438716449 -0.0014498285 -0.1305801246 0.0989857537 0.0889087142
-0.0021067955 -0.1816379314 -0.1331000595 0.0948780011 -0.1476638180 -0.0121891390 -0.0108438815 0.0965781617 -0.0829505335 -0.1380098055 -0.0018060744 -0.1251088802 0.0984730689 0.0884921099
-0.0003746814 -0.1760689466 -0.1271828833 0.0945447087 -0.1424265084 -0.0099818092 -0.0007481363 0.0962785206 -0.0733319317 -0.1324295878 -0.0019255125 -0.1199168930 0.0977102635 0.0878266635
0.0010907603 -0.1707767556 -0.1215616470 0.0939500959 -0.1374703064 -0.0080458225 0.0090853808 0.0957165497 -0.0639600063 -0.1271386078 -0.0018026482 -0.1150116392 0.0966919106 0.0869069383
0.0022832697 -0.1657688068 -0.1162441477 0.0930885417 -0.1328026263 -0.0063876310 0.0186487511 0.0948866053 -0.0548423928 -0.1221444814 -0.0014319869 -0.1104005947 0.0954125834 0.0857274973
