-0.6024988368 -0.6555490839 -0.6719353288 -0.6451595610 -0.4808079095 -0.6584890802 -0.6600834916 -0.6456769890 -0.3896263577 -0.7283700862 0.6377730314 -0.6532750049 -0.6396907514 -0.6436106306
-0.5835338378 -0.6391095608 -0.6562882907 -0.6283669381 -0.4555992675 -0.6421452318 -0.6437299178 -0.6289101702 -0.3596417215 -0.7152939602 0.6202801769 -0.6366795899 -0.6226730219 -0.6267814062
-0.5648829715 -0.6229413972 -0.6409006259 -0.6118680238 -0.4307583902 -0.6260659993 -0.6276312193 -0.6124367583 -0.3300554520 -0.7024202819 0.6030525646 -0.6203526644 -0.6059568899 -0.6102508063
-0.5465441201 -0.6070427185 -0.6257705226 -0.5956607574 -0.4062830416 -0.6102495652 -0.6117856691 -0.5962546941 -0.3008653303 -0.6897476117 0.5860884408 -0.6042923898 -0.5895402352 -0.5940167267
-0.5285151655 -0.5914116500 -0.6108961695 -0.5797430783 -0.3821709861 -0.5946941115 -0.5961915406 -0.5803619182 -0.2720691376 -0.6772745101 0.5693860519 -0.5884969278 -0.5734209378 -0.5780770635
-0.5107939898 -0.5760463173 -0.5962757550 -0.5641129259 -0.3584199878 -0.5793978205 -0.5808471070 -0.5647563712 -0.2436646551 -0.6649995376 0.5529436441 -0.5729644398 -0.5575968774 -0.5624297126
-0.4933784751 -0.5609448457 -0.5819074674 -0.5487682397 -0.3350278111 -0.5643588744 -0.5657506415 -0.5494359938 -0.2156496638 -0.6529212547 0.5367594638 -0.5576930874 -0.5420659340 -0.5470725701
-0.4762665033 -0.5461053606 -0.5677894953 -0.5337069591 -0.3119922200 -0.5495754552 -0.5509004173 -0.5343987266 -0.1880219451 -0.6410382216 0.5208317573 -0.5426810323 -0.5268259875 -0.5320035320
-0.4594559566 -0.5315259874 -0.5539200271 -0.5189270234 -0.2893109789 -0.5350457454 -0.5362947076 -0.5196425102 -0.1607792799 -0.6293489990 0.5051587711 -0.5279264358 -0.5118749176 -0.5172204943
-0.4429447169 -0.5172048516 -0.5402972512 -0.5044263721 -0.2669818519 -0.5207679270 -0.5219317857 -0.5051652853 -0.1339194495 -0.6178521472 0.4897387513 -0.5134274596 -0.4972106044 -0.5027213528
-0.4267306664 -0.5031400786 -0.5269193561 -0.4902029447 -0.2450026033 -0.5067401822 -0.5078099248 -0.4909649925 -0.1074402351 -0.6065462267 0.4745699444 -0.4991822652 -0.4828309275 -0.4885040038
-0.4108116869 -0.4893297937 -0.5137845303 -0.4762546804 -0.2233709973 -0.4929606932 -0.4939273981 -0.4770395725 -0.0813394177 -0.5954297979 0.4596505967 -0.4851890141 -0.4687337670 -0.4745663431
-0.3951856607 -0.4757721224 -0.5008909621 -0.4625795187 -0.2020847981 -0.4794276423 -0.4802824789 -0.4633869658 -0.0556147785 -0.5845014214 0.4449789545 -0.4714458680 -0.4549170027 -0.4609062667
-0.3798504696 -0.4624651901 -0.4882368401 -0.4491753990 -0.1811417700 -0.4661392116 -0.4668734404 -0.4500051132 -0.0302640987 -0.5737596575 0.4305532641 -0.4579509883 -0.4413785144 -0.4475216707
-0.3648039958 -0.4494071222 -0.4758203527 -0.4360402608 -0.1605396770 -0.4530935833 -0.4536985557 -0.4368919553 -0.0052851595 -0.5632030666 0.4163717720 -0.4447025367 -0.4281161820 -0.4344104511
