-0.9446926639 -0.9609802635 -0.9420527779 -0.9121910773 -0.9994604854 -0.9641151075 -0.9820281129 -0.9132080282 -0.9663216117 -0.9976901920 0.9979541629 -0.9639696969 -0.9122370452 -0.9094167647
-0.9374247049 -0.9549560054 -0.9349220956 -0.9032715609 -0.9984430140 -0.9584034741 -0.9779159703 -0.9043293709 -0.9714393325 -0.9964941003 0.9962021395 -0.9581239963 -0.9032726424 -0.9003208913
-0.9297478133 -0.9485310370 -0.9274150448 -0.8939702004 -0.9969358385 -0.9522999341 -0.9734016002 -0.8950676764 -0.9761191138 -0.9950552445 0.9939275097 -0.9518703576 -0.8939224158 -0.8908409792
-0.9216688127 -0.9417115802 -0.9195377009 -0.8842938464 -0.9949455380 -0.9458104280 -0.9684906824 -0.8854298060 -0.9803655267 -0.9933759703 0.9911377328 -0.9452150965 -0.8841933235 -0.8809839991
-0.9131945267 -0.9345038570 -0.9112961394 -0.8742493498 -0.9924786916 -0.9389408961 -0.9631888967 -0.8754226208 -0.9841831421 -0.9914586238 0.9878402683 -0.9381645288 -0.8740923235 -0.8707569218
-0.9043317792 -0.9269140894 -0.9026964356 -0.8638435613 -0.9895418781 -0.9316972787 -0.9575019228 -0.8650529821 -0.9875765309 -0.9893055506 0.9840425755 -0.9307249703 -0.8636263739 -0.8601667178
-0.8950873938 -0.9189484993 -0.8937446651 -0.8530833315 -0.9861416766 -0.9240855161 -0.9514354406 -0.8543277511 -0.9905502642 -0.9869190968 0.9797521139 -0.9229027367 -0.8528024326 -0.8492203579
-0.8854681942 -0.9106133085 -0.8844469032 -0.8419755113 -0.9822846661 -0.9161115487 -0.9449951297 -0.8432537891 -0.9931089127 -0.9843016081 0.9749763428 -0.9147041437 -0.8416274577 -0.8379248127
-0.8754810041 -0.9019147392 -0.8748092256 -0.8305269515 -0.9779774257 -0.9077813169 -0.9381866700 -0.8318379574 -0.9952570476 -0.9814554304 0.9697227217 -0.9061355071 -0.8301084072 -0.8262870530
-0.8651326473 -0.8928590131 -0.8648377075 -0.8187445026 -0.9732265344 -0.8991007609 -0.9310157411 -0.8200871171 -0.9969992398 -0.9783829096 0.9639987101 -0.8972031427 -0.8182522392 -0.8143140493
-0.8544299475 -0.8834523524 -0.8545384245 -0.8066350156 -0.9680385711 -0.8900758210 -0.9234880230 -0.8080081296 -0.9983400601 -0.9750863915 0.9578117672 -0.8879133661 -0.8060659117 -0.8020127725
-0.8433797282 -0.8737009788 -0.8439174520 -0.7942053412 -0.9624201149 -0.8807124377 -0.9156091952 -0.7956078559 -0.9992840796 -0.9715682220 0.9511693525 -0.8782724931 -0.7935563827 -0.7893901932
-0.8319888134 -0.8636111143 -0.8329808654 -0.7814623301 -0.9563777448 -0.8710165513 -0.9073849377 -0.7828931575 -0.9998358693 -0.9678307469 0.9440789255 -0.8682868396 -0.7807306103 -0.7764532821
-0.8202640266 -0.8531889809 -0.8217347403 -0.7684128330 -0.9499180399 -0.8609941021 -0.8988209302 -0.7698708955 -1.0000000000 -0.9638763122 0.9365479455 -0.8579627211 -0.7675955525 -0.7632090098
-0.8082121916 -0.8424408005 -0.8101851520 -0.7550637007 -0.9430475791 -0.8506510303 -0.8899228524 -0.7565479311 -0.9997810427 -0.9597072636 0.9285838720 -0.8473064536 -0.7541581673 -0.7496643471
