0.1873355737 0.2308345881 0.2278347356 0.1651708980 0.3441970503 0.2297839662 0.2671428514 0.1653765610 0.5890319056 0.2934974546 -0.3407263025 0.2223915454 0.1543944615 0.1503772640
0.2000995283 0.2437896894 0.2406199569 0.1774001975 0.3562699392 0.2428477630 0.2802439102 0.1776168324 0.5989040571 0.3068942160 -0.3525646135 0.2354420444 0.1665463249 0.1625741657
0.2131277084 0.2569586249 0.2536289332 0.1899373844 0.3684821163 0.2561219503 0.2935173012 0.1901643388 0.6087673245 0.3204253800 -0.3645552550 0.2487107084 0.1790197970 0.1750947512
0.2264221573 0.2703429346 0.2668633133 0.2027849664 0.3808344644 0.2696080264 0.3069641506 0.2030215808 0.6186212611 0.3340916819 -0.3766992538 0.2621991121 0.1918175244 0.1879416838
0.2399849185 0.2839441583 0.2803247461 0.2159454511 0.3933278659 0.2833074895 0.3205855841 0.2161910589 0.6284654203 0.3478938572 -0.3889976367 0.2759088304 0.2049421539 0.2011176271
0.2538180357 0.2977638360 0.2940148808 0.2294213463 0.4059632033 0.2972218380 0.3343827279 0.2296752735 0.6382993554 0.3618326415 -0.4014514306 0.2898414380 0.2183963321 0.2146252443
0.2679235522 0.3118035075 0.3079353663 0.2432151595 0.4187413593 0.3113525701 0.3483567079 0.2434767251 0.6481226198 0.3759087702 -0.4140616623 0.3039985096 0.2321827057 0.2284671990
0.2823035117 0.3260647127 0.3220878515 0.2573293983 0.4316632163 0.3257011841 0.3625086500 0.2575979142 0.6579347668 0.3901229786 -0.4268293585 0.3183816199 0.2463039215 0.2426461547
0.2969599575 0.3405489915 0.3364739855 0.2717665705 0.4447296568 0.3402691782 0.3768396802 0.2720413413 0.6677353499 0.4044760024 -0.4397555461 0.3329923438 0.2607626260 0.2571647747
0.3118949332 0.3552578837 0.3510954173 0.2865291837 0.4579415635 0.3550580507 0.3913509244 0.2868095069 0.6775239223 0.4189685769 -0.4528412519 0.3478322560 0.2755614660 0.2720257225
0.3271104822 0.3701929293 0.3659537957 0.3016197455 0.4712998187 0.3700692999 0.4060435087 0.3019049114 0.6873000374 0.4336014377 -0.4660875027 0.3629029311 0.2907030882 0.2872316616
0.3426086482 0.3853556682 0.3810507699 0.3170407636 0.4848053052 0.3853044240 0.4209185590 0.3173300554 0.6970632485 0.4483753201 -0.4794953253 0.3782059441 0.3061901392 0.3027852554
0.3583914746 0.4007476401 0.3963879887 0.3327947455 0.4984589053 0.4007649213 0.4359772013 0.3330874393 0.7068131091 0.4632909596 -0.4930657466 0.3937428695 0.3220252658 0.3186891674
0.3744610049 0.4163703851 0.4119671013 0.3488841991 0.5122615016 0.4164522902 0.4512205615 0.3491795637 0.7165491724 0.4783490918 -0.5067997932 0.4095152823 0.3382111147 0.3349460610
0.3908192825 0.4322254430 0.4277897565 0.3653116318 0.5262139767 0.4323680287 0.4666497656 0.3656089289 0.7262709918 0.4935504520 -0.5206984922 0.4255247570 0.3547503324 0.3515585996
