-0.5056542803 -0.6359361736 -0.7554674586 -0.5248057459 -0.6931334836 -0.5383559007 -0.8321621310 -0.5239736123 -0.9082141034 -0.9637870576 0.6774848764 -0.6593870603 -0.5190519362 -0.5199043069
-0.5278631203 -0.6532673139 -0.7679301464 -0.5468238193 -0.7077987102 -0.5599260073 -0.8403490287 -0.5459987761 -0.9134805623 -0.9670023154 0.6928183356 -0.6757334038 -0.5410426276 -0.5418774346
-0.5494998920 -0.6701375048 -0.7800454635 -0.5682499130 -0.7220777926 -0.5809247088 -0.8483304416 -0.5674328301 -0.9185954483 -0.9700687874 0.7077487829 -0.6916432069 -0.5624471804 -0.5632635212
-0.5705688467 -0.6865495817 -0.7918151279 -0.5890889716 -0.7359727526 -0.6013559994 -0.8561064326 -0.5882806932 -0.9235583869 -0.9729863740 0.7222784142 -0.7071190555 -0.5832705903 -0.5840676206
-0.5910742359 -0.7025063799 -0.8032408576 -0.6093459400 -0.7494856119 -0.6212238736 -0.8636770648 -0.6085472842 -0.9283690034 -0.9757549759 0.7364094248 -0.7221635360 -0.6035178524 -0.6042947869
-0.6110203108 -0.7180107348 -0.8143243707 -0.6290257630 -0.7626183922 -0.6405323258 -0.8710424015 -0.6282375219 -0.9330269234 -0.9783744934 0.7501440105 -0.7367792345 -0.6231939625 -0.6239500739
-0.6304113229 -0.7330654819 -0.8250673852 -0.6481333853 -0.7753731153 -0.6592853504 -0.8782025056 -0.6473563250 -0.9375317722 -0.9808448272 0.7634843669 -0.7509687373 -0.6423039158 -0.6430385357
-0.6492515235 -0.7476734565 -0.8354716192 -0.6666737517 -0.7877518027 -0.6774869418 -0.8851574404 -0.6659086124 -0.9418831754 -0.9831658778 0.7764326896 -0.7647346305 -0.6608527079 -0.6615652262
-0.6675451640 -0.7618374940 -0.8455387907 -0.6846518071 -0.7997564762 -0.6951410943 -0.8919072688 -0.6838993029 -0.9460807584 -0.9853375456 0.7889911741 -0.7780795004 -0.6788453342 -0.6795351994
-0.6852964959 -0.7755604297 -0.8552706176 -0.7020724962 -0.8113891576 -0.7122518023 -0.8984520541 -0.7013333152 -0.9501241467 -0.9873597312 0.8011620161 -0.7910059330 -0.6962867902 -0.6969535093
-0.7025097705 -0.7888450991 -0.8646688182 -0.7189407639 -0.8226518686 -0.7288230603 -0.9047918592 -0.7182155683 -0.9540129656 -0.9892323351 0.8129474112 -0.8035165147 -0.7131820713 -0.7138252098
-0.7191892391 -0.8016943375 -0.8737351103 -0.7352615549 -0.8335466308 -0.7448588627 -0.9109267474 -0.7345509808 -0.9577468407 -0.9909552579 0.8243495551 -0.8156138317 -0.7295361729 -0.7301553550
-0.7353391532 -0.8141109803 -0.8824712121 -0.7510398140 -0.8440754660 -0.7603632038 -0.9168567817 -0.7503444716 -0.9613253974 -0.9925284000 0.8353706432 -0.8273004701 -0.7453540906 -0.7459489987
-0.7509637641 -0.8260978629 -0.8908788415 -0.7662804860 -0.8542403958 -0.7753400780 -0.9225820252 -0.7656009595 -0.9647482611 -0.9939516620 0.8460128713 -0.8385790161 -0.7606408198 -0.7612111950
-0.7660673232 -0.8376578207 -0.8989597166 -0.7809885158 -0.8640434421 -0.7897934798 -0.9281025411 -0.7803253634 -0.9680150573 -0.9952249444 0.8562784349 -0.8494520560 -0.7754013560 -0.7759469978
