0.4967445733 0.4144171055 0.4474680472 0.4228634388 -0.7491774131 0.3400004940 0.1768776941 0.4174361805 -0.9215440338 -0.0632386389 -0.0930791632 0.3931625574 0.4711570817 0.4789609558
0.4869325708 0.4189441017 0.4519084481 0.4268979073 -0.7607161347 0.3455205601 0.1839227051 0.4215210771 -0.9287847485 -0.0519941170 -0.0998979505 0.3977783401 0.4746964845 0.4824806107
0.4770629944 0.4236732937 0.4565337912 0.4311441897 -0.7720388208 0.3512578702 0.1912373859 0.4258195411 -0.9357053779 -0.0404610474 -0.1070434463 0.4026064269 0.4784334802 0.4861937638
0.4671369918 0.4286075425 0.4613467374 0.4356053352 -0.7831411923 0.3572153302 0.1988250717 0.4303346360 -0.9423010604 -0.0286364567 -0.1145197199 0.4076497910 0.4823710131 0.4901033117
0.4571557107 0.4337497094 0.4663499481 0.4402843929 -0.7940189702 0.3633958461 0.2066890979 0.4350694255 -0.9485669346 -0.0165173711 -0.1223308400 0.4129114054 0.4865120273 0.4942121511
0.4471202987 0.4391026555 0.4715460843 0.4451844120 -0.8046678758 0.3698023237 0.2148327996 0.4400269732 -0.9544981389 -0.0041008170 -0.1304808759 0.4183942430 0.4908594671 0.4985231787
0.4370319038 0.4446692422 0.4769378072 0.4503084418 -0.8150836300 0.3764376690 0.2232595121 0.4452103428 -0.9600898119 0.0086161792 -0.1389738964 0.4241012769 0.4954162767 0.5030392910
0.4268916734 0.4504523305 0.4825277780 0.4556595314 -0.8252619538 0.3833047878 0.2319725708 0.4506225979 -0.9653370920 0.0216365912 -0.1478139705 0.4300354801 0.5001854004 0.5077633848
0.4167007554 0.4564547818 0.4883186579 0.4612407300 -0.8351985685 0.3904065861 0.2409753107 0.4562668020 -0.9702351177 0.0349633926 -0.1570051674 0.4361998256 0.5051697823 0.5126983566
0.4064602974 0.4626794571 0.4943131080 0.4670550867 -0.8448891950 0.3977459698 0.2502710673 0.4621460189 -0.9747790276 0.0485995570 -0.1665515560 0.4425972863 0.5103723668 0.5178471031
0.3961714471 0.4691292177 0.5005137896 0.4731056509 -0.8543295544 0.4053258447 0.2598631757 0.4682633121 -0.9789639601 0.0625480581 -0.1764572053 0.4492308354 0.5157960980 0.5232125210
0.3858353523 0.4758069247 0.5069233637 0.4793954715 -0.8635153678 0.4131491168 0.2697549712 0.4746217453 -0.9827850538 0.0768118694 -0.1867261843 0.4561034458 0.5214439202 0.5287975069
0.3754531607 0.4827154394 0.5135444915 0.4859275979 -0.8724423563 0.4212186920 0.2799497891 0.4812243821 -0.9862374471 0.0913939648 -0.1973625620 0.4632180905 0.5273187777 0.5346049575
0.3650260200 0.4898576231 0.5203798343 0.4927050793 -0.8811062409 0.4295374761 0.2904509646 0.4880742862 -0.9893162785 0.1062973177 -0.2083704075 0.4705777426 0.5334236145 0.5406377693
0.3545550778 0.4972363367 0.5274320532 0.4997309647 -0.8895027427 0.4381083752 0.3012618330 0.4951745210 -0.9920166866 0.1215249018 -0.2197537897 0.4781853751 0.5397613750 0.5468988391
