0.7894366749 0.8990013520 0.6034109367 0.8587234232 -0.4044919087 0.8371805294 0.4401292181 0.8524061003 -0.5493652351 0.2296383612 0.0559144439 0.8551641436 0.8517032323 0.8886819784
0.7765461103 0.9049745977 0.6128915372 0.8626023752 -0.4104573451 0.8444323937 0.4474664301 0.8564363062 -0.5536963991 0.2434683571 0.0500650713 0.8619820048 0.8548914948 0.8912488429
0.7632351169 0.9107850701 0.6223201156 0.8664410862 -0.4166210094 0.8515436652 0.4546983460 0.8604254812 -0.5581822802 0.2573552401 0.0442849002 0.8686579973 0.8580674887 0.8937991946
0.7495005721 0.9164308724 0.6316956831 0.8702393044 -0.4229847520 0.8585125401 0.4618233510 0.8643733549 -0.5628244381 0.2712986500 0.0385752013 0.8751903773 0.8612312783 0.8963331036
0.7353393532 0.9219101072 0.6410172507 0.8739967782 -0.4295504230 0.8653372144 0.4688398303 0.8682796567 -0.5676244326 0.2852982266 0.0329372458 0.8815774011 0.8643829278 0.8988506401
0.7207483373 0.9272208775 0.6502838297 0.8777132557 -0.4363198726 0.8720158843 0.4757461691 0.8721441162 -0.5725838234 0.2993536100 0.0273723045 0.8878173250 0.8675225015 0.9013518744
0.7057244018 0.9323612861 0.6594944311 0.8813884851 -0.4432949509 0.8785467460 0.4825407526 0.8759664630 -0.5777041702 0.3134644399 0.0218816483 0.8939084051 0.8706500635 0.9038368765
0.6902644239 0.9373294360 0.6686480661 0.8850222149 -0.4504775082 0.8849279956 0.4892219659 0.8797464266 -0.5829870328 0.3276303564 0.0164665483 0.8998488978 0.8737656782 0.9063057168
0.6743652808 0.9421234300 0.6777437458 0.8886141931 -0.4578693947 0.8911578291 0.4957881943 0.8834837365 -0.5884339707 0.3418509992 0.0111282753 0.9056370594 0.8768694098 0.9087584654
0.6580238500 0.9467413709 0.6867804812 0.8921641681 -0.4654724604 0.8972344428 0.5022378229 0.8871781224 -0.5940465438 0.3561260083 0.0058681004 0.9112711461 0.8799613225 0.9111951924
0.6412370085 0.9511813618 0.6957572835 0.8956718880 -0.4732885557 0.9031560327 0.5085692370 0.8908293137 -0.5998263117 0.3704550237 0.0006872944 0.9167494141 0.8830414805 0.9136159682
0.6240016337 0.9554415053 0.7046731639 0.8991371012 -0.4813195307 0.9089207950 0.5147808216 0.8944370400 -0.6057748342 0.3848376851 -0.0044128717 0.9220701198 0.8861099482 0.9160208629
0.6063146029 0.9595199045 0.7135271334 0.9025595559 -0.4895672355 0.9145269258 0.5208709621 0.8980010309 -0.6118936710 0.3992736326 -0.0094311269 0.9272315194 0.8891667897 0.9184099467
0.5881727932 0.9634146622 0.7223182032 0.9059390004 -0.4980335204 0.9199726212 0.5268380435 0.9015210159 -0.6181843818 0.4137625059 -0.0143662004 0.9322318692 0.8922120692 0.9207832897
0.5695730821 0.9671238813 0.7310453843 0.9092751828 -0.5067202356 0.9252560774 0.5326804511 0.9049967245 -0.6246485263 0.4283039450 -0.0192168211 0.9370694254 0.8952458511 0.9231409622
