-0.6785884713 -0.5536798535 -0.4872903583 -0.3288871825 -0.6414704461 -0.5811459398 -0.5401030758 -0.3299494355 -0.6154904210 -0.4608826433 0.3903949593 -0.5664285550 -0.2580796906 -0.2962930565
-0.6822863355 -0.5549421056 -0.4881705275 -0.3319821192 -0.6450352519 -0.5820906118 -0.5404487234 -0.3330208220 -0.6185803062 -0.4594812247 0.3910265163 -0.5675530371 -0.2619866071 -0.3000358880
-0.6857544177 -0.5560145796 -0.4888734119 -0.3348995341 -0.6483764866 -0.5828449083 -0.5406152057 -0.3359147720 -0.6214546363 -0.4579279570 0.3914960525 -0.5684873712 -0.2657176068 -0.3035993020
-0.6889888328 -0.5568941898 -0.4893961093 -0.3376361357 -0.6514903460 -0.5834057933 -0.5405996963 -0.3386279986 -0.6241097653 -0.4562205740 0.3918008517 -0.5692284921 -0.2692692713 -0.3069798762
-0.6919856954 -0.5575778501 -0.4897357170 -0.3401886323 -0.6543730263 -0.5837702309 -0.5403993684 -0.3411572153 -0.6265420471 -0.4543568096 0.3919381975 -0.5697733343 -0.2726381822 -0.3101741881
-0.6947411203 -0.5580624746 -0.4898893328 -0.3425537325 -0.6570207234 -0.5839351848 -0.5400113955 -0.3434991355 -0.6287478356 -0.4523343977 0.3919053735 -0.5701188327 -0.2758209212 -0.3131788153
-0.6972512222 -0.5583449774 -0.4898540542 -0.3447281447 -0.6594296335 -0.5838976192 -0.5394329510 -0.3456504726 -0.6307234846 -0.4501510721 0.3916996635 -0.5702619219 -0.2788140699 -0.3159903354
-0.6995121160 -0.5584222726 -0.4896269788 -0.3467085775 -0.6615959524 -0.5836544979 -0.5386612081 -0.3476079399 -0.6324653481 -0.4478045667 0.3913183510 -0.5701995365 -0.2816142098 -0.3186053259
-0.7015199162 -0.5582912742 -0.4892052041 -0.3484917392 -0.6635158763 -0.5832027850 -0.5376933404 -0.3493682509 -0.6339697799 -0.4452926154 0.3907587198 -0.5699286113 -0.2842179228 -0.3210203645
-0.7032707376 -0.5579488964 -0.4885858277 -0.3500743384 -0.6651856011 -0.5825394445 -0.5365265211 -0.3509281188 -0.6352331341 -0.4426129519 0.3900180535 -0.5694460809 -0.2866217903 -0.3232320286
-0.7047606951 -0.5573920531 -0.4877659473 -0.3514530835 -0.6666013229 -0.5816614402 -0.5351579237 -0.3522842572 -0.6362517644 -0.4397633103 0.3890936358 -0.5687488801 -0.2888223940 -0.3252368960
-0.7059859032 -0.5566176585 -0.4867426604 -0.3526246831 -0.6677592377 -0.5805657361 -0.5335847215 -0.3534333793 -0.6370220248 -0.4367414242 0.3879827503 -0.5678339435 -0.2908163155 -0.3270315440
-0.7069424768 -0.5556226267 -0.4855130645 -0.3535858455 -0.6686555415 -0.5792492964 -0.5318040880 -0.3543721985 -0.6375402692 -0.4335450277 0.3866826807 -0.5666982058 -0.2926001366 -0.3286125504
-0.7076265305 -0.5544038716 -0.4840742573 -0.3543332792 -0.6692864303 -0.5777090848 -0.5298131965 -0.3550974283 -0.6378028515 -0.4301718545 0.3851907107 -0.5653386016 -0.2941704386 -0.3299764928
-0.7080341792 -0.5529583075 -0.4824233363 -0.3548636928 -0.6696481003 -0.5759420653 -0.5276092203 -0.3556057821 -0.6378061256 -0.4266196385 0.3835041239 -0.5637520657 -0.2955238035 -0.3311199486
