-0.7360312580 -0.6918122120 -0.6518992396 -0.8018841115 0.0047394590 -0.6332317912 -0.3635054329 -0.7992127548 0.9995395308 0.9597968700 -0.6492186898 -0.6412158902 -0.8160850933 -0.8246250595
-0.7184311125 -0.6741398975 -0.6339010423 -0.7859193348 0.0245915900 -0.6143546032 -0.3446125967 -0.7831824482 1.0000000000 0.9664620355 -0.6592548822 -0.6227433081 -0.8004354774 -0.8092371999
-0.7002094755 -0.6559001898 -0.6153734872 -0.7692618494 0.0445116864 -0.5949620392 -0.3254039554 -0.7664627492 0.9997604789 0.9725554080 -0.6691827688 -0.6037495947 -0.7840737884 -0.7931270289
-0.6813615157 -0.6370873165 -0.5963112924 -0.7519037431 0.0644956358 -0.5750511379 -0.3058778763 -0.7490458419 0.9988104624 0.9780668961 -0.6790014132 -0.5842307091 -0.7669917958 -0.7762858525
-0.6618824014 -0.6176955052 -0.5767091759 -0.7338371040 0.0845393258 -0.5546189384 -0.2860327264 -0.7309239103 0.9971394451 0.9829864086 -0.6887098788 -0.5641826106 -0.7491812694 -0.7587049768
-0.6417673012 -0.5977189833 -0.5565618557 -0.7150540199 0.1046386440 -0.5336624796 -0.2658668732 -0.7120891385 0.9947369218 0.9873038539 -0.6983072294 -0.5436012581 -0.7306339787 -0.7403757080
-0.6210113837 -0.5771519784 -0.5358640500 -0.6955465787 0.1247894778 -0.5121788005 -0.2453786837 -0.6925337108 0.9915923875 0.9910091408 -0.7077925286 -0.5224826109 -0.7113416935 -0.7212893520
-0.5996098174 -0.5559887182 -0.5146104767 -0.6753068683 0.1449877149 -0.4901649400 -0.2245665252 -0.6722498110 0.9876953367 0.9940921778 -0.7171648398 -0.5008226281 -0.6912961834 -0.7014372151
-0.5775577708 -0.5342234301 -0.4927958540 -0.6543269766 0.1652292428 -0.4676179370 -0.2034287649 -0.6512296234 0.9830352644 0.9965428736 -0.7264232267 -0.4786172688 -0.6704892181 -0.6808106033
-0.5548504124 -0.5118503418 -0.4704148999 -0.6325989915 0.1855099492 -0.4445348306 -0.1819637701 -0.6294653321 0.9776016653 0.9983511368 -0.7355667529 -0.4558624922 -0.6489125671 -0.6594008227
-0.5314829107 -0.4888636808 -0.4474623325 -0.6101150010 0.2058257215 -0.4209126596 -0.1601699080 -0.6069491211 0.9713840342 0.9995068761 -0.7445944819 -0.4325542573 -0.6265580003 -0.6371991795
-0.5074504343 -0.4652576746 -0.4239328698 -0.5868670928 0.2261724474 -0.3967484629 -0.1380455458 -0.5836731745 0.9643718659 1.0000000000 -0.7535054775 -0.4086885234 -0.6034172873 -0.6141969796
-0.4827481516 -0.4410265508 -0.3998212298 -0.5628473550 0.2465460143 -0.3720392797 -0.1155890508 -0.5596296765 0.9565546551 0.9998204172 -0.7622988030 -0.3842612495 -0.5794821976 -0.5903855292
-0.4573712313 -0.4161645369 -0.3751221307 -0.5380478754 0.2669423100 -0.3467821487 -0.0927987901 -0.5348108111 0.9479218968 0.9989580363 -0.7709735222 -0.3592683949 -0.5547445011 -0.5657561344
-0.4313148418 -0.3906658606 -0.3498302905 -0.5124607420 0.2873572219 -0.3209741089 -0.0696731311 -0.5092087625 0.9384630856 0.9974027659 -0.7795286987 -0.3337059185 -0.5291959672 -0.5403001012
