-0.9995213029 -0.9943931352 -0.9990235973 -0.9921692563 -0.7570315562 -0.9955379345 -0.9791394893 -0.9920760915 -0.1077295290 -0.9616125585 0.2514407455 -0.9947446350 -0.9885333367 -0.9893151319
-0.9981668993 -0.9909410537 -0.9974604875 -0.9952762765 -0.7483574609 -0.9926552685 -0.9729374128 -0.9952013119 -0.0983547145 -0.9567850466 0.2447931334 -0.9914296948 -0.9923232463 -0.9929660616
-0.9959522606 -0.9866978911 -0.9951960150 -0.9976010712 -0.7388998977 -0.9890888078 -0.9659751562 -0.9975445438 -0.0885274577 -0.9516909131 0.2375315925 -0.9873422664 -0.9953465215 -0.9958485181
-0.9928928582 -0.9816781796 -0.9922416119 -0.9991554301 -0.7286774017 -0.9848500850 -0.9582678262 -0.9991175564 -0.0782609713 -0.9463333348 0.2296715992 -0.9824963256 -0.9976144983 -0.9979739965
-0.9890041634 -0.9758964518 -0.9886087102 -0.9999511431 -0.7177085081 -0.9799506327 -0.9498305298 -0.9999321188 -0.0675684680 -0.9407154883 0.2212286299 -0.9769058480 -0.9991385130 -0.9993539920
-0.9843016476 -0.9693672402 -0.9843087423 -1.0000000000 -0.7060117518 -0.9744019834 -0.9406783739 -1.0000000000 -0.0564631603 -0.9348405504 0.2122181611 -0.9705848094 -0.9999299015 -1.0000000000
-0.9788007822 -0.9621050771 -0.9793531401 -0.9993137906 -0.6936056681 -0.9682156698 -0.9308264653 -0.9993329691 -0.0449582610 -0.9287116978 0.2026556691 -0.9635471855 -1.0000000000 -0.9999235155
-0.9725170386 -0.9541244951 -0.9737533358 -0.9979043048 -0.6805087920 -0.9614032245 -0.9202899109 -0.9979427950 -0.0330669826 -0.9223321073 0.1925566304 -0.9558069521 -0.9993601445 -0.9991360339
-0.9654658882 -0.9454400265 -0.9675207616 -0.9957833323 -0.6667396586 -0.9539761799 -0.9090838178 -0.9958412470 -0.0208025378 -0.9157049555 0.1819365213 -0.9473780847 -0.9980216712 -0.9976490503
-0.9576628024 -0.9360662038 -0.9606668496 -0.9929626630 -0.6523168030 -0.9459460688 -0.8972232926 -0.9930400941 -0.0081781392 -0.9088334193 0.1708108183 -0.9382745592 -0.9959959162 -0.9954740599
-0.9491232524 -0.9260175595 -0.9532030319 -0.9894540868 -0.6372587603 -0.9373244236 -0.8847234424 -0.9895511053 0.0047930006 -0.9017206753 0.1591949977 -0.9285103512 -0.9932942154 -0.9926225579
-0.9398627098 -0.9153086259 -0.9451407407 -0.9852693934 -0.6215840657 -0.9281227771 -0.8715993740 -0.9853860497 0.0180976689 -0.8943699003 0.1471045360 -0.9180994365 -0.9899279050 -0.9891060395
-0.9298966458 -0.9039539357 -0.9364914081 -0.9804203726 -0.6053112541 -0.9183526616 -0.8578661943 -0.9805566963 0.0317226531 -0.8867842710 0.1345549096 -0.9070557908 -0.9859083212 -0.9849360001
-0.9192405319 -0.8919680211 -0.9272664662 -0.9749188144 -0.5884588608 -0.9080256099 -0.8435390102 -0.9750748143 0.0456547405 -0.8789669641 0.1215615949 -0.8953933898 -0.9812467999 -0.9801239347
-0.9079098395 -0.8793654146 -0.9174773471 -0.9687765084 -0.5710454208 -0.8971531545 -0.8286329286 -0.9689521727 0.0598807186 -0.8709211564 0.1081400683 -0.8831262092 -0.9759546773 -0.9746813385
