-0.2010560853 0.5059891579 0.7051128837 0.1250268990 -0.2363795460 0.5809333704 0.7180552835 0.1465788706 -0.1985521053 0.6570873029 -0.6808236393 0.3999780051 -0.0065820709 -0.0769005535
-0.1982535823 0.5175981379 0.7195180246 0.1333550539 -0.2332969680 0.5926365823 0.7319219470 0.1551757241 -0.1947445463 0.6734383039 -0.6962662046 0.4090449000 0.0011767340 -0.0710102147
-0.1955121689 0.5292164816 0.7339607439 0.1416769711 -0.2302680598 0.6043440386 0.7458152011 0.1637684895 -0.1909829993 0.6898726811 -0.7117643961 0.4180923182 0.0089329270 -0.0651450167
-0.1928325765 0.5408437248 0.7484407299 0.1499921579 -0.2272935097 0.6160552389 0.7597346593 0.1723566822 -0.1872681184 0.7063904795 -0.7273180000 0.4271196620 0.0166860532 -0.0593055223
-0.1902155365 0.5524794033 0.7629576704 0.1583001217 -0.2243740062 0.6277696830 0.7736799349 0.1809398178 -0.1836005576 0.7229917439 -0.7429268022 0.4361263339 0.0244356579 -0.0534922940
-0.1876617803 0.5641230530 0.7775112537 0.1666003699 -0.2215102376 0.6394868706 0.7876506413 0.1895174117 -0.1799809708 0.7396765192 -0.7585905887 0.4451117361 0.0321812863 -0.0477058943
-0.1851720393 0.5757742098 0.7921011676 0.1748924097 -0.2187028924 0.6512063016 0.8016463917 0.1980889796 -0.1764100120 0.7564448504 -0.7743091456 0.4540752711 0.0399224836 -0.0419468859
-0.1827470451 0.5874324094 0.8067271004 0.1831757487 -0.2159526590 0.6629274757 0.8156667996 0.2066540368 -0.1728883352 0.7732967823 -0.7900822589 0.4630163411 0.0476587949 -0.0362158312
-0.1803875288 0.5990971876 0.8213887399 0.1914498941 -0.2132602257 0.6746498926 0.8297114782 0.2152120989 -0.1694165943 0.7902323599 -0.8059097145 0.4719343487 0.0553897656 -0.0305132929
-0.1780942221 0.6107680805 0.8360857744 0.1997143533 -0.2106262810 0.6863730521 0.8437800410 0.2237626814 -0.1659954435 0.8072516281 -0.8217912986 0.4808286962 0.0631149407 -0.0248398335
-0.1758678563 0.6224446236 0.8508178918 0.2079686337 -0.2080515132 0.6980964540 0.8578721012 0.2323052999 -0.1626255365 0.8243546318 -0.8377267971 0.4896987859 0.0708338655 -0.0191960156
-0.1737091627 0.6341263530 0.8655847802 0.2162122426 -0.2055366107 0.7098195979 0.8719872722 0.2408394698 -0.1593075274 0.8415414158 -0.8537159960 0.4985440201 0.0785460851 -0.0135824017
-0.1716188729 0.6458128045 0.8803861277 0.2244446874 -0.2030822620 0.7215419837 0.8861251674 0.2493647066 -0.1560420702 0.8588120252 -0.8697586814 0.5073638014 0.0862511449 -0.0079995545
-0.1695977183 0.6575035138 0.8952216223 0.2326654755 -0.2006891555 0.7332631111 0.9002854001 0.2578805260 -0.1528298188 0.8761665048 -0.8858546393 0.5161575320 0.0939485899 -0.0024480365
-0.1676464302 0.6691980168 0.9100909520 0.2408741142 -0.1983579795 0.7449824798 0.9144675837 0.2663864433 -0.1496714273 0.8936048994 -0.9020036557 0.5249246143 0.1016379655 0.0030715898
