-0.4538988346 -0.6568768502 -0.7217129954 -0.3918834281 -0.6904594407 -0.7547762471 -0.7588449866 -0.3927060152 -0.6407860176 -0.8398504186 0.5749297465 -0.6698761967 -0.3575243560 -0.3644543021
-0.4405191289 -0.6428746091 -0.7071573160 -0.3785446735 -0.6704460933 -0.7414058326 -0.7433375569 -0.3793046406 -0.6165755909 -0.8292558010 0.5469805223 -0.6553996892 -0.3443150410 -0.3512120394
-0.4275889479 -0.6293032885 -0.6930336539 -0.3656639528 -0.6509511662 -0.7284380058 -0.7282446595 -0.3663624209 -0.5928346771 -0.8188955082 0.5196816697 -0.6413616755 -0.3315663278 -0.3384300009
-0.4151037638 -0.6161585630 -0.6793376981 -0.3532366571 -0.6319698445 -0.7158686800 -0.7135622593 -0.3538747396 -0.5695594240 -0.8087671314 0.4930275918 -0.6277577799 -0.3192735777 -0.3261035530
-0.4030590488 -0.6034361067 -0.6660651374 -0.3412581775 -0.6134973132 -0.7036937685 -0.6992863212 -0.3418369800 -0.5467459793 -0.7988682616 0.4670126918 -0.6145836270 -0.3074321521 -0.3142280620
-0.3914502753 -0.5911315942 -0.6532116608 -0.3297239048 -0.5955287576 -0.6919091846 -0.6854128100 -0.3302445254 -0.5243904908 -0.7891964902 0.4416313730 -0.6018348410 -0.2960374126 -0.3027988943
-0.3802729153 -0.5792406998 -0.6407729571 -0.3186292303 -0.5780593625 -0.6805108416 -0.6719376906 -0.3190927592 -0.5024891064 -0.7797494084 0.4168780385 -0.5895070465 -0.2850847204 -0.2918114163
-0.3695224412 -0.5677590978 -0.6287447154 -0.3079695449 -0.5610843132 -0.6694946527 -0.6588569278 -0.3083770647 -0.4810379737 -0.7705246072 0.3927470917 -0.5775958677 -0.2745694371 -0.2812609944
-0.3591943253 -0.5566824626 -0.6171226244 -0.2977402396 -0.5445987946 -0.6588565312 -0.6461664865 -0.2980928252 -0.4600332406 -0.7615196780 0.3692329357 -0.5660969291 -0.2644869240 -0.2711429950
-0.3492840397 -0.5460064687 -0.6059023732 -0.2879367055 -0.5285979918 -0.6485923904 -0.6338623316 -0.2882354241 -0.4394710548 -0.7527322120 0.3463299738 -0.5550058551 -0.2548325426 -0.2614527843
-0.3397870566 -0.5357267902 -0.5950796507 -0.2785543337 -0.5130770900 -0.6386981436 -0.6219404280 -0.2788002447 -0.4193475641 -0.7441598003 0.3240326092 -0.5443182701 -0.2456016543 -0.2521857289
-0.3306988484 -0.5258391017 -0.5846501457 -0.2695885151 -0.4980312741 -0.6291697040 -0.6103967404 -0.2697826704 -0.3996589164 -0.7358000342 0.3023352450 -0.5340297985 -0.2367896204 -0.2433371950
-0.3220148873 -0.5163390774 -0.5746095472 -0.2610346407 -0.4834557293 -0.6200029850 -0.5992272338 -0.2611780844 -0.3804012593 -0.7276505048 0.2812322846 -0.5241360648 -0.2283918025 -0.2349025491
-0.3137306455 -0.5072223918 -0.5649535441 -0.2528881018 -0.4693456406 -0.6111938997 -0.5884278731 -0.2529818702 -0.3615707406 -0.7197088033 0.2607181311 -0.5146326932 -0.2204035620 -0.2268771575
-0.3058415952 -0.4984847192 -0.5556778254 -0.2451442891 -0.4556961931 -0.6027383615 -0.5779946231 -0.2451894110 -0.3431635081 -0.7119725210 0.2407871878 -0.5055153082 -0.2128202602 -0.2192563866
