-0.7605057805 -0.6401888344 -0.6414308072 -0.8113935713 -0.7418569735 -0.6226244885 -0.5329453248 -0.8107512856 -0.6455900996 -0.4252027678 0.5769733379 -0.6370696802 -0.8193249794 -0.8223137084
-0.7408733506 -0.6150245117 -0.6155637802 -0.7927013468 -0.7260341859 -0.5966294607 -0.5049748102 -0.7919716888 -0.6335743041 -0.3971374604 0.5506049446 -0.6118810031 -0.8009648614 -0.8042219678
-0.7203930159 -0.5889166047 -0.5886945961 -0.7730420802 -0.7097212667 -0.5696723721 -0.4761021952 -0.7722191854 -0.6214579036 -0.3683033646 0.5233544325 -0.5857549992 -0.7816328412 -0.7851713485
-0.6990566367 -0.5618563642 -0.5608134644 -0.7524048826 -0.6929165638 -0.5417442945 -0.4463202589 -0.7514827856 -0.6092462425 -0.3386938474 0.4952146112 -0.5586830549 -0.7613178395 -0.7651509750
-0.6768560733 -0.5338350413 -0.5319105945 -0.7307788651 -0.6756184249 -0.5128362999 -0.4156217805 -0.7297514999 -0.5969446651 -0.3083022756 0.4661782906 -0.5306565568 -0.7400087766 -0.7441499716
-0.6537831860 -0.5048438868 -0.5019761958 -0.7081531388 -0.6578251979 -0.4829394601 -0.3839995392 -0.7070143386 -0.5845585155 -0.2771220164 0.4362382805 -0.5016668912 -0.7176945730 -0.7221574627
-0.6298298351 -0.4748741516 -0.4710004777 -0.6845168147 -0.6395352307 -0.4520448470 -0.3514463141 -0.6832603121 -0.5720931381 -0.2451464366 0.4053873907 -0.4717054447 -0.6943641490 -0.6991625728
-0.6049878810 -0.4439170867 -0.4389736495 -0.6598590040 -0.6207468709 -0.4201435325 -0.3179548844 -0.6584784309 -0.5595538771 -0.2123689032 0.3736184309 -0.4407636038 -0.6700064251 -0.6751544262
-0.5792491839 -0.4119639430 -0.4058859206 -0.6341688177 -0.6014584666 -0.3872265885 -0.2835180293 -0.6326577052 -0.5469460769 -0.1787827833 0.3409242110 -0.4088327548 -0.6446103218 -0.6501221472
-0.5526056042 -0.3790059714 -0.3717275006 -0.6074353670 -0.5816683654 -0.3532850868 -0.2481285278 -0.6057871455 -0.5342750817 -0.1443814438 0.3072975408 -0.3759042844 -0.6181647594 -0.6240548604
-0.5250490021 -0.3450344227 -0.3364885986 -0.5796477629 -0.5613749153 -0.3183100994 -0.2117791591 -0.5778557622 -0.5215462358 -0.1091582517 0.2727312301 -0.3419695789 -0.5906586584 -0.5969416900
-0.4965712380 -0.3100405480 -0.3001594243 -0.5507951166 -0.5405764639 -0.2822926981 -0.1744627025 -0.5488525656 -0.5087648835 -0.0731065739 0.2372180887 -0.3070200247 -0.5620809393 -0.5687717604
-0.4671641721 -0.2740155982 -0.2627301868 -0.5208665391 -0.5192713593 -0.2452239548 -0.1361719371 -0.5187665661 -0.4959363690 -0.0362197775 0.2007509264 -0.2710470085 -0.5324205225 -0.5395341962
-0.4368196649 -0.2369508241 -0.2241910957 -0.4898511416 -0.4974579491 -0.2070949413 -0.0968996420 -0.4875867742 -0.4830660366 0.0015087706 0.1633225530 -0.2340419166 -0.5016663283 -0.5092181215
-0.4055295765 -0.1988374767 -0.1845323604 -0.4577380351 -0.4751345813 -0.1678967297 -0.0566385963 -0.4553022001 -0.4701592307 0.0400857034 0.1249257783 -0.1959961356 -0.4698072773 -0.4778126609
