0.5597077061 0.6375863073 0.6479777992 0.5806331451 0.6564105104 0.5996900399 0.5555042168 0.5811422351 0.7817088491 0.1667185031 -0.4949548474 0.6177533422 0.5619460712 0.5644810838
0.5669930224 0.6483359498 0.6604041606 0.5885933546 0.6643322504 0.6110862960 0.5700076523 0.5891293590 0.7909331502 0.1810696172 -0.5108464583 0.6283688039 0.5695992721 0.5721246944
0.5741640494 0.6589509515 0.6726875155 0.5964348088 0.6721287843 0.6223486803 0.5843638414 0.5969975778 0.8000159524 0.1953864981 -0.5265836770 0.6388518780 0.5771365478 0.5796521966
0.5812172254 0.6694268850 0.6848230498 0.6041537748 0.6797963546 0.6334726275 0.5985676062 0.6047431520 0.8089531355 0.2096664089 -0.5421611751 0.6491981783 0.5845542477 0.5870599408
0.5881489890 0.6797593233 0.6968059495 0.6117465200 0.6873312037 0.6444535724 0.6126137684 0.6123623423 0.8177405795 0.2239066125 -0.5575736241 0.6594033187 0.5918487210 0.5943442775
0.5949557785 0.6899438390 0.7086314005 0.6192093115 0.6947295738 0.6552869499 0.6264971502 0.6198514091 0.8263741641 0.2381043718 -0.5728156955 0.6694629131 0.5990163169 0.6015015570
0.6016340324 0.6999760050 0.7202945888 0.6265384166 0.7019877075 0.6659681947 0.6402125736 0.6272066129 0.8348497694 0.2522569497 -0.5878820610 0.6793725753 0.6060533847 0.6085281296
0.6081801892 0.7098513941 0.7317907004 0.6337301024 0.7091018470 0.6764927415 0.6537548604 0.6344242143 0.8431632751 0.2663616092 -0.6027673920 0.6891279194 0.6129562735 0.6154203459
0.6145906873 0.7195655790 0.7431149212 0.6407806362 0.7160682348 0.6868560253 0.6671188328 0.6415004739 0.8513105612 0.2804156132 -0.6174663602 0.6987245590 0.6197213325 0.6221745561
0.6208619651 0.7291141327 0.7542624372 0.6476862851 0.7228831133 0.6970534807 0.6802993127 0.6484316521 0.8592875076 0.2944162247 -0.6319736371 0.7081581082 0.6263449111 0.6287871107
0.6269904611 0.7384926278 0.7652284343 0.6544433165 0.7295427247 0.7070805426 0.6932911220 0.6552140096 0.8670899941 0.3083607065 -0.6462838943 0.7174241807 0.6328233585 0.6352543600
0.6329726138 0.7476966371 0.7760080986 0.6610479976 0.7360433115 0.7169326458 0.7060890828 0.6618438067 0.8747139006 0.3222463216 -0.6603918033 0.7265183906 0.6391530238 0.6415726545
0.6388048614 0.7567217336 0.7865966160 0.6674965954 0.7423811161 0.7266052250 0.7186880170 0.6683173042 0.8821551071 0.3360703329 -0.6742920357 0.7354363516 0.6453302564 0.6477383444
0.6444836426 0.7655634898 0.7969891724 0.6737853774 0.7485523809 0.7360937151 0.7310827466 0.6746307624 0.8894094933 0.3498300033 -0.6879792630 0.7441736776 0.6513514053 0.6537477803
0.6500053957 0.7742174787 0.8071809538 0.6799106106 0.7545533482 0.7453935508 0.7432680937 0.6807804420 0.8964729393 0.3635225959 -0.7014481569 0.7527259826 0.6572128199 0.6595973125
