-1.0000000000 -0.9934581451 -0.9969117907 -0.9479166106 -0.8973657144 -0.9810041768 -0.9726025243 -0.9502669082 -0.8078850397 -0.8308383392 0.8199753853 -0.9958839913 -0.9131743883 -0.9273954913
-0.9995669662 -0.9954370532 -0.9981694005 -0.9400111566 -0.9053892444 -0.9847066094 -0.9765176528 -0.9425261253 -0.8183052874 -0.8409341952 0.8305724716 -0.9974254057 -0.9024231168 -0.9177090515
-0.9986401531 -0.9970597162 -0.9991032617 -0.9315954935 -0.9131104143 -0.9880054471 -0.9801381907 -0.9342727240 -0.8284996969 -0.8507688204 0.8408972610 -0.9986068201 -0.8911174954 -0.9074798327
-0.9972248625 -0.9983267381 -0.9997134397 -0.9226789806 -0.9205260230 -0.9909018004 -0.9834623159 -0.9255160425 -0.8384623096 -0.8603372452 0.8509448888 -0.9994291282 -0.8792695380 -0.8967189504
-0.9953263958 -0.9992387232 -1.0000000000 -0.9132709773 -0.9276328693 -0.9933967798 -0.9864882063 -0.9162654189 -0.8481871669 -0.8696345004 0.8607104903 -0.9998932236 -0.8668912582 -0.8854375202
-0.9929500547 -0.9997962758 -0.9999630082 -0.9033808428 -0.9344277522 -0.9954914960 -0.9892140397 -0.9065301913 -0.8576683099 -0.8786556164 0.8701892006 -1.0000000000 -0.8539946696 -0.8736466577
-0.9901011407 -1.0000000000 -0.9996025298 -0.8930179365 -0.9409074706 -0.9971870597 -0.9916379940 -0.8963196976 -0.8668997800 -0.8873956238 0.8793761551 -0.9997503511 -0.8405917859 -0.8613574785
-0.9867849554 -0.9998505001 -0.9989186304 -0.8821916176 -0.9470688233 -0.9984845813 -0.9937582471 -0.8856432760 -0.8758756185 -0.8958495534 0.8882664889 -0.9991451707 -0.8266946209 -0.8485810981
-0.9830068005 -0.9993483802 -0.9979113754 -0.8709112455 -0.9529086093 -0.9993851715 -0.9955729768 -0.8745102646 -0.8845898667 -0.9040124355 0.8968553375 -0.9981853522 -0.8123151882 -0.8353286322
-0.9787719774 -0.9984942446 -0.9965808305 -0.8591861795 -0.9584236274 -0.9998899408 -0.9970803610 -0.8629300014 -0.8930365659 -0.9118793009 0.9051378360 -0.9968717896 -0.7974655015 -0.8216111964
-0.9740857877 -0.9972886975 -0.9949270610 -0.8470257789 -0.9636106765 -1.0000000000 -0.9982785776 -0.8509118245 -0.9012097573 -0.9194451801 0.9131091197 -0.9952053763 -0.7821575744 -0.8074399062
-0.9689535332 -0.9957323431 -0.9929501327 -0.8344394030 -0.9684665556 -0.9997164595 -0.9991658043 -0.8384650720 -0.9091034823 -0.9267051036 0.9207643238 -0.9931870062 -0.7664034206 -0.7928258772
-0.9633805152 -0.9938257856 -0.9906501109 -0.8214364111 -0.9729880634 -0.9990404301 -0.9997402192 -0.8255990819 -0.9167117821 -0.9336541022 0.9280985836 -0.9908175728 -0.7502150539 -0.7777802250
-0.9573720355 -0.9915696293 -0.9880270612 -0.8080261625 -0.9771719989 -0.9979730222 -1.0000000000 -0.8123231923 -0.9240286981 -0.9402872063 0.9351070344 -0.9880979700 -0.7336044879 -0.7623140652
-0.9509333955 -0.9889644783 -0.9850810492 -0.7942180166 -0.9810151611 -0.9965153464 -0.9999433246 -0.7986467413 -0.9310482715 -0.9465994466 0.9417848115 -0.9850290912 -0.7165837362 -0.7464385134
