-0.9397056360 -0.9652885981 -0.9524347291 -0.8774337541 -0.9958990587 -0.9507594080 -0.9943469513 -0.8778216092 -0.9657111010 -0.9847240368 0.9559880017 -0.9585069699 -0.8657391936 -0.8697953014
-0.9481302582 -0.9718237979 -0.9603069854 -0.8895980772 -0.9978412261 -0.9583382117 -0.9968013121 -0.8899694648 -0.9587368089 -0.9887778572 0.9630080852 -0.9658011229 -0.8784739296 -0.8822480509
-0.9559410937 -0.9776906173 -0.9674986829 -0.9011771860 -0.9991701530 -0.9652985903 -0.9985641692 -0.9015316398 -0.9511696405 -0.9922077436 0.9694274724 -0.9724097689 -0.8906304067 -0.8941274973
-0.9631332093 -0.9828843608 -0.9740001318 -0.9121623247 -0.9998887681 -0.9716365028 -0.9996316795 -0.9124993835 -0.9430225315 -0.9950137482 0.9752435133 -0.9783266065 -0.9021993576 -0.9054249367
-0.9697016713 -0.9874003326 -0.9798016424 -0.9225447377 -1.0000000000 -0.9773479084 -1.0000000000 -0.9228639451 -0.9343084175 -0.9971959235 0.9804535575 -0.9835453339 -0.9131715149 -0.9161316647
-0.9756415466 -0.9912338371 -0.9848935249 -0.9323156693 -0.9995067774 -0.9824287662 -0.9996652877 -0.9326165738 -0.9250402340 -0.9987543222 0.9850549547 -0.9880596494 -0.9235376114 -0.9262389772
-0.9809479015 -0.9943801785 -0.9892660894 -0.9414663640 -0.9984120289 -0.9868750354 -0.9986236995 -0.9417485189 -0.9152309166 -0.9996889969 0.9890450548 -0.9918632514 -0.9332883798 -0.9357381702
-0.9856158027 -0.9968346612 -0.9929096462 -0.9499880659 -0.9967186833 -0.9906826750 -0.9968713924 -0.9502510296 -0.9048934009 -1.0000000000 0.9924212074 -0.9949498382 -0.9424145527 -0.9446205395
-0.9896403168 -0.9985925894 -0.9958145054 -0.9578720195 -0.9944296692 -0.9938476443 -0.9944045233 -0.9581153552 -0.8940406226 -0.9996873841 0.9951807623 -0.9973131081 -0.9509068630 -0.9528773810
-0.9930165104 -0.9996492676 -0.9979709773 -0.9651094691 -0.9915479152 -0.9963659023 -0.9912192493 -0.9653327449 -0.8826855172 -0.9987512019 0.9973210693 -0.9989467595 -0.9587560432 -0.9604999904
-0.9957394500 -1.0000000000 -0.9993693721 -0.9716916590 -0.9880763500 -0.9982334081 -0.9873117272 -0.9718944479 -0.8708410202 -0.9971915057 0.9988394781 -0.9998444907 -0.9659528261 -0.9674796637
-0.9978042021 -0.9996400909 -1.0000000000 -0.9776098336 -0.9840179024 -0.9994461210 -0.9826781141 -0.9777917135 -0.8585200674 -0.9950083483 0.9997333384 -1.0000000000 -0.9724879445 -0.9738076968
-0.9992058335 -0.9985648447 -0.9998531712 -0.9828552373 -0.9793755009 -1.0000000000 -0.9773145668 -0.9830157910 -0.8457355942 -0.9922017821 1.0000000000 -0.9994069858 -0.9783521310 -0.9794753855
-0.9999394106 -0.9967695656 -0.9989191958 -0.9874191143 -0.9741520742 -0.9998910043 -0.9712172424 -0.9875579294 -0.8325005362 -0.9887718597 0.9996368126 -0.9980591464 -0.9835361183 -0.9844740256
-1.0000000000 -0.9942495580 -0.9971883842 -0.9912927090 -0.9683505511 -0.9991150930 -0.9643822979 -0.9914093782 -0.8188278292 -0.9847186336 0.9986411261 -0.9959501800 -0.9880306391 -0.9887949131
