-0.5368012489 -0.5172425405 -0.6739109161 -0.7120533513 -0.2487149662 -0.4271916692 -0.4109686692 -0.7093483612 -0.0751157856 -0.2124823750 0.2877812548 -0.4865303325 -0.7332988799 -0.7247939316
-0.5513899182 -0.5317101204 -0.6834363185 -0.7226422788 -0.2703027389 -0.4446998084 -0.4266277444 -0.7199717069 -0.1007658761 -0.2356502141 0.3089069632 -0.5019925015 -0.7436797791 -0.7354369457
-0.5662732891 -0.5465382303 -0.6932163632 -0.7332984982 -0.2925288036 -0.4626150944 -0.4428732082 -0.7306678016 -0.1272723739 -0.2594496784 0.3305896536 -0.5178341221 -0.7540806679 -0.7461061381
-0.5814557404 -0.5617324829 -0.7032560769 -0.7440233295 -0.3154019007 -0.4809431626 -0.4597144682 -0.7414380556 -0.1546468921 -0.2838889564 0.3528367093 -0.5340608812 -0.7645020603 -0.7568020640
-0.5969416511 -0.5772984907 -0.7135604863 -0.7548180927 -0.3389307706 -0.4996896479 -0.4771609323 -0.7522838790 -0.1829010435 -0.3089762371 0.3756555136 -0.5506784658 -0.7749444698 -0.7675252788
-0.6127354002 -0.5932418663 -0.7241346180 -0.7656841077 -0.3631241541 -0.5188601855 -0.4952220083 -0.7632066819 -0.2120464411 -0.3347197091 0.3990534495 -0.5676925627 -0.7854084104 -0.7782763378
-0.6288413666 -0.6095682224 -0.7349834987 -0.7766226945 -0.3879907914 -0.5384604105 -0.5139071039 -0.7742078743 -0.2420946978 -0.3611275611 0.4230379004 -0.5851088590 -0.7958943959 -0.7890557964
-0.6452639292 -0.6262831714 -0.7461121551 -0.7876351729 -0.4135394231 -0.5584959580 -0.5332256269 -0.7852888665 -0.2730574264 -0.3882079820 0.4476162495 -0.6029330415 -0.8064029400 -0.7998642098
-0.6620074670 -0.6433923259 -0.7575256138 -0.7987228629 -0.4397787897 -0.5789724632 -0.5531869851 -0.7964510684 -0.3049462401 -0.4159691604 0.4727958800 -0.6211707973 -0.8169345566 -0.8107021334
-0.6790763589 -0.6609012986 -0.7692289015 -0.8098870846 -0.4667176317 -0.5998955611 -0.5738005863 -0.8076958903 -0.3377727516 -0.4444192852 0.4985841751 -0.6398278133 -0.8274897595 -0.8215701224
-0.6964749838 -0.6788157021 -0.7812270448 -0.8211291577 -0.4943646896 -0.6212708869 -0.5950758382 -0.8190247422 -0.3715485740 -0.4735665451 0.5249885181 -0.6589097764 -0.8380690624 -0.8324687323
-0.7142077207 -0.6971411488 -0.7935250705 -0.8324504024 -0.5227287038 -0.6431040757 -0.6170221487 -0.8304390342 -0.4062853201 -0.5034191287 0.5520162922 -0.6784223735 -0.8486729792 -0.8433985184
-0.7322789486 -0.7158832515 -0.8061280050 -0.8438521384 -0.5518184150 -0.6654007627 -0.6396489255 -0.8419401765 -0.4419946028 -0.5339852249 0.5796748806 -0.6983712917 -0.8593020237 -0.8543600359
-0.7506930462 -0.7350476227 -0.8190408752 -0.8553356858 -0.5816425635 -0.6881665828 -0.6629655765 -0.8535295792 -0.4786880352 -0.5652730225 0.6079716665 -0.7187622178 -0.8699567096 -0.8653538402
-0.7694543927 -0.7546398749 -0.8322687077 -0.8669023645 -0.6122098898 -0.7114071713 -0.6869815093 -0.8652086523 -0.5163772301 -0.5972907101 0.6369140332 -0.7396008388 -0.8806375508 -0.8763804867
