-0.1608786332 -0.4614202080 -0.4320483096 0.0012034709 -0.4193152391 -0.1874830338 -0.4249781883 0.0014288903 -0.4752999843 -0.4237205031 0.0970715882 -0.3979105918 0.0204281948 0.0080615721
-0.1539181942 -0.4509266763 -0.4207779089 0.0062644374 -0.4089972470 -0.1799994728 -0.4106722583 0.0065438900 -0.4618192916 -0.4129058938 0.0920996522 -0.3874905267 0.0249775187 0.0126623651
-0.1470241130 -0.4404715836 -0.4095539418 0.0112439618 -0.3987231044 -0.1725807853 -0.3963751555 0.0115771606 -0.4483409387 -0.4021368123 0.0871941894 -0.3771179592 0.0294449550 0.0171828601
-0.1402026494 -0.4300623786 -0.3983842055 0.0161364229 -0.3885002255 -0.1652334236 -0.3820947988 0.0165230585 -0.4348725612 -0.3914208744 0.0823606947 -0.3668003656 0.0338250770 0.0216176202
-0.1334600631 -0.4197065097 -0.3872764970 0.0209361995 -0.3783360246 -0.1579638398 -0.3678391069 0.0213759397 -0.4214217945 -0.3807656962 0.0776046627 -0.3565452219 0.0381124578 0.0259612085
-0.1268026141 -0.4094114256 -0.3762386134 0.0256376705 -0.3682379162 -0.1507784860 -0.3536159987 0.0261301606 -0.4079962742 -0.3701788935 0.0729315880 -0.3463600042 0.0423016705 0.0302081881
-0.1202365621 -0.3991845749 -0.3652783518 0.0302352146 -0.3582133144 -0.1436838145 -0.3394333929 0.0307800774 -0.3946036357 -0.3596680823 0.0683469654 -0.3362521886 0.0463872882 0.0343531221
-0.1137681670 -0.3890334061 -0.3544035092 0.0347232106 -0.3482696337 -0.1366862774 -0.3252992083 0.0353200463 -0.3812515147 -0.3492408785 0.0638562893 -0.3262292513 0.0503638840 0.0383905737
-0.1074036887 -0.3789653679 -0.3436218827 0.0390960374 -0.3384142883 -0.1297923269 -0.3112213636 0.0397444235 -0.3679475465 -0.3389048981 0.0594650546 -0.3162986683 0.0542260312 0.0423151058
-0.1011493869 -0.3689879088 -0.3329412694 0.0433480737 -0.3286546925 -0.1230084151 -0.2972077776 0.0440475652 -0.3546993668 -0.3286677570 0.0551787559 -0.3064679159 0.0579683027 0.0461212817
-0.0950115215 -0.3591084774 -0.3223694663 0.0474736984 -0.3189982607 -0.1163409943 -0.2832663691 0.0482238277 -0.3415146111 -0.3185370711 0.0510028878 -0.2967444700 0.0615852717 0.0498036643
-0.0889963524 -0.3493345223 -0.3119142705 0.0514672903 -0.3094524071 -0.1097965166 -0.2694050569 0.0522675672 -0.3284009148 -0.3085204563 0.0469429450 -0.2871358068 0.0650715114 0.0533568169
-0.0831101393 -0.3396734921 -0.3015834792 0.0553232282 -0.3000245462 -0.1033814341 -0.2556317596 0.0561731400 -0.3153659135 -0.2986255287 0.0430044221 -0.2776494024 0.0684215949 0.0567753024
-0.0773591421 -0.3301328353 -0.2913848892 0.0590358908 -0.2907220922 -0.0971021991 -0.2419543962 0.0599349022 -0.3024172427 -0.2888599041 0.0391928138 -0.2682927330 0.0716300952 0.0600536840
-0.0717496207 -0.3207200005 -0.2813262978 0.0625996570 -0.2815524593 -0.0909652638 -0.2283808854 0.0635472100 -0.2895625379 -0.2792311984 0.0355136148 -0.2590732746 0.0746915856 0.0631865248
