-0.6782351430 -0.6468899178 -0.6674817756 -0.7471836821 -0.2190821943 -0.6237107908 -0.5552372062 -0.7456167807 0.1499383958 -0.3030212145 -0.2013819144 -0.6396739540 -0.7720036745 -0.7607672820
-0.6858576381 -0.6537639657 -0.6734160693 -0.7528873240 -0.2302737875 -0.6309734131 -0.5623504970 -0.7513430996 0.1366648121 -0.3087037375 -0.1886972574 -0.6466885183 -0.7775714752 -0.7664736139
-0.6935110163 -0.6607297764 -0.6794453206 -0.7586513263 -0.2416645896 -0.6383286495 -0.5696010172 -0.7571301452 0.1230680747 -0.3145685929 -0.1756415544 -0.6537942777 -0.7831824712 -0.7722272691
-0.7011897160 -0.6677808234 -0.6855631523 -0.7644699262 -0.2532455275 -0.6457698938 -0.5769814275 -0.7629721439 0.1091596444 -0.3206083579 -0.1622269781 -0.6609846925 -0.7888312353 -0.7780227208
-0.7088881755 -0.6749105805 -0.6917631872 -0.7703373605 -0.2650075275 -0.6532905403 -0.5844843886 -0.7688633220 0.0949509819 -0.3268156097 -0.1484657015 -0.6682532230 -0.7945123405 -0.7838544424
-0.7166008332 -0.6821125212 -0.6980390481 -0.7762478662 -0.2769415163 -0.6608839831 -0.5921025611 -0.7747979060 0.0804535479 -0.3331829255 -0.1343698976 -0.6755933296 -0.8002203600 -0.7897169072
-0.7243221275 -0.6893801193 -0.7043843578 -0.7821956802 -0.2890384205 -0.6685436161 -0.5998286059 -0.7807701221 0.0656788032 -0.3397028824 -0.1199517391 -0.6829984728 -0.8059498665 -0.7956045886
-0.7320464966 -0.6967068483 -0.7107927392 -0.7881750396 -0.3012891667 -0.6762628336 -0.6076551834 -0.7867741968 0.0506382084 -0.3463680577 -0.1052233990 -0.6904621128 -0.8116954333 -0.8015119598
-0.7397683791 -0.7040861820 -0.7172578151 -0.7941801812 -0.3136846814 -0.6840350296 -0.6155749545 -0.7928043564 0.0353432243 -0.3531710285 -0.0901970503 -0.6979777100 -0.8174516331 -0.8074334941
-0.7474822131 -0.7115115941 -0.7237732083 -0.8002053420 -0.3262158912 -0.6918535983 -0.6235805798 -0.7988548272 0.0198053115 -0.3601043720 -0.0748848657 -0.7055387248 -0.8232130391 -0.8133636649
-0.7551824371 -0.7189765581 -0.7303325416 -0.8062447590 -0.3388737228 -0.6997119337 -0.6316647199 -0.8049198355 0.0040359309 -0.3671606654 -0.0592990183 -0.7131386176 -0.8289742242 -0.8192969455
-0.7628634895 -0.7264745478 -0.7369294378 -0.8122926691 -0.3516491026 -0.7076034298 -0.6398200356 -0.8109936079 -0.0119534570 -0.3743324858 -0.0434516808 -0.7207708487 -0.8347297613 -0.8252278092
-0.7705198086 -0.7339990367 -0.7435575198 -0.8183433094 -0.3645329573 -0.7155214810 -0.6480391875 -0.8170703705 -0.0281513914 -0.3816124105 -0.0273550263 -0.7284288785 -0.8404742236 -0.8311507294
-0.7781458328 -0.7415434986 -0.7502104103 -0.8243909166 -0.3775162134 -0.7234594811 -0.6563148363 -0.8231443498 -0.0445464115 -0.3889930167 -0.0110212276 -0.7361061673 -0.8462021840 -0.8370601792
-0.7857360004 -0.7491014072 -0.7568817322 -0.8304297279 -0.3905897976 -0.7314108243 -0.6646396427 -0.8292097721 -0.0611270567 -0.3964668815 0.0055375424 -0.7437961756 -0.8519082155 -0.8429506321
