-0.8547831171 -0.9437649243 -0.9289438210 -0.3883394021 -0.9745816882 -0.9890914332 -0.9932404217 -0.3891123217 -0.9993891124 -0.7471996162 0.8599162101 -0.9265247720 -0.3317474959 -0.3363382549
-0.8697914266 -0.9534897870 -0.9405506931 -0.4074143404 -0.9797234909 -0.9935108314 -0.9963304338 -0.4082522371 -0.9985510200 -0.7299882102 0.8701034269 -0.9376610475 -0.3509899697 -0.3559505623
-0.8840859185 -0.9623514787 -0.9512006388 -0.4260677964 -0.9843073637 -0.9968179003 -0.9984986678 -0.4269728155 -0.9973541426 -0.7121267415 0.8799560168 -0.9479532115 -0.3698544358 -0.3751970219
-0.8976473299 -0.9703302176 -0.9608694856 -0.4442827471 -0.9883241110 -0.9989888773 -0.9997276733 -0.4452570620 -0.9957957160 -0.6936076457 0.8894678022 -0.9573810426 -0.3883246377 -0.3940615357
-0.9104563979 -0.9774062217 -0.9695330610 -0.4620421700 -0.9917645370 -1.0000000000 -1.0000000000 -0.4630879820 -0.9938729756 -0.6744233583 0.8986326054 -0.9659243194 -0.4063843189 -0.4125280058
-0.9224938593 -0.9835597093 -0.9771671925 -0.4793290423 -0.9946194462 -0.9998275059 -0.9992981975 -0.4804485807 -0.9915831570 -0.6545663150 0.9074442488 -0.9735628203 -0.4240172228 -0.4305803343
-0.9337404512 -0.9887708983 -0.9837477076 -0.4961263411 -0.9968796427 -0.9984476326 -0.9976048155 -0.4973218632 -0.9889234959 -0.6340289512 0.9158965547 -0.9802763239 -0.4412070929 -0.4482024230
-0.9441769105 -0.9930200070 -0.9892504339 -0.5124170438 -0.9985359310 -0.9958366175 -0.9949024037 -0.5136908347 -0.9858912278 -0.6128037026 0.9239833456 -0.9860446087 -0.4579376727 -0.4653781742
-0.9537839744 -0.9962872533 -0.9936511987 -0.5281841275 -0.9995791153 -0.9919706983 -0.9911735115 -0.5295385006 -0.9824835884 -0.5908830047 0.9316984437 -0.9908474533 -0.4741927056 -0.4820914899
-0.9625423798 -0.9985528556 -0.9969258297 -0.5434105696 -1.0000000000 -0.9868261124 -0.9864006887 -0.5448478661 -0.9786978132 -0.5682592931 0.9390356715 -0.9946646362 -0.4899559352 -0.4983262720
-0.9704328636 -0.9997970317 -0.9990501543 -0.5580793473 -0.9997893894 -0.9803790973 -0.9805664849 -0.5596019362 -0.9745311378 -0.5449250035 0.9459888514 -0.9974759359 -0.5052111050 -0.5140664227
-0.9774361629 -1.0000000000 -1.0000000000 -0.5721734378 -0.9989380878 -0.9726058907 -0.9736534498 -0.5737837163 -0.9699807978 -0.5208725712 0.9525518056 -0.9992611310 -0.5199419584 -0.5292958440
-0.9835330148 -0.9991419784 -0.9997511944 -0.5856758183 -0.9974368995 -0.9634827300 -0.9656441329 -0.5873762117 -0.9650440289 -0.4960944321 0.9587183565 -1.0000000000 -0.5341322388 -0.5439984380
-0.9887041561 -0.9972031852 -0.9982795649 -0.5985694661 -0.9952766288 -0.9529858528 -0.9565210840 -0.6003624274 -0.9597180666 -0.4705830215 0.9644823266 -0.9996723214 -0.5477656898 -0.5581581066
-0.9929303239 -0.9941638383 -0.9955609390 -0.6108373585 -0.9924480801 -0.9410914966 -0.9462668526 -0.6127253687 -0.9540001466 -0.4443307751 0.9698375382 -0.9982578739 -0.5608260549 -0.5717587520
