-0.7142619201 -0.6034414863 -0.2427824408 -0.6483093117 -0.5164379086 -0.6042163702 -0.0135363116 -0.6470194316 -0.3860082352 -0.3800576590 0.4629676274 -0.5859267149 -0.6519858094 -0.6519121788
-0.7274626849 -0.6208063361 -0.2566403110 -0.6638295549 -0.5367942468 -0.6214021252 -0.0284304146 -0.6625866606 -0.4109832770 -0.4052140275 0.4851421831 -0.6019002171 -0.6673415012 -0.6672713470
-0.7406492403 -0.6382372198 -0.2705466042 -0.6793967328 -0.5573030851 -0.6386659640 -0.0434296630 -0.6782018822 -0.4362297082 -0.4306496150 0.5075240811 -0.6179152603 -0.6827437204 -0.6826770353
-0.7538206796 -0.6557336685 -0.2845008150 -0.6950104582 -0.5779647450 -0.6560076656 -0.0585339805 -0.6938647168 -0.4617487299 -0.4563657220 0.5301141631 -0.6339712131 -0.6981921041 -0.6981288800
-0.7669760960 -0.6732952135 -0.2985024378 -0.7106703436 -0.5987795479 -0.6734270090 -0.0737432910 -0.7095747847 -0.4875415435 -0.4823636489 0.5529132707 -0.6500674441 -0.7136862894 -0.7136265175
-0.7801145828 -0.6909213859 -0.3125509671 -0.7263760017 -0.6197478154 -0.6909237733 -0.0890575182 -0.7253317061 -0.5136093501 -0.5086446961 0.5759222454 -0.6662033219 -0.7292259135 -0.7291695842
-0.7932352333 -0.7086117168 -0.3266458973 -0.7421270449 -0.6408698691 -0.7084977373 -0.1044765861 -0.7411351013 -0.5399533510 -0.5352101640 0.5991419290 -0.6823782152 -0.7448106134 -0.7447577164
-0.8063371407 -0.7263657375 -0.3407867228 -0.7579230860 -0.6621460303 -0.7261486802 -0.1200004185 -0.7569845905 -0.5665747474 -0.5620613530 0.6225731629 -0.6985914926 -0.7604400262 -0.7603905504
-0.8194193982 -0.7441829790 -0.3549729381 -0.7737637374 -0.6835766207 -0.7438763808 -0.1356289391 -0.7728797941 -0.5934747406 -0.5891995635 0.6462167887 -0.7148425228 -0.7761137891 -0.7760677226
-0.8324810993 -0.7620629726 -0.3692040376 -0.7896486118 -0.7051619619 -0.7616806183 -0.1513620718 -0.7888203323 -0.6206545319 -0.6166260960 0.6700736482 -0.7311306742 -0.7918315390 -0.7917888694
-0.8455213370 -0.7800052493 -0.3834795159 -0.8055773218 -0.7269023752 -0.7795611716 -0.1671997405 -0.8048058253 -0.6481153223 -0.6443422508 0.6941445827 -0.7474553157 -0.8075929133 -0.8075536271
-0.8585392047 -0.7980093404 -0.3977988674 -0.8215494800 -0.7487981822 -0.7975178197 -0.1831418689 -0.8208358935 -0.6758583133 -0.6723493284 0.7184304341 -0.7638158157 -0.8233975488 -0.8233616320
-0.8715337956 -0.8160747769 -0.4121615864 -0.8375646989 -0.7708497045 -0.8155503416 -0.1991883809 -0.8369101571 -0.7038847059 -0.7006486291 0.7429320437 -0.7802115429 -0.8392450828 -0.8392125205
-0.8845042030 -0.8342010902 -0.4265671675 -0.8536225912 -0.7930572635 -0.8336585163 -0.2153392003 -0.8530282364 -0.7321957016 -0.7292414534 0.7676502533 -0.7966418659 -0.8551351524 -0.8551059289
-0.8974495202 -0.8523878112 -0.4410151052 -0.8697227694 -0.8154211808 -0.8518421228 -0.2315942509 -0.8691897516 -0.7607925014 -0.7581291017 0.7925859044 -0.8131061534 -0.8710673946 -0.8710414937
