0.8377906379 0.8196985665 0.8173597078 0.8296779452 0.8758787571 0.8221639616 0.8169463513 0.8291862739 0.9053317479 0.2523039073 -0.8496624646 0.8231202424 0.8347815574 0.8340134928
0.7992778585 0.7768089836 0.7738206839 0.7892502655 0.8463875851 0.7798569578 0.7732603132 0.7886407200 0.8828124415 0.2308532010 -0.8137319349 0.7810738250 0.7955841822 0.7946275640
0.7615665086 0.7347788343 0.7311160489 0.7496685905 0.8175007790 0.7383960958 0.7303916938 0.7489431635 0.8607433977 0.2095492432 -0.7784520147 0.7398818637 0.7572147554 0.7560709780
0.7246493908 0.6936006804 0.6892387877 0.7109253556 0.7892126943 0.6977740452 0.6883337275 0.7100860274 0.8391201963 0.1883930955 -0.7438172378 0.6995368822 0.7196658040 0.7183362665
0.6885193075 0.6532670836 0.6481818850 0.6730129964 0.7615176860 0.6579834759 0.6470796488 0.6720617351 0.8179384173 0.1673858196 -0.7098221382 0.6600314042 0.6829298550 0.6814159611
0.6531690613 0.6137706058 0.6079383254 0.6359239482 0.7344101096 0.6190170576 0.6066226922 0.6348627095 0.7971936406 0.1465284770 -0.6764612497 0.6213579532 0.6469994355 0.6453025937
0.6185914547 0.5751038085 0.5685010937 0.5996506468 0.7078843202 0.5808674599 0.5669560921 0.5984813738 0.7768814461 0.1258221296 -0.6437291063 0.5835090531 0.6118670727 0.6099886960
0.5847792902 0.5372592536 0.5298631745 0.5641855274 0.6819346731 0.5435273527 0.5280730832 0.5629101513 0.7569974138 0.1052678389 -0.6116202418 0.5464772274 0.5775252934 0.5754667997
0.5517253705 0.5002295029 0.4920175526 0.5295210258 0.6565555236 0.5069894057 0.4899668999 0.5281414651 0.7375371237 0.0848666666 -0.5801291902 0.5102549998 0.5439666249 0.5417294367
0.5194224979 0.4640071179 0.4549572127 0.4956495773 0.6317412270 0.4712462885 0.4526307766 0.4941677382 0.7184961556 0.0646196744 -0.5492504853 0.4748348940 0.5111835942 0.5087691385
0.4878634751 0.4285846606 0.4186751395 0.4625636174 0.6074861385 0.4362906710 0.4160579479 0.4609813939 0.6998700895 0.0445279239 -0.5189786611 0.4402094336 0.4791687283 0.4765784370
0.4570411045 0.3939546926 0.3831643176 0.4302555818 0.5837846133 0.4021152229 0.3802416483 0.4285748553 0.6816545053 0.0245924768 -0.4893082515 0.4063711423 0.4479145542 0.4451498639
0.4269481887 0.3601097757 0.3484177319 0.3987179058 0.5606310068 0.3687126138 0.3451751122 0.3969405456 0.6638449830 0.0048143948 -0.4602337903 0.3733125438 0.4174135992 0.4144759510
0.3975775302 0.3270424717 0.3144283669 0.3679430250 0.5380196742 0.3360755135 0.3108515742 0.3660708879 0.6464371024 -0.0148052605 -0.4317498115 0.3410261617 0.3876583902 0.3845492300
0.3689219315 0.2947453422 0.2811892075 0.3379233749 0.5159449708 0.3041965918 0.2772642687 0.3359583054 0.6294264436 -0.0342654275 -0.4038508489 0.3095045198 0.3586414542 0.3553622327
