0.3941678431 0.8427639172 0.7355174521 -0.2293071565 0.8576978070 0.8980459790 0.9924254106 -0.2215612614 0.7586678249 0.7875417611 0.4279412910 0.8635862889 -0.3525430382 -0.3649214290
0.3675906914 0.8308167426 0.7192729223 -0.2672346537 0.8464634658 0.8887303923 0.9901576403 -0.2595920384 0.7751171486 0.8024036099 0.4644366441 0.8525651265 -0.3917199507 -0.4041288376
0.3403037602 0.8183933054 0.7024927903 -0.3059948954 0.8347657872 0.8789767643 0.9875852433 -0.2984580689 0.7916858317 0.8173143777 0.5015856695 0.8410798311 -0.4317374725 -0.4441760757
0.3123014589 0.8054896456 0.6851727637 -0.3455940868 0.8226009080 0.8687813580 0.9847054846 -0.3381655745 0.8083743687 0.8322739016 0.5393928715 0.8291265036 -0.4726018311 -0.4850693638
0.2835781971 0.7921018032 0.6673085498 -0.3860384326 0.8099649649 0.8581404366 0.9815156292 -0.3787207767 0.8251832539 0.8472820187 0.5778627546 0.8167012446 -0.5143192541 -0.5268149222
0.2541283842 0.7782258181 0.6488958560 -0.4273341378 0.7968540946 0.8470502630 0.9780129420 -0.4201298971 0.8421129815 0.8623385663 0.6169998230 0.8038001547 -0.5568959689 -0.5694189711
0.2239464300 0.7638577303 0.6299303898 -0.4694874073 0.7832644339 0.8355071005 0.9741946880 -0.4623991573 0.8591640458 0.8774433815 0.6568085812 0.7904193347 -0.6003382029 -0.6128877309
0.1930267438 0.7489935798 0.6104078586 -0.5125044461 0.7691921193 0.8235072121 0.9700581322 -0.5055347788 0.8763369412 0.8925963016 0.6972935334 0.7765548853 -0.6446521837 -0.6572274218
0.1613637351 0.7336294064 0.5903239698 -0.5563914592 0.7546332877 0.8110468607 0.9656005395 -0.5495429832 0.8936321619 0.9077971636 0.7384591841 0.7622029072 -0.6898441387 -0.7024442642
0.1289518136 0.7177612502 0.5696744308 -0.6011546513 0.7395840757 0.7981223096 0.9608191749 -0.5944299920 0.9110502023 0.9230458049 0.7803100376 0.7473595010 -0.7359202954 -0.7485444784
0.0957853888 0.7013851510 0.5484549491 -0.6468002275 0.7240406200 0.7847298218 0.9557113033 -0.6402020269 0.9285915567 0.9383420624 0.8228505983 0.7320207675 -0.7828868813 -0.7955342847
0.0618588701 0.6844971490 0.5266612320 -0.6933343927 0.7079990574 0.7708656604 0.9502741898 -0.6868653093 0.9462567194 0.9536857736 0.8660853705 0.7161828074 -0.8307501239 -0.8434199033
0.0271666671 0.6670932839 0.5042889870 -0.7407633519 0.6914555246 0.7565260884 0.9445050992 -0.7344260609 0.9640461846 0.9690767754 0.9100188586 0.6998417212 -0.8795162505 -0.8922075546
-0.0082968107 0.6491695958 0.4813339216 -0.7890933099 0.6744061581 0.7417073689 0.9384012965 -0.7828905032 0.9819604467 0.9845149052 0.9546555670 0.6829936098 -0.9291914888 -0.9419034589
-0.0445371537 0.6307221246 0.4577917430 -0.8383304716 0.6568470949 0.7264057650 0.9319600467 -0.8322648578 1.0000000000 1.0000000000 1.0000000000 0.6656345738 -0.9797820662 -0.9925138365
