-0.7582351747 -0.5786373818 -0.6120289154 -0.8388657998 -0.5892068936 -0.6140207357 -0.6175826055 -0.8405586321 -0.5428608386 -0.5752780446 0.6990817237 -0.5700188873 -0.8029232058 -0.8106645991
-0.7691153980 -0.5798479901 -0.6120860479 -0.8521446435 -0.5936330333 -0.6138622156 -0.6160775632 -0.8537469946 -0.5436066768 -0.5698646306 0.7109378096 -0.5722351671 -0.8172264721 -0.8247387358
-0.7795565332 -0.5807682895 -0.6118592996 -0.8649340272 -0.5977295395 -0.6134218944 -0.6143055377 -0.8664470684 -0.5440749625 -0.5642381142 0.7223557508 -0.5741513014 -0.8310798139 -0.8383564067
-0.7895479386 -0.5813922054 -0.6113430095 -0.8772223049 -0.6014889367 -0.6126941985 -0.6122615229 -0.8786472250 -0.5442599057 -0.5583952626 0.7333246298 -0.5757608062 -0.8444721323 -0.8515064909
-0.7990789726 -0.5817136633 -0.6105315164 -0.8889978303 -0.6049037494 -0.6116735542 -0.6099405126 -0.8903358359 -0.5441557165 -0.5523328433 0.7438335292 -0.5770571971 -0.8573923284 -0.8641778674
-0.8081389935 -0.5817265887 -0.6094191592 -0.9002489573 -0.6079665020 -0.6103543878 -0.6073375007 -0.9015012725 -0.5437566048 -0.5460476234 0.7538715317 -0.5780339902 -0.8698293033 -0.8763594151
-0.8167173596 -0.5814249069 -0.6080002767 -0.9109640396 -0.6106697191 -0.6087311259 -0.6044474811 -0.9121319064 -0.5430567806 -0.5395363703 0.7634277198 -0.5786847012 -0.8817719580 -0.8880400132
-0.8248034293 -0.5808025434 -0.6062692080 -0.9211314311 -0.6130059251 -0.6067981947 -0.6012654477 -0.9222161089 -0.5420504539 -0.5327958513 0.7724911762 -0.5790028461 -0.8932091936 -0.8992085405
-0.8323865610 -0.5798534236 -0.6042202918 -0.9307394856 -0.6149676445 -0.6045500206 -0.5977863945 -0.9317422517 -0.5407318347 -0.5258228336 0.7810509835 -0.5789819406 -0.9041299112 -0.9098538761
-0.8394561129 -0.5785714730 -0.6018478671 -0.9397765569 -0.6165474018 -0.6019810301 -0.5940053152 -0.9406987061 -0.5390951331 -0.5186140845 0.7890962242 -0.5786155007 -0.9145230119 -0.9199648989
-0.8460014434 -0.5769506170 -0.5991462728 -0.9482309988 -0.6177377214 -0.5990856494 -0.5899172038 -0.9490738437 -0.5371345590 -0.5111663714 0.7966159810 -0.5778970421 -0.9243773967 -0.9295304881
-0.8520119109 -0.5749847810 -0.5961098476 -0.9560911652 -0.6185311279 -0.5958583049 -0.5855170542 -0.9568560359 -0.5348443224 -0.5034764616 0.8035993366 -0.5768200808 -0.9336819668 -0.9385395225
-0.8574768737 -0.5726678906 -0.5927329306 -0.9633454098 -0.6189201457 -0.5922934231 -0.5807998603 -0.9640336543 -0.5322186334 -0.4955411222 0.8100353734 -0.5753781326 -0.9424256232 -0.9469808813
-0.8623856901 -0.5699938710 -0.5890098606 -0.9699820865 -0.6188972994 -0.5883854302 -0.5757606159 -0.9705950702 -0.5292517019 -0.4873571207 0.8159131741 -0.5735647133 -0.9505972669 -0.9548434433
-0.8667277185 -0.5669566478 -0.5849349766 -0.9759895491 -0.6184551133 -0.5841287527 -0.5703943150 -0.9765286552 -0.5259377378 -0.4789212243 0.8212218213 -0.5713733388 -0.9581857991 -0.9621160876
