-0.6621106789 -0.3399334036 -0.3308658152 -0.8509833132 -0.3930031576 -0.3296376798 -0.2228848974 -0.8486240286 -0.3120389310 -0.0525555950 0.3055958641 -0.3586319945 -0.8431335765 -0.8087786490
-0.6560790138 -0.3309906199 -0.3211898991 -0.8512148666 -0.3873038913 -0.3200142274 -0.2127377881 -0.8487436639 -0.3060962517 -0.0398235827 0.3034932903 -0.3498155908 -0.8471004523 -0.8121171104
-0.6501317923 -0.3222085431 -0.3116526793 -0.8514575978 -0.3818552156 -0.3105320313 -0.2027674770 -0.8488775264 -0.3004352788 -0.0272598804 0.3016487447 -0.3411546973 -0.8510087115 -0.8154218730
-0.6442739535 -0.3135936817 -0.3022604163 -0.8517140414 -0.3766646187 -0.3011973848 -0.1929808666 -0.8490282261 -0.2950640040 -0.0148715725 0.3000689667 -0.3326557269 -0.8548588336 -0.8186939514
-0.6385104365 -0.3051525443 -0.2930193707 -0.8519867322 -0.3717395889 -0.2920165815 -0.1833848595 -0.8491983730 -0.2899904190 -0.0026657434 0.2987606955 -0.3243250923 -0.8586512981 -0.8219343601
-0.6328461805 -0.2968916392 -0.2839358030 -0.8522782048 -0.3670876145 -0.2829959148 -0.1739863585 -0.8493905773 -0.2852225153 0.0093505226 0.2977306705 -0.3161692062 -0.8623865843 -0.8251441137
-0.6272861247 -0.2888174750 -0.2750159737 -0.8525909941 -0.3627161838 -0.2741416782 -0.1647922659 -0.8496074488 -0.2807682848 0.0211701411 0.2969856310 -0.3081944814 -0.8660651717 -0.8283242267
-0.6218352081 -0.2809365602 -0.2662661435 -0.8529276346 -0.3586327850 -0.2654601652 -0.1558094845 -0.8498515978 -0.2766357190 0.0327860276 0.2965323162 -0.3004073307 -0.8696875398 -0.8314757136
-0.6164983699 -0.2732554032 -0.2576925728 -0.8532906611 -0.3548449064 -0.2569576691 -0.1470449169 -0.8501256343 -0.2728328096 0.0441910978 0.2963774655 -0.2928141668 -0.8732541681 -0.8345995889
-0.6112805492 -0.2657805126 -0.2493015222 -0.8536826082 -0.3513600363 -0.2486404835 -0.1385054656 -0.8504321683 -0.2693675483 0.0553782674 0.2965278182 -0.2854214024 -0.8767655358 -0.8376968672
-0.6061866853 -0.2585183969 -0.2410992522 -0.8541060108 -0.3481856629 -0.2405149018 -0.1301980332 -0.8507738099 -0.2662479267 0.0663404518 0.2969901136 -0.2782354504 -0.8802221225 -0.8407685630
-0.6012217172 -0.2514755645 -0.2330920235 -0.8545634035 -0.3453292745 -0.2325872174 -0.1221295223 -0.8511531691 -0.2634819365 0.0770705668 0.2977710909 -0.2712627234 -0.8836244076 -0.8438156909
-0.5963905840 -0.2446585239 -0.2252860965 -0.8550573210 -0.3427983595 -0.2248637239 -0.1143068356 -0.8515728560 -0.2610775694 0.0875615279 0.2988774894 -0.2645096343 -0.8869728706 -0.8468392653
-0.5916982250 -0.2380737836 -0.2176877318 -0.8555902981 -0.3406004060 -0.2173507147 -0.1067368755 -0.8520354807 -0.2590428170 0.0978062508 0.3003160486 -0.2579825958 -0.8902679909 -0.8498403009
-0.5871495792 -0.2317278522 -0.2103031899 -0.8561648693 -0.3387429023 -0.2100544833 -0.0994265448 -0.8525436532 -0.2573856710 0.1077976510 0.3020935076 -0.2516880206 -0.8935102479 -0.8528198120
