-0.1345595364 0.1570230212 0.2489775461 -0.1470991077 0.0032545238 0.3460473094 0.2839021090 -0.1485407498 0.2597208682 0.9675015931 0.0046816957 0.1361461006 -0.1855178771 -0.1850415265
-0.1451606040 0.1467353281 0.2421282238 -0.1537203988 -0.0212269522 0.3390362108 0.2683439505 -0.1552704451 0.2276476356 0.9723472655 0.0299523283 0.1253549782 -0.1916992663 -0.1910167845
-0.1563472384 0.1358075936 0.2347000020 -0.1608291939 -0.0466023012 0.3314221199 0.2519982578 -0.1624899406 0.1945406207 0.9768209843 0.0560427631 0.1139164213 -0.1983488221 -0.1974553121
-0.1681267857 0.1242318547 0.2266853764 -0.1684320035 -0.0728812686 0.3231972789 0.2348557834 -0.1702057652 0.1603892642 0.9809175643 0.0829616362 0.1018224166 -0.2054728674 -0.2043633909
-0.1805065922 0.1120001483 0.2180768427 -0.1765353378 -0.1000735999 0.3143539301 0.2169072796 -0.1784244481 0.1251830068 0.9846318203 0.1107175836 0.0890649511 -0.2130777254 -0.2117473024
-0.1934940043 0.0991045116 0.2088668966 -0.1851457073 -0.1281890403 0.3048843157 0.1981434988 -0.1871525181 0.0889112890 0.9879585673 0.1393192416 0.0756360117 -0.2211697189 -0.2196133282
-0.2070963680 0.0855369814 0.1990480338 -0.1942696223 -0.1572373352 0.2947806779 0.1785551935 -0.1963965044 0.0515635517 0.9908926200 0.1687752462 0.0615275853 -0.2297551710 -0.2279677497
-0.2213210297 0.0712895949 0.1886127501 -0.2039135931 -0.1872282302 0.2840352589 0.1581331160 -0.2061629359 0.0131292355 0.9934287934 0.1990942335 0.0467316588 -0.2388404046 -0.2368168485
-0.2361753356 0.0563543889 0.1775535411 -0.2140841300 -0.2181714704 0.2726403009 0.1368680189 -0.2164583417 -0.0264022189 0.9955619023 0.2302848398 0.0312402192 -0.2484317428 -0.2461669061
-0.2516666320 0.0407234006 0.1658629026 -0.2247877434 -0.2500768013 0.2605880463 0.1147506544 -0.2272892507 -0.0670413708 0.9972867616 0.2623557011 0.0150452533 -0.2585355084 -0.2560242041
-0.2678022651 0.0243886670 0.1535333302 -0.2360309437 -0.2829539683 0.2478707370 0.0917717750 -0.2386621920 -0.1087987796 0.9985981862 0.2953154536 -0.0018612519 -0.2691580246 -0.2663950240
-0.2845895811 0.0073422250 0.1405573197 -0.2478202412 -0.3168127168 0.2344806155 0.0679221332 -0.2505836946 -0.1516850045 0.9994909909 0.3291727333 -0.0194873096 -0.2803056142 -0.2772856474
-0.3020359264 -0.0104238883 0.1269273667 -0.2601621463 -0.3516627921 0.2204099239 0.0431924813 -0.2630602875 -0.1957106049 0.9999599905 0.3639361765 -0.0378409328 -0.2919846003 -0.2887023557
-0.3201486471 -0.0289176360 0.1126359670 -0.2730631692 -0.3875139396 0.2056509044 0.0175735717 -0.2760984996 -0.2408861400 1.0000000000 0.3996144191 -0.0569301346 -0.3042013058 -0.3006514305
-0.3389350895 -0.0481469810 0.0976756163 -0.2865298204 -0.4243759048 0.1901957993 -0.0089438432 -0.2897048601 -0.2872221693 0.9996058342 0.4362160975 -0.0767629281 -0.3169620538 -0.3131391533
