-0.8755017394 -0.9780584114 -0.9679679581 -0.9310922255 -0.5760251306 -0.9796600650 -0.9969407633 -0.9308708379 -0.3537841683 -0.9835270545 1.0000000000 -0.9801254789 -0.9251547625 -0.9258202335
-0.8709013834 -0.9741992675 -0.9632364985 -0.9239434628 -0.5761131223 -0.9759462033 -0.9954779001 -0.9237087660 -0.3579768717 -0.9862819318 0.9999230101 -0.9764653067 -0.9176705107 -0.9183713084
-0.8660253608 -0.9700523680 -0.9582085647 -0.9164870243 -0.5760109320 -0.9719441505 -0.9937417346 -0.9162388664 -0.3620483135 -0.9887795022 0.9995870327 -0.9725189752 -0.9098771053 -0.9106131207
-0.8608791663 -0.9656230176 -0.9528896541 -0.9087292710 -0.5757220940 -0.9676591232 -0.9917367108 -0.9084675023 -0.3660003699 -0.9910215688 0.9989961436 -0.9682917321 -0.9017810248 -0.9025521288
-0.8554682943 -0.9609165210 -0.9472852642 -0.9006765641 -0.5752501422 -0.9630963380 -0.9894672727 -0.9004010368 -0.3698349172 -0.9930099347 0.9981544186 -0.9637888252 -0.8933887478 -0.8941947913
-0.8497982395 -0.9559381828 -0.9414008925 -0.8923352647 -0.5745986109 -0.9582610113 -0.9869378645 -0.8920458330 -0.3735538316 -0.9947464029 0.9970659336 -0.9590155021 -0.8847067527 -0.8855475668
-0.8438744965 -0.9506933075 -0.9352420365 -0.8837117339 -0.5737710342 -0.9531583597 -0.9841529302 -0.8834082541 -0.3771589892 -0.9962327765 0.9957347642 -0.9539770106 -0.8757415179 -0.8766169139
-0.8377025599 -0.9451872000 -0.9288141936 -0.8748123328 -0.5727709460 -0.9477935998 -0.9811169140 -0.8744946633 -0.3806522663 -0.9974708584 0.9941649862 -0.9486785986 -0.8664995220 -0.8674092911
-0.8312879242 -0.9394251647 -0.9221228614 -0.8656434226 -0.5716018807 -0.9421719481 -0.9778342600 -0.8653114235 -0.3840355390 -0.9984624518 0.9923606756 -0.9431255136 -0.8569872435 -0.8579311571
-0.8246360841 -0.9334125064 -0.9151735374 -0.8562113644 -0.5702673722 -0.9362986211 -0.9743094121 -0.8558648980 -0.3873106835 -0.9992093595 0.9903259079 -0.9373230036 -0.8472111607 -0.8481889703
-0.8177525341 -0.9271545297 -0.9079717190 -0.8465225193 -0.5687709548 -0.9301788355 -0.9705468146 -0.8461614498 -0.3904795761 -0.9997133848 0.9880647591 -0.9312763161 -0.8371777522 -0.8381891893
-0.8106427689 -0.9206565392 -0.9005229038 -0.8365832484 -0.5671161624 -0.9238178077 -0.9665509115 -0.8362074422 -0.3935440929 -0.9999763306 0.9855813049 -0.9249906990 -0.8268934964 -0.8279382727
-0.8033122829 -0.9139238396 -0.8928325892 -0.8263999129 -0.5653065293 -0.9172207544 -0.9623261469 -0.8260092381 -0.3965061101 -1.0000000000 0.9828796211 -0.9184714000 -0.8163648719 -0.8174426791
-0.7957665709 -0.9069617355 -0.8849062726 -0.8159788739 -0.5633455895 -0.9103928920 -0.9578769648 -0.8155732008 -0.3993675040 -0.9997861960 0.9799637835 -0.9117236669 -0.8055983571 -0.8067088670
-0.7880111274 -0.8997755317 -0.8767494517 -0.8053264925 -0.5612368772 -0.9033394371 -0.9532078094 -0.8049056934 -0.4021301507 -0.9993367216 0.9768378678 -0.9047527474 -0.7946004305 -0.7957432951
