-0.4569310683 -0.5686581364 -0.5559875260 -0.3213687453 -0.5865459231 -0.6015374840 -0.6580763588 -0.3261728155 -0.6722352132 -0.7583163364 0.6192985360 -0.6008091577 -0.2261671772 -0.2079819193
-0.4746479822 -0.5831864377 -0.5701827195 -0.3431940539 -0.5999949620 -0.6143665648 -0.6689380007 -0.3478780903 -0.6827271723 -0.7658384481 0.6315272833 -0.6134635360 -0.2510241947 -0.2336899378
-0.4920551729 -0.5974584038 -0.5841456885 -0.3646333942 -0.6132210147 -0.6269881479 -0.6796344637 -0.3691990507 -0.6930591551 -0.7732636610 0.6435610576 -0.6259184870 -0.2754352801 -0.2589293284
-0.5091534412 -0.6114744251 -0.5978765135 -0.3856882039 -0.6262241126 -0.6394021112 -0.6901652375 -0.3901371239 -0.7032306184 -0.7805908575 0.6553996241 -0.6381737922 -0.2994023945 -0.2837022830
-0.5259435877 -0.6252348918 -0.6113752751 -0.4063599208 -0.6390042871 -0.6516083327 -0.7005298122 -0.4106937374 -0.7132410188 -0.7878189202 0.6670427479 -0.6502292329 -0.3229274993 -0.3080109936
-0.5424264128 -0.6387401944 -0.6246420538 -0.4266499825 -0.6515615695 -0.6636066905 -0.7107276775 -0.4308703183 -0.7230898127 -0.7949467317 0.6784901943 -0.6620845908 -0.3460125555 -0.3318576521
-0.5586027173 -0.6519907231 -0.6376769302 -0.4465598269 -0.6638959911 -0.6753970626 -0.7207583234 -0.4506682941 -0.7327764569 -0.8019731745 0.6897417283 -0.6737396473 -0.3686595244 -0.3552444503
-0.5744733017 -0.6649868683 -0.6504799849 -0.4660908916 -0.6760075831 -0.6869793269 -0.7306212397 -0.4700890921 -0.7423004080 -0.8088971313 0.7007971153 -0.6851941839 -0.3908703672 -0.3781735803
-0.5900389667 -0.6777290203 -0.6630512984 -0.4852446144 -0.6878963770 -0.6983533614 -0.7403159164 -0.4891341394 -0.7516611225 -0.8157174844 0.7116561202 -0.6964479822 -0.4126470451 -0.4006472339
-0.6053005127 -0.6902175695 -0.6753909513 -0.5040224330 -0.6995624040 -0.7095190443 -0.7498418433 -0.5078048635 -0.7608580571 -0.8224331166 0.7223185084 -0.7075008237 -0.4339915193 -0.4226676030
-0.6202587405 -0.7024529060 -0.6874990243 -0.5224257852 -0.7110056956 -0.7204762534 -0.7591985103 -0.5261026917 -0.7698906683 -0.8290429104 0.7327840449 -0.7183524898 -0.4549057511 -0.4442368795
-0.6349144505 -0.7144354204 -0.6993755977 -0.5404561087 -0.7222262829 -0.7312248668 -0.7683854073 -0.5440290513 -0.7787584129 -0.8355457483 0.7430524950 -0.7290027621 -0.4753917016 -0.4653572554
-0.6492684435 -0.7261655029 -0.7110207523 -0.5581148412 -0.7332241973 -0.7417647625 -0.7774020242 -0.5615853695 -0.7874607473 -0.8419405129 0.7531236237 -0.7394514221 -0.4954513320 -0.4860309226
-0.6633215200 -0.7376435438 -0.7224345687 -0.5754034205 -0.7439994702 -0.7520958186 -0.7862478509 -0.5787730738 -0.7959971282 -0.8482260867 0.7629971964 -0.7496982512 -0.5150866035 -0.5062600730
-0.6770744806 -0.7488699335 -0.7336171272 -0.5923232843 -0.7545521328 -0.7622179129 -0.7949223772 -0.5955935913 -0.8043670122 -0.8544013523 0.7726729781 -0.7597430311 -0.5342994775 -0.5260468984
