0.1279439346 -0.0089942096 0.0574044398 0.3102917085 -0.4041855442 -0.0153297206 -0.1746374453 0.3075904004 -0.7688107133 -0.4387636634 0.2432559763 -0.0075376613 0.3352255614 0.3428318642
0.1341259150 -0.0009101271 0.0659444071 0.3148000995 -0.3966882222 -0.0078656412 -0.1647343735 0.3121245974 -0.7611063471 -0.4270155607 0.2395413479 0.0004165789 0.3393811844 0.3468989081
0.1399206720 0.0067985942 0.0740816430 0.3188919928 -0.3894331829 -0.0007652682 -0.1551156434 0.3162427144 -0.7533484782 -0.4153128388 0.2360622052 0.0079970510 0.3431182505 0.3505464686
0.1453176272 0.0141208930 0.0818045482 0.3225569711 -0.3824294078 0.0059607114 -0.1457912838 0.3199343312 -0.7455409895 -0.4036617836 0.2328261643 0.0151927604 0.3464264342 0.3537642371
0.1503062018 0.0210457081 0.0891015235 0.3257846174 -0.3756858782 0.0123016108 -0.1367713236 0.3231890279 -0.7376877640 -0.3920686812 0.2298408414 0.0219927125 0.3492954099 0.3565419054
0.1548758176 0.0275619785 0.0959609696 0.3285645145 -0.3692115755 0.0182467430 -0.1280657915 0.3259963844 -0.7297926846 -0.3805398177 0.2271138526 0.0283859125 0.3517148519 0.3588691650
0.1590158960 0.0336586427 0.1023712873 0.3308862453 -0.3630154812 0.0237854211 -0.1196847164 0.3283459805 -0.7218596343 -0.3690814790 0.2246528141 0.0343613659 0.3536744346 0.3607357076
0.1627158584 0.0393246397 0.1083208774 0.3327393928 -0.3571065767 0.0289069584 -0.1116381269 0.3302273962 -0.7138924960 -0.3576999513 0.2224653420 0.0399080779 0.3551638324 0.3621312248
0.1659651263 0.0445489083 0.1137981406 0.3341135398 -0.3514938434 0.0336006677 -0.1039360520 0.3316302114 -0.7058951526 -0.3464015205 0.2205590524 0.0450150539 0.3561727196 0.3630454082
0.1687531214 0.0493203872 0.1187914777 0.3349982691 -0.3461862627 0.0378558624 -0.0965885205 0.3325440061 -0.6978714872 -0.3351924727 0.2189415615 0.0496712993 0.3566907707 0.3634679494
0.1710692650 0.0536280153 0.1232892894 0.3353831636 -0.3411928160 0.0416618555 -0.0896055610 0.3329583601 -0.6898253825 -0.3240790940 0.2176204854 0.0538658194 0.3567076599 0.3633885400
0.1729029786 0.0574607313 0.1272799765 0.3352578063 -0.3365224848 0.0450079600 -0.0829972025 0.3328628534 -0.6817607217 -0.3130676703 0.2166034403 0.0575876195 0.3562130618 0.3627968718
0.1742436838 0.0608074741 0.1307519398 0.3346117800 -0.3321842504 0.0478834891 -0.0767734737 0.3322470659 -0.6736813876 -0.3021644878 0.2158980423 0.0608257049 0.3551966505 0.3616826362
0.1750808020 0.0636571824 0.1336935801 0.3334346676 -0.3281870943 0.0502777560 -0.0709444034 0.3311005775 -0.6655912631 -0.2913758324 0.2155119076 0.0635690810 0.3536481006 0.3600355249
0.1754037548 0.0659987950 0.1360932980 0.3317160520 -0.3245399979 0.0521800737 -0.0655200204 0.3294129682 -0.6574942313 -0.2807079903 0.2154526523 0.0658067532 0.3515570864 0.3578452295
