-0.3578760988 -0.2210523108 -0.1200641929 -0.1973349621 -0.6766053115 -0.1197885233 -0.3539387351 -0.1971127690 -0.7093599859 -0.4185434669 0.4728950864 -0.2249915738 -0.1543754870 -0.1592654241
-0.3603404643 -0.2149096126 -0.1151081525 -0.2005474800 -0.6676219647 -0.1120993629 -0.3446342220 -0.2003204246 -0.7006498438 -0.4093294146 0.4635620654 -0.2191686558 -0.1579764091 -0.1628625707
-0.3628698169 -0.2087594086 -0.1101685602 -0.2038400794 -0.6585005313 -0.1043886989 -0.3352517276 -0.2036082753 -0.6917938805 -0.4000265830 0.4541321372 -0.2133424763 -0.1616584907 -0.1665401180
-0.3654646145 -0.2026019197 -0.1052457557 -0.2072132859 -0.6492404253 -0.0966566978 -0.3257910201 -0.2069768478 -0.6827913753 -0.3906346154 0.4446049312 -0.2075132756 -0.1654222500 -0.1702985793
-0.3681253145 -0.1964373669 -0.1003400786 -0.2106676252 -0.6398410609 -0.0889035261 -0.3162518678 -0.2104266686 -0.6736416077 -0.3811531551 0.4349800770 -0.2016812937 -0.1692682051 -0.1741384683
-0.3708523746 -0.1902659710 -0.0954518684 -0.2142036232 -0.6303018522 -0.0811293503 -0.3066340389 -0.2139582644 -0.6643438569 -0.3715818453 0.4252572042 -0.1958467707 -0.1731968744 -0.1780602985
-0.3736462525 -0.1840879530 -0.0905814649 -0.2178218055 -0.6206222132 -0.0733343371 -0.2969373016 -0.2175721618 -0.6548974022 -0.3619203295 0.4154359422 -0.1900099468 -0.1772087759 -0.1820645834
-0.3765074058 -0.1779035339 -0.0857292077 -0.2215226978 -0.6108015580 -0.0655186529 -0.2871614241 -0.2212688875 -0.6453015231 -0.3521682508 0.4055159207 -0.1841710621 -0.1813044279 -0.1861518365
-0.3794362922 -0.1717129345 -0.0808954362 -0.2253068260 -0.6008393008 -0.0576824643 -0.2773061747 -0.2250489680 -0.6355554988 -0.3423252525 0.3954967691 -0.1783303568 -0.1854843486 -0.1903225714
-0.3824333693 -0.1655163759 -0.0760804903 -0.2291747156 -0.5907348555 -0.0498259378 -0.2673713214 -0.2289129300 -0.6256586087 -0.3323909780 0.3853781171 -0.1724880709 -0.1897490562 -0.1945773015
-0.3854990947 -0.1593140790 -0.0712847094 -0.2331268925 -0.5804876364 -0.0419492400 -0.2573566326 -0.2328613001 -0.6156101322 -0.3223650704 0.3751595942 -0.1666444447 -0.1940990688 -0.1989165405
-0.3886339261 -0.1531062646 -0.0665084333 -0.2371638824 -0.5700970574 -0.0340525374 -0.2472618765 -0.2368946051 -0.6054093485 -0.3122471732 0.3648408299 -0.1607997181 -0.1985349047 -0.2033408018
-0.3918383211 -0.1468931537 -0.0617520015 -0.2412862109 -0.5595625327 -0.0261359966 -0.2370868212 -0.2410133714 -0.5950555370 -0.3020369295 0.3544214539 -0.1549541315 -0.2030570822 -0.2078505989
-0.3951127374 -0.1406749674 -0.0570157536 -0.2454944039 -0.5488834764 -0.0181997841 -0.2268312350 -0.2452181257 -0.5845479770 -0.2917339827 0.3439010955 -0.1491079248 -0.2076661193 -0.2124464454
-0.3984576325 -0.1344519264 -0.0523000293 -0.2497889870 -0.5380593025 -0.0102440664 -0.2164948860 -0.2495093946 -0.5738859480 -0.2813379760 0.3332793844 -0.1432613383 -0.2123625342 -0.2171288548
