0.2086129976 0.1563233100 0.1322703957 0.2323795553 0.0827442314 0.1389767439 0.1400855466 0.2341698139 -0.0895224998 -0.0652351660 -0.1205152432 0.1601186173 0.2289568730 0.2322891803
0.2079731681 0.1579292318 0.1356593450 0.2313332840 0.0824021353 0.1392843748 0.1452287943 0.2331211820 -0.0888756105 -0.0608565334 -0.1184603371 0.1616668913 0.2277238982 0.2310305168
0.2070861469 0.1592650711 0.1387559908 0.2300406492 0.0818373742 0.1393461814 0.1501034809 0.2318258087 -0.0884268832 -0.0567148991 -0.1162007134 0.1629451019 0.2262482635 0.2295288217
0.2059481487 0.1603264121 0.1415553712 0.2284979427 0.0810463886 0.1391582363 0.1547047532 0.2302799817 -0.0881797667 -0.0528147054 -0.1137332991 0.1639488432 0.2245263333 0.2277804594
0.2045553882 0.1611088390 0.1440525245 0.2267014560 0.0800256192 0.1387166119 0.1590277582 0.2284799888 -0.0881377098 -0.0491603944 -0.1110550212 0.1646737091 0.2225544718 0.2257817943
0.2029040802 0.1616079359 0.1462424885 0.2246474809 0.0787715065 0.1380173807 0.1630676429 0.2264221179 -0.0883041614 -0.0457564087 -0.1081628067 0.1651152935 0.2203290434 0.2235291907
0.2009904394 0.1618192870 0.1481203016 0.2223323089 0.0772804911 0.1370566152 0.1668195541 0.2241026566 -0.0886825701 -0.0426071904 -0.1050535825 0.1652691906 0.2178464123 0.2210190131
0.1988106804 0.1617384765 0.1496810018 0.2197522317 0.0755490136 0.1358303879 0.1702786388 0.2215178927 -0.0892763849 -0.0397171818 -0.1017242757 0.1651309942 0.2151029427 0.2182476258
0.1963610182 0.1613610886 0.1509196272 0.2169035410 0.0735735146 0.1343347713 0.1734400439 0.2186641142 -0.0900890546 -0.0370908253 -0.0981718132 0.1646962983 0.2120949990 0.2152113932
0.1936376673 0.1606827074 0.1518312160 0.2137825283 0.0713504346 0.1325658379 0.1762989164 0.2155376087 -0.0911240279 -0.0347325631 -0.0943931221 0.1639606970 0.2088189454 0.2119066796
0.1906368426 0.1596989172 0.1524108062 0.2103854854 0.0688762143 0.1305196602 0.1788504032 0.2121346640 -0.0923847537 -0.0326468377 -0.0903851293 0.1629197843 0.2052711461 0.2083298495
0.1873547587 0.1584053021 0.1526534360 0.2067087038 0.0661472942 0.1281923106 0.1810896512 0.2084515679 -0.0938746807 -0.0308380911 -0.0861447618 0.1615691540 0.2014479656 0.2044772672
0.1837876304 0.1567974463 0.1525541435 0.2027484752 0.0631601150 0.1255798617 0.1830118073 0.2044846083 -0.0955972578 -0.0293107658 -0.0816689467 0.1599044002 0.1973457680 0.2003452971
0.1799316725 0.1548709340 0.1521079668 0.1985010912 0.0599111172 0.1226783859 0.1846120185 0.2002300728 -0.0975559338 -0.0280693041 -0.0769546108 0.1579211169 0.1929609177 0.1959303035
0.1757830996 0.1526213494 0.1513099440 0.1939628435 0.0563967413 0.1194839558 0.1858854316 0.1956842493 -0.0997541575 -0.0271181483 -0.0719986812 0.1556148980 0.1882897788 0.1912286509
