0.2020864400 0.1785637544 0.3447113279 0.5282120814 -0.4495549008 0.1755994329 0.0173922555 0.5293983379 -0.6227875514 -0.0207021089 0.1805460057 0.2296394597 0.5395410723 0.5586466801
0.2066919796 0.1856466798 0.3528572933 0.5339058840 -0.4479893985 0.1826997589 0.0251462303 0.5351222915 -0.6229387502 -0.0084856354 0.1746774569 0.2365831061 0.5446223118 0.5641009804
0.2111260826 0.1926118878 0.3608807065 0.5394009815 -0.4465500044 0.1896832004 0.0328233063 0.5406479541 -0.6231701061 0.0037660669 0.1688910020 0.2433980403 0.5494913070 0.5693475125
0.2153862427 0.1994572560 0.3687793553 0.5446945764 -0.4452386738 0.1965476418 0.0404217078 0.5459725311 -0.6234829800 0.0160521710 0.1631883801 0.2500820450 0.5541451646 0.5743834078
0.2194699535 0.2061806617 0.3765510274 0.5497838716 -0.4440573619 0.2032909674 0.0479396593 0.5510932275 -0.6238787330 0.0283718501 0.1575713301 0.2566329033 0.5585809911 0.5792057978
0.2233747088 0.2127799826 0.3841935105 0.5546660697 -0.4430080241 0.2099110615 0.0553753854 0.5560072486 -0.6243587261 0.0407242773 0.1520415911 0.2630483981 0.5627958933 0.5838118137
0.2270980023 0.2192530960 0.3917045924 0.5593383734 -0.4420926157 0.2164058085 0.0627271104 0.5607117995 -0.6249243203 0.0531086256 0.1466009022 0.2693263123 0.5667869777 0.5881985872
0.2306373278 0.2255978793 0.3990820606 0.5637979854 -0.4413130922 0.2227730928 0.0699930588 0.5652040854 -0.6255768765 0.0655240682 0.1412510024 0.2754644289 0.5705513511 0.5923632494
0.2339901790 0.2318122102 0.4063237030 0.5680421085 -0.4406714087 0.2290107986 0.0771714552 0.5694813115 -0.6263177559 0.0779697781 0.1359936307 0.2814605308 0.5740861201 0.5963029320
0.2371540495 0.2378939660 0.4134273072 0.5720679454 -0.4401695206 0.2351168104 0.0842605239 0.5735406830 -0.6271483193 0.0904449285 0.1308305262 0.2873124009 0.5773883913 0.6000147663
0.2401264332 0.2438410243 0.4203906610 0.5758726987 -0.4398093834 0.2410890124 0.0912584894 0.5773794050 -0.6280699279 0.1029486924 0.1257634279 0.2930178222 0.5804552713 0.6034958836
0.2429048237 0.2496512624 0.4272115520 0.5794535711 -0.4395929521 0.2469252891 0.0981635762 0.5809946827 -0.6290839426 0.1154802428 0.1207940748 0.2985745777 0.5832838669 0.6067434155
0.2454867148 0.2553225579 0.4338877679 0.5828077654 -0.4395221823 0.2526235248 0.1049740087 0.5843837213 -0.6301917244 0.1280387530 0.1159242060 0.3039804502 0.5858712848 0.6097544933
0.2478696001 0.2608527883 0.4404170965 0.5859324843 -0.4395990293 0.2581816038 0.1116880115 0.5875437260 -0.6313946343 0.1406233960 0.1111555606 0.3092332227 0.5882146314 0.6125262484
0.2500509735 0.2662398309 0.4467973255 0.5888249304 -0.4398254483 0.2635974104 0.1183038089 0.5904719019 -0.6326940334 0.1532333449 0.1064898775 0.3143306781 0.5903110135 0.6150558124
