1.0000000000 0.9880798599 0.9588709170 0.9680452289 0.9808983367 0.9942356396 0.9843355553 0.9688701280 0.8788609359 -0.3760533891 -0.9464361212 0.9939338377 0.9763542353 0.9742518233
0.9999497271 0.9899836161 0.9622620923 0.9705213345 0.9782792117 0.9955298805 0.9862683454 0.9713223597 0.8715326851 -0.3743443222 -0.9496386840 0.9952809877 0.9784679428 0.9764430647
0.9997724891 0.9917198360 0.9655041299 0.9729024218 0.9754990240 0.9966584822 0.9880677030 0.9736786055 0.8640250873 -0.3726371177 -0.9527286494 0.9964581111 0.9804864994 0.9785411784
0.9994685602 0.9932891219 0.9685974759 0.9751878635 0.9725590348 0.9976223077 0.9897349705 0.9759382569 0.8563412731 -0.3709308277 -0.9557073069 0.9974659551 0.9824093333 0.9805455496
0.9990382145 0.9946920757 0.9715425764 0.9773770327 0.9694605056 0.9984222201 0.9912714903 0.9781007054 0.8484843730 -0.3692245045 -0.9585759463 0.9983052670 0.9842358729 0.9824555632
0.9984817261 0.9959292995 0.9743398774 0.9794693022 0.9662046975 0.9990590824 0.9926786046 0.9801653425 0.8404575177 -0.3675172003 -0.9613358571 0.9989767941 0.9859655462 0.9842706044
0.9977993692 0.9970013953 0.9769898251 0.9814640448 0.9627928719 0.9995337578 0.9939576557 0.9821315598 0.8322638377 -0.3658079675 -0.9639883289 0.9994812837 0.9875977818 0.9859900581
0.9969914179 0.9979089653 0.9794928655 0.9833606335 0.9592262900 0.9998471093 0.9951099859 0.9839987487 0.8239064638 -0.3640958582 -0.9665346515 0.9998194830 0.9891320078 0.9876133094
0.9960581465 0.9986526116 0.9818494447 0.9851584411 0.9555062133 1.0000000000 0.9961369376 0.9857663008 0.8153885264 -0.3623799247 -0.9689761144 0.9999921393 0.9905676524 0.9891397434
0.9949998289 0.9992329361 0.9840600089 0.9868568406 0.9516339030 0.9999932930 0.9970398531 0.9874336076 0.8067131563 -0.3606592192 -0.9713140073 1.0000000000 0.9919041441 0.9905687450
0.9938167394 0.9996505409 0.9861250041 0.9884552048 0.9476106203 0.9998278513 0.9978200746 0.9890000605 0.7978834839 -0.3589327940 -0.9735496199 0.9998438122 0.9931409109 0.9918996994
0.9925091522 0.9999060282 0.9880448763 0.9899529067 0.9434376266 0.9995045380 0.9984789444 0.9904650512 0.7889026400 -0.3571997013 -0.9756842417 0.9995243234 0.9942773814 0.9931319916
0.9910773412 1.0000000000 0.9898200718 0.9913493190 0.9391161832 0.9990242163 0.9990178050 0.9918279711 0.7797737550 -0.3554589933 -0.9777191625 0.9990422806 0.9953129836 0.9942650066
0.9895215808 0.9999330583 0.9914510364 0.9926438147 0.9346475514 0.9983877491 0.9994379985 0.9930882117 0.7704999597 -0.3537097224 -0.9796556718 0.9983984313 0.9962471459 0.9952981294
0.9878421450 0.9997058053 0.9929382165 0.9938357668 0.9300329925 0.9975959997 0.9997408673 0.9942451646 0.7610843846 -0.3519509407 -0.9814950594 0.9975935227 0.9970792965 0.9962307452
