-0.3901244229 -0.5982139212 -0.6298389909 -0.5738182726 -0.4048131194 -0.5786216334 -0.5708080384 -0.5759927933 -0.5539640276 -0.6899675972 0.5383307786 -0.5867786743 -0.5697523659 -0.5782909896
-0.3928680080 -0.6040334154 -0.6348457455 -0.5761979047 -0.4227123732 -0.5850288600 -0.5810482521 -0.5784126388 -0.5714849619 -0.7011214897 0.5543859456 -0.5934994799 -0.5714954143 -0.5800950182
-0.3957670541 -0.6098681639 -0.6398808844 -0.5786955732 -0.4402992587 -0.5914407377 -0.5911757228 -0.5809488634 -0.5885988867 -0.7120566694 0.5701277917 -0.6002128035 -0.5733743201 -0.5820310430
-0.3988186068 -0.6157165816 -0.6449427278 -0.5813087594 -0.4575755340 -0.5978557623 -0.6011900395 -0.5835989646 -0.6053091086 -0.7227739337 0.5855578638 -0.6069172586 -0.5753864072 -0.5840964269
-0.4020197114 -0.6215770831 -0.6500295961 -0.5840349447 -0.4745429571 -0.6042724296 -0.6110907914 -0.5863604394 -0.6216189341 -0.7332740796 0.6006777089 -0.6136114590 -0.5775289993 -0.5862885327
-0.4053674135 -0.6274480833 -0.6551398095 -0.5868716103 -0.4912032863 -0.6106892354 -0.6208775675 -0.5892307852 -0.6375316699 -0.7435579043 0.6154888741 -0.6202940184 -0.5797994204 -0.5886047234
-0.4088587585 -0.6333279969 -0.6602716884 -0.5898162376 -0.5075582795 -0.6171046753 -0.6305499571 -0.5922074991 -0.6530506224 -0.7536262052 0.6299929062 -0.6269635503 -0.5821949943 -0.5910423617
-0.4124907918 -0.6392152386 -0.6654235532 -0.5928663081 -0.5236096950 -0.6235172452 -0.6401075493 -0.5952880785 -0.6681790983 -0.7634797793 0.6441913522 -0.6336186684 -0.5847130449 -0.5935988105
-0.4162605589 -0.6451082232 -0.6705937241 -0.5960193029 -0.5393592909 -0.6299254409 -0.6495499331 -0.5984700206 -0.6829204041 -0.7731194239 0.6580857591 -0.6402579865 -0.5873508959 -0.5962714327
-0.4201651053 -0.6510053655 -0.6757805216 -0.5992727036 -0.5548088252 -0.6363277580 -0.6588766977 -0.6017508226 -0.6972778465 -0.7825459362 0.6716776739 -0.6468801181 -0.5901058713 -0.5990575912
-0.4242014764 -0.6569050801 -0.6809822658 -0.6026239914 -0.5699600561 -0.6427226924 -0.6680874324 -0.6051279817 -0.7112547319 -0.7917601134 0.6849686434 -0.6534836770 -0.5929752949 -0.6019546487
-0.4283667176 -0.6628057818 -0.6861972772 -0.6060706477 -0.5848147418 -0.6491087399 -0.6771817260 -0.6085989952 -0.7248543670 -0.8007627526 0.6979602148 -0.6600672767 -0.5959564906 -0.6049599682
-0.4326578745 -0.6687058855 -0.6914238760 -0.6096101538 -0.5993746402 -0.6554843962 -0.6861591679 -0.6121613604 -0.7380800584 -0.8095546511 0.7106539349 -0.6666295310 -0.5990467822 -0.6080709124
-0.4370719924 -0.6746038057 -0.6966603826 -0.6132399911 -0.6136415096 -0.6618481571 -0.6950193472 -0.6158125744 -0.7509351126 -0.8181366060 0.7230513508 -0.6731690536 -0.6022434935 -0.6112848444
-0.4416061168 -0.6804979574 -0.7019051174 -0.6169576409 -0.6276171080 -0.6681985184 -0.7037618529 -0.6195501346 -0.7634228362 -0.8265094146 0.7351540094 -0.6796844580 -0.6055439484 -0.6145991268
