-0.2604144304 -0.5711538269 -0.5689796204 -0.1141199734 -0.4698466544 -0.4351357224 -0.5589577682 -0.1169654726 -0.4951241236 -0.4975811835 0.1494001777 -0.5753153516 -0.0823685260 -0.0690509739
-0.2736281060 -0.5879280060 -0.5858202522 -0.1252275983 -0.4860360678 -0.4505052342 -0.5758896045 -0.1280956352 -0.5121159798 -0.5146925182 0.1621635499 -0.5920725852 -0.0930933709 -0.0796370554
-0.2865257932 -0.6043134725 -0.6022735649 -0.1360410514 -0.5018771506 -0.4655225354 -0.5924406839 -0.1389306806 -0.5287662610 -0.5314613862 0.1746599537 -0.6084383658 -0.1035308809 -0.0899392858
-0.2991102926 -0.6203134048 -0.6183426037 -0.1465631273 -0.5173727291 -0.4801905897 -0.6086138642 -0.1494734115 -0.5450775041 -0.5478901327 0.1868916881 -0.6244159085 -0.1136838171 -0.0999604026
-0.3113844049 -0.6359309814 -0.6340304140 -0.1567966205 -0.5325256297 -0.4945123605 -0.6244120029 -0.1597266303 -0.5610522461 -0.5639811027 0.1988610523 -0.6400084279 -0.1235549404 -0.1097031433
-0.3233509306 -0.6511693810 -0.6493400411 -0.1667443254 -0.5473386789 -0.5084908114 -0.6398379578 -0.1696931397 -0.5766930239 -0.5797366413 0.2105703452 -0.6552191392 -0.1331470117 -0.1191702455
-0.3350126703 -0.6660317822 -0.6642745304 -0.1764090366 -0.5618147028 -0.5221289059 -0.6548945865 -0.1793757423 -0.5920023745 -0.5951590937 0.2220218659 -0.6700512571 -0.1424627922 -0.1283644466
-0.3463724247 -0.6805213634 -0.6788369271 -0.1857935486 -0.5759565281 -0.5354296076 -0.6695847468 -0.1887772406 -0.6069828349 -0.6102508049 0.2332179135 -0.6845079966 -0.1515050427 -0.1372884841
-0.3574329945 -0.6946413032 -0.6930302766 -0.1949006558 -0.5897669809 -0.5483958800 -0.6839112962 -0.1979004372 -0.6216369421 -0.6250141201 0.2441607871 -0.6985925725 -0.1602765244 -0.1459450955
-0.3681971802 -0.7083947803 -0.7068576243 -0.2037331527 -0.6032488878 -0.5610306868 -0.6978770925 -0.2067481348 -0.6359672330 -0.6394513842 0.2548527856 -0.7123081998 -0.1687799980 -0.1543370184
-0.3786677824 -0.7217849731 -0.7203220154 -0.2122938339 -0.6164050751 -0.5733369913 -0.7114849934 -0.2153231358 -0.6499762447 -0.6535649425 0.2652962083 -0.7256580934 -0.1770182248 -0.1624669903
-0.3888476018 -0.7348150603 -0.7334264953 -0.2205854937 -0.6292383692 -0.5853177572 -0.7247378564 -0.2236282430 -0.6636665140 -0.6673571401 0.2754933541 -0.7386454681 -0.1849939655 -0.1703377486
-0.3987394389 -0.7474882203 -0.7461741093 -0.2286109268 -0.6417515964 -0.5969759480 -0.7376385393 -0.2316662588 -0.6770405779 -0.6808303220 0.2854465220 -0.7512735390 -0.1927099813 -0.1779520309
-0.4083460945 -0.7598076318 -0.7585679028 -0.2363729275 -0.6539475832 -0.6083145272 -0.7501898997 -0.2394399859 -0.6901009736 -0.6939868332 0.2951580112 -0.7635455208 -0.2001690331 -0.1853125747
-0.4176703691 -0.7717764734 -0.7706109210 -0.2438742904 -0.6658291559 -0.6193364584 -0.7623947954 -0.2469522268 -0.7028502378 -0.7068290191 0.3046301208 -0.7754646285 -0.2073738819 -0.1924221175
