0.3588711445 0.3783731551 0.3453020597 0.2725485536 0.4210422666 0.3333393470 0.4709049773 0.2734071443 0.4877361068 0.2940617696 -0.2811988645 0.3797307229 0.2542539520 0.2581277046
0.3498125797 0.3696548291 0.3387722407 0.2653358215 0.4089299915 0.3237800188 0.4618699209 0.2661978872 0.4733815076 0.2822963998 -0.2694360880 0.3708639610 0.2471707295 0.2510973793
0.3398789133 0.3600315413 0.3312923337 0.2572597345 0.3959961059 0.3133866696 0.4518576031 0.2581243738 0.4582255475 0.2698117879 -0.2569656086 0.3610963426 0.2392360433 0.2432101867
0.3290556299 0.3494881952 0.3228459260 0.2483054808 0.3822277827 0.3021455918 0.4408518234 0.2491717767 0.4422563264 0.2565966969 -0.2437763781 0.3504128781 0.2304352427 0.2344513733
0.3173282140 0.3380096945 0.3134166048 0.2384582487 0.3676121948 0.2900430776 0.4288363812 0.2393252685 0.4254619440 0.2426398899 -0.2298573485 0.3387985779 0.2207536772 0.2248061857
0.3046821499 0.3255809427 0.3029879571 0.2277032265 0.3521365148 0.2770654192 0.4157950761 0.2285700216 0.4078305003 0.2279301298 -0.2151974719 0.3262384524 0.2101766960 0.2142598703
0.2911029222 0.3121868435 0.2915435702 0.2160256023 0.3357879158 0.2631989090 0.4017117076 0.2168912086 0.3893500951 0.2124561799 -0.1997857001 0.3127175120 0.1986896486 0.2027976737
0.2765760153 0.2978123004 0.2790670311 0.2034105646 0.3185535704 0.2484298390 0.3865700752 0.2042740021 0.3700088284 0.1962068030 -0.1836109852 0.2982207671 0.1862778842 0.1904048425
0.2610869137 0.2824422172 0.2655419271 0.1898433015 0.3004206515 0.2327445017 0.3703539782 0.1907035745 0.3497948000 0.1791707624 -0.1666622791 0.2827332282 0.1729267522 0.1770666231
0.2446211019 0.2660614973 0.2509518452 0.1753090014 0.2813763320 0.2161291892 0.3530472163 0.1761650985 0.3286961098 0.1613368209 -0.1489285338 0.2662399057 0.1586216020 0.1627682622
0.2271640643 0.2486550445 0.2352803727 0.1597928524 0.2614077846 0.1985701938 0.3346335889 0.1606437465 0.3067008577 0.1426937416 -0.1303987014 0.2487258099 0.1433477829 0.1474950062
0.2087012854 0.2302077622 0.2185110966 0.1432800430 0.2405021821 0.1800538077 0.3150968955 0.1441246911 0.2837971435 0.1232302877 -0.1110617337 0.2301759512 0.1270906443 0.1312321017
0.1892182496 0.2107045542 0.2006276042 0.1257557613 0.2186466974 0.1605663233 0.2944209356 0.1265931049 0.2599730672 0.1029352221 -0.0909065827 0.2105753402 0.1098355354 0.1139647952
0.1687004415 0.1901303240 0.1816134826 0.1072051956 0.1958285034 0.1400940326 0.2725895086 0.1080341603 0.2352167285 0.0817973080 -0.0699222005 0.1899089871 0.0915678058 0.0956783333
0.1471333455 0.1684699752 0.1614523189 0.0876135342 0.1720347727 0.1186232280 0.2495864141 0.0884330300 0.2095162274 0.0598053082 -0.0480975390 0.1681619025 0.0722728046 0.0763579625
