-0.7100918337 -0.5482158430 -0.4589539795 -0.6250074458 -0.6447826057 -0.5925709646 -0.1646961227 -0.6219322700 0.1308184425 0.1064322131 0.4432308195 -0.5453493133 -0.7096847376 -0.7101649364
-0.6822960047 -0.5154476011 -0.4272773045 -0.5926644384 -0.6127409419 -0.5600016360 -0.1379979056 -0.5894267688 0.1488031449 0.1271988858 0.4178858429 -0.5125835360 -0.6822520697 -0.6826810604
-0.6530844404 -0.4813576242 -0.3944078291 -0.5588200578 -0.5791320067 -0.5260035786 -0.1104358962 -0.5554161559 0.1675430896 0.1486065190 0.3910032804 -0.4785024801 -0.6534413453 -0.6538119536
-0.6224391637 -0.4459291329 -0.3603302129 -0.5234557180 -0.5439341081 -0.4905581837 -0.0819992164 -0.5198817675 0.1870494961 0.1706636251 0.3625601525 -0.4430894137 -0.6232353003 -0.6235402119
-0.5903421977 -0.4091453476 -0.3250291157 -0.4865528333 -0.5071255543 -0.4536468424 -0.0526769884 -0.4828049399 0.2073335843 0.1933787165 0.3325334800 -0.4063276048 -0.5916166708 -0.5918484312
-0.5567755653 -0.3709894887 -0.2884891971 -0.4480928178 -0.4686846534 -0.4152509459 -0.0224583340 -0.4441670093 0.2284065739 0.2167603056 0.3009002834 -0.3682003215 -0.5585681925 -0.5587192071
-0.5217212896 -0.3314447767 -0.2506951169 -0.4080570855 -0.4285897135 -0.3753518855 0.0086676246 -0.4039493120 0.2502796845 0.2408169048 0.2676375834 -0.3286908316 -0.5240726013 -0.5241351356
-0.4851613936 -0.2904944321 -0.2116315349 -0.3664270506 -0.3868190428 -0.3339310522 0.0407117655 -0.3621331842 0.2729641359 0.2655570266 0.2327224006 -0.2877824033 -0.4881126331 -0.4880788125
-0.4470779004 -0.2481216753 -0.1712831106 -0.3231841272 -0.3433509493 -0.2909698374 0.0736849666 -0.3186999621 0.2964711479 0.2909891833 0.1961317556 -0.2454583045 -0.4506710238 -0.4505328336
-0.4074528329 -0.2043097268 -0.1296345038 -0.2783097296 -0.2981637411 -0.2464496322 0.1075981059 -0.2736309819 0.3208119401 0.3171218873 0.1578426691 -0.2017018033 -0.4117305093 -0.4114797947
-0.3662682141 -0.1590418070 -0.0866703743 -0.2317852717 -0.2512357264 -0.2003518278 0.1424620614 -0.2269075800 0.3459977322 0.3439636510 0.1178321618 -0.1564961676 -0.3712738254 -0.3709022917
-0.3235060671 -0.1123011365 -0.0423753817 -0.1835921677 -0.2025452133 -0.1526578155 0.1782877110 -0.1785110925 0.3720397441 0.3715229868 0.0760772542 -0.1098246655 -0.3292837081 -0.3287829204
-0.2791484148 -0.0640709355 0.0032658143 -0.1337118318 -0.1520705099 -0.1033489864 0.2150859328 -0.1284228557 0.3989491953 0.3998084071 0.0325549670 -0.0616705650 -0.2857428932 -0.2851042765
-0.2331772804 -0.0143344247 0.0502685539 -0.0821256781 -0.0997899243 -0.0524067317 0.2528676047 -0.0766242059 0.4267373056 0.4288284244 -0.0127576792 -0.0120171340 -0.2406341166 -0.2398489560
-0.1855746867 0.0369251756 0.0986481774 -0.0288151206 -0.0456817646 0.0001875573 0.2916436047 -0.0230964791 0.4554152948 0.4585915510 -0.0598836637 0.0391523593 -0.1939401142 -0.1929995547
