0.6638548859 0.9138103910 0.8292918827 0.2000777647 0.6443532564 0.6219753390 0.6726826754 0.2067393989 0.8241310529 -0.1501918997 -0.6819389244 0.9536883928 0.1648746173 0.1729118090
0.6551850020 0.9076851949 0.8363199323 0.1967614817 0.6336291519 0.6241725987 0.6749586112 0.2033783857 0.8188360309 -0.1446517871 -0.6713985107 0.9488431047 0.1604541820 0.1689671992
0.6463517843 0.9013446480 0.8432224360 0.1933062625 0.6227797807 0.6263730596 0.6772277436 0.1998777303 0.8135096860 -0.1390062982 -0.6606869696 0.9437476170 0.1559133531 0.1648954901
0.6373537794 0.8947882527 0.8499978952 0.1897096114 0.6118066950 0.6285780156 0.6794912384 0.1962349405 0.8081543120 -0.1332538454 -0.6498043340 0.9384006652 0.1512501064 0.1606944683
0.6281895339 0.8880155114 0.8566448114 0.1859690330 0.6007114473 0.6307887606 0.6817502616 0.1924475239 0.8027722030 -0.1273928407 -0.6387506365 0.9328009845 0.1464624172 0.1563619203
0.6188575946 0.8810259267 0.8631616862 0.1820820316 0.5894955898 0.6330065882 0.6840059789 0.1885129883 0.7973656528 -0.1214216965 -0.6275259101 0.9269473100 0.1415482612 0.1518956325
0.6093565080 0.8738190008 0.8695470211 0.1780461117 0.5781606748 0.6352327923 0.6862595563 0.1844288412 0.7919369553 -0.1153388248 -0.6161301875 0.9208383771 0.1365056140 0.1472933916
0.5996848210 0.8663942363 0.8757993176 0.1738587777 0.5667082547 0.6374686667 0.6885121596 0.1801925905 0.7864884044 -0.1091426378 -0.6045635015 0.9144729209 0.1313324511 0.1425529839
0.5898410800 0.8587511357 0.8819170771 0.1695175341 0.5551398817 0.6397155052 0.6907649548 0.1758017437 0.7810222941 -0.1028315479 -0.5928258848 0.9078496768 0.1260267482 0.1376721961
0.5798238318 0.8508892012 0.8878988013 0.1650198853 0.5434571083 0.6419746017 0.6930191076 0.1712538086 0.7755409183 -0.0964039671 -0.5809173704 0.9009673799 0.1205864807 0.1326488145
0.5696316231 0.8428079355 0.8937429915 0.1603633358 0.5316614867 0.6442472498 0.6952757839 0.1665462929 0.7700465709 -0.0898583076 -0.5688379909 0.8938247656 0.1150096243 0.1274806258
0.5592630005 0.8345068408 0.8994481493 0.1555453900 0.5197545693 0.6465347435 0.6975361497 0.1616767043 0.7645415458 -0.0831929817 -0.5565877793 0.8864205690 0.1092941546 0.1221654164
0.5487165106 0.8259854197 0.9050127763 0.1505635523 0.5077379083 0.6488383766 0.6998013708 0.1566425504 0.7590281370 -0.0764064016 -0.5441667682 0.8787535254 0.1034380470 0.1167009729
0.5379907002 0.8172431747 0.9104353739 0.1454153271 0.4956130561 0.6511594428 0.7020726131 0.1514413390 0.7535086382 -0.0694969793 -0.5315749904 0.8708223700 0.0974392773 0.1110850817
0.5270841159 0.8082796080 0.9157144436 0.1400982190 0.4833815651 0.6534992359 0.7043510424 0.1460705777 0.7479853435 -0.0624631272 -0.5188124788 0.8626258381 0.0912958209 0.1053155294
