-0.5298227435 -0.6711690414 -0.7853081778 -0.5146578855 -0.8616147231 -0.6140911830 -0.9569350301 -0.5158663567 -0.9510976381 -0.8105529890 0.6916613104 -0.6934082425 -0.4738339507 -0.4747762181
-0.5599928080 -0.6970290982 -0.8051672460 -0.5443529064 -0.8742745789 -0.6399424106 -0.9649770842 -0.5455219837 -0.9450470539 -0.8101730903 0.7009376104 -0.7180450143 -0.5044020830 -0.5053883091
-0.5895080587 -0.7220931857 -0.8242533264 -0.5734459892 -0.8863969082 -0.6651535868 -0.9722361071 -0.5745748804 -0.9387267708 -0.8096371130 0.7100275480 -0.7419028457 -0.5344124267 -0.5354391370
-0.6183293247 -0.7463247966 -0.8425349951 -0.6019009353 -0.8979705868 -0.6896946320 -0.9786944391 -0.6029889077 -0.9321507482 -0.8089570613 0.7189332177 -0.7649457096 -0.5638283515 -0.5648918509
-0.6464174351 -0.7696874236 -0.8599808287 -0.6296815465 -0.9089844902 -0.7135354670 -0.9843344204 -0.6307279265 -0.9253329460 -0.8081449393 0.7276567141 -0.7871375786 -0.5926132268 -0.5937095994
-0.6737332189 -0.7921445591 -0.8765594033 -0.6567516245 -0.9194274940 -0.7366460124 -0.9891383913 -0.6577557975 -0.9182873236 -0.8072127511 0.7362001319 -0.8084424254 -0.6207304223 -0.6218555315
-0.7002375054 -0.8136596957 -0.8922392954 -0.6830749707 -0.9292884738 -0.7589961888 -0.9930886921 -0.6840363816 -0.9110278406 -0.8061725009 0.7445655658 -0.8288242228 -0.6481433075 -0.6492927960
-0.7258911236 -0.8341963262 -0.9069890811 -0.7086153870 -0.9385563052 -0.7805559168 -0.9961676631 -0.7095335397 -0.9035684566 -0.8050361928 0.7527551103 -0.8482469435 -0.6748152520 -0.6759845418
-0.7506549027 -0.8537179430 -0.9207773369 -0.7333366749 -0.9472198637 -0.8012951171 -0.9983576446 -0.7342111326 -0.8959231313 -0.8038158310 0.7607708601 -0.8666745601 -0.7007096253 -0.7018939177
-0.7744896718 -0.8721880387 -0.9335726391 -0.7572026361 -0.9552680250 -0.8211837102 -0.9996409768 -0.7580330211 -0.8881058242 -0.8025234194 0.7686149098 -0.8840710456 -0.7257897970 -0.7269840726
-0.7973562600 -0.8895701061 -0.9453435639 -0.7801770721 -0.9626896646 -0.8401916169 -1.0000000000 -0.7809630662 -0.8801304950 -0.8011709623 0.7762893541 -0.9004003724 -0.7500191365 -0.7512181554
-0.8192154964 -0.9058276375 -0.9560586877 -0.8022237847 -0.9694736582 -0.8582887578 -0.9994170546 -0.8029651285 -0.8720111032 -0.7997704638 0.7837962875 -0.9156265135 -0.7733610136 -0.7745593148
-0.8400282102 -0.9209241258 -0.9656865868 -0.8233065756 -0.9756088813 -0.8754450535 -0.9978744807 -0.8240030691 -0.8637616084 -0.7983339280 0.7911378048 -0.9297134415 -0.7957787977 -0.7969706998
-0.8597552304 -0.9348230633 -0.9741958376 -0.8433892462 -0.9810842096 -0.8916304246 -0.9953546187 -0.8440407487 -0.8553959703 -0.7968733591 0.7983160006 -0.9426251290 -0.8172358583 -0.8184154593
-0.8783573862 -0.9474879428 -0.9815550163 -0.8624355983 -0.9858885185 -0.9068147917 -0.9918398090 -0.8630420281 -0.8469281484 -0.7954007612 0.8053329695 -0.9543255490 -0.8376955651 -0.8388567420
