-0.8503194829 -0.9855640273 -0.9938694591 -0.9033036795 -0.5540206565 -0.9358161909 -0.9288914519 -0.9064547786 -0.4753633880 -0.8641050220 0.5359606475 -0.9867553453 -0.8477219101 -0.8538927588
-0.8515213758 -0.9830706365 -0.9921846749 -0.9082258634 -0.5483864433 -0.9332670298 -0.9229858456 -0.9113097428 -0.4671930418 -0.8555671576 0.5311743240 -0.9843645986 -0.8536911343 -0.8597707735
-0.8525773584 -0.9803980455 -0.9903073641 -0.9130017284 -0.5426153338 -0.9305466345 -0.9168882766 -0.9160176758 -0.4588853280 -0.8468337445 0.5262566739 -0.9817937334 -0.8595244974 -0.8655115719
-0.8534902713 -0.9775503947 -0.9882409999 -0.9176326636 -0.5367122825 -0.9276591830 -0.9106038487 -0.9205799900 -0.4504460083 -0.8379107092 0.5212123504 -0.9790468261 -0.8652229800 -0.8711161639
-0.8542629548 -0.9745318244 -0.9859890554 -0.9221200579 -0.5306822442 -0.9246088536 -0.9041376655 -0.9249980979 -0.4418808439 -0.8288039783 0.5160460068 -0.9761279524 -0.8707875625 -0.8765855594
-0.8548982494 -0.9713464751 -0.9835550038 -0.9264653002 -0.5245301734 -0.9213998241 -0.8974948310 -0.9292734121 -0.4331955963 -0.8195194780 0.5107622962 -0.9730411886 -0.8762192257 -0.8819207681
-0.8553989955 -0.9679984871 -0.9809423182 -0.9306697795 -0.5182610250 -0.9180362727 -0.8906804488 -0.9334073451 -0.4243960269 -0.8100631350 0.5053658719 -0.9697906105 -0.8815189499 -0.8871228000
-0.8557680336 -0.9644920008 -0.9781544716 -0.9347348847 -0.5118797535 -0.9145223775 -0.8836996227 -0.9374013094 -0.4154878970 -0.8004408757 0.4998613871 -0.9663802944 -0.8866877157 -0.8921926648
-0.8560082040 -0.9608311566 -0.9751949374 -0.9386620048 -0.5053913136 -0.9108623164 -0.8765574566 -0.9412567174 -0.4064769681 -0.7906586265 0.4942534949 -0.9628143163 -0.8917265037 -0.8971313724
-0.8561223472 -0.9570200949 -0.9720671886 -0.9424525287 -0.4988006599 -0.9070602675 -0.8692590541 -0.9449749817 -0.3973690016 -0.7807223139 0.4885468487 -0.9590967521 -0.8966362944 -0.9019399326
-0.8561133037 -0.9530629561 -0.9687746983 -0.9461078453 -0.4921127472 -0.9031204090 -0.8618095191 -0.9485575148 -0.3881697588 -0.7706378644 0.4827461015 -0.9552316779 -0.9014180683 -0.9066193553
-0.8559839138 -0.9489638805 -0.9653209397 -0.9496293437 -0.4853325301 -0.8990469188 -0.8542139552 -0.9520057292 -0.3788850012 -0.7604112044 0.4768559067 -0.9512231698 -0.9060728060 -0.9111706503
-0.8557370179 -0.9447270086 -0.9617093859 -0.9530184127 -0.4784649632 -0.8948439750 -0.8464774664 -0.9553210375 -0.3695204901 -0.7500482603 0.4708809174 -0.9470753038 -0.9106014881 -0.9155948274
-0.8553754566 -0.9403564807 -0.9579435101 -0.9562764413 -0.4715150012 -0.8905157557 -0.8386051564 -0.9585048520 -0.3600819870 -0.7395549587 0.4648257868 -0.9427921560 -0.9150050950 -0.9198928965
-0.8549020703 -0.9358564373 -0.9540267854 -0.9594048185 -0.4644875988 -0.8860664388 -0.8306021289 -0.9615585854 -0.3505752532 -0.7289372260 0.4586951681 -0.9383778024 -0.9192846073 -0.9240658673
