-0.6644370245 -0.6788951466 -0.6512225813 -0.6287139849 -0.4606134074 -0.6784925063 -0.7044164634 -0.6281783185 0.0758635460 -0.8772949946 0.7233510433 -0.6740792791 -0.6205544158 -0.6235731265
-0.6768222864 -0.6912413324 -0.6637929123 -0.6413299165 -0.4700388523 -0.6908550903 -0.7166180048 -0.6407979434 0.0719697688 -0.8828611754 0.7353310202 -0.6864637637 -0.6332000204 -0.6362046573
-0.6889431681 -0.7033158364 -0.6761041514 -0.6536971647 -0.4792038311 -0.7029460555 -0.7285345307 -0.6531691087 0.0682821745 -0.8882894062 0.7470167070 -0.6985788244 -0.6456004475 -0.6485897387
-0.7008014272 -0.7151203933 -0.6881578500 -0.6658172949 -0.4881103641 -0.7147671141 -0.7401678033 -0.6652933759 0.0647988230 -0.8935803071 0.7584100424 -0.7104261676 -0.6577572412 -0.6607299271
-0.7123988217 -0.7266567379 -0.6999555595 -0.6776918721 -0.4967604717 -0.7263199783 -0.7515195850 -0.6771723065 0.0615177741 -0.8987344979 0.7695129648 -0.7220074998 -0.6696719459 -0.6726267791
-0.7237371093 -0.7379266050 -0.7114988313 -0.6893224616 -0.5051561741 -0.7376063602 -0.7625916381 -0.6888074621 0.0584370875 -0.9037525987 0.7803274128 -0.7333245274 -0.6813461057 -0.6842818512
-0.7348180478 -0.7489317293 -0.7227892167 -0.7007106285 -0.5132994916 -0.7486279721 -0.7733857249 -0.7002004042 0.0555548230 -0.9086352295 0.7908553249 -0.7443789569 -0.6927812647 -0.6956966999
-0.7456433950 -0.7596738458 -0.7338282672 -0.7118579381 -0.5211924446 -0.7593865261 -0.7839036075 -0.7113526944 0.0528690403 -0.9133830101 0.8010986395 -0.7551724946 -0.7039789672 -0.7068728818
-0.7562149087 -0.7701546890 -0.7446175341 -0.7227659555 -0.5288370535 -0.7698837345 -0.7941470485 -0.7222658943 0.0503777993 -0.9179965606 0.8110592953 -0.7657068471 -0.7149407574 -0.7178119533
-0.7665343466 -0.7803759939 -0.7551585689 -0.7334362459 -0.5362353384 -0.7801213094 -0.8041178099 -0.7329415653 0.0480791597 -0.9224765009 0.8207392306 -0.7759837207 -0.7256681795 -0.7285154711
-0.7766034666 -0.7903394953 -0.7654529229 -0.7438703745 -0.5433893197 -0.7901009630 -0.8138176542 -0.7433812691 0.0459711813 -0.9268234510 0.8301403840 -0.7860048220 -0.7361627777 -0.7389849916
-0.7864240265 -0.8000469279 -0.7755021475 -0.7540699064 -0.5503010178 -0.7998244074 -0.8232483436 -0.7535865671 0.0440519238 -0.9310380309 0.8392646941 -0.7957718572 -0.7464260961 -0.7492220713
-0.7959977839 -0.8095000265 -0.7853077941 -0.7640364070 -0.5569724530 -0.8092933550 -0.8324116404 -0.7635590210 0.0423194471 -0.9351208604 0.8481140992 -0.8052865329 -0.7564596790 -0.7592282668
-0.8053264968 -0.8187005259 -0.7948714141 -0.7737714413 -0.5634056455 -0.8185095179 -0.8413093069 -0.7733001922 0.0407718108 -0.9390725597 0.8566905380 -0.8145505555 -0.7662650705 -0.7690051346
-0.8144119229 -0.8276501609 -0.8041945589 -0.7832765745 -0.5696026156 -0.8274746082 -0.8499431053 -0.7828116424 0.0394070748 -0.9428937486 0.8649959490 -0.8235656315 -0.7758438149 -0.7785542312
