-0.8766334965 -0.5152718123 -0.5235909159 -0.9988952388 -0.5893249547 -0.5211581252 -0.4976418511 -0.9987755307 -0.4724375114 -0.3799968465 0.8406030255 -0.5272455472 -0.9995582236 -0.9999504365
-0.8740385072 -0.5078384280 -0.5152724434 -0.9972126982 -0.5837766477 -0.5126980574 -0.4883475249 -0.9970354933 -0.4649240501 -0.3685767478 0.8389304365 -0.5204687122 -1.0000000000 -1.0000000000
-0.8707490300 -0.4999689453 -0.5065342234 -0.9947611892 -0.5777192948 -0.5038224215 -0.4786660688 -0.9945280828 -0.4569940764 -0.3568659617 0.8365576853 -0.5132361122 -0.9997254778 -0.9993261938
-0.8667544233 -0.4916572896 -0.4973705950 -0.9915290657 -0.5711454204 -0.4945256438 -0.4685924767 -0.9912416706 -0.4486418001 -0.3448612556 0.8334738545 -0.5055412632 -0.9987235580 -0.9979178969
-0.8620440453 -0.4828973865 -0.4877758968 -0.9875046816 -0.5640475490 -0.4848021506 -0.4581217425 -0.9871646282 -0.4398614314 -0.3325593968 0.8296680267 -0.4973776810 -0.9969831418 -0.9957639883
-0.8566072544 -0.4736831613 -0.4777444679 -0.9826763906 -0.5564182052 -0.4746463685 -0.4472488602 -0.9822853272 -0.4306471802 -0.3199571524 0.8251292845 -0.4887388815 -0.9944931303 -0.9928533470
-0.8504334090 -0.4640085394 -0.4672706472 -0.9770325465 -0.5482499134 -0.4640527236 -0.4359688235 -0.9765921389 -0.4209932565 -0.3070512899 0.8198467105 -0.4796183804 -0.9912424244 -0.9891748520
-0.8435118673 -0.4538674464 -0.4563487734 -0.9705615033 -0.5395351981 -0.4530156425 -0.4242766265 -0.9700734349 -0.4108938703 -0.2938385765 0.8138093874 -0.4700096937 -0.9872199253 -0.9847173823
-0.8358319878 -0.4432538076 -0.4449731856 -0.9632516146 -0.5302665838 -0.4415295515 -0.4121672629 -0.9627175866 -0.4003432317 -0.2803157795 0.8070063978 -0.4599063373 -0.9824145341 -0.9794698169
-0.8273831288 -0.4321615485 -0.4331382225 -0.9550912344 -0.5204365949 -0.4295888770 -0.3996357267 -0.9545129655 -0.3893355505 -0.2664796662 0.7994268242 -0.4493018269 -0.9768151518 -0.9734210348
-0.8181546485 -0.4205845944 -0.4208382231 -0.9460687164 -0.5100377559 -0.4171880453 -0.3866770117 -0.9454479431 -0.3778650369 -0.2523270039 0.7910597492 -0.4381896784 -0.9704106795 -0.9665599150
-0.8081359055 -0.4085168710 -0.4080675263 -0.9361724144 -0.4990625914 -0.4043214828 -0.3732861119 -0.9355108909 -0.3659259008 -0.2378545599 0.7818942555 -0.4265634077 -0.9631900183 -0.9588753366
-0.7973162579 -0.3959523036 -0.3948204709 -0.9253906823 -0.4875036258 -0.3909836159 -0.3594580212 -0.9246901803 -0.3535123522 -0.2230591014 0.7719194257 -0.4144165307 -0.9551420693 -0.9503561784
-0.7856850642 -0.3828848175 -0.3810913959 -0.9137118738 -0.4753533835 -0.3771688709 -0.3451877334 -0.9129741829 -0.3406186011 -0.2079373959 0.7611243424 -0.4017425632 -0.9462557335 -0.9409913195
-0.7732316827 -0.3693083384 -0.3668746401 -0.9011243429 -0.4626043892 -0.3628716743 -0.3304702424 -0.9003512702 -0.3272388576 -0.1924862105 0.7494980882 -0.3885350211 -0.9365199120 -0.9307696390
