-0.9185593577 -0.5210081050 -0.4808359535 -0.6237287628 -0.8228663511 -0.5157049009 -0.6486750623 -0.6353989433 -0.4111914678 -0.3646700797 1.0000000000 -0.5845069367 -0.5749357476 -0.5607347154
-0.9154071460 -0.5033640583 -0.4629049847 -0.6261725829 -0.8089121640 -0.4986405048 -0.6323461091 -0.6377323149 -0.4009078413 -0.3497001244 0.9997999406 -0.5672162979 -0.5779181272 -0.5639462968
-0.9122237768 -0.4853739110 -0.4446542405 -0.6287294559 -0.7943651753 -0.4812303971 -0.6155825688 -0.6401753950 -0.3901624816 -0.3344183969 0.9990969423 -0.5495365113 -0.5810254964 -0.5672844110
-0.9090109899 -0.4670362672 -0.4260829676 -0.6314022016 -0.7792187116 -0.4634721465 -0.5983804306 -0.6427309794 -0.3789492928 -0.3188219112 0.9978846048 -0.5314654563 -0.5842607302 -0.5707519063
-0.9057705252 -0.4483497306 -0.4071904125 -0.6341936399 -0.7634660996 -0.4453633220 -0.5807356838 -0.6454018640 -0.3672621794 -0.3029076810 0.9961565279 -0.5130010121 -0.5876267035 -0.5743516310
-0.9025041225 -0.4293129054 -0.3879758217 -0.6371065904 -0.7471006660 -0.4269014925 -0.5626443177 -0.6481908445 -0.3550950459 -0.2866727203 0.9939063112 -0.4941410581 -0.5911262912 -0.5780864337
-0.8992135216 -0.4099243953 -0.3684384419 -0.6401438730 -0.7301157373 -0.4080842266 -0.5441023217 -0.6511007169 -0.3424417967 -0.2701140429 0.9911275544 -0.4748834734 -0.5947623682 -0.5819591626
-0.8959004625 -0.3901828043 -0.3485775195 -0.6433083076 -0.7125046402 -0.3889090933 -0.5251056850 -0.6541342769 -0.3292963360 -0.2532286628 0.9878138574 -0.4552261373 -0.5985378094 -0.5859726661
-0.8925666848 -0.3700867363 -0.3283923013 -0.6466027139 -0.6942607013 -0.3693736615 -0.5056503970 -0.6572943204 -0.3156525685 -0.2360135938 0.9839588197 -0.4351669291 -0.6024554899 -0.5901297926
-0.8892139285 -0.3496347952 -0.3078820336 -0.6500299117 -0.6753772473 -0.3494755000 -0.4857324468 -0.6605836432 -0.3015043983 -0.2184658497 0.9795560412 -0.4147037281 -0.6065182845 -0.5944333905
-0.8858439334 -0.3288255849 -0.2870459632 -0.6535927208 -0.6558476047 -0.3292121775 -0.4653478240 -0.6640050411 -0.2868457301 -0.2005824446 0.9745991216 -0.3938344136 -0.6107290682 -0.5988863081
-0.8824584394 -0.3076577094 -0.2658833365 -0.6572939611 -0.6356651003 -0.3085812631 -0.4444925176 -0.6675613100 -0.2716704681 -0.1823603922 0.9690816605 -0.3725568647 -0.6150907158 -0.6034913939
-0.8790591862 -0.2861297725 -0.2443934002 -0.6611364523 -0.6148230607 -0.2875803255 -0.4231625171 -0.6712552456 -0.2559725167 -0.1637967064 0.9629972577 -0.3508689607 -0.6196061024 -0.6082514962
-0.8756479137 -0.2642403782 -0.2225754008 -0.6651230143 -0.5933148125 -0.2662069335 -0.4013538117 -0.6750896438 -0.2397457804 -0.1448884011 0.9563395129 -0.3287685810 -0.6242781028 -0.6131694634
-0.8722263618 -0.2419881304 -0.2004285848 -0.6692564668 -0.5711336823 -0.2444586560 -0.3790623908 -0.6790673005 -0.2229841636 -0.1256324902 0.9491020258 -0.3062536048 -0.6291095920 -0.6182481439
