0.2368367537 0.1371139565 0.0255765990 0.2583162203 0.2053122349 0.0857984219 -0.1325243878 0.2606607839 -0.1561347068 -0.5954328693 0.2483433833 0.1158216307 0.3038361157 0.3018313445
0.2516118496 0.1491147293 0.0397303722 0.2733760794 0.2132996207 0.0979387970 -0.1228205119 0.2756911571 -0.1552132375 -0.5918285855 0.2428249367 0.1286575429 0.3184593459 0.3164519913
0.2663270578 0.1610753556 0.0538732268 0.2883693264 0.2212066065 0.1100495119 -0.1131236663 0.2906543858 -0.1543610081 -0.5881947271 0.2373244769 0.1414606196 0.3330050375 0.3309956796
0.2809795531 0.1729948007 0.0680027510 0.3032928865 0.2290341359 0.1221293881 -0.1034342641 0.3055474157 -0.1535745654 -0.5845298057 0.2318407580 0.1542293273 0.3474704064 0.3454596306
0.2955665107 0.1848720298 0.0821165330 0.3181436848 0.2367831530 0.1341772467 -0.0937527183 0.3203671928 -0.1528504563 -0.5808323331 0.2263725340 0.1669621326 0.3618526682 0.3598410654
0.3100851054 0.1967060082 0.0962121610 0.3329186465 0.2444546016 0.1461919089 -0.0840794417 0.3351106631 -0.1521852275 -0.5771008210 0.2209185591 0.1796575019 0.3761490388 0.3741372049
0.3245325124 0.2084957010 0.1102872233 0.3476146969 0.2520494256 0.1581721961 -0.0744148475 0.3497747726 -0.1515754258 -0.5733337812 0.2154775872 0.1923139018 0.3903567338 0.3883452704
0.3389059066 0.2202400736 0.1243393082 0.3622287612 0.2595685688 0.1701169296 -0.0647593485 0.3643564671 -0.1510175981 -0.5695297253 0.2100483724 0.2049297988 0.4044729691 0.4024624829
0.3532024631 0.2319380911 0.1383660039 0.3767577646 0.2670129752 0.1820249306 -0.0551133577 0.3788526925 -0.1505082911 -0.5656871652 0.2046296688 0.2175036594 0.4184949605 0.4164860635
0.3674193568 0.2435887189 0.1523648987 0.3911986322 0.2743835886 0.1938950203 -0.0454772882 0.3932603950 -0.1500440516 -0.5618046125 0.1992202305 0.2300339503 0.4324199236 0.4304132333
0.3815537629 0.2551909221 0.1663335808 0.4055482893 0.2816813528 0.2057260200 -0.0358515529 0.4075765203 -0.1496214264 -0.5578805790 0.1938188114 0.2425191378 0.4462450742 0.4442412134
0.3956028562 0.2667436659 0.1802696384 0.4198036611 0.2889072118 0.2175167510 -0.0262365647 0.4217980144 -0.1492369622 -0.5539135764 0.1884241656 0.2549576886 0.4599676281 0.4579672248
0.4095638119 0.2782459157 0.1941706599 0.4339616729 0.2960621095 0.2292660346 -0.0166327367 0.4359218232 -0.1488872060 -0.5499021164 0.1830350472 0.2673480691 0.4735848010 0.4715884887
0.4234338049 0.2896966366 0.2080342334 0.4480192497 0.3031469897 0.2409726921 -0.0070404818 0.4499448928 -0.1485687045 -0.5458447109 0.1776502102 0.2796887459 0.4870938088 0.4851022262
0.4372100102 0.3010947939 0.2218579472 0.4619733168 0.3101627962 0.2526355446 0.0025397870 0.4638641690 -0.1482780044 -0.5417398714 0.1722684087 0.2919781855 0.5004918671 0.4985056582
