-0.6628762693 -0.7146138841 -0.6957450102 -0.5319238578 -0.9133805748 -0.7382175988 -0.8744036219 -0.5297086343 -0.6959175387 -0.9641683891 0.4560566437 -0.7353499924 -0.4998078553 -0.5064817916
-0.6509407790 -0.7036092616 -0.6845912905 -0.5182182586 -0.9055421655 -0.7279487543 -0.8659823869 -0.5159785028 -0.6948989813 -0.9607037073 0.4495218914 -0.7245967406 -0.4856554236 -0.4924204221
-0.6388745461 -0.6924563641 -0.6733023970 -0.5044470250 -0.8974026492 -0.7175348209 -0.8573263997 -0.5021840258 -0.6934677246 -0.9570897740 0.4427411118 -0.7136839154 -0.4714529233 -0.4783056861
-0.6266804528 -0.6811580847 -0.6618810346 -0.4906124503 -0.8889667913 -0.7069784116 -0.8484393315 -0.4883274810 -0.6916293370 -0.9533279723 0.4357184466 -0.7026145333 -0.4572025189 -0.4641397768
-0.6143613812 -0.6697173165 -0.6503299079 -0.4767168279 -0.8802393575 -0.6962821397 -0.8393248534 -0.4744111464 -0.6893893865 -0.9494196855 0.4284580372 -0.6913916109 -0.4429063750 -0.4499248870
-0.6019202135 -0.6581369527 -0.6386517220 -0.4627624511 -0.8712251132 -0.6854486182 -0.8299866367 -0.4604373000 -0.6867534414 -0.9453662967 0.4209640254 -0.6800181647 -0.4285666560 -0.4356632100
-0.5893598318 -0.6464198864 -0.6268491815 -0.4487516132 -0.8619288242 -0.6744804602 -0.8204283527 -0.4464082196 -0.6837270699 -0.9411691892 0.4132405527 -0.6684972113 -0.4141855264 -0.4213569386
-0.5766831182 -0.6345690107 -0.6149249912 -0.4346866076 -0.8523552558 -0.6633802788 -0.8106536726 -0.4323261832 -0.6803158402 -0.9368297460 0.4052917606 -0.6568317672 -0.3997651509 -0.4070082659
-0.5638929549 -0.6225872188 -0.6028818561 -0.4205697277 -0.8425091738 -0.6521506872 -0.8006662676 -0.4181934686 -0.6765253205 -0.9323493504 0.3971217908 -0.6450248489 -0.3853076940 -0.3926193850
-0.5509922241 -0.6104774038 -0.5907224809 -0.4064032667 -0.8323953436 -0.6407942983 -0.7904698090 -0.4040123539 -0.6723610791 -0.9277293855 0.3887347848 -0.6330794731 -0.3708153202 -0.3781924890
-0.5379838078 -0.5982424589 -0.5784495704 -0.3921895181 -0.8220185308 -0.6293137255 -0.7800679679 -0.3897851168 -0.6678286841 -0.9229712345 0.3801348843 -0.6209986561 -0.3562901939 -0.3637297708
-0.5248705882 -0.5858852772 -0.5660658295 -0.3779307751 -0.8113835009 -0.6177115817 -0.7694644157 -0.3755140354 -0.6629337038 -0.9180762807 0.3713262308 -0.6087854147 -0.3417344799 -0.3492334234
-0.5116554474 -0.5734087518 -0.5535739629 -0.3636293311 -0.8004950195 -0.6059904800 -0.7586628235 -0.3612013875 -0.6576817064 -0.9130459071 0.3623129659 -0.5964427652 -0.3271503425 -0.3347056400
-0.4983412676 -0.5608157759 -0.5409766755 -0.3492874795 -0.7893578522 -0.5941530336 -0.7476668627 -0.3468494511 -0.6520782601 -0.9078814970 0.3530992312 -0.5839737243 -0.3125399463 -0.3201486136
-0.4849309310 -0.5481092427 -0.5282766721 -0.3349075136 -0.7779767646 -0.5822018556 -0.7364802043 -0.3324605041 -0.6461289330 -0.9025844336 0.3436891683 -0.5713813084 -0.2979054559 -0.3055645371
