0.1260825053 0.7116682498 0.7079356018 -0.1391676246 0.3766696130 0.9884508485 0.7739095256 -0.1334302508 0.7648826720 0.2924694375 -0.7141760848 0.7766993953 -0.1521114689 -0.1193115901
0.1038167000 0.7084563697 0.7213013512 -0.1567074504 0.3539596114 0.9883455524 0.7856952291 -0.1511295722 0.7490846697 0.3118996422 -0.7270185423 0.7703480265 -0.1701230559 -0.1378223068
0.0808844556 0.7045628868 0.7344393360 -0.1747262138 0.3301933143 0.9875704097 0.7972258004 -0.1693088568 0.7322832180 0.3314591507 -0.7396483810 0.7632217930 -0.1885672688 -0.1567933465
0.0572785449 0.6999779882 0.7473442876 -0.1932292555 0.3053579805 0.9861155281 0.8084960841 -0.1879734328 0.7144656280 0.3511476078 -0.7520608877 0.7553100101 -0.2074487043 -0.1762296184
0.0329917408 0.6946918610 0.7600109374 -0.2122219164 0.2794408689 0.9839710153 0.8195009247 -0.2071286286 0.6956192109 0.3709646580 -0.7642513495 0.7466019936 -0.2267719591 -0.1961360315
0.0080168162 0.6886946923 0.7724340168 -0.2317095371 0.2524292384 0.9811269792 0.8302351668 -0.2267797727 0.6757312776 0.3909099461 -0.7762150533 0.7370870590 -0.2465416299 -0.2165174950
-0.0176534559 0.6819766693 0.7846082571 -0.2516974584 0.2243103478 0.9775735276 0.8406936551 -0.2469321934 0.6547891393 0.4109831168 -0.7879472860 0.7267545218 -0.2667623134 -0.2373789181
-0.0440263026 0.6745279791 0.7965283896 -0.2721910209 0.1950714562 0.9733007681 0.8508712340 -0.2675912191 0.6327801072 0.4311838147 -0.7994433345 0.7155936977 -0.2874386064 -0.2587252098
-0.0711089512 0.6663388088 0.8081891458 -0.2931955656 0.1646998223 0.9682988087 0.8607627483 -0.2887621782 0.6096914923 0.4515116845 -0.8106984859 0.7035939021 -0.3085751055 -0.2805612793
-0.0989086286 0.6573993455 0.8195852570 -0.3147164330 0.1331827051 0.9625577571 0.8703630424 -0.3104503989 0.5855106057 0.4719663709 -0.8217080270 0.6907444508 -0.3301764076 -0.3028920357
-0.1274325619 0.6476997763 0.8307114547 -0.3367589639 0.1005073634 0.9560677211 0.8796669611 -0.3326612098 0.5602247586 0.4925475187 -0.8324672448 0.6770346592 -0.3522471092 -0.3257223882
-0.1566879783 0.6372302885 0.8415624700 -0.3593284990 0.0666610561 0.9488188084 0.8886693488 -0.3553999392 0.5338212620 0.5132547723 -0.8429714263 0.6624538429 -0.3747918072 -0.3490572458
-0.1866821049 0.6259810689 0.8521330346 -0.3824303792 0.0316310422 0.9408011270 0.8973650501 -0.3786719155 0.5062874271 0.5340877767 -0.8532158584 0.6469913176 -0.3978150983 -0.3729015178
-0.2174221687 0.6139423049 0.8624178796 -0.4060699451 -0.0045954195 0.9320047845 0.9057489097 -0.4024824670 0.4776105649 0.5550461764 -0.8631958280 0.6306363987 -0.4213215792 -0.3972601132
-0.2489153969 0.6011041835 0.8724117366 -0.4302525374 -0.0420310702 0.9224198887 0.9138157721 -0.4268369221 0.4477779866 0.5761296160 -0.8729066221 0.6133784019 -0.4453158465 -0.4221379411
