-0.7199788927 -0.9330986770 -0.9173840238 -0.7493297434 -0.8017932340 -0.9503826098 -0.9886330283 -0.7519471558 0.1572917647 -0.7801607417 0.8840182618 -0.9273214440 -0.7050589009 -0.7026119211
-0.7262875500 -0.9349674356 -0.9198558563 -0.7555780581 -0.7982260856 -0.9520023193 -0.9893418958 -0.7581627490 0.1645608938 -0.7791902895 0.8831118611 -0.9294963140 -0.7118674330 -0.7094881644
-0.7325211386 -0.9368129738 -0.9222914750 -0.7617427593 -0.7946326809 -0.9535975547 -0.9900290197 -0.7642947133 0.1718018783 -0.7782221143 0.8821988672 -0.9316401144 -0.7185917568 -0.7162791005
-0.7386797680 -0.9386351460 -0.9246908173 -0.7678240276 -0.7910131725 -0.9551681907 -0.9906942896 -0.7703432305 0.1790146733 -0.7772560095 0.8812791315 -0.9337527520 -0.7252320374 -0.7229849009
-0.7447635481 -0.9404338069 -0.9270538208 -0.7738220436 -0.7873677128 -0.9567141017 -0.9913375948 -0.7763084824 0.1861992341 -0.7762917689 0.8803525056 -0.9358341339 -0.7317884397 -0.7296057368
-0.7507725885 -0.9422088111 -0.9293804230 -0.7797369877 -0.7836964542 -0.9582351624 -0.9919588246 -0.7821906509 0.1933555157 -0.7753291860 0.8794188413 -0.9378841670 -0.7382611289 -0.7361417798
-0.7567069992 -0.9439600132 -0.9316705615 -0.7855690405 -0.7799995494 -0.9597312472 -0.9925578686 -0.7879899180 0.2004834734 -0.7743680546 0.8784779899 -0.9399027583 -0.7446502699 -0.7425932012
-0.7625668897 -0.9456872679 -0.9339241737 -0.7913183826 -0.7762771507 -0.9612022309 -0.9931346160 -0.7937064654 0.2075830622 -0.7734081682 0.8775298032 -0.9418898146 -0.7509560277 -0.7489601724
-0.7683523698 -0.9473904296 -0.9361411973 -0.7969851945 -0.7725294107 -0.9626479879 -0.9936889562 -0.7993404750 0.2146542374 -0.7724493205 0.8765741327 -0.9438452430 -0.7571785675 -0.7552428648
-0.7740635493 -0.9490693532 -0.9383215698 -0.8025696567 -0.7687564819 -0.9640683929 -0.9942207787 -0.8048921287 0.2216969541 -0.7714913051 0.8756108300 -0.9457689505 -0.7633180542 -0.7614414499
-0.7797005380 -0.9507238930 -0.9404652287 -0.8080719498 -0.7649585166 -0.9654633204 -0.9947299728 -0.8103616083 0.2287111674 -0.7705339157 0.8746397467 -0.9476608439 -0.7693746528 -0.7675560990
-0.7852634454 -0.9523539039 -0.9425721116 -0.8134922543 -0.7611356675 -0.9668326450 -0.9952164279 -0.8157490958 0.2356968326 -0.7695769458 0.8736607344 -0.9495208302 -0.7753485285 -0.7735869836
-0.7907523815 -0.9539592403 -0.9446421560 -0.8188307507 -0.7572880870 -0.9681762412 -0.9956800334 -0.8210547730 0.2426539047 -0.7686201892 0.8726736446 -0.9513488164 -0.7812398461 -0.7795342750
-0.7961674559 -0.9555397569 -0.9466752994 -0.8240876197 -0.7534159276 -0.9694939837 -0.9961206787 -0.8262788217 0.2495823390 -0.7676634395 0.8716783289 -0.9531447094 -0.7870487708 -0.7853981446
-0.8015087785 -0.9570953082 -0.9486714795 -0.8292630417 -0.7495193417 -0.9707857470 -0.9965382532 -0.8314214238 0.2564820906 -0.7667064902 0.8706746390 -0.9549084162 -0.7927754676 -0.7911787639
