-0.9070041746 -0.9120316571 -0.8936170497 -0.8537996253 -0.9647405896 -0.9153896494 -0.9585123914 -0.8521153828 -0.9993919906 -0.9846071841 0.9584137544 -0.9102853781 -0.8483004741 -0.8467476123
-0.9022508513 -0.9072270457 -0.8882602377 -0.8476511213 -0.9618625675 -0.9106844202 -0.9557191806 -0.8459231991 -0.9990267456 -0.9834681307 0.9557784599 -0.9054512078 -0.8420479684 -0.8404543255
-0.8973971980 -0.9023093061 -0.8827883002 -0.8414005369 -0.9588803678 -0.9058660612 -0.9528411227 -0.8396287475 -0.9985769312 -0.9822879168 0.9530674224 -0.9005053397 -0.8356948056 -0.8340601421
-0.8924445656 -0.8972795865 -0.8772024384 -0.8350494053 -0.9557949752 -0.9009357049 -0.9498787976 -0.8332335645 -0.9980429113 -0.9810664905 0.9502811074 -0.8954489504 -0.8292425573 -0.8275666358
-0.8873943051 -0.8921390352 -0.8715038535 -0.8285992596 -0.9526073743 -0.8958944839 -0.9468327853 -0.8267391869 -0.9974250496 -0.9798038000 0.9474199803 -0.8902832162 -0.8226927950 -0.8209753803
-0.8822477671 -0.8868888005 -0.8656937468 -0.8220516331 -0.9493185495 -0.8907435310 -0.9437036658 -0.8201471512 -0.9967237101 -0.9784997936 0.9444845064 -0.8850093137 -0.8160470903 -0.8142879494
-0.8770063025 -0.8815300307 -0.8597733193 -0.8154080589 -0.9459294855 -0.8854839788 -0.9404920189 -0.8134589940 -0.9959392565 -0.9771544192 0.9414751512 -0.8796284193 -0.8093070148 -0.8075059166
-0.8716712621 -0.8760638741 -0.8537437724 -0.8086700704 -0.9424411668 -0.8801169600 -0.9371984248 -0.8066762521 -0.9950720528 -0.9757676252 0.9383923802 -0.8741417096 -0.8024741400 -0.8006308558
-0.8662439968 -0.8704914790 -0.8476063072 -0.8018392007 -0.9388545780 -0.8746436073 -0.9338234634 -0.7998004621 -0.9941224627 -0.9743393596 0.9352366588 -0.8685503609 -0.7955500375 -0.7936643405
-0.8607258574 -0.8648139937 -0.8413621249 -0.7949169830 -0.9351707037 -0.8690650532 -0.9303677146 -0.7928331606 -0.9930908501 -0.9728695706 0.9320084523 -0.8628555499 -0.7885362790 -0.7866079446
-0.8551181947 -0.8590325664 -0.8350124268 -0.7879049506 -0.9313905284 -0.8633824306 -0.9268317585 -0.7857758841 -0.9919775789 -0.9713582064 0.9287082263 -0.8570584529 -0.7814344360 -0.7794632417
-0.8494223596 -0.8531483456 -0.8285584140 -0.7808046365 -0.9275150366 -0.8575968720 -0.9232161750 -0.7786301695 -0.9907830128 -0.9698052151 0.9253364461 -0.8511602465 -0.7742460800 -0.7722318055
-0.8436397029 -0.8471624794 -0.8220012877 -0.7736175742 -0.9235452130 -0.8517095100 -0.9195215441 -0.7713975533 -0.9895075157 -0.9682105449 0.9218935772 -0.8451621071 -0.7669727826 -0.7649152097
-0.8377715753 -0.8410761161 -0.8153422492 -0.7663452967 -0.9194820422 -0.8457214775 -0.9157484457 -0.7640795721 -0.9881514515 -0.9665741439 0.9183800850 -0.8390652112 -0.7596161155 -0.7575150280
-0.8318193278 -0.8348904041 -0.8085824997 -0.7589893373 -0.9153265086 -0.8396339070 -0.9118974598 -0.7566777626 -0.9867151840 -0.9648959603 0.9147964349 -0.8328707353 -0.7521776502 -0.7500328341
