0.8806753876 0.2589005412 0.0478479171 0.4491579325 0.7342249110 0.2165262395 0.0345509913 0.4483498892 0.4349754180 -0.1896046774 0.1061387147 0.2542130841 0.5154755510 0.5335953028
0.8869985365 0.2683866604 0.0580027708 0.4582661147 0.7416873203 0.2261589235 0.0446849852 0.4574596009 0.4427587550 -0.1793658515 0.0960870107 0.2637354034 0.5244358810 0.5424773303
0.8931700495 0.2778796234 0.0682063672 0.4673397675 0.7490667715 0.2358066650 0.0548713838 0.4665349601 0.4505335263 -0.1690185601 0.0859451631 0.2732651525 0.5333475250 0.5513074039
0.8991881297 0.2873790585 0.0784587029 0.4763781029 0.7563621947 0.2454691616 0.0651102303 0.4755751805 0.4582994351 -0.1585622143 0.0757127377 0.2828019600 0.5422095555 0.5600845724
0.9050509799 0.2968845942 0.0887597747 0.4853803328 0.7635725201 0.2551461112 0.0754015676 0.4845794758 0.4660561846 -0.1479962256 0.0653893005 0.2923454544 0.5510210452 0.5688078849
0.9107568028 0.3063958586 0.0991095794 0.4943456692 0.7706966778 0.2648372115 0.0857454389 0.4935470599 0.4738034782 -0.1373200051 0.0549744176 0.3018952645 0.5597810666 0.5774763905
0.9163038014 0.3159124802 0.1095081136 0.5032733240 0.7777335978 0.2745421603 0.0961418872 0.5024771464 0.4815410189 -0.1265329642 0.0444676550 0.3114510189 0.5684886922 0.5860891380
0.9216901785 0.3254340874 0.1199553742 0.5121625092 0.7846822103 0.2842606554 0.1065909554 0.5113689490 0.4892685100 -0.1156345141 0.0338685785 0.3210123461 0.5771429947 0.5946451764
0.9269141370 0.3349603084 0.1304513579 0.5210124366 0.7915414455 0.2939923945 0.1170926868 0.5202216816 0.4969856549 -0.1046240662 0.0231767542 0.3305788749 0.5857430466 0.6031435548
0.9319738797 0.3444907717 0.1409960614 0.5298223182 0.7983102333 0.3037370755 0.1276471243 0.5290345578 0.5046921566 -0.0935010316 0.0123917482 0.3401502338 0.5942879205 0.6115833221
0.9368676095 0.3540251055 0.1515894815 0.5385913660 0.8049875040 0.3134943960 0.1382543109 0.5378067913 0.5123877185 -0.0822648218 0.0015131263 0.3497260516 0.6027766889 0.6199635274
0.9415935292 0.3635629383 0.1622316149 0.5473187919 0.8115721877 0.3232640538 0.1489142898 0.5465375960 0.5200720438 -0.0709148480 -0.0094595455 0.3593059568 0.6112084245 0.6282832195
0.9461498417 0.3731038984 0.1729224584 0.5560038077 0.8180632145 0.3330457468 0.1596271040 0.5552261855 0.5277448356 -0.0594505215 -0.0205267011 0.3688895780 0.6195821998 0.6365414475
0.9505347498 0.3826476141 0.1836620087 0.5646456256 0.8244595145 0.3428391726 0.1703927965 0.5638717736 0.5354057973 -0.0478712535 -0.0316887745 0.3784765439 0.6278970874 0.6447372604
0.9547464564 0.3921937138 0.1944502626 0.5732434572 0.8307600178 0.3526440291 0.1812114103 0.5724735740 0.5430546321 -0.0361764554 -0.0429461999 0.3880664832 0.6361521598 0.6528697071
