-0.9879686278 -0.8762595676 -0.9843241505 -0.8726064208 -0.3067987484 -0.8650912810 -0.6480229043 -0.8723908985 -0.0676662715 -0.5471771541 0.4819342989 -0.8819574995 -0.8271898936 -0.8260025520
-0.9895288918 -0.8730132839 -0.9832004995 -0.8787543545 -0.2922756012 -0.8616716130 -0.6410364989 -0.8785566566 -0.0492081036 -0.5385996059 0.4714669675 -0.8789094848 -0.8350014699 -0.8339485882
-0.9909788344 -0.8697534172 -0.9820368507 -0.8847412473 -0.2778602450 -0.8582426428 -0.6341161634 -0.8845606657 -0.0309424991 -0.5301257647 0.4610934722 -0.8758500709 -0.8426192003 -0.8416951004
-0.9923189196 -0.8664797781 -0.9808330953 -0.8905677818 -0.2635522791 -0.8548041506 -0.6272611969 -0.8904036152 -0.0128686678 -0.5217546702 0.4508131557 -0.8727790234 -0.8500440144 -0.8492430720
-0.9935496115 -0.8631921772 -0.9795891246 -0.8962346406 -0.2493513028 -0.8513559166 -0.6204708986 -0.8960861943 0.0050141804 -0.5134853621 0.4406253606 -0.8696961085 -0.8572768414 -0.8565934863
-0.9946713742 -0.8598904251 -0.9783048298 -0.9017425063 -0.2352569155 -0.8478977213 -0.6137445677 -0.9016090922 0.0227068357 -0.5053168800 0.4305294295 -0.8666010920 -0.8643186107 -0.8637473269
-0.9956846719 -0.8565743322 -0.9769801020 -0.9070920617 -0.2212687166 -0.8444293447 -0.6070815036 -0.9069729984 0.0402100884 -0.4972482637 0.4205247052 -0.8634937398 -0.8711702518 -0.8707055772
-0.9965899686 -0.8532437093 -0.9756148325 -0.9122839893 -0.2073863055 -0.8409505673 -0.6004810053 -0.9121786021 0.0575247286 -0.4892785526 0.4106105303 -0.8603738179 -0.8778326940 -0.8774692204
-0.9973877284 -0.8498983668 -0.9742089125 -0.9173189718 -0.1936092814 -0.8374611693 -0.5939423721 -0.9172265926 0.0746515465 -0.4814067866 0.4007862474 -0.8572410922 -0.8843068667 -0.8840392401
-0.9980784155 -0.8465381154 -0.9727622332 -0.9221976917 -0.1799372438 -0.8339609310 -0.5874649032 -0.9221176592 0.0915913323 -0.4736320052 0.3910511992 -0.8540953286 -0.8905936993 -0.8904166197
-0.9986624939 -0.8431627655 -0.9712746858 -0.9269208318 -0.1663697921 -0.8304496326 -0.5810478978 -0.9268524912 0.1083448761 -0.4659532481 0.3814047285 -0.8509362929 -0.8966941211 -0.8966023425
-0.9991404278 -0.8397721279 -0.9697461616 -0.9314890746 -0.1529065256 -0.8269270544 -0.5746906552 -0.9314317778 0.1249129683 -0.4583695550 0.3718461777 -0.8477637513 -0.9026090615 -0.9025973920
-0.9995126813 -0.8363660130 -0.9681765517 -0.9359031028 -0.1395470436 -0.8233929768 -0.5683924746 -0.9358562085 0.1412963988 -0.4508799655 0.3623748897 -0.8445774695 -0.9083394499 -0.9084027516
-0.9997797184 -0.8329442314 -0.9665657473 -0.9401635990 -0.1262909456 -0.8198471799 -0.5621526551 -0.9401264725 0.1574959581 -0.4434835193 0.3529902070 -0.8413772135 -0.9138862158 -0.9140194047
-0.9999420033 -0.8295065937 -0.9649136397 -0.9442712458 -0.1131378308 -0.8162894442 -0.5559704961 -0.9442432590 0.1735124362 -0.4361792560 0.3436914723 -0.8381627492 -0.9192502884 -0.9194483347
