-0.5033426879 -0.4887829442 -0.4820138603 -0.1018398016 -0.4739507003 -0.4810974071 -0.4731740206 -0.1053081545 -0.4626894062 -0.6238223175 0.4497277692 -0.4896029639 0.0843847973 0.0918261330
-0.4732035975 -0.4579129736 -0.4507865612 -0.0806203636 -0.4422783908 -0.4498244457 -0.4415003325 -0.0840774960 -0.4304359362 -0.6013602505 0.4168092237 -0.4587788085 0.1017814038 0.1088491956
-0.4434265311 -0.4274330684 -0.4199605225 -0.0596355747 -0.4110186641 -0.4189545472 -0.4102446683 -0.0630809461 -0.3986151262 -0.5792142972 0.3843468819 -0.4283436297 0.1189920028 0.1256935007
-0.4140098297 -0.3973412291 -0.3895336481 -0.0388846284 -0.3801693811 -0.3884855931 -0.3794047371 -0.0423177032 -0.3672246391 -0.5573825269 0.3523381707 -0.3982954310 0.1360171357 0.1423595426
-0.3849518343 -0.3676354563 -0.3595038419 -0.0183667180 -0.3497284024 -0.3584154649 -0.3489782481 -0.0217869659 -0.3362621376 -0.5358630086 0.3207805173 -0.3686322160 0.1528573441 0.1588478156
-0.3562508862 -0.3383137504 -0.3298690076 0.0019189630 -0.3196935888 -0.3287420440 -0.3189629104 -0.0014879325 -0.3057252845 -0.5146538113 0.2896713487 -0.3393519885 0.1695131694 0.1751588141
-0.3279053262 -0.3093741120 -0.3006270491 0.0219732213 -0.2900628009 -0.2994632118 -0.2893564331 0.0185801986 -0.2756117424 -0.4937530042 0.2590080919 -0.3104527520 0.1859851532 0.1912930325
-0.2999134955 -0.2808145415 -0.2717758702 0.0417968635 -0.2608338996 -0.2705768499 -0.2601565253 0.0384182288 -0.2459191741 -0.4731586564 0.2287881740 -0.2819325102 0.2022738369 0.2072509651
-0.2722737352 -0.2526330396 -0.2433133748 0.0613906961 -0.2320047454 -0.2420808395 -0.2313608963 0.0580269599 -0.2166452425 -0.4528688369 0.1990090220 -0.2537892668 0.2183797620 0.2230331062
-0.2449843862 -0.2248276067 -0.2152374666 0.0807555258 -0.2035731992 -0.2139730623 -0.2029672550 0.0774071933 -0.1877876101 -0.4328816149 0.1696680629 -0.2260210252 0.2343034701 0.2386399502
-0.2180437897 -0.1973962434 -0.1875460496 0.0998921593 -0.1755371217 -0.1862513996 -0.1749733107 0.0965597306 -0.1593439399 -0.4131950594 0.1407627239 -0.1986257893 0.2500455027 0.2540719914
-0.1914502867 -0.1703369501 -0.1602370275 0.1188014030 -0.1478943735 -0.1589137328 -0.1473767726 0.1154853734 -0.1313118944 -0.3938072395 0.1122904319 -0.1716015626 0.2656064011 0.2693297243
-0.1652022183 -0.1436477274 -0.1333083042 0.1374840636 -0.1206428155 -0.1319579435 -0.1201753496 0.1341849232 -0.1036891365 -0.3747162243 0.0842486140 -0.1449463487 0.2809867070 0.2844136431
-0.1392979255 -0.1173265758 -0.1067577835 0.1559409478 -0.0937803082 -0.1053819131 -0.0933667510 0.1526591817 -0.0764733290 -0.3559200829 0.0566346972 -0.1186581514 0.2961869619 0.2993242422
-0.1137357494 -0.0913714958 -0.0805833692 0.1741728621 -0.0673047126 -0.0791835230 -0.0669486858 0.1709089504 -0.0496621345 -0.3374168844 0.0294461087 -0.0927349742 0.3112077071 0.3140620160
