-0.6970827931 -0.6895597820 -0.6905556145 -0.6014047221 -0.6894092011 -0.6819776669 -0.6591702692 -0.6003751971 -0.6625873528 -0.6441999925 0.5958336014 -0.6662872075 -0.5678265852 -0.5809758990
-0.6860968514 -0.6786493914 -0.6795905275 -0.5894228786 -0.6783537076 -0.6710049150 -0.6480916739 -0.5883887481 -0.6513687025 -0.6332156301 0.5840306439 -0.6551113267 -0.5554668930 -0.5687270714
-0.6748922860 -0.6675241583 -0.6684098237 -0.5772554982 -0.6670824715 -0.6598200837 -0.6368093881 -0.5762171222 -0.6399444403 -0.6220331442 0.5720446203 -0.6437285873 -0.5429326398 -0.5562992883
-0.6634679381 -0.6561827967 -0.6570122868 -0.5649022324 -0.6555943804 -0.6484219298 -0.6253222181 -0.5638599739 -0.6283135384 -0.6106512158 0.5598749838 -0.6321379247 -0.5302238127 -0.5436924441
-0.6518226488 -0.6446240205 -0.6453967002 -0.5523627326 -0.6438883220 -0.6368092106 -0.6136289701 -0.5513169572 -0.6164749688 -0.5990685257 0.5475211874 -0.6203382745 -0.5173403986 -0.5309064334
-0.6399552590 -0.6328465435 -0.6335618476 -0.5396366503 -0.6319631838 -0.6249806830 -0.6017284504 -0.5385877264 -0.6044277039 -0.5872837548 0.5349826843 -0.6083285723 -0.5042823844 -0.5179411506
-0.6278646099 -0.6208490797 -0.6215065126 -0.5267236371 -0.6198178535 -0.6129351041 -0.5896194654 -0.5256719358 -0.5921707157 -0.5752955840 0.5222589276 -0.5961077537 -0.4910497571 -0.5047964902
-0.6155495425 -0.6086303431 -0.6092294786 -0.5136233443 -0.6074512186 -0.6006712311 -0.5773008214 -0.5125692397 -0.5797029765 -0.5631026941 0.5093493705 -0.5836747541 -0.4776425035 -0.4914723465
-0.6030088978 -0.5961890475 -0.5967295294 -0.5003354235 -0.5948621669 -0.5881878209 -0.5647713245 -0.4992792922 -0.5670234584 -0.5507037662 0.4962534659 -0.5710285091 -0.4640606107 -0.4779686142
-0.5902415169 -0.5835239069 -0.5840054484 -0.4868595261 -0.5820495859 -0.5754836306 -0.5520297813 -0.4858017476 -0.5541311336 -0.5380974810 0.4829706672 -0.5581679544 -0.4503040656 -0.4642851875
-0.5772462409 -0.5706336351 -0.5710560193 -0.4731953037 -0.5690123633 -0.5625574173 -0.5390749978 -0.4721362602 -0.5410249743 -0.5252825194 0.4695004273 -0.5450920253 -0.4363728551 -0.4504219610
-0.5640219108 -0.5575169462 -0.5578800256 -0.4593424076 -0.5557493867 -0.5494079381 -0.5259057805 -0.4582824841 -0.5277039526 -0.5122575623 0.4558421994 -0.5317996576 -0.4222669661 -0.4363788291
-0.5505673677 -0.5441725539 -0.5444762508 -0.4453004895 -0.5422595436 -0.5360339500 -0.5125209356 -0.4442400737 -0.5141670407 -0.4990212907 0.4419954366 -0.5182897867 -0.4079863857 -0.4221556863
-0.5368814526 -0.5305991723 -0.5308434787 -0.4310692007 -0.5285417218 -0.5224342101 -0.4989192695 -0.4300086832 -0.5004132109 -0.4855723854 0.4279595920 -0.5045613481 -0.3935311007 -0.4077524270
-0.5229630066 -0.5167955152 -0.5169804927 -0.4166481927 -0.5145948088 -0.5086074755 -0.4850995883 -0.4155879668 -0.4864414352 -0.4719095273 0.4137341188 -0.4906132776 -0.3789010980 -0.3931689457
