-0.1404554421 -0.4546366724 -0.4486929076 0.0154982641 0.5896440546 -0.4822110664 -0.5261979664 0.0141045137 0.2600255639 -0.5541958426 0.2709943626 -0.4382306416 0.0532389948 0.0628748774
-0.1437630041 -0.4560499921 -0.4512923810 0.0086847976 0.6028587886 -0.4832378107 -0.5245034176 0.0073004348 0.2722720187 -0.5509338729 0.2669242844 -0.4396589214 0.0459284415 0.0554102385
-0.1471954271 -0.4575769532 -0.4539816485 0.0017926051 0.6158272133 -0.4843816355 -0.5229216919 0.0004176575 0.2844271681 -0.5477417766 0.2630018820 -0.4412032473 0.0385433030 0.0478726168
-0.1507508324 -0.4592158552 -0.4567591759 -0.0051767029 0.6285507805 -0.4856408259 -0.5214513124 -0.0065422086 0.2964907289 -0.5446186442 0.2592255541 -0.4428618965 0.0310851730 0.0402635979
-0.1544273409 -0.4609649981 -0.4596234289 -0.0122215160 0.6410309423 -0.4870136667 -0.5200908022 -0.0135775535 0.3084624184 -0.5415635661 0.2555936990 -0.4446331464 0.0235556451 0.0325847677
-0.1582230738 -0.4628226814 -0.4625728734 -0.0193402240 0.6532691508 -0.4884984427 -0.5188386844 -0.0206867677 0.3203419535 -0.5385756327 0.2521047153 -0.4465152744 0.0159563132 0.0248377118
-0.1621361522 -0.4647872048 -0.4656059752 -0.0265312162 0.6652668579 -0.4900934390 -0.5176934822 -0.0278682414 0.3321290513 -0.5356539346 0.2487570015 -0.4485065579 0.0082887708 0.0170240159
-0.1661646973 -0.4668568682 -0.4687212001 -0.0337928825 0.6770255156 -0.4917969403 -0.5166537187 -0.0351203647 0.3438234289 -0.5327975623 0.2455489561 -0.4506052741 0.0005546118 0.0091452657
-0.1703068301 -0.4690299711 -0.4719170138 -0.0411236124 0.6885465760 -0.4936072315 -0.5157179170 -0.0424415279 0.3554248033 -0.5300056061 0.2424789777 -0.4528097004 -0.0072445701 0.0012030470
-0.1745606718 -0.4713048134 -0.4751918823 -0.0485217955 0.6998314911 -0.4955225976 -0.5148846003 -0.0498301213 0.3669328916 -0.5272771566 0.2395454648 -0.4551181141 -0.0151071813 -0.0068010547
-0.1789243434 -0.4736796947 -0.4785442712 -0.0559858214 0.7108817128 -0.4975413235 -0.5141522916 -0.0572845351 0.3783474108 -0.5246113042 0.2367468157 -0.4575287927 -0.0230316280 -0.0148654535
-0.1833959661 -0.4761529147 -0.4819726464 -0.0635140798 0.7216986933 -0.4996616939 -0.5135195142 -0.0648031596 0.3896680780 -0.5220071395 0.2340814292 -0.4600400135 -0.0310163164 -0.0229885638
-0.1879736610 -0.4787227732 -0.4854754736 -0.0711049602 0.7322838846 -0.5018819939 -0.5129847911 -0.0723843849 0.4008946103 -0.5194637528 0.2315477037 -0.4626500537 -0.0390596530 -0.0311687999
-0.1926555492 -0.4813875699 -0.4890512188 -0.0787568524 0.7426387386 -0.5042005082 -0.5125466455 -0.0800266014 0.4120267247 -0.5169802347 0.2291440376 -0.4653571908 -0.0471600439 -0.0394045760
-0.1974397518 -0.4841456044 -0.4926983477 -0.0864681458 0.7527647074 -0.5066155218 -0.5122036005 -0.0877281993 0.4230641382 -0.5145556756 0.2268688296 -0.4681597021 -0.0553158955 -0.0476943065
