0.3916451856 0.7729353832 0.9519324033 0.6941219828 0.0716503999 0.8100452670 0.9722134663 0.6987386856 -0.1512114458 0.3025414838 -0.9725879268 0.7669238512 0.6489471879 0.6447130560
0.3652253225 0.7577363020 0.9456461545 0.6760416606 0.0495287444 0.7963277962 0.9675532001 0.6808306681 -0.1699381679 0.3196093497 -0.9677392755 0.7514183539 0.6292230904 0.6248712534
0.3381616585 0.7419950897 0.9389516248 0.6573842830 0.0270024585 0.7820867298 0.9625152016 0.6623481938 -0.1889235947 0.3368053963 -0.9624776153 0.7353626606 0.6088969787 0.6044270929
0.3104493006 0.7257072442 0.9318451208 0.6381451913 0.0040686916 0.7673176519 0.9570960056 0.6432866207 -0.2081693568 0.3541299403 -0.9567989819 0.7187521918 0.5879640325 0.5833757626
0.2820833559 0.7088682639 0.9243229493 0.6183197267 -0.0192754070 0.7520161467 0.9512921468 0.6236413066 -0.2276770849 0.3715832986 -0.9506994113 0.7015823680 0.5664194317 0.5617124503
0.2530589315 0.6914736467 0.9163814166 0.5979032306 -0.0430326880 0.7361777983 0.9451001599 0.6034076095 -0.2474484094 0.3891657878 -0.9441749392 0.6838486097 0.5442583558 0.5394323442
0.2233711345 0.6735188908 0.9080168296 0.5768910441 -0.0672060020 0.7197981909 0.9385165795 0.5825808872 -0.2674849611 0.4068777246 -0.9372216015 0.6655463373 0.5214759847 0.5165306322
0.1930150719 0.6549994943 0.8992254947 0.5552785087 -0.0917981997 0.7028729087 0.9315379405 0.5611564976 -0.2877883706 0.4247194259 -0.9298354339 0.6466709715 0.4980674980 0.4930025023
0.1619858507 0.6359109553 0.8900037186 0.5330609656 -0.1168121317 0.6853975358 0.9241607774 0.5391297986 -0.3083602685 0.4426912083 -0.9220124725 0.6272179327 0.4740280755 0.4688431426
0.1302785782 0.6162487720 0.8803478078 0.5102337560 -0.1422506486 0.6673676564 0.9163816250 0.5164961481 -0.3292022854 0.4607933886 -0.9137487528 0.6071826414 0.4493528969 0.4440477410
0.0978883612 0.5960084424 0.8702540691 0.4867922212 -0.1681166011 0.6487788546 0.9081970181 0.4932509040 -0.3503160519 0.4790262835 -0.9050403109 0.5865605181 0.4240371420 0.4186114857
0.0648103069 0.5751854647 0.8597188089 0.4627317026 -0.1944128399 0.6296267147 0.8996034912 0.4693894241 -0.3717031987 0.4973902097 -0.8958831826 0.5653469832 0.3980759905 0.3925295645
0.0310395224 0.5537753369 0.8487383340 0.4380475414 -0.2211422156 0.6099068206 0.8905975793 0.4449070664 -0.3933653563 0.5158854840 -0.8862734036 0.5435374574 0.3714646221 0.3657971654
-0.0034288852 0.5317735572 0.8373089508 0.4127350788 -0.2483075789 0.5896147567 0.8811758168 0.4197991887 -0.4153041553 0.5345124232 -0.8762070098 0.5211273611 0.3441982165 0.3384094766
-0.0385998090 0.5091756238 0.8254269660 0.3867896562 -0.2759117804 0.5687461070 0.8713347386 0.3940611489 -0.4375212265 0.5532713438 -0.8656800371 0.4981121148 0.3162719535 0.3103616860
