0.6430939200 -0.0895685044 -0.1900278548 0.9144023463 0.1657828783 -0.2077967267 -0.3166298747 0.8989806948 -0.1183162302 -0.6199820659 -0.7354479125 -0.0068650505 0.9469631854 0.9511390636
0.6534937663 -0.0832329655 -0.1845988550 0.9233771530 0.1738481174 -0.2025045080 -0.3121234313 0.9080619742 -0.1119672135 -0.6173513886 -0.7468524591 0.0001031959 0.9557859676 0.9595820027
0.6630982683 -0.0773117669 -0.1795426633 0.9314904624 0.1813758299 -0.1975770288 -0.3079307134 0.9162826341 -0.1060122845 -0.6148826028 -0.7574287330 0.0066194272 0.9637711993 0.9671913718
0.6719180679 -0.0717988341 -0.1748536186 0.9387539205 0.1883734914 -0.1930087155 -0.3040467148 0.9236543030 -0.1004456530 -0.6125724757 -0.7671876515 0.0126901274 0.9709299793 0.9739782916
0.6799638065 -0.0666880925 -0.1705260598 0.9451791737 0.1948485773 -0.1887939944 -0.3004664294 0.9301886094 -0.0952615290 -0.6104177748 -0.7761401320 0.0183217806 0.9772734067 0.9799538833
0.6872461258 -0.0619734675 -0.1665543259 0.9507778681 0.2008085632 -0.1849272921 -0.2971848511 0.9358971819 -0.0904541226 -0.6084152672 -0.7842970919 0.0235208711 0.9828125803 0.9851292677
0.6937756676 -0.0576488846 -0.1629327556 0.9555616499 0.2062609246 -0.1814030348 -0.2941969738 0.9407916489 -0.0860176438 -0.6065617203 -0.7916694486 0.0282938829 0.9875585991 0.9895155661
0.6995630735 -0.0537082692 -0.1596556880 0.9595421653 0.2112131371 -0.1782156488 -0.2914977913 0.9448836390 -0.0819463025 -0.6048539013 -0.7982681195 0.0326473002 0.9915225620 0.9931238992
0.7046189851 -0.0501455467 -0.1567174618 0.9627310603 0.2156726760 -0.1753595607 -0.2890822977 0.9481847807 -0.0782343088 -0.6032885776 -0.8041040220 0.0365876071 0.9947155679 0.9959653882
0.7089540441 -0.0469546427 -0.1541124159 0.9651399814 0.2196470170 -0.1728291967 -0.2869454867 0.9507067025 -0.0748758726 -0.6018625164 -0.8091880734 0.0401212878 0.9971487157 0.9980511540
0.7125788921 -0.0441294824 -0.1518348894 0.9667805745 0.2231436356 -0.1706189832 -0.2850823523 0.9524610329 -0.0718652040 -0.6005724851 -0.8135311912 0.0432548265 0.9988331044 0.9993923176
0.7155041708 -0.0416639914 -0.1498792209 0.9676644859 0.2261700072 -0.1687233467 -0.2834878883 0.9534594005 -0.0691965130 -0.5994152508 -0.8171442928 0.0459947072 0.9997798328 1.0000000000
0.7177405219 -0.0395520951 -0.1482397495 0.9678033619 0.2287336075 -0.1671367134 -0.2821570886 0.9537134338 -0.0668640095 -0.5983875811 -0.8200382956 0.0483474142 1.0000000000 0.9998853223
0.7192985870 -0.0377877189 -0.1469108140 0.9672088484 0.2308419119 -0.1658535098 -0.2810849472 0.9532347613 -0.0648619035 -0.5974862430 -0.8222241169 0.0503194315 0.9995047048 0.9990594053
0.7201890078 -0.0363647883 -0.1458867533 0.9658925919 0.2325023959 -0.1648681622 -0.2802664579 0.9520350115 -0.0631844051 -0.5967080039 -0.8237126741 0.0519172433 0.9983050461 0.9975333702
