0.6457378740 0.6617078159 0.6637615964 0.6257589540 0.7136020196 0.6728650679 0.6932070025 0.6256429492 0.7363958904 0.7075842735 -0.7043939922 0.6720721725 0.6159389607 0.6166787435
0.6687614177 0.6838093437 0.6857671755 0.6501938983 0.7318862634 0.6942417129 0.7132531301 0.6500867267 0.7491585188 0.7268488979 -0.7236535512 0.6934884909 0.6410050907 0.6417056221
0.6921273964 0.7062206347 0.7080749622 0.6749739171 0.7504958341 0.7159172614 0.7335796826 0.6748754994 0.7622106229 0.7463573354 -0.7431915042 0.7152062398 0.6664268634 0.6670861172
0.7158379279 0.7289435633 0.7306867680 0.7001010708 0.7694329675 0.7378935312 0.7541883867 0.7000113265 0.7755544218 0.7661110255 -0.7630096048 0.7372272576 0.6922063990 0.6928223328
0.7398951302 0.7519800043 0.7536044046 0.7255774201 0.7886998992 0.7601723401 0.7750809693 0.7254962676 0.7891921341 0.7861114078 -0.7831096066 0.7595533828 0.7183458177 0.7189163728
0.7643011213 0.7753318322 0.7768296834 0.7514050256 0.8082988651 0.7827555061 0.7962591571 0.7513323818 0.8031259788 0.8063599217 -0.8034932633 0.7821864539 0.7448472395 0.7453703413
0.7890580192 0.7990009215 0.8003644160 0.7775859478 0.8282321010 0.8056448467 0.8177246769 0.7775217287 0.8173581746 0.8268580070 -0.8241623286 0.8051283092 0.7717127847 0.7721863423
0.8141679417 0.8229891469 0.8242104140 0.8041222474 0.8485018426 0.8288421800 0.8394792555 0.8040663675 0.8318909406 0.8476071030 -0.8451185562 0.8283807872 0.7989445732 0.7993664798
0.8396330070 0.8472983829 0.8483694889 0.8310159850 0.8691103257 0.8523493236 0.8615246196 0.8309683576 0.8467264954 0.8686086494 -0.8663636997 0.8519457265 0.8265447254 0.8269128578
0.8654553328 0.8719305042 0.8728434522 0.8582692211 0.8900597862 0.8761680954 0.8838624960 0.8582297584 0.8618670579 0.8898640857 -0.8878995128 0.8758249653 0.8545153612 0.8548275803
0.8916370372 0.8968873854 0.8976341155 0.8858840162 0.9113524597 0.9003003131 0.9064946115 0.8858526292 0.8773148471 0.9113748514 -0.9097277491 0.9000203423 0.8828586008 0.8831127512
0.9181802382 0.9221709009 0.9227432904 0.9138624311 0.9329905820 0.9247477946 0.9294226929 0.9138390294 0.8930720817 0.9331423862 -0.9318501623 0.9245336958 0.9115765643 0.9117704747
0.9450870537 0.9477829255 0.9481727885 0.9422065263 0.9549763890 0.9495123578 0.9526484669 0.9421910184 0.9091409805 0.9551681295 -0.9542685061 0.9493668643 0.9406713720 0.9408028546
0.9723596016 0.9737253336 0.9739244211 0.9709183624 0.9773121164 0.9745958203 0.9761736604 0.9709106554 0.9255237625 0.9774535209 -0.9769845341 0.9745216862 0.9701451438 0.9702119951
1.0000000000 1.0000000000 1.0000000000 1.0000000000 1.0000000000 1.0000000000 1.0000000000 1.0000000000 0.9422226465 1.0000000000 -1.0000000000 1.0000000000 1.0000000000 1.0000000000
