-0.5327669543 0.4956818568 0.5213385976 -0.5085128267 -0.4377909641 0.5569933560 0.6106870973 -0.4971285687 -0.2674480968 0.6760892466 -0.6492593973 0.5457242517 -0.6793471439 -0.6809629309
-0.5182995884 0.5230455423 0.5508385938 -0.4911473868 -0.4302469597 0.5845059387 0.6351137887 -0.4794936729 -0.2614941085 0.6966457642 -0.6714690603 0.5738824645 -0.6659926076 -0.6676014644
-0.5035838541 0.5507002558 0.5806766046 -0.4734417309 -0.4226597199 0.6123026477 0.6597557904 -0.4615155241 -0.2555470717 0.7173489034 -0.6938448355 0.6023395787 -0.6523351317 -0.6539352884
-0.4886185490 0.5786470968 0.6108541025 -0.4553939564 -0.4150293887 0.6403845482 0.6846137725 -0.4431922050 -0.2496074447 0.7381990329 -0.7163870610 0.6310967325 -0.6383729558 -0.6399626252
-0.4734024706 0.6068871643 0.6413725599 -0.4370021613 -0.4073561097 0.6687527052 0.7096884054 -0.4245217982 -0.2436756861 0.7591965212 -0.7390960751 0.6601550642 -0.6241043193 -0.6256816969
-0.4579344165 0.6354215576 0.6722334489 -0.4182644430 -0.3996400271 0.6974081840 0.7349803592 -0.4055023867 -0.2377522541 0.7803417370 -0.7619722159 0.6895157120 -0.6095274618 -0.6110907257
-0.4422131842 0.6642513760 0.7034382420 -0.3991788992 -0.3918812846 0.7263520496 0.7604903042 -0.3861320530 -0.2318376072 0.8016350489 -0.7850158217 0.7191798144 -0.5946406227 -0.5961879337
-0.4262375714 0.6933777186 0.7349884116 -0.3797436277 -0.3840800262 0.7555853673 0.7862189106 -0.3664088799 -0.2259322037 0.8230768254 -0.8082272307 0.7491485094 -0.5794420414 -0.5809715433
-0.4100063756 0.7228016847 0.7668854299 -0.3599567260 -0.3762363958 0.7851092022 0.8121668486 -0.3463309502 -0.2200365020 0.8446674353 -0.8316067810 0.7794229354 -0.5639299576 -0.5654397765
-0.3935183943 0.7525243736 0.7991307693 -0.3398162918 -0.3683505372 0.8149246194 0.8383347885 -0.3258963465 -0.2141509605 0.8664072471 -0.8551548108 0.8100042307 -0.5481026106 -0.5495908556
-0.3767724252 0.7825468843 0.8317259022 -0.3193204227 -0.3604225944 0.8450326841 0.8647234005 -0.3051031516 -0.2082760376 0.8882966293 -0.8788716585 0.8408935335 -0.5319582401 -0.5334230027
-0.3597672658 0.8128703163 0.8646723008 -0.2984672166 -0.3524527112 0.8754344614 0.8913333548 -0.2839494483 -0.2024121916 0.9103359508 -0.9027576621 0.8720919821 -0.5154950854 -0.5169344400
-0.3425017137 0.8434957686 0.8979714376 -0.2772547708 -0.3444410316 0.9061310165 0.9181653217 -0.2624333192 -0.1965598810 0.9325255799 -0.9268131598 0.9036007148 -0.4987113860 -0.5001233898
-0.3249745665 0.8744243406 0.9316247848 -0.2556811833 -0.3363876994 0.9371234146 0.9452199714 -0.2405528471 -0.1907195641 0.9548658855 -0.9510384899 0.9354208698 -0.4816053815 -0.4829880742
-0.3071846217 0.9056571313 0.9656338148 -0.2337445515 -0.3282928586 0.9684127207 0.9724979741 -0.2183061148 -0.1848916994 0.9773572359 -0.9754339906 0.9675535855 -0.4641753114 -0.4655267154
