0.8292416175 0.8711666930 0.3379586195 0.9643793360 0.9658473905 0.9026038843 0.9497801872 0.9640138481 0.9685492080 0.5554194495 -0.8935720189 0.8691404652 0.9621921973 0.9601027614
0.8439688995 0.8839367470 0.3448324621 0.9706369770 0.9700869728 0.9130197339 0.9571225388 0.9703069838 0.9671413122 0.5446253653 -0.8889298686 0.8820057278 0.9686518309 0.9667769831
0.8579799357 0.8959944553 0.3511746264 0.9762683426 0.9740348250 0.9228104399 0.9638598200 0.9759733885 0.9656975335 0.5338121148 -0.8842002935 0.8941589942 0.9744846633 0.9728171482
0.8712821309 0.9073475181 0.3569915934 0.9812808982 0.9776933165 0.9319826014 0.9699988667 0.9810205280 0.9642175405 0.5229804481 -0.8793840365 0.9056079398 0.9796981241 0.9782307763
0.8838828900 0.9180036350 0.3622898441 0.9856821088 0.9810648169 0.9405428175 0.9755465150 0.9854558682 0.9627010021 0.5121311150 -0.8744818405 0.9163602400 0.9842996432 0.9830253871
0.8957896180 0.9279705062 0.3670758593 0.9894794397 0.9841516955 0.9484976873 0.9805096009 0.9892868749 0.9611475871 0.5012648655 -0.8694944482 0.9264235700 0.9882966501 0.9872085000
0.9070097196 0.9372558313 0.3713561201 0.9926803560 0.9869563219 0.9558538099 0.9848949602 0.9925210139 0.9595569644 0.4903824497 -0.8644226025 0.9358056054 0.9916965746 0.9907876348
0.9175505997 0.9458673104 0.3751371072 0.9952923229 0.9894810656 0.9626177844 0.9887094291 0.9951657513 0.9579288026 0.4794846174 -0.8592670462 0.9445140212 0.9945068464 0.9937703110
0.9274196632 0.9538126433 0.3784253017 0.9973228056 0.9917282960 0.9687962099 0.9919598434 0.9972285527 0.9562627707 0.4685721187 -0.8540285222 0.9525564931 0.9967348951 0.9961640483
0.9366243151 0.9610995299 0.3812271845 0.9987792692 0.9937003826 0.9743956856 0.9946530392 0.9987168840 0.9545585373 0.4576457035 -0.8487077733 0.9599406962 0.9983881505 0.9979763662
0.9451719600 0.9677356702 0.3835492365 0.9996691790 0.9953996950 0.9794228104 0.9967958525 0.9996382112 0.9528157714 0.4467061219 -0.8433055422 0.9666743059 0.9994740422 0.9992147844
0.9530700030 0.9737287639 0.3853979386 1.0000000000 0.9968286025 0.9838841836 0.9983951192 1.0000000000 0.9510341417 0.4357541236 -0.8378225720 0.9727649976 1.0000000000 0.9998868225
0.9603258489 0.9790865112 0.3867797718 0.9997791975 0.9979894747 0.9877864042 0.9994576754 0.9998097163 0.9492133171 0.4247904588 -0.8322596053 0.9782204467 0.9999734535 1.0000000000
0.9669469026 0.9838166117 0.3877012170 0.9990142367 0.9988846811 0.9911360712 0.9999903570 0.9990748260 0.9473529662 0.4138158774 -0.8266173850 0.9830483284 0.9994018324 0.9995618366
0.9729405689 0.9879267655 0.3881687551 0.9977125826 0.9995165911 0.9939397839 1.0000000000 0.9978027949 0.9454527580 0.4028311294 -0.8208966539 0.9872563181 0.9982925665 0.9985798519
