-0.8422363606 -0.8001162889 -0.7635082853 -0.8949063212 -0.1319769818 -0.7511903035 -0.4870498952 -0.8927784485 0.9775989553 0.8979781842 -0.5760114377 -0.7562717214 -0.9063857029 -0.9128456440
-0.8288513738 -0.7862540985 -0.7490676982 -0.8835689667 -0.1127157569 -0.7358378390 -0.4703219773 -0.8813550437 0.9826652108 0.9083633419 -0.5867795516 -0.7413339141 -0.8954901500 -0.9022705352
-0.8148787158 -0.7718649219 -0.7341347270 -0.8715942881 -0.0933577795 -0.7199907258 -0.4532896837 -0.8692969578 0.9871050124 0.9182473463 -0.5974459144 -0.7259032616 -0.8839401363 -0.8910339723
-0.8003135553 -0.7569429868 -0.7187040896 -0.8589743734 -0.0739071621 -0.7036460027 -0.4359513816 -0.8565963748 0.9909078550 0.9276201060 -0.6080095899 -0.7099757229 -0.8717274314 -0.8791272614
-0.7851510608 -0.7414825207 -0.7027705041 -0.8457013105 -0.0543680172 -0.6868007087 -0.4183054382 -0.8432454790 0.9940632333 0.9364715296 -0.6184696416 -0.6935472574 -0.8588438050 -0.8665417086
-0.7693864007 -0.7254777511 -0.6863286885 -0.8317671873 -0.0347444570 -0.6694518829 -0.4003502208 -0.8292364543 0.9965606422 0.9447915257 -0.6288251331 -0.6766138239 -0.8452810267 -0.8532686200
-0.7530147436 -0.7089229057 -0.6693733610 -0.8171640916 -0.0150405942 -0.6515965640 -0.3820840966 -0.8145614849 0.9983895764 0.9525700030 -0.6390751279 -0.6591713818 -0.8310308663 -0.8392993016
-0.7360312580 -0.6918122120 -0.6518992396 -0.8018841115 0.0047394590 -0.6332317912 -0.3635054329 -0.7992127548 0.9995395308 0.9597968700 -0.6492186898 -0.6412158902 -0.8160850933 -0.8246250595
-0.7184311125 -0.6741398975 -0.6339010423 -0.7859193348 0.0245915900 -0.6143546032 -0.3446125967 -0.7831824482 1.0000000000 0.9664620355 -0.6592548822 -0.6227433081 -0.8004354774 -0.8092371999
-0.7002094755 -0.6559001898 -0.6153734872 -0.7692618494 0.0445116864 -0.5949620392 -0.3254039554 -0.7664627492 0.9997604789 0.9725554080 -0.6691827688 -0.6037495947 -0.7840737884 -0.7931270289
-0.6813615157 -0.6370873165 -0.5963112924 -0.7519037431 0.0644956358 -0.5750511379 -0.3058778763 -0.7490458419 0.9988104624 0.9780668961 -0.6790014132 -0.5842307091 -0.7669917958 -0.7762858525
-0.6618824014 -0.6176955052 -0.5767091759 -0.7338371040 0.0845393258 -0.5546189384 -0.2860327264 -0.7309239103 0.9971394451 0.9829864086 -0.6887098788 -0.5641826106 -0.7491812694 -0.7587049768
-0.6417673012 -0.5977189833 -0.5565618557 -0.7150540199 0.1046386440 -0.5336624796 -0.2658668732 -0.7120891385 0.9947369218 0.9873038539 -0.6983072294 -0.5436012581 -0.7306339787 -0.7403757080
-0.6210113837 -0.5771519784 -0.5358640500 -0.6955465787 0.1247894778 -0.5121788005 -0.2453786837 -0.6925337108 0.9915923875 0.9910091408 -0.7077925286 -0.5224826109 -0.7113416935 -0.7212893520
-0.5996098174 -0.5559887182 -0.5146104767 -0.6753068683 0.1449877149 -0.4901649400 -0.2245665252 -0.6722498110 0.9876953367 0.9940921778 -0.7171648398 -0.5008226281 -0.6912961834 -0.7014372151
