0.7396431545 -0.2236468380 -0.8143486698 0.3625746911 0.4426740988 -0.7117236963 -0.9020176172 0.3620388734 0.1793207459 -0.8897030251 0.8021414985 -0.1737747042 0.4714024576 0.4666706989
0.7510108348 -0.1974002778 -0.8034068751 0.3821952156 0.4206135267 -0.6994822451 -0.9084179173 0.3816816661 0.1512005872 -0.8957916132 0.8118415199 -0.1499127201 0.4888886079 0.4843235888
0.7622782205 -0.1710271384 -0.7922019955 0.4018115065 0.3983279992 -0.6870433454 -0.9146804523 0.4013196380 0.1229711573 -0.9017460474 0.8214227819 -0.1259727758 0.5063412646 0.5019397658
0.7734332847 -0.1445444927 -0.7807383051 0.4214062427 0.3758300932 -0.6744106136 -0.9207961252 0.4209354756 0.0946529655 -0.9075573576 0.8308743692 -0.1019673841 0.5237445448 0.5195033731
0.7844639999 -0.1179694132 -0.7690200783 0.4409621031 0.3531323862 -0.6615876663 -0.9267558394 0.4405118653 0.0662665209 -0.9132165739 0.8401853662 -0.0779090579 0.5410825659 0.5369985539
0.7953583391 -0.0913189727 -0.7570515894 0.4604617668 0.3302474552 -0.6485781203 -0.9325504980 0.4600314936 0.0378323326 -0.9187147264 0.8493448575 -0.0538103100 0.5583394452 0.5544094516
0.8061042751 -0.0646102438 -0.7448371125 0.4798879127 0.3071878775 -0.6353855921 -0.9381710041 0.4794770470 0.0093709098 -0.9240428452 0.8583419275 -0.0296836532 0.5754993000 0.5717202092
0.8166897807 -0.0378602993 -0.7323809219 0.4992232199 0.2839662304 -0.6220136983 -0.9436082609 0.4988312118 -0.0190972385 -0.9291919603 0.8671656608 -0.0055416003 0.5925462475 0.5889149701
0.8271028287 -0.0110862118 -0.7196872920 0.5184503673 0.2605950910 -0.6084660556 -0.9488531717 0.5180766746 -0.0475516031 -0.9341531019 0.8758051419 0.0186033358 0.6094644052 0.6059778774
0.8373313920 0.0156949460 -0.7067604970 0.5375520339 0.2370870365 -0.5947462804 -0.9538966395 0.5371961217 -0.0759716748 -0.9389173000 0.8842494552 0.0427386423 0.6262378903 0.6228930744
0.8473634433 0.0424661014 -0.6936048112 0.5565108987 0.2134546442 -0.5808579896 -0.9587295676 0.5561722397 -0.1043369445 -0.9434755848 0.8924876854 0.0668518065 0.6428508201 0.6396447044
0.8571869555 0.0692101817 -0.6802245088 0.5753096407 0.1897104914 -0.5668047995 -0.9633428591 0.5749877151 -0.1326269031 -0.9478189862 0.9005089170 0.0909303154 0.6592873119 0.6562169105
0.8667899014 0.0959101143 -0.6666238641 0.5939309389 0.1658671551 -0.5525903270 -0.9677274172 0.5936252342 -0.1608210415 -0.9519385344 0.9083022344 0.1149616563 0.6755314829 0.6725938360
0.8761602539 0.1225488263 -0.6528071514 0.6123574722 0.1419372127 -0.5382181885 -0.9718741450 0.6120674835 -0.1888988504 -0.9558252594 0.9158567222 0.1389333163 0.6915674506 0.6887596241
0.8852859856 0.1491092452 -0.6387786449 0.6305719196 0.1179332414 -0.5236920007 -0.9757739458 0.6302971494 -0.2168398209 -0.9594701914 0.9231614648 0.1628327827 0.7073793321 0.7046984180
