-0.9413600099 -0.9064964815 -0.9345270999 -0.9911730631 -0.8050859046 -0.8989435966 -0.8462372061 -0.9907161582 -0.6561661713 -0.8739728468 0.8362538138 -0.9105346226 -0.9978460342 -0.9969478243
-0.9376033457 -0.9012521454 -0.9301425913 -0.9897158150 -0.7978660029 -0.8934784462 -0.8393748815 -0.9892208035 -0.6460750981 -0.8687029718 0.8289997193 -0.9054152144 -0.9971229357 -0.9960929839
-0.9337471961 -0.8958817340 -0.9256282146 -0.9881522921 -0.7905555505 -0.8878875279 -0.8323840754 -0.9876189563 -0.6358996885 -0.8633330137 0.8216129038 -0.9001698469 -0.9962983515 -0.9951362058
-0.9297931338 -0.8903866183 -0.9209851235 -0.9864835125 -0.7831568511 -0.8821722564 -0.8252661812 -0.9859116385 -0.6256427844 -0.8578634486 0.8140949618 -0.8947998717 -0.9953732357 -0.9940784632
-0.9257427311 -0.8847681695 -0.9162144716 -0.9847104943 -0.7756722084 -0.8763340459 -0.8180225926 -0.9840998720 -0.6153072270 -0.8522947520 0.8064474877 -0.8893066400 -0.9943485423 -0.9929207294
-0.9215975606 -0.8790277586 -0.9113174125 -0.9828342558 -0.7681039264 -0.8703743110 -0.8106547030 -0.9821846788 -0.6048958579 -0.8466273997 0.7986720761 -0.8836915033 -0.9932252253 -0.9916639777
-0.9173591946 -0.8731667566 -0.9062950997 -0.9808558150 -0.7604543087 -0.8642944661 -0.8031639060 -0.9801670805 -0.5944115186 -0.8408618673 0.7907703213 -0.8779558129 -0.9920042388 -0.9903091811
-0.9130292057 -0.8671865345 -0.9011486868 -0.9787761900 -0.7527256590 -0.8580959257 -0.7955515949 -0.9780480992 -0.5838570505 -0.8349986305 0.7827438179 -0.8721009203 -0.9906865367 -0.9888573131
-0.9086091661 -0.8610884634 -0.8958793273 -0.9765963991 -0.7449202811 -0.8517801041 -0.7878191634 -0.9758287567 -0.5732352952 -0.8290381650 0.7745941604 -0.8661281767 -0.9892730732 -0.9873093469
-0.9041006485 -0.8548739142 -0.8904881749 -0.9743174603 -0.7370404788 -0.8453484159 -0.7799680049 -0.9735100750 -0.5625490940 -0.8229809464 0.7663229432 -0.8600389336 -0.9877648022 -0.9856662557
-0.8995052252 -0.8485442581 -0.8849763831 -0.9719403919 -0.7290885559 -0.8388022754 -0.7719995129 -0.9710930758 -0.5518012884 -0.8168274504 0.7579317608 -0.8538345423 -0.9861626777 -0.9839290127
-0.8948244687 -0.8421008660 -0.8793451055 -0.9694662119 -0.7210668160 -0.8321430972 -0.7639150809 -0.9685787810 -0.5409947200 -0.8105781526 0.7494222078 -0.8475163542 -0.9844676539 -0.9820985913
-0.8900599513 -0.8355451090 -0.8735954956 -0.9668959384 -0.7129775629 -0.8253722955 -0.7557161024 -0.9659682126 -0.5301322301 -0.8042335288 0.7407958787 -0.8410857207 -0.9826806847 -0.9801759645
-0.8852132457 -0.8288783582 -0.8677287071 -0.9642305897 -0.7048231005 -0.8184912850 -0.7474039708 -0.9632623924 -0.5192166603 -0.7977940545 0.7320543678 -0.8345439932 -0.9808027242 -0.9781621058
-0.8802859241 -0.8221019844 -0.8617458934 -0.9614711839 -0.6966057323 -0.8115014800 -0.7389800798 -0.9604623424 -0.5082508521 -0.7912602055 0.7231992697 -0.8278925229 -0.9788347264 -0.9760579883
