0.3724746744 0.1783631205 0.0121927361 0.2663466153 0.5055004955 0.1643378893 0.1094017774 0.2596437859 0.4341753804 -0.7131681913 -0.1730633176 0.1663806465 0.2549652490 0.2616240584
0.3675625239 0.1690475656 0.0069934182 0.2721567331 0.4916478076 0.1553024253 0.0951960711 0.2655266431 0.4175393169 -0.7381086383 -0.1574362334 0.1577240068 0.2631769345 0.2694858791
0.3631199045 0.1603778556 0.0023748276 0.2781600615 0.4784691283 0.1469091206 0.0817846581 0.2716028477 0.4016163263 -0.7618068345 -0.1426241671 0.1496987798 0.2715130480 0.2774804339
0.3591391771 0.1523444760 -0.0016720610 0.2843516257 0.4659549636 0.1391484847 0.0691565565 0.2778674162 0.3863968119 -0.7842781566 -0.1286159904 0.1422955793 0.2799693081 0.2856033631
0.3556127027 0.1449379121 -0.0051562731 0.2907264507 0.4540958193 0.1320110268 0.0573007846 0.2843153656 0.3718711770 -0.8055379812 -0.1154005748 0.1355050194 0.2885414335 0.2938503067
0.3525328420 0.1381486493 -0.0080868343 0.2972795613 0.4428822013 0.1254872562 0.0462063607 0.2909417125 0.3580298248 -0.8256016850 -0.1029667917 0.1293177141 0.2972251429 0.3022169049
0.3498919559 0.1319671731 -0.0104727699 0.3040059828 0.4323046154 0.1195676824 0.0358623028 0.2977414736 0.3448631587 -0.8444846445 -0.0913035128 0.1237242774 0.3060161548 0.3106987979
0.3476824054 0.1263839688 -0.0123231054 0.3109007399 0.4223535675 0.1142428145 0.0262576292 0.3047096657 0.3323615819 -0.8622022364 -0.0803996095 0.1187153232 0.3149101881 0.3192916258
0.3458965512 0.1213895219 -0.0136468664 0.3179588578 0.4130195633 0.1095031620 0.0173813583 0.3118413055 0.3205154977 -0.8787698373 -0.0702439533 0.1142814656 0.3239029613 0.3279910288
0.3445267543 0.1169743177 -0.0144530783 0.3251753615 0.4042931088 0.1053392342 0.0092225080 0.3191314098 0.3093153094 -0.8942028238 -0.0608254159 0.1104133186 0.3329901931 0.3367926470
0.3435653755 0.1131288416 -0.0147507665 0.3325452759 0.3961647098 0.1017415404 0.0017700968 0.3265749952 0.2987514202 -0.9085165726 -0.0521328686 0.1071014960 0.3421676023 0.3456921206
0.3430047758 0.1098435790 -0.0145489566 0.3400636260 0.3886248722 0.0987005899 -0.0049868572 0.3341670785 0.2888142334 -0.9217264602 -0.0441551832 0.1043366120 0.3514309075 0.3546850898
0.3428373159 0.1071090154 -0.0138566741 0.3477254369 0.3816641018 0.0962068920 -0.0110593358 0.3419026764 0.2794941523 -0.9338478633 -0.0368812310 0.1021092805 0.3607758273 0.3637671946
0.3430553567 0.1049156361 -0.0126829443 0.3555257336 0.3752729044 0.0942509562 -0.0164583208 0.3497768057 0.2707815802 -0.9448961586 -0.0302998836 0.1004101155 0.3701980804 0.3729340752
0.3436512592 0.1032539265 -0.0110367928 0.3634595410 0.3694417859 0.0928232916 -0.0211947938 0.3577844831 0.2626669204 -0.9548867225 -0.0244000126 0.0992297310 0.3796933855 0.3821813718
