0.1708387705 -0.1494603424 -0.1994876057 0.2577166114 -0.4396594762 -0.1424300257 -0.6063252558 0.2568691765 -0.5149947442 -0.1496445376 0.2606204727 -0.1537497499 0.2929984937 0.2961128269
0.2086952450 -0.1174125838 -0.1699419481 0.2964059588 -0.4235819999 -0.1088473842 -0.5845942743 0.2955562379 -0.5118997772 -0.1404413051 0.2437313010 -0.1218707936 0.3320432716 0.3351850949
0.2455387425 -0.0857871475 -0.1408182524 0.3338808067 -0.4067964919 -0.0756288598 -0.5625834114 0.3330309936 -0.5074919107 -0.1304395771 0.2263014214 -0.0904112581 0.3697900046 0.3729517497
0.2813782012 -0.0545853896 -0.1121145616 0.3701553550 -0.3893285980 -0.0427811166 -0.5403052284 0.3693075610 -0.5018062305 -0.1196654106 0.2083532671 -0.0593723285 0.4062546525 0.4094289223
0.3162225595 -0.0238086668 -0.0838289188 0.4052438036 -0.3712039643 -0.0103108186 -0.5177722863 0.4044000578 -0.4948778225 -0.1081448626 0.1899092714 -0.0287551900 0.4414531756 0.4446327438
0.3500807557 0.0065416646 -0.0559593672 0.4391603524 -0.3524482364 0.0217753704 -0.4949971462 0.4383226015 -0.4867417723 -0.0959039899 0.1709918674 0.0014389722 0.4754015338 0.4785793452
0.3829617281 0.0364642482 -0.0285039500 0.4719192014 -0.3330870604 0.0534707862 -0.4719923693 0.4710893097 -0.4774331659 -0.0829688496 0.1516234883 0.0312089729 0.5081156873 0.5112848576
0.4148744152 0.0659577277 -0.0014607101 0.5035345504 -0.3131460819 0.0847687651 -0.4487705167 0.5027142998 -0.4669870891 -0.0693654985 0.1318265673 0.0605536270 0.5396115961 0.5427654121
0.4458277552 0.0950207465 0.0251723091 0.5340205993 -0.2926509470 0.1156626429 -0.4253441496 0.5332116895 -0.4554386276 -0.0551199936 0.1116235377 0.0894717494 0.5699052203 0.5730371395
0.4758306865 0.1236519484 0.0513970647 0.5633915481 -0.2716273014 0.1461457557 -0.4017258289 0.5625955963 -0.4428228672 -0.0402583919 0.0910368327 0.1179621548 0.5990125200 0.6021161712
0.5048921475 0.1518499769 0.0772155134 0.5916615966 -0.2501007910 0.1762114395 -0.3779281159 0.5908801378 -0.4291748939 -0.0248067503 0.0700888854 0.1460236580 0.6269494552 0.6300186379
0.5330210763 0.1796134756 0.1026296122 0.6188449447 -0.2280970617 0.2058530305 -0.3539635718 0.6180794314 -0.4145297934 -0.0087911256 0.0488021290 0.1736550740 0.6537319860 0.6567606709
0.5602264115 0.2069410882 0.1276413180 0.6449557923 -0.2056417594 0.2350638645 -0.3298447575 0.6442075949 -0.3989226515 0.0077624250 0.0271989969 0.2008552176 0.6793760725 0.6823584012
0.5865170913 0.2338314582 0.1522525875 0.6700083394 -0.1827605298 0.2638372777 -0.3055842342 0.6692787456 -0.3823885540 0.0248278448 0.0053019221 0.2276229035 0.7038976748 0.7068279598
0.6119020541 0.2602832291 0.1764653777 0.6940167857 -0.1594790190 0.2921666061 -0.2811945632 0.6933070012 -0.3649625868 0.0423790767 -0.0168666622 0.2539569467 0.7273127529 0.7301854778
