-0.6934049347 -0.8579081467 -0.8046973606 -0.7939028281 -0.9628429232 -0.8627587032 -0.9055883536 -0.7939785044 -0.9335878150 -0.9734308526 0.9275317335 -0.8605985162 -0.7396912480 -0.7506029159
-0.6994688605 -0.8649554139 -0.8125688524 -0.8016411806 -0.9668850755 -0.8697403478 -0.9108482270 -0.8017180471 -0.9284257877 -0.9745532269 0.9311172597 -0.8675920938 -0.7471596685 -0.7580836359
-0.7053566178 -0.8718062608 -0.8202617431 -0.8092087743 -0.9706820853 -0.8765230961 -0.9159484001 -0.8092867780 -0.9230887374 -0.9756574485 0.9346092380 -0.8743884217 -0.7544628262 -0.7653975237
-0.7110697189 -0.8784620137 -0.8277770646 -0.8166068905 -0.9742362874 -0.8831082697 -0.9208896652 -0.8166859764 -0.9175786320 -0.9767430869 0.9380078720 -0.8809888503 -0.7616019956 -0.7725458668
-0.7166096761 -0.8849239988 -0.8351158492 -0.8238368105 -0.9775500164 -0.8894971903 -0.9256728148 -0.8239169218 -0.9118974393 -0.9778097117 0.9413133653 -0.8873947300 -0.7685784512 -0.7795299528
-0.7219780018 -0.8911935422 -0.8422791291 -0.8308998157 -0.9806256071 -0.8956911796 -0.9302986411 -0.8309808938 -0.9060471273 -0.9788568925 0.9445259217 -0.8936074113 -0.7753934677 -0.7863510692
-0.7271762083 -0.8972719700 -0.8492679363 -0.8377971874 -0.9834653941 -0.9016915592 -0.9347679366 -0.8378791719 -0.9000296637 -0.9798841990 0.9476457448 -0.8996282447 -0.7820483196 -0.7930105034
-0.7322058080 -0.9031606085 -0.8560833030 -0.8445302069 -0.9860717124 -0.9074996507 -0.9390814937 -0.8446130355 -0.8938470164 -0.9808912007 0.9506730382 -0.9054585807 -0.7885442815 -0.7995095431
-0.7370683132 -0.9088607838 -0.8627262613 -0.8511001557 -0.9884468964 -0.9131167759 -0.9432401046 -0.8511837641 -0.8875011534 -0.9818774672 0.9536080056 -0.9110997696 -0.7948826278 -0.8058494755
-0.7417652363 -0.9143738221 -0.8691978434 -0.8575083150 -0.9905932811 -0.9185442564 -0.9472445619 -0.8575926373 -0.8809940424 -0.9828425681 0.9564508507 -0.9165531619 -0.8010646332 -0.8120315884
-0.7462980896 -0.9197010496 -0.8754990814 -0.8637559662 -0.9925132011 -0.9237834138 -0.9510956578 -0.8638409345 -0.8743276514 -0.9837860730 0.9592017772 -0.9218201082 -0.8070915722 -0.8180571691
-0.7506683855 -0.9248437923 -0.8816310075 -0.8698443907 -0.9942089911 -0.9288355698 -0.9547941847 -0.8699299353 -0.8675039482 -0.9847075516 0.9618609886 -0.9269019589 -0.8129647195 -0.8239275053
-0.7548776363 -0.9298033766 -0.8875946537 -0.8757748697 -0.9956829859 -0.9337020460 -0.9583409351 -0.8758609191 -0.8605249007 -0.9856065733 0.9644286886 -0.9318000643 -0.8186853494 -0.8296438843
-0.7589273543 -0.9345811286 -0.8933910523 -0.8815486846 -0.9969375203 -0.9383841641 -0.9617367013 -0.8816351654 -0.8533924768 -0.9864827078 0.9669050810 -0.9365157751 -0.8242547367 -0.8352075937
-0.7628190519 -0.9391783743 -0.8990212353 -0.8871671168 -0.9979749288 -0.9428832458 -0.9649822756 -0.8872539537 -0.8461086443 -0.9873355246 0.9692903694 -0.9410504415 -0.8296741558 -0.8406199211
