-0.4572816669 -0.5475592779 -0.6131753322 -0.6533775109 -0.0849537849 -0.5085432198 -0.5109270013 -0.6513532048 0.1981273643 -0.3783715462 -0.1547472364 -0.5333436362 -0.6590284010 -0.6477739541
-0.4571791264 -0.5427587673 -0.6074531577 -0.6497434944 -0.0765477368 -0.5040015285 -0.5033117542 -0.6477126949 0.2129696854 -0.3671115100 -0.1732327799 -0.5286953273 -0.6564443631 -0.6450219928
-0.4573688660 -0.5383567575 -0.6021256683 -0.6464407015 -0.0687673484 -0.4998629286 -0.4961786846 -0.6444042730 0.2269501994 -0.3563826786 -0.1907751508 -0.5244455761 -0.6541585897 -0.6425771089
-0.4578453242 -0.5343467220 -0.5971864869 -0.6434633691 -0.0616035464 -0.4961208141 -0.4895204532 -0.6414221655 0.2400803669 -0.3461776290 -0.2073865222 -0.5205878432 -0.6521656539 -0.6404337758
-0.4586029393 -0.5307221345 -0.5926292363 -0.6408057343 -0.0550472572 -0.4927685793 -0.4833297207 -0.6387605989 0.2523716487 -0.3364889386 -0.2230790669 -0.5171155887 -0.6504601286 -0.6385864667
-0.4596361496 -0.5274764687 -0.5884475393 -0.6384620339 -0.0490894074 -0.4897996181 -0.4775991478 -0.6364137993 0.2638355055 -0.3273091845 -0.2378649578 -0.5140222733 -0.6490365869 -0.6370296549
-0.4609393936 -0.5246031982 -0.5846350188 -0.6364265049 -0.0437209237 -0.4872073246 -0.4723213951 -0.6343759932 0.2744833980 -0.3186309438 -0.2517563677 -0.5113013570 -0.6478896017 -0.6357578139
-0.4625071095 -0.5220957967 -0.5811852975 -0.6346933844 -0.0389327326 -0.4849850930 -0.4674891234 -0.6326414070 0.2843267869 -0.3104467938 -0.2647654697 -0.5089463005 -0.6470137460 -0.6347654169
-0.4643337358 -0.5199477378 -0.5780919982 -0.6332569091 -0.0347157607 -0.4831263174 -0.4630949932 -0.6312042669 0.2933771330 -0.3027493116 -0.2769044367 -0.5069505639 -0.6464035929 -0.6340469372
-0.4664137107 -0.5181524952 -0.5753487439 -0.6321113161 -0.0310609346 -0.4816243918 -0.4591316653 -0.6300587995 0.3016458969 -0.2955310745 -0.2881854414 -0.5053076078 -0.6460537152 -0.6335968481
-0.4687414728 -0.5167035426 -0.5729491573 -0.6312508424 -0.0279591808 -0.4804727104 -0.4555918004 -0.6291992309 0.3091445393 -0.2887846596 -0.2986206569 -0.5040108923 -0.6459586861 -0.6334096229
-0.4713114602 -0.5155943536 -0.5708868612 -0.6306697249 -0.0254014260 -0.4796646672 -0.4524680592 -0.6286197875 0.3158845211 -0.2825026441 -0.3082222559 -0.5030538780 -0.6461130784 -0.6334797351
-0.4741181114 -0.5148184019 -0.5691554784 -0.6303622005 -0.0233785967 -0.4791936564 -0.4497531022 -0.6283146958 0.3218773028 -0.2766776051 -0.3170024115 -0.5024300252 -0.6465114652 -0.6338016578
-0.4771558648 -0.5143691611 -0.5677486319 -0.6303225062 -0.0218816196 -0.4790530720 -0.4474395903 -0.6282781821 0.3271343452 -0.2713021200 -0.3249732966 -0.5021327942 -0.6471484195 -0.6343698644
-0.4804191586 -0.5142401050 -0.5666599442 -0.6305448790 -0.0209014211 -0.4792363082 -0.4455201840 -0.6285044726 0.3316671090 -0.2663687657 -0.3321470839 -0.5021556455 -0.6480185143 -0.6351788282
