0.4465385981 0.2590177418 0.1190464797 0.3563344320 0.2725498856 0.2680240799 -0.0000688308 0.3567599625 0.1714512644 -0.6105416788 0.0545584119 0.2568270279 0.3876101086 0.3898226071
0.4434038652 0.2554386025 0.1161850775 0.3538730120 0.2623727027 0.2638122188 -0.0053121611 0.3542898519 0.1510375854 -0.6199977121 0.0675902177 0.2531325279 0.3852435834 0.3875061050
0.4401440586 0.2517567298 0.1132422398 0.3513011720 0.2520619700 0.2594936702 -0.0106319845 0.3517092280 0.1305510975 -0.6294601259 0.0807257626 0.2493350701 0.3827630037 0.3850754821
0.4367635218 0.2479764701 0.1102219406 0.3486229405 0.2416244019 0.2550730141 -0.0160235752 0.3490221225 0.1100002197 -0.6389233897 0.0939575845 0.2454390405 0.3801723901 0.3825347429
0.4332665988 0.2441021703 0.1071281540 0.3458423457 0.2310667127 0.2505548308 -0.0214822076 0.3462325672 0.0893933713 -0.6483819733 0.1072782214 0.2414488252 0.3774757628 0.3798878916
0.4296576333 0.2401381768 0.1039648539 0.3429634160 0.2203956169 0.2459437003 -0.0270031560 0.3433445940 0.0687389713 -0.6578303463 0.1206802112 0.2373688102 0.3746771425 0.3771389329
0.4259409691 0.2360888365 0.1007360144 0.3399901797 0.2096178286 0.2412442028 -0.0325816946 0.3403622347 0.0480454391 -0.6672629785 0.1341560920 0.2332033816 0.3717805494 0.3742918710
0.4221209500 0.2319584960 0.0974456094 0.3369266653 0.1987400624 0.2364609184 -0.0382130978 0.3372895210 0.0273211937 -0.6766743396 0.1476984017 0.2289569253 0.3687900042 0.3713507104
0.4182019198 0.2277515019 0.0940976131 0.3337769010 0.1877690325 0.2315984271 -0.0438926397 0.3341304848 0.0065746543 -0.6860588992 0.1612996782 0.2246338275 0.3657095272 0.3683194555
0.4141882221 0.2234722009 0.0906959993 0.3305449152 0.1767114533 0.2266613092 -0.0496155947 0.3308891579 -0.0141857599 -0.6954111270 0.1749524596 0.2202384741 0.3625431388 0.3652021108
0.4100842009 0.2191249396 0.0872447421 0.3272347363 0.1655740392 0.2216541447 -0.0553772372 0.3275695720 -0.0349516296 -0.7047254927 0.1886492838 0.2157752513 0.3592948596 0.3620026807
0.4058941998 0.2147140648 0.0837478156 0.3238503925 0.1543635045 0.2165815138 -0.0611728412 0.3241757591 -0.0557145358 -0.7139964660 0.2023826887 0.2112485450 0.3559687099 0.3587251695
0.4016225627 0.2102439231 0.0802091937 0.3203959123 0.1430865635 0.2114479966 -0.0669976813 0.3207117509 -0.0764660592 -0.7232185167 0.2161452125 0.2066627414 0.3525687103 0.3553735818
0.3972736334 0.2057188611 0.0766328504 0.3168753240 0.1317499307 0.2062581731 -0.0728470316 0.3171815791 -0.0971977808 -0.7323861143 0.2299293929 0.2020222264 0.3490988812 0.3519519219
0.3928517556 0.2011432255 0.0730227598 0.3132926559 0.1203603203 0.2010166236 -0.0787161664 0.3135892757 -0.1179012812 -0.7414937286 0.2437277680 0.1973313861 0.3455632429 0.3484641942
