0.8927166133 0.4852475794 0.6152638893 0.9967104317 -0.9781950074 0.9331312378 -0.1869040606 0.9968819156 -0.9920206325 -0.3146582664 -0.9958129361 0.4457049225 0.9969786011 0.9972117316
0.8914306162 0.4848782952 0.6144567181 0.9942650390 -0.9737144065 0.9314692759 -0.1858367253 0.9944945639 -0.9881647654 -0.3153091499 -0.9930322824 0.4450406463 0.9946188737 0.9949327349
0.8895663249 0.4840891704 0.6131773329 0.9911747823 -0.9688333779 0.9292097480 -0.1849287920 0.9914626846 -0.9835938906 -0.3156144684 -0.9895880476 0.4439671171 0.9916120619 0.9920080934
0.8871406136 0.4828940949 0.6114406970 0.9874574040 -0.9635563650 0.9263700615 -0.1841712303 0.9878039578 -0.9783244326 -0.3155863335 -0.9854975727 0.4424982546 0.9879756932 0.9884552924
0.8841703567 0.4813069591 0.6092617736 0.9831306467 -0.9578878109 0.9229676235 -0.1835550097 0.9835360641 -0.9723728158 -0.3152368569 -0.9807781987 0.4406479787 0.9837272955 0.9842918170
0.8806724284 0.4793416530 0.6066555259 0.9782122529 -0.9518321587 0.9190198416 -0.1830711000 0.9786766838 -0.9657554645 -0.3145781500 -0.9754472667 0.4384302093 0.9788843963 0.9795351527
0.8766637031 0.4770120667 0.6036369172 0.9727199652 -0.9453938517 0.9145441229 -0.1827104707 0.9732434973 -0.9584888031 -0.3136223246 -0.9695221178 0.4358588661 0.9734645232 0.9742027847
0.8721610550 0.4743320905 0.6002209107 0.9666715262 -0.9385773330 0.9095578749 -0.1824640915 0.9672541850 -0.9505892561 -0.3123814922 -0.9630200929 0.4329478691 0.9674852040 0.9683121982
0.8671813585 0.4713156145 0.5964224697 0.9600846782 -0.9313870458 0.9040785048 -0.1823229319 0.9607264272 -0.9420732479 -0.3108677643 -0.9559585332 0.4297111380 0.9609639663 0.9618808785
0.8617414879 0.4679765287 0.5922565574 0.9529771639 -0.9238274333 0.8981234200 -0.1822779616 0.9536779045 -0.9329572027 -0.3090932527 -0.9483547796 0.4261625927 0.9539183377 0.9549263110
0.8558583174 0.4643287234 0.5877381371 0.9453667258 -0.9159029387 0.8917100279 -0.1823201502 0.9461262971 -0.9232575451 -0.3070700688 -0.9402261732 0.4223161532 0.9463658459 0.9474659809
0.8495487215 0.4603860888 0.5828821719 0.9372711064 -0.9076180052 0.8848557357 -0.1824404674 0.9380892855 -0.9129906994 -0.3048103243 -0.9315900551 0.4181857391 0.9383240185 0.9395173734
0.8428295744 0.4561625148 0.5777036251 0.9287080483 -0.8989770759 0.8775779508 -0.1826298826 0.9295845501 -0.9021730900 -0.3023261308 -0.9224637662 0.4137852704 0.9298103833 0.9310979739
0.8357177504 0.4516718918 0.5722174600 0.9196952940 -0.8899845940 0.8698940805 -0.1828793656 0.9206297711 -0.8908211413 -0.2996295998 -0.9128646476 0.4091286669 0.9208424678 0.9222252677
0.8282301238 0.4469281098 0.5664386398 0.9102505860 -0.8806450028 0.8618215321 -0.1831798860 0.9112426292 -0.8789512777 -0.2967328430 -0.9028100405 0.4042298484 0.9114377998 0.9129167399
