0.0600183153 0.2063403393 0.2006880913 0.1133430763 -0.0021392321 0.2121843075 0.3337295429 0.1149852743 -0.3241842952 0.5200064916 -0.5805534841 0.2257301665 0.0989880667 0.1032288282
0.0885442793 0.2314751969 0.2259374295 0.1406334075 0.0070853861 0.2371927320 0.3557850675 0.1422379361 -0.3282312327 0.5371827520 -0.5963659559 0.2504107155 0.1265988037 0.1307420008
0.1175293278 0.2569245322 0.2515077555 0.1683295817 0.0162566842 0.2625093855 0.3780387958 0.1698947925 -0.3325589285 0.5544119077 -0.6121699795 0.2753871049 0.1546303222 0.1586717029
0.1469764151 0.2826899303 0.2774007491 0.1964341177 0.0253729043 0.2881357722 0.4004911386 0.1979583462 -0.3371706893 0.5716931617 -0.6279640078 0.3006607210 0.1830852984 0.1870205717
0.1768884959 0.3087729765 0.3036180899 0.2249495341 0.0344322882 0.3140733962 0.4231425070 0.2264311000 -0.3420698218 0.5890257167 -0.6437464940 0.3262329502 0.2119664083 0.2157912443
0.2072685247 0.3351752561 0.3301614575 0.2538783495 0.0434330776 0.3403237619 0.4459933116 0.2553155566 -0.3472596324 0.6064087754 -0.6595158909 0.3521051787 0.2412763281 0.2449863578
0.2381194560 0.3618983544 0.3570325316 0.2832230826 0.0523735146 0.3668883734 0.4690439635 0.2846142188 -0.3527434277 0.6238415408 -0.6752706517 0.3782787930 0.2710177341 0.2746085495
0.2694442444 0.3889438565 0.3842329920 0.3129862521 0.0612518411 0.3937687350 0.4922948733 0.3143295894 -0.3585245144 0.6413232156 -0.6910092294 0.4047551793 0.3011933022 0.3046604565
0.3012458444 0.4163133478 0.4117645182 0.3431703767 0.0700662988 0.4209663509 0.5157464522 0.3444641710 -0.3646061989 0.6588530026 -0.7067300771 0.4315357240 0.3318057087 0.3351447158
0.3335272107 0.4440084134 0.4396287900 0.3737779748 0.0788151297 0.4484827253 0.5393991108 0.3750204665 -0.3709917879 0.6764301046 -0.7224316476 0.4586218135 0.3628576298 0.3660639647
0.3662912976 0.4720306387 0.4678274870 0.4048115653 0.0874965756 0.4763193625 0.5632532600 0.4060009786 -0.3776845879 0.6940537244 -0.7381123942 0.4860148340 0.3943517414 0.3974208403
0.3995410598 0.5003816089 0.4963622890 0.4362736667 0.0961088785 0.5044777668 0.5873093108 0.4374082101 -0.3846879056 0.7117230648 -0.7537707697 0.5137161720 0.4262907200 0.4292179797
0.4332794518 0.5290629092 0.5252348755 0.4681667978 0.1046502802 0.5329594423 0.6115676740 0.4692446637 -0.3920050475 0.7294373286 -0.7694052274 0.5417272137 0.4586772414 0.4614580201
0.4675094282 0.5580761249 0.5544469262 0.5004934771 0.1131190227 0.5617658932 0.6360287605 0.5015128422 -0.3996393201 0.7471957186 -0.7850142201 0.5700493455 0.4915139820 0.4941435986
0.5022339434 0.5874228412 0.5840001209 0.5332562234 0.1215133477 0.5908986238 0.6606929811 0.5342152484 -0.4075940301 0.7649974377 -0.8005962009 0.5986839538 0.5248036179 0.5272773523
