0.2908850857 0.1906484890 0.1120272374 0.2557953280 0.1225098012 0.3052529992 -0.3326123694 0.2582119760 -0.3016918784 -0.1287324635 -0.1601227886 0.2121432886 0.2731583384 0.2618449709
0.2928015597 0.1922519630 0.1175695773 0.2582850975 0.1023600392 0.3029761891 -0.3331698226 0.2607380972 -0.3246510093 -0.1522478802 -0.1418341385 0.2138275084 0.2755140795 0.2644262237
0.2943152976 0.1934949710 0.1227246529 0.2603771445 0.0821555248 0.3003513075 -0.3338595309 0.2628650639 -0.3470917378 -0.1756868540 -0.1234650961 0.2151420025 0.2774674731 0.2666061626
0.2954118596 0.1943639144 0.1274759989 0.2620567479 0.0619029173 0.2973673660 -0.3346902567 0.2645781108 -0.3689868242 -0.1990375148 -0.1050197996 0.2160729805 0.2790038112 0.2683699547
0.2960768058 0.1948451946 0.1318071499 0.2633091868 0.0416088760 0.2940133760 -0.3356707628 0.2658624722 -0.3903090286 -0.2222879923 -0.0865023875 0.2166066519 0.2801083860 0.2697027673
0.2962956963 0.1949252131 0.1357016406 0.2641197405 0.0212800604 0.2902783490 -0.3368098116 0.2667033828 -0.4110311112 -0.2454264165 -0.0679169982 0.2167292262 0.2807664893 0.2705897674
0.2960540912 0.1945903712 0.1391430056 0.2644736879 0.0009231298 0.2861512967 -0.3381161658 0.2670860771 -0.4311258325 -0.2684409170 -0.0492677701 0.2164269130 0.2809634132 0.2710161222
0.2953375506 0.1938270703 0.1421147796 0.2643563081 -0.0194552564 0.2816212303 -0.3395985879 0.2669957896 -0.4505659525 -0.2913196238 -0.0305588416 0.2156859217 0.2806844497 0.2709669988
0.2941316346 0.1926217120 0.1446004973 0.2637528803 -0.0398484388 0.2766771615 -0.3412658406 0.2664177549 -0.4693242315 -0.3140506665 -0.0117943510 0.2144924618 0.2799148909 0.2704275644
0.2924219033 0.1909606976 0.1465836933 0.2626486836 -0.0602497581 0.2713081017 -0.3431266864 0.2653372074 -0.4873734298 -0.3366221751 0.0070215632 0.2128327430 0.2786400287 0.2693829861
0.2901939169 0.1888304285 0.1480479022 0.2610289970 -0.0806525550 0.2655030624 -0.3451898879 0.2637393818 -0.5046863076 -0.3590222793 0.0258847627 0.2106929748 0.2768451552 0.2678184310
0.2874332355 0.1862173061 0.1489766587 0.2588790996 -0.1010501700 0.2592510551 -0.3474642078 0.2616095125 -0.5212356252 -0.3812391089 0.0447911090 0.2080593665 0.2745155624 0.2657190662
0.2841254191 0.1831077319 0.1493534975 0.2561842706 -0.1214359437 0.2525410914 -0.3499584085 0.2589328342 -0.5369941428 -0.4032607938 0.0637364639 0.2049181279 0.2716365424 0.2630700590
0.2802560279 0.1794881073 0.1491619532 0.2529297889 -0.1418032169 0.2453621826 -0.3526812528 0.2556945812 -0.5519346205 -0.4250754637 0.0827166888 0.2012554683 0.2681933871 0.2598565764
0.2758106220 0.1753448337 0.1483855604 0.2491009338 -0.1621453301 0.2377033403 -0.3556415031 0.2518799883 -0.5660298188 -0.4466712485 0.1017276455 0.1970575974 0.2641713885 0.2560637856
