-0.6490408917 -0.8604661850 -0.8639424133 -0.4335893214 -0.9985005237 -0.8157969629 -0.9848018494 -0.4368589637 -0.9312119841 -0.9964013489 0.6358566503 -0.8497874698 -0.3945981565 -0.3841675689
-0.6427791322 -0.8544249299 -0.8568885806 -0.4264692782 -0.9971620021 -0.8102311698 -0.9807818557 -0.4297509693 -0.9375641902 -0.9979055468 0.6352022801 -0.8438158991 -0.3874421898 -0.3769881339
-0.6361429438 -0.8479626296 -0.8494023342 -0.4190157003 -0.9954191014 -0.8042596270 -0.9763241301 -0.4223088093 -0.9435833216 -0.9990025307 0.6342350332 -0.8374264809 -0.3799613349 -0.3694859791
-0.6291429051 -0.8410903453 -0.8414952733 -0.4112390046 -0.9932808030 -0.7978930213 -0.9714387016 -0.4145429038 -0.9492732613 -0.9996985864 0.6329625257 -0.8306302099 -0.3721659172 -0.3616714128
-0.6217895946 -0.8338191381 -0.8331789971 -0.4031496084 -0.9907560883 -0.7911420396 -0.9661355989 -0.4064636729 -0.9546378922 -1.0000000000 0.6313923738 -0.8234380806 -0.3640662626 -0.3535547435
-0.6140935908 -0.8261600692 -0.8244651049 -0.3947579288 -0.9878539388 -0.7840173689 -0.9604248509 -0.3980815367 -0.9596810972 -0.9999130576 0.6295321936 -0.8158610878 -0.3556726965 -0.3451462795
-0.6060654722 -0.8181241999 -0.8153651960 -0.3860743829 -0.9845833359 -0.7765296959 -0.9543164862 -0.3894069152 -0.9644067593 -0.9994440452 0.6273896013 -0.8079102261 -0.3469955447 -0.3364563291
-0.5977158172 -0.8097225914 -0.8058908695 -0.3771093878 -0.9809532609 -0.7686897076 -0.9478205338 -0.3804502285 -0.9688187614 -0.9985992489 0.6249722131 -0.7995964902 -0.3380451327 -0.3274952009
-0.5890552045 -0.8009663048 -0.7960537247 -0.3678733607 -0.9769726954 -0.7605080910 -0.9409470224 -0.3712218967 -0.9729209866 -0.9973849547 0.6222876450 -0.7909308747 -0.3288317862 -0.3182732031
-0.5800942124 -0.7918664014 -0.7858653608 -0.3583767185 -0.9726506206 -0.7519955328 -0.9337059808 -0.3617323399 -0.9767173176 -0.9958074486 0.6193435131 -0.7819243744 -0.3193658307 -0.3088006441
-0.5708434196 -0.7824339424 -0.7753373772 -0.3486298786 -0.9679960181 -0.7431627200 -0.9261074379 -0.3519919781 -0.9802116375 -0.9938730167 0.6161474338 -0.7725879837 -0.3096575920 -0.2990878323
-0.5613134044 -0.7726799889 -0.7644813730 -0.3386432579 -0.9630178692 -0.7340203395 -0.9181614223 -0.3420112315 -0.9834078293 -0.9915879450 0.6127070230 -0.7629326975 -0.2997173957 -0.2891450761
-0.5515147455 -0.7626156022 -0.7533089474 -0.3284272737 -0.9577251554 -0.7245790781 -0.9098779630 -0.3318005200 -0.9863097758 -0.9889585196 0.6090298969 -0.7529695104 -0.2895555673 -0.2789826839
-0.5414580213 -0.7522518434 -0.7418316997 -0.3179923430 -0.9521268581 -0.7148496227 -0.9012670887 -0.3213702639 -0.9889213600 -0.9859910264 0.6051236718 -0.7427094171 -0.2791824325 -0.2686109640
-0.5311538103 -0.7415997738 -0.7300612292 -0.3073488829 -0.9462319586 -0.7048426604 -0.8923388282 -0.3107308831 -0.9912464648 -0.9826917516 0.6009959636 -0.7321634121 -0.2686083170 -0.2580402249
