0.6220660051 0.5954654168 0.6296371989 0.7220922379 0.4708389978 0.5943347607 0.5352334457 0.7215532458 0.3574197876 0.3088863544 -0.5785065531 0.5854704050 0.7393557309 0.7352464342
0.6500996294 0.6236386815 0.6574090951 0.7484449469 0.4997822819 0.6225029791 0.5637762046 0.7479152851 0.3862279908 0.3334440443 -0.6070375206 0.6137073432 0.7652956607 0.7612880153
0.6769280970 0.6506628413 0.6839623832 0.7733584614 0.5278004914 0.6495244314 0.5912832322 0.7728396272 0.4142829731 0.3571401131 -0.6344509602 0.6408149760 0.7897503745 0.7858554111
0.7025662251 0.6765524673 0.7093133584 0.7968526531 0.5549030206 0.6754137330 0.6177670616 0.7963461356 0.4415910607 0.3799859421 -0.6607594823 0.6668076107 0.8127407755 0.8089692678
0.7270288313 0.7013221306 0.7334783163 0.8189473933 0.5810992637 0.7001854995 0.6432402262 0.8184546740 0.4681585798 0.4019929122 -0.6859756974 0.6916995548 0.8342877668 0.8306502314
0.7503307330 0.7249864023 0.7564735520 0.8396625535 0.6063986147 0.7238543463 0.6677152592 0.8391851059 0.4939918569 0.4231724046 -0.7101122159 0.7155051156 0.8544122514 0.8509189479
0.7724867474 0.7475598536 0.7783153610 0.8590180052 0.6308104678 0.7464348891 0.6912046938 0.8585572950 0.5190972183 0.4435358004 -0.7331816483 0.7382386003 0.8731351323 0.8697960635
0.7935116920 0.7690570555 0.7990200387 0.8770336199 0.6543442171 0.7679417432 0.7137210633 0.8765911049 0.5434809901 0.4630944806 -0.7551966050 0.7599143164 0.8904773127 0.8873022241
0.8134203842 0.7894925792 0.8186038803 0.8937292690 0.6770092569 0.7883895243 0.7352769010 0.8933063991 0.5671494988 0.4818598263 -0.7761696965 0.7805465711 0.9064596956 0.9034580758
0.8322276413 0.8088809958 0.8370831813 0.9091248241 0.6988149812 0.8077928478 0.7558847402 0.9087230414 0.5901090706 0.4998432187 -0.7961135331 0.8001496719 0.9211031841 0.9182842648
0.8499482808 0.8272368764 0.8544742370 0.9232401565 0.7197707842 0.8261663293 0.7755571140 0.9228608952 0.6123660318 0.5170560387 -0.8150407254 0.8187379261 0.9344286813 0.9318014370
0.8665971201 0.8445747922 0.8707933428 0.9360951379 0.7398860601 0.8435245842 0.7943065557 0.9357398243 0.6339267087 0.5335096675 -0.8329638837 0.8363256410 0.9464570902 0.9440302385
0.8821889765 0.8609093141 0.8860567939 0.9477096395 0.7591702029 0.8598822280 0.8121455986 0.9473796922 0.6547974277 0.5492154862 -0.8498956186 0.8529271240 0.9572093139 0.9549913154
0.8967386675 0.8762550135 0.9002808859 0.9581035330 0.7776326069 0.8752538764 0.8290867760 0.9578003625 0.6749845150 0.5641848758 -0.8658485403 0.8685566824 0.9667062554 0.9647053138
0.9102610103 0.8906264613 0.9134819139 0.9672966898 0.7952826662 0.8896541448 0.8451426210 0.9670216989 0.6944942970 0.5784292174 -0.8808352595 0.8832286235 0.9749688179 0.9731928796
