-0.2035318392 -0.4584703634 -0.4440360517 -0.5039572820 0.4764131676 -0.4347599285 -0.4790881049 -0.5048944871 0.7394482480 -0.7515848727 0.1871734739 -0.4325584081 -0.4929053252 -0.5014953025
-0.2254877588 -0.4823675135 -0.4667631162 -0.5269491019 0.4644270086 -0.4590936005 -0.5005337817 -0.5278345986 0.7334678766 -0.7568648871 0.2160952485 -0.4572387902 -0.5164494124 -0.5247991941
-0.2468397817 -0.5056588141 -0.4889566456 -0.5493300036 0.4527631352 -0.4828248284 -0.5214735413 -0.5501654281 0.7276446080 -0.7620974879 0.2444191695 -0.4813015959 -0.5393663450 -0.5474783861
-0.2675928009 -0.5283487671 -0.5106203335 -0.5711046458 0.4414186969 -0.5059580281 -0.5419108490 -0.5718916177 0.7219768114 -0.7672823586 0.2721492011 -0.5047514047 -0.5616609433 -0.5695376906
-0.2877517093 -0.5504418745 -0.5317578731 -0.5922776872 0.4303908429 -0.5284976153 -0.5618491700 -0.5930178095 0.7164628562 -0.7724191823 0.2992893074 -0.5275927961 -0.5833380275 -0.5909819195
-0.3073213998 -0.5719426381 -0.5523729578 -0.6128537866 0.4196767226 -0.5504480060 -0.5812919696 -0.6135486457 0.7111011119 -0.7775076423 0.3258434526 -0.5498303496 -0.6044024178 -0.6118158848
-0.3263067654 -0.5928555598 -0.5724692811 -0.6328376025 0.4092734854 -0.5718136159 -0.6002427132 -0.6334887682 0.7058899478 -0.7825474218 0.3518156009 -0.5714686447 -0.6248589346 -0.6320443985
-0.3447126989 -0.6131851415 -0.5920505364 -0.6522337939 0.3991782806 -0.5925988609 -0.6187048660 -0.6528428193 0.7008277333 -0.7875382043 0.3772097164 -0.5925122609 -0.6447123982 -0.6516722726
-0.3625440934 -0.6329358851 -0.6111204170 -0.6710470193 0.3893882575 -0.6128081568 -0.6366818933 -0.6716154411 0.6959128378 -0.7924796728 0.4020297633 -0.6129657778 -0.6639676287 -0.6707043191
-0.3798058417 -0.6521122925 -0.6296826163 -0.6892819376 0.3799005656 -0.6324459196 -0.6541772604 -0.6898112756 0.6911436307 -0.7973715106 0.4262797057 -0.6328337747 -0.6826294465 -0.6891453500
-0.3965028368 -0.6707188654 -0.6477408278 -0.7069432073 0.3707123540 -0.6515165649 -0.6711944326 -0.7074349651 0.6865184813 -0.8022134011 0.4499635079 -0.6521208313 -0.7007026719 -0.7070001772
-0.4126399717 -0.6887601059 -0.6652987448 -0.7240354874 0.3618207723 -0.6700245087 -0.6877368752 -0.7244911515 0.6820357591 -0.8070050276 0.4730851340 -0.6708315270 -0.7181921250 -0.7242736127
-0.4282221391 -0.7062405158 -0.6823600608 -0.7405634364 0.3532229698 -0.6879741669 -0.7038080535 -0.7409844770 0.6776938333 -0.8117460731 0.4956485482 -0.6889704413 -0.7351026262 -0.7409704686
-0.4432542322 -0.7231645970 -0.6989284690 -0.7565317130 0.3449160957 -0.7053699552 -0.7194114328 -0.7569195838 0.6734910735 -0.8164362211 0.5176577146 -0.7065421537 -0.7514389958 -0.7570955569
-0.4577411438 -0.7395368514 -0.7150076630 -0.7719449761 0.3368972995 -0.7222162894 -0.7345504783 -0.7723011138 0.6694258490 -0.8210751548 0.5391165974 -0.7235512437 -0.7672060540 -0.7726536894
