0.9787733081 0.9156974935 0.8666045815 0.9612750851 -0.9197098360 0.4093592067 -0.9384571925 0.9612853256 -0.9243603335 -0.9667390327 0.9480529637 0.9203760952 0.9619603351 0.9613430444
0.9684484309 0.9136784337 0.8611532063 0.9424088363 -0.8803014353 0.4159970588 -0.9082877432 0.9424238100 -0.8873018174 -0.9504750436 0.9225474313 0.9150456505 0.9434242012 0.9425053967
0.9583135989 0.9117567762 0.8558806810 0.9238700479 -0.8413810037 0.4226379861 -0.8785163484 0.9238894999 -0.8507468020 -0.9344529655 0.8973514146 0.9098830805 0.9252072696 0.9239916694
0.9483671116 0.9099312050 0.8507851053 0.9056562107 -0.8029461774 0.4292811555 -0.8491405721 0.9056798883 -0.8146922542 -0.9186709847 0.8724630578 0.9048865759 0.9073070927 0.9057993877
0.9386072686 0.9082004039 0.8458645787 0.8877648157 -0.7649945925 0.4359257335 -0.8201579779 0.8877924685 -0.7791351408 -0.9031272871 0.8478805049 0.9000543280 0.8897212231 0.8879260770
0.9290323694 0.9065630569 0.8411172007 0.8701933539 -0.7275238852 0.4425708871 -0.7915661296 0.8702247338 -0.7440724289 -0.8878200587 0.8236019001 0.8953845277 0.8724472132 0.8703692626
0.9196407137 0.9050178480 0.8365410708 0.8529393160 -0.6905316917 0.4492157827 -0.7633625911 0.8529741773 -0.7095010853 -0.8727474857 0.7996253872 0.8908753659 0.8554826155 0.8531264696
0.9104306009 0.9035634609 0.8321342887 0.8360001932 -0.6540156482 0.4558595873 -0.7355449261 0.8360382922 -0.6754180770 -0.8579077541 0.7759491105 0.8865250337 0.8388249823 0.8361952234
0.9014003306 0.9021985797 0.8278949539 0.8193734763 -0.6179733908 0.4625014674 -0.7081106983 0.8194145718 -0.6418203707 -0.8432990500 0.7525712139 0.8823317221 0.8224718661 0.8195730493
0.8925482024 0.9009218883 0.8238211659 0.8030566562 -0.5824025557 0.4691405898 -0.6810574716 0.8031005093 -0.6087049336 -0.8289195594 0.7294898415 0.8782936221 0.8064208195 0.8032574725
0.8838725158 0.8997320706 0.8199110243 0.7870472239 -0.5473007792 0.4757761212 -0.6543828096 0.7870935978 -0.5760687325 -0.8147674684 0.7067031373 0.8744089247 0.7906693949 0.7872460183
0.8753715703 0.8986278106 0.8161626286 0.7713426702 -0.5126656973 0.4824072283 -0.6280842763 0.7713913307 -0.5439087342 -0.8008409630 0.6842092455 0.8706758209 0.7752151446 0.7715362120
0.8670436656 0.8976077921 0.8125740784 0.7559404862 -0.4784949462 0.4890330778 -0.6021594354 0.7559912011 -0.5122219058 -0.7871382293 0.6620063100 0.8670925017 0.7600556213 0.7561255789
0.8588871011 0.8966706990 0.8091434732 0.7408381628 -0.4447861622 0.4956528365 -0.5766058505 0.7408907022 -0.4810052141 -0.7736574534 0.6400924749 0.8636571581 0.7451883773 0.7410116442
0.8509001764 0.8958152154 0.8058689126 0.7260331908 -0.4115369814 0.5022656710 -0.5514210856 0.7260873272 -0.4502556260 -0.7603968213 0.6184658843 0.8603679811 0.7306109650 0.7261919332
