0.0102287962 -0.0911906522 -0.2444804809 0.0605676448 0.0973604321 -0.1011521226 -0.1370178171 0.0604103022 0.1152500136 -0.2939596415 -0.2805088538 -0.1121800496 0.1328852853 0.1254139704
0.0076935538 -0.0926174498 -0.2458967046 0.0568192336 0.0953576978 -0.1026942428 -0.1380767454 0.0567102198 0.1136275506 -0.2947218287 -0.2769385065 -0.1138475414 0.1289046434 0.1213049060
0.0050357853 -0.0941375824 -0.2473732497 0.0529293841 0.0932172650 -0.1043283266 -0.1392167057 0.0528690554 0.1118660816 -0.2955293403 -0.2731806420 -0.1156054633 0.1247654723 0.1170380612
0.0022628297 -0.0957445503 -0.2489039327 0.0489062311 0.0909463444 -0.1060478285 -0.1404315015 0.0488949157 0.1099726361 -0.2963764669 -0.2692437382 -0.1174472203 0.1204761858 0.1126219082
-0.0006179741 -0.0974318536 -0.2504825700 0.0447579090 0.0885521467 -0.1078462028 -0.1417149360 0.0447959073 0.1079542435 -0.2972574992 -0.2651362731 -0.1193662175 0.1160451976 0.1080649190
-0.0035992871 -0.0991929925 -0.2521029781 0.0404925524 0.0860418829 -0.1097169040 -0.1430608126 0.0405801368 0.1058179334 -0.2981667277 -0.2608667244 -0.1213558599 0.1114809215 0.1033755656
-0.0066737704 -0.1010214671 -0.2537589735 0.0361182960 0.0834227635 -0.1116533864 -0.1444629345 0.0362557109 0.1035707352 -0.2990984432 -0.2564435701 -0.1234095525 0.1067917712 0.0985623202
-0.0098340851 -0.1029107778 -0.2554443726 0.0316432743 0.0807019994 -0.1136491045 -0.1459151050 0.0318307363 0.1012196784 -0.3000469362 -0.2518752880 -0.1255207003 0.1019861605 0.0936336548
-0.0130728922 -0.1048544247 -0.2571529919 0.0270756220 0.0778868014 -0.1156975127 -0.1474111275 0.0273133194 0.0987717927 -0.3010064973 -0.2471703561 -0.1276827084 0.0970725031 0.0885980415
-0.0163828527 -0.1068459079 -0.2588786479 0.0224234735 0.0749843801 -0.1177920653 -0.1489448053 0.0227115670 0.0962341074 -0.3019714172 -0.2423372521 -0.1298889817 0.0920592128 0.0834639523
-0.0197566278 -0.1088787276 -0.2606151570 0.0176949636 0.0720019465 -0.1199262167 -0.1505099416 0.0180335858 0.0936136521 -0.3029359865 -0.2373844540 -0.1321329254 0.0869547033 0.0782398594
-0.0231868784 -0.1109463841 -0.2623563357 0.0128982268 0.0689467111 -0.1220934214 -0.1521003398 0.0132874823 0.0909174562 -0.3038944958 -0.2323204398 -0.1344079444 0.0817673884 0.0729342348
-0.0266662656 -0.1130423775 -0.2640960005 0.0080413976 0.0658258848 -0.1242871337 -0.1537098031 0.0084813631 0.0881525493 -0.3048412357 -0.2271536871 -0.1367074437 0.0765056819 0.0675555505
-0.0301874505 -0.1151602080 -0.2658279678 0.0031326107 0.0626466784 -0.1265008081 -0.1553321350 0.0036233350 0.0853259609 -0.3057704968 -0.2218926740 -0.1390248284 0.0711779974 0.0621122787
-0.0337430941 -0.1172933759 -0.2675460540 -0.0018199993 0.0594163026 -0.1287278989 -0.1569611386 -0.0012784955 0.0824447205 -0.3066765699 -0.2165458783 -0.1413535035 0.0657927488 0.0566128914
