-0.1141009310 -0.0900459924 -0.0322786090 -0.1745200967 -0.1907945029 -0.1420701597 0.2267502047 -0.1744410674 -0.9439452396 -0.3634843872 0.3525065974 -0.0976232197 -0.1859695946 -0.1896577343
-0.1587548270 -0.1353349622 -0.0800633300 -0.2161858974 -0.2327100721 -0.1854239339 0.1821367021 -0.2161064348 -0.9307550475 -0.3979659454 0.3871485090 -0.1424647157 -0.2270869604 -0.2305604485
-0.2053455617 -0.1826892820 -0.1300949857 -0.2596480587 -0.2762461367 -0.2306386374 0.1352619620 -0.2595689148 -0.9160813573 -0.4335216636 0.4229401731 -0.1893634635 -0.2699717347 -0.2732262169
-0.2539010969 -0.2321391887 -0.1824065925 -0.3049326795 -0.3214253778 -0.2777411398 0.0860923234 -0.3048546206 -0.8998993179 -0.4701658395 0.4598972835 -0.2383496671 -0.3146496143 -0.3176807117
-0.3044493941 -0.2837149190 -0.2370311666 -0.3520658588 -0.3682704766 -0.3267583107 0.0345941255 -0.3519896659 -0.8821840779 -0.5079127707 0.4980355341 -0.2894535309 -0.3611462959 -0.3639496052
-0.3570184152 -0.3374467094 -0.2940017245 -0.4010736956 -0.4168041144 -0.3777170195 -0.0192662928 -0.4010001639 -0.8629107863 -0.5467767549 0.5373706188 -0.3427052589 -0.4094874764 -0.4120585696
-0.4116361216 -0.3933647968 -0.3533512823 -0.4519822888 -0.4670489724 -0.4306441360 -0.0755225922 -0.4519122281 -0.8420545918 -0.5867720897 0.5779182316 -0.3981350554 -0.4596988524 -0.4620332771
-0.4683304752 -0.4514994178 -0.4151128566 -0.5048177375 -0.5190277317 -0.4855665295 -0.1342084338 -0.5047519720 -0.8195906432 -0.6279130729 0.6196940662 -0.4557731247 -0.5118061207 -0.5138993999
-0.5271294375 -0.5118808092 -0.4793194635 -0.5596061405 -0.5727630736 -0.5425110697 -0.1953574785 -0.5595455089 -0.7954940894 -0.6702140021 0.6627138167 -0.5156496708 -0.5658349781 -0.5676826103
-0.5880609703 -0.5745392075 -0.5460041195 -0.6163735970 -0.6282776793 -0.6015046261 -0.2590033872 -0.6163189523 -0.7697400792 -0.7136891750 0.7069931768 -0.5777948981 -0.6218111212 -0.6234085804
-0.6511530352 -0.6395048496 -0.6151998409 -0.6751462058 -0.6855942299 -0.6625740683 -0.3251798207 -0.6750984155 -0.7423037613 -0.7583528893 0.7525478406 -0.6422390106 -0.6797602469 -0.6811029824
-0.7164335939 -0.7068079721 -0.6869396440 -0.7359500660 -0.7447354068 -0.7257462658 -0.3939204401 -0.7359100121 -0.7131602847 -0.8042194427 0.7993935019 -0.7090122127 -0.7397080520 -0.7407914887
-0.7839306081 -0.7764788116 -0.7612565451 -0.7988112766 -0.8057238910 -0.7910480882 -0.4652589062 -0.7987798554 -0.6822847980 -0.8513031327 0.8475458546 -0.7781447084 -0.8016802330 -0.8024997714
-0.8536720394 -0.8485476050 -0.8381835606 -0.8637559364 -0.8685823638 -0.8585064050 -0.5392288800 -0.8637340589 -0.6496524501 -0.8996182572 0.8970205925 -0.8496667021 -0.8657024869 -0.8662535027
-0.9256858495 -0.9230445889 -0.9177537068 -0.9308101446 -0.9333335064 -0.9281480857 -0.6158640224 -0.9307987359 -0.6152383899 -0.9491791137 0.9478334097 -0.9236083979 -0.9318005103 -0.9320783548
