0.3395209880 0.2523685175 0.2725893173 0.2192239362 0.2357563430 0.3332875613 0.1046594792 0.2202050488 0.2064027301 -0.2490972381 -0.1054248345 0.2238705204 0.2031591874 0.2107885366
0.3438015843 0.2609637667 0.2798840617 0.2197599724 0.2581274184 0.3372896648 0.1204117044 0.2206387458 0.2167067377 -0.2591651725 -0.1029599981 0.2330857997 0.2029624224 0.2106575313
0.3488200824 0.2702226066 0.2878737248 0.2210350620 0.2805523532 0.3420519740 0.1367088976 0.2218069856 0.2264446502 -0.2698322463 -0.1011841818 0.2429775738 0.2034857301 0.2112447327
0.3545933565 0.2801589273 0.2965732697 0.2230669477 0.3030267041 0.3475918964 0.1535600892 0.2237274485 0.2356000432 -0.2811105710 -0.1001147266 0.2535597627 0.2047466381 0.2125676263
0.3611382809 0.2907866190 0.3059976597 0.2258733720 0.3255460280 0.3539268392 0.1709743095 0.2264178149 0.2441564923 -0.2930122584 -0.0997689735 0.2648462861 0.2067626741 0.2146436972
0.3684717300 0.3021195718 0.3161618581 0.2294720773 0.3481058817 0.3610742098 0.1889605890 0.2298957652 0.2520975731 -0.3055494200 -0.1001642636 0.2768510640 0.2095513657 0.2174904307
0.3766105781 0.3141716759 0.3270808281 0.2338808063 0.3707018221 0.3690514156 0.2075279580 0.2341789798 0.2594068613 -0.3187341674 -0.1013179379 0.2895880161 0.2131302406 0.2211253121
0.3855716995 0.3269568215 0.3387695329 0.2391173014 0.3933294058 0.3778758638 0.2266854470 0.2392851391 0.2660679324 -0.3325786122 -0.1032473375 0.3030710623 0.2175168264 0.2255658268
0.3953719685 0.3404888985 0.3512429357 0.2451993053 0.4159841899 0.3875649618 0.2464420862 0.2452319235 0.2720643621 -0.3470948659 -0.1059698033 0.3173141225 0.2227286509 0.2308294599
0.4060282594 0.3547817973 0.3645159999 0.2521445603 0.4386617310 0.3981361169 0.2668069061 0.2520370133 0.2773797259 -0.3622950402 -0.1095026765 0.3323311164 0.2287832416 0.2369336967
0.4175574465 0.3698494080 0.3786036886 0.2599708091 0.4613575860 0.4096067364 0.2877889371 0.2597180890 0.2819975995 -0.3781912467 -0.1138632981 0.3481359641 0.2356981263 0.2438960226
0.4299764041 0.3857056206 0.3935209651 0.2686957942 0.4840673117 0.4219942277 0.3093972096 0.2682928309 0.2859015585 -0.3947955970 -0.1190690091 0.3647425852 0.2434908325 0.2517339227
0.4433020065 0.4023643254 0.4092827926 0.2783372581 0.5067864650 0.4353159981 0.3316407538 0.2777789195 0.2890751784 -0.4121202026 -0.1251371505 0.3821648996 0.2521788879 0.2604648824
0.4575511281 0.4198394125 0.4259041343 0.2889129434 0.5295106026 0.4495894550 0.3545286003 0.2881940351 0.2915020349 -0.4301771752 -0.1320850634 0.4004168273 0.2617798203 0.2701063870
0.4727406431 0.4381447720 0.4433999536 0.3004405926 0.5522352813 0.4648320056 0.3780697794 0.2995558581 0.2931657036 -0.4489786263 -0.1399300889 0.4195122879 0.2723111571 0.2806759217
