0.1079412936 -0.0609248160 -0.1458623821 0.1525112065 0.3792749568 -0.1117626783 -0.1795499157 0.1458810073 0.2568662318 -0.4820827629 0.1146085330 -0.0432538555 0.1844406212 0.1792104439
0.1233949667 -0.0463946269 -0.1324185237 0.1666138347 0.3911974295 -0.0972083746 -0.1646627306 0.1600266437 0.2646573303 -0.4711307717 0.0983922754 -0.0285378637 0.1986199170 0.1932368750
0.1388220715 -0.0318557048 -0.1189529607 0.1806862016 0.4030901693 -0.0826355611 -0.1497420942 0.1741431006 0.2724281231 -0.4601132358 0.0821527502 -0.0138163710 0.2127622985 0.2072282406
0.1542192679 -0.0173107872 -0.1054679101 0.1947257266 0.4149492957 -0.0680470190 -0.1347910594 0.1882277813 0.2801756241 -0.4490318043 0.0658938063 0.0009077849 0.2268651022 0.2211819694
0.1695832162 -0.0027626113 -0.0919655886 0.2087298295 0.4267709284 -0.0534455290 -0.1198126787 0.2022780890 0.2878968470 -0.4378881261 0.0496192924 0.0156317663 0.2409256643 0.2350954902
0.1849105765 0.0117860853 -0.0784482131 0.2226959299 0.4385511871 -0.0388338720 -0.1048100051 0.2162914269 0.2955888056 -0.4266838504 0.0333330572 0.0303527355 0.2549413212 0.2489662317
0.2001980089 0.0263325654 -0.0649180006 0.2366214474 0.4502861915 -0.0242148291 -0.0897860912 0.2302651983 0.3032485139 -0.4154206263 0.0170389494 0.0450678547 0.2689094093 0.2627916227
0.2154421737 0.0408740915 -0.0513771680 0.2505038015 0.4619720612 -0.0095911810 -0.0747439898 0.2441968065 0.3108729856 -0.4041001028 0.0007408178 0.0597742862 0.2828272649 0.2765690920
0.2306397309 0.0554079263 -0.0378279321 0.2643404119 0.4736049158 0.0050342912 -0.0596867536 0.2580836546 0.3184592346 -0.3927239292 -0.0155574888 0.0744691923 0.2966922244 0.2902960684
0.2457873407 0.0699313323 -0.0242725098 0.2781286981 0.4851808750 0.0196588068 -0.0446174356 0.2719231459 0.3260042746 -0.3812937543 -0.0318521217 0.0891497353 0.3105016242 0.3039699806
0.2608816633 0.0844415722 -0.0107131180 0.2918660799 0.4966960585 0.0342795847 -0.0295390883 0.2857126838 0.3335051196 -0.3698112274 -0.0481392322 0.1038130773 0.3242528005 0.3175882574
0.2759193589 0.0989359086 0.0028480263 0.3055499769 0.5081465859 0.0488938441 -0.0144547645 0.2994496713 0.3409587834 -0.3582779975 -0.0644149715 0.1184563808 0.3379430898 0.3311483275
0.2908970875 0.1134116040 0.0164087064 0.3191778085 0.5195285769 0.0634988040 0.0006324829 0.3131315118 0.3483622797 -0.3466957137 -0.0806754908 0.1330768080 0.3515698285 0.3446476199
0.3058115093 0.1278659212 0.0299667053 0.3327469945 0.5308381512 0.0780916836 0.0157196013 0.3267556084 0.3557126224 -0.3350660251 -0.0969169415 0.1476715211 0.3651303528 0.3580835631
0.3206592845 0.1422961228 0.0435198061 0.3462549544 0.5420714283 0.0926697019 0.0308035379 0.3403193645 0.3630068254 -0.3233905808 -0.1131354748 0.1622376824 0.3786219991 0.3714535860
