-0.8592718244 -0.8674673135 -0.8786960457 -0.7935806672 -0.6876762724 -0.8674943579 -0.8163902922 -0.8025532719 -0.6469532639 -0.1709262227 0.7643518353 -0.8720125140 -0.7569928105 -0.7678918143
-0.8687100837 -0.8758907538 -0.8751246954 -0.7833848986 -0.7078612796 -0.8759084864 -0.8278693983 -0.7928373645 -0.6696713068 -0.1733266276 0.7792406142 -0.8801072602 -0.7447959477 -0.7562774962
-0.8782393419 -0.8844679739 -0.8715129401 -0.7729203149 -0.7283632363 -0.8844774766 -0.8395905472 -0.7828668359 -0.6927624711 -0.1760048135 0.7944178681 -0.8883562610 -0.7322700232 -0.7443513395
-0.8878604552 -0.8932006513 -0.8678612888 -0.7621853443 -0.7491845907 -0.8932030193 -0.8515561465 -0.7726402389 -0.7162296140 -0.1789641915 0.8098862180 -0.8967612303 -0.7194129344 -0.7321113926
-0.8975742798 -0.9020904632 -0.8641702506 -0.7511784155 -0.7703277914 -0.9020868053 -0.8637686036 -0.7621561264 -0.7400755930 -0.1822081728 0.8256482849 -0.9053238820 -0.7062225789 -0.7195557041
-0.9073816717 -0.9111390871 -0.8604403344 -0.7398979568 -0.7917952868 -0.9111305252 -0.8762303260 -0.7514130514 -0.7643032656 -0.1857401684 0.8417066897 -0.9140459301 -0.6926968541 -0.7066823224
-0.9172834872 -0.9203482002 -0.8566720494 -0.7283423967 -0.8135895254 -0.9203358697 -0.8889437211 -0.7404095667 -0.7889154891 -0.1895635895 0.8580640535 -0.9229290885 -0.6788336576 -0.6934892961
-0.9272805825 -0.9297194799 -0.8528659046 -0.7165101636 -0.8357129555 -0.9297045296 -0.9019111966 -0.7291442251 -0.8139151209 -0.1936818471 0.8747229971 -0.9319750712 -0.6646308869 -0.6799746736
-0.9373738136 -0.9392546036 -0.8490224090 -0.7043996859 -0.8581680257 -0.9392381956 -0.9151351597 -0.7176155798 -0.8393050185 -0.1980983524 0.8916861416 -0.9411855920 -0.6500864394 -0.6661365035
-0.9475640369 -0.9489552486 -0.8451420716 -0.6920093921 -0.8809571843 -0.9489385585 -0.9286180181 -0.7058221834 -0.8650880393 -0.2028165164 0.9089561078 -0.9505623650 -0.6351982127 -0.6519728342
-0.9578521084 -0.9588230922 -0.8412254016 -0.6793377106 -0.9040828799 -0.9588073088 -0.9423621792 -0.6937625889 -0.8912670406 -0.2078397503 0.9265355169 -0.9601071040 -0.6199641043 -0.6374817142
-0.9682388842 -0.9688598118 -0.8372729078 -0.6663830698 -0.9275475608 -0.9688461374 -0.9563700504 -0.6814353492 -0.9178448800 -0.2131714652 0.9444269896 -0.9698215231 -0.6043820116 -0.6226611921
-0.9787252207 -0.9790670848 -0.8332850995 -0.6531438983 -0.9513536755 -0.9790567350 -0.9706440393 -0.6688390172 -0.9448244147 -0.2188150721 0.9626331471 -0.9797073362 -0.5884498322 -0.6075093162
-0.9893119739 -0.9894465884 -0.8292624856 -0.6396186244 -0.9755036724 -0.9894407923 -0.9851865534 -0.6559721458 -0.9722085022 -0.2247739822 0.9811566102 -0.9897662572 -0.5721654635 -0.5920241352
-1.0000000000 -1.0000000000 -0.8252055752 -0.6258056766 -1.0000000000 -1.0000000000 -1.0000000000 -0.6428332879 -1.0000000000 -0.2310516067 1.0000000000 -1.0000000000 -0.5555268031 -0.5762036975
