-0.8309992425 0.0538495931 0.0912551447 -0.7313417692 -0.2500462234 0.0466466818 -0.0724536316 -0.7389910171 0.0220947157 0.1336386263 0.8147025802 -0.0029634151 -0.7005740616 -0.6927647539
-0.8276023829 0.0809459804 0.1177451378 -0.7376414011 -0.2185103517 0.0734897056 -0.0435219348 -0.7450854533 0.0463644785 0.1576851471 0.7993460178 0.0251343026 -0.7077405235 -0.7001919093
-0.8242196017 0.1084247665 0.1445744954 -0.7441274009 -0.1862081709 0.1007416512 -0.0140513727 -0.7513622895 0.0712544601 0.1821210792 0.7833201093 0.0536763071 -0.7151067233 -0.7078196552
-0.8208526385 0.1362873473 0.1717439711 -0.7508025883 -0.1531330078 0.1284049495 0.0159620655 -0.7578243214 0.0967707563 0.2069494088 0.7666184542 0.0826647191 -0.7226755358 -0.7156508400
-0.8175032333 0.1645351191 0.1992543182 -0.7576697832 -0.1192781888 0.1564820317 0.0465223905 -0.7644743450 0.1229194624 0.2321731219 0.7492346523 0.1121016594 -0.7304498359 -0.7236883122
-0.8141731260 0.1931694778 0.2271062901 -0.7647318053 -0.0846370408 0.1849753291 0.0776336129 -0.7713151560 0.1497066743 0.2577952046 0.7311623033 0.1419892486 -0.7384324987 -0.7319349201
-0.8108640562 0.2221918195 0.2553006404 -0.7719914744 -0.0492028902 0.2138872727 0.1092997434 -0.7783495503 0.1771384873 0.2838186431 0.7123950070 0.1723296076 -0.7466263989 -0.7403935120
-0.8075777639 0.2516035404 0.2838381224 -0.7794516104 -0.0129690638 0.2432202938 0.1415247928 -0.7855803237 0.2052209972 0.3102464235 0.6929263631 0.2031248571 -0.7550344116 -0.7490669364
-0.8043159889 0.2814060366 0.3127194895 -0.7871150330 0.0240711119 0.2729768234 0.1743127717 -0.7930102720 0.2339602996 0.3370815319 0.6727499713 0.2343771178 -0.7636594117 -0.7579580416
-0.8010804711 0.3116007040 0.3419454952 -0.7949845621 0.0619243102 0.3031592928 0.2076676908 -0.8006421910 0.2633624899 0.3643269545 0.6518594312 0.2660885104 -0.7725042741 -0.7670696760
-0.7978729502 0.3421889388 0.3715168930 -0.8030630174 0.1005972044 0.3337701330 0.2415935609 -0.8084788766 0.2934336639 0.3919856773 0.6302483427 0.2982611557 -0.7815718738 -0.7764046880
-0.7946951662 0.3731721372 0.4014344362 -0.8113532189 0.1400964679 0.3648117753 0.2760943926 -0.8165231247 0.3241799171 0.4200606865 0.6079103055 0.3308971743 -0.7908650856 -0.7859659260
-0.7915488588 0.4045516950 0.4316988783 -0.8198579862 0.1804287741 0.3962866508 0.3111741966 -0.8247777309 0.3556073451 0.4485549682 0.5848389192 0.3639986872 -0.8003867845 -0.7957562383
-0.7884357680 0.4363290086 0.4623109728 -0.8285801391 0.2216007964 0.4281971906 0.3468369837 -0.8332454912 0.3877220436 0.4774715086 0.5610277836 0.3975678149 -0.8101398454 -0.8057784733
-0.7853576334 0.4685054739 0.4932714730 -0.8375224976 0.2636192081 0.4605458259 0.3830867645 -0.8419292014 0.4205301080 0.5068132936 0.5364704983 0.4316066781 -0.8201271434 -0.8160354795
