0.6389852346 0.4677986231 0.3554510836 0.5500304312 0.9384876421 0.4073721447 0.3962633081 0.5478656498 0.8144628585 -0.1368763279 -0.9688211315 0.5371772939 0.5691200473 0.5609476381
0.6463352947 0.4787688320 0.3669989994 0.5556214816 0.9474337581 0.4195146955 0.4101750088 0.5534793164 0.8170861322 -0.1134508805 -0.9739254692 0.5478523771 0.5741861503 0.5661500081
0.6537913124 0.4899118511 0.3788398850 0.5615076601 0.9557263170 0.4318581311 0.4242268441 0.5593899392 0.8183346958 -0.0896023954 -0.9785950703 0.5586234530 0.5795450706 0.5716499379
0.6613574418 0.5012316585 0.3909799383 0.5676977569 0.9633519983 0.4444065046 0.4384208633 0.5656063362 0.8181761603 -0.0653270847 -0.9828235207 0.5694930489 0.5852057752 0.5774564337
0.6690378368 0.5127322323 0.4034253572 0.5742005620 0.9702974812 0.4571638689 0.4527591153 0.5721373254 0.8165781366 -0.0406211603 -0.9866044062 0.5804636920 0.5911772314 0.5835785016
0.6768366513 0.5244175504 0.4161823395 0.5810248654 0.9765494452 0.4701342772 0.4672436494 0.5789917245 0.8135082356 -0.0154808342 -0.9899313127 0.5915379094 0.5974684062 0.5900251478
0.6847580394 0.5362915911 0.4292570833 0.5881794572 0.9820945695 0.4833217823 0.4818765145 0.5861783515 0.8089340682 0.0100976817 -0.9927978260 0.6027182285 0.6040882669 0.5968053787
0.6928061549 0.5483583323 0.4426557862 0.5956731275 0.9869195337 0.4967304374 0.4966597598 0.5937060244 0.8028232454 0.0361181753 -0.9951975320 0.6140071763 0.6110457805 0.6039282004
0.7009851518 0.5606217522 0.4563846464 0.6035146664 0.9910110171 0.5103642954 0.5115954345 0.6015835611 0.7951433780 0.0625844348 -0.9971240165 0.6254072802 0.6183499141 0.6114026192
0.7092991841 0.5730858288 0.4704498616 0.6117128638 0.9943556991 0.5242274095 0.5266855876 0.6098197794 0.7858620770 0.0895002480 -0.9985708655 0.6369210672 0.6260096351 0.6192376412
0.7177524058 0.5857545401 0.4848576298 0.6202765098 0.9969402589 0.5383238325 0.5419322682 0.6184234973 0.7749469533 0.1168694031 -0.9995316647 0.6485510647 0.6340339103 0.6274422727
0.7263489708 0.5986318643 0.4996141488 0.6292143945 0.9987513761 0.5526576176 0.5573375254 0.6274035326 0.7623656178 0.1446956881 -1.0000000000 0.6602997998 0.6424317071 0.6360255199
0.7350930330 0.6117217794 0.5147256166 0.6385353080 0.9997757300 0.5672328178 0.5729034084 0.6367687034 0.7480856814 0.1729828910 -0.9999694573 0.6721697998 0.6512119925 0.6449963890
0.7439887465 0.6250282635 0.5301982310 0.6482480403 1.0000000000 0.5820534860 0.5886319663 0.6465278275 0.7320747551 0.2017347998 -0.9994336224 0.6841635919 0.6603837337 0.6543638863
0.7530402652 0.6385552946 0.5460381900 0.6583613814 0.9994108654 0.5971236754 0.6045252480 0.6566897229 0.7143004498 0.2309552025 -0.9983860812 0.6962837032 0.6699558979 0.6641370179
