0.9875751573 0.9957563375 0.9411238361 0.9552148891 0.6225990759 0.9489633810 0.9876476522 0.9552699452 0.1247804138 0.7743364974 -0.3961766110 0.9987511697 0.9466349048 0.9492895860
0.9857832485 0.9964891251 0.9441754272 0.9568020094 0.5999950147 0.9448707322 0.9853644897 0.9568548981 0.0761984145 0.7623603417 -0.3739043685 0.9991683597 0.9485176560 0.9510349147
0.9838726447 0.9971504636 0.9472681960 0.9585024528 0.5766549940 0.9406212550 0.9828843165 0.9585530481 0.0260996355 0.7500544293 -0.3511945765 0.9995012201 0.9505381701 0.9529157154
0.9818437011 0.9977410359 0.9504041997 0.9603197370 0.5525726357 0.9362150555 0.9802062925 0.9603679116 -0.0255312278 0.7374172777 -0.3280454640 0.9997502825 0.9527003040 0.9549358345
0.9796967731 0.9982615252 0.9535854956 0.9622573799 0.5277415620 0.9316522398 0.9773295776 0.9623030047 -0.0787094803 0.7244474046 -0.3044552597 0.9999160789 0.9550079142 0.9570991185
0.9774322158 0.9987126144 0.9568141411 0.9643188993 0.5021553951 0.9269329141 0.9742533318 0.9643618438 -0.1334504268 0.7111433275 -0.2804221928 0.9999991408 0.9574648575 0.9594094141
0.9750503844 0.9990949867 0.9600921932 0.9665078132 0.4758077571 0.9220571844 0.9709767150 0.9665479450 -0.1897693720 0.6975035640 -0.2559444921 1.0000000000 0.9600749907 0.9618705676
0.9725516341 0.9994093250 0.9634217095 0.9688276393 0.4486922700 0.9170251568 0.9674988870 0.9688648245 -0.2476816207 0.6835266318 -0.2310203866 0.9999191883 0.9628421703 0.9644864258
0.9699363202 0.9996563124 0.9668047471 0.9712818955 0.4208025561 0.9118369375 0.9638190078 0.9713159986 -0.3072024777 0.6692110485 -0.2056481053 0.9997572373 0.9657702532 0.9672608351
0.9672047977 0.9998366320 0.9702433634 0.9738740996 0.3921322373 0.9064926326 0.9599362373 0.9739049835 -0.3683472479 0.6545553317 -0.1798258771 0.9995146788 0.9688630960 0.9701976421
0.9643574220 0.9999509669 0.9737396157 0.9766077695 0.3626749359 0.9009923482 0.9558497354 0.9766352955 -0.4311312358 0.6395579990 -0.1535519310 0.9991920446 0.9721245554 0.9733006934
0.9613945482 1.0000000000 0.9772955611 0.9794864231 0.3324242740 0.8953361904 0.9515586620 0.9795104508 -0.4955697465 0.6242175680 -0.1268244959 0.9987898664 0.9755584881 0.9765738354
0.9583165316 0.9999844144 0.9809132571 0.9825135781 0.3013738736 0.8895242653 0.9470621771 0.9825339656 -0.5616780845 0.6085325563 -0.0996418008 0.9983086758 0.9791687509 0.9800209147
0.9551237273 0.9999048933 0.9845947609 0.9856927524 0.2695173569 0.8835566790 0.9423594404 0.9857093561 -0.6294715548 0.5925014815 -0.0720020746 0.9977490047 0.9829592004 0.9836457778
0.9518164906 0.9997621195 0.9883421298 0.9890274640 0.2368483460 0.8774335376 0.9374496121 0.9890401385 -0.6989654620 0.5761228613 -0.0439035463 0.9971113847 0.9869336934 0.9874522714
