-0.5196842935 -0.7979330155 -0.7783827682 0.1443418375 -0.9712878815 -0.7799135183 -0.9640300125 0.1422572771 -0.9245126262 -0.8734069360 0.2781086495 -0.7869347636 0.1964150037 0.1825524683
-0.5036410437 -0.7864265755 -0.7666180006 0.1555824909 -0.9719705527 -0.7709133194 -0.9594577392 0.1534963627 -0.9290189205 -0.8739110549 0.2785438765 -0.7752275609 0.2073563380 0.1934893473
-0.4874402077 -0.7746638197 -0.7546125275 0.1669162725 -0.9724696958 -0.7616872882 -0.9546327668 0.1648294442 -0.9333688102 -0.8742419787 0.2788755629 -0.7632708409 0.2183797343 0.2045139765
-0.4710873000 -0.7626499205 -0.7423713047 0.1783386452 -0.9727881947 -0.7522408615 -0.9495585501 0.1762519726 -0.9375639474 -0.8744025461 0.2791059851 -0.7510697181 0.2294808386 0.2156219231
-0.4545878349 -0.7503900502 -0.7298992877 0.1898450718 -0.9729289331 -0.7425794761 -0.9442385443 0.1877593989 -0.9416059842 -0.8743955957 0.2792374192 -0.7386293068 0.2406552966 0.2268087545
-0.4379473270 -0.7378893808 -0.7172014321 0.2014310150 -0.9728947951 -0.7327085685 -0.9386762044 0.1993471739 -0.9454965726 -0.8742239663 0.2792721416 -0.7259547217 0.2518987541 0.2380700379
-0.4211712905 -0.7251530848 -0.7042826937 0.2130919375 -0.9726886645 -0.7226335756 -0.9328749853 0.2110107485 -0.9492373646 -0.8738904965 0.2792124285 -0.7130510769 0.2632068571 0.2494013407
-0.4042652399 -0.7121863344 -0.6911480279 0.2248233022 -0.9723134250 -0.7123599340 -0.9268383422 0.2227455736 -0.9528300124 -0.8733980252 0.2790605563 -0.6999234870 0.2745752515 0.2607982302
-0.3872346897 -0.6989943018 -0.6778023905 0.2366205718 -0.9717719607 -0.7018930804 -0.9205697300 0.2345471002 -0.9562761679 -0.8727493910 0.2788188011 -0.6865770664 0.2859995830 0.2722562736
-0.3700851542 -0.6855821593 -0.6642507371 0.2484792090 -0.9710671553 -0.6912384516 -0.9140726037 0.2464107792 -0.9595774832 -0.8719474326 0.2784894392 -0.6730169294 0.2974754974 0.2837710385
-0.3528221479 -0.6719550791 -0.6504980233 0.2603946766 -0.9702018928 -0.6804014843 -0.9073504183 0.2583320614 -0.9627356104 -0.8709949887 0.2780747470 -0.6592481905 0.3089986408 0.2953380919
-0.3354511851 -0.6581182335 -0.6365492046 0.2723624374 -0.9691790569 -0.6693876151 -0.9004066290 0.2703063977 -0.9657522015 -0.8698948981 0.2775770007 -0.6452759642 0.3205646588 0.3069530013
-0.3179777803 -0.6440767948 -0.6224092369 0.2843779541 -0.9680015317 -0.6582022808 -0.8932446907 0.2823292392 -0.9686289086 -0.8686499994 0.2769984765 -0.6311053647 0.3321691974 0.3186113340
-0.3004074479 -0.6298359353 -0.6080830756 0.2964366896 -0.9666722008 -0.6468509181 -0.8858680583 0.2943960367 -0.9713673837 -0.8672631313 0.2763414508 -0.6167415066 0.3438079024 0.3303086572
-0.2827457024 -0.6154008270 -0.5935756765 0.3085341064 -0.9651939483 -0.6353389637 -0.8782801870 0.3065022410 -0.9739692788 -0.8657371327 0.2756081998 -0.6021895042 0.3554764196 0.3420405383
