0.9924387760 0.8894919526 0.7554289390 0.9222781016 0.7564025295 0.8699921381 0.7261104124 0.9208291588 0.5415826054 -0.4687408303 -0.6951283426 0.8901381538 0.9347934445 0.9364311617
0.9946275493 0.8977527328 0.7663095157 0.9293890730 0.7526326804 0.8788202312 0.7372527566 0.9279917623 0.5349066402 -0.4584557045 -0.7072684341 0.8984239160 0.9414162497 0.9429695404
0.9964514188 0.9057279893 0.7769923351 0.9361885359 0.7486206881 0.8873764316 0.7482148902 0.9348445096 0.5280649154 -0.4480604519 -0.7192214741 0.9064205136 0.9477117960 0.9491798447
0.9979054915 0.9134132201 0.7874737038 0.9426718319 0.7443637018 0.8956563236 0.7589933478 0.9413827584 0.5210558005 -0.4375547556 -0.7309834985 0.9141233672 0.9536752633 0.9550572625
0.9989848746 0.9208039234 0.7977499284 0.9488343020 0.7398588709 0.9036554912 0.7695846643 0.9476018667 0.5138776648 -0.4269382990 -0.7425505432 0.9215278973 0.9593018313 0.9605969818
0.9996846751 0.9278955974 0.8078173156 0.9546712876 0.7351033448 0.9113695187 0.7799853743 0.9534971924 0.5065288778 -0.4162107654 -0.7539186439 0.9286295243 0.9645866796 0.9657941907
1.0000000000 0.9346837400 0.8176721718 0.9601781299 0.7300942728 0.9187939902 0.7901920126 0.9590640933 0.4990078089 -0.4053718379 -0.7650838364 0.9354236688 0.9695249880 0.9706440771
0.9999259565 0.9411638495 0.8273108038 0.9653501703 0.7248288043 0.9259244899 0.8002011138 0.9642979273 0.4913128273 -0.3944211998 -0.7760421567 0.9419057513 0.9741119363 0.9751418291
0.9994576515 0.9473314239 0.8367295181 0.9701827500 0.7193040885 0.9327566019 0.8100092126 0.9691940524 0.4834423025 -0.3833585345 -0.7867896406 0.9480711923 0.9783427042 0.9792826347
0.9985901922 0.9531819614 0.8459246213 0.9746712104 0.7135172750 0.9392859103 0.8196128438 0.9737478264 0.4753946039 -0.3721835251 -0.7973223238 0.9539154122 0.9822124714 0.9830616819
0.9973186857 0.9587109601 0.8548924201 0.9788108926 0.7074655129 0.9455079994 0.8290085420 0.9779546071 0.4671681009 -0.3608958550 -0.8076362423 0.9594338316 0.9857164176 0.9864741587
0.9956382389 0.9639139180 0.8636292210 0.9825971380 0.7011459517 0.9514184533 0.8381928421 0.9818097526 0.4587611627 -0.3494952074 -0.8177274318 0.9646218710 0.9888497225 0.9895152531
0.9935439590 0.9687863334 0.8721313306 0.9860252878 0.6945557407 0.9570128561 0.8471622786 0.9853086206 0.4501721589 -0.3379812656 -0.8275919282 0.9694749509 0.9916075660 0.9921801531
0.9910309531 0.9733237043 0.8803950556 0.9890906834 0.6876920293 0.9622867921 0.8559133863 0.9884465691 0.4413994589 -0.3263537128 -0.8372257673 0.9739884917 0.9939851277 0.9944640468
0.9880943281 0.9775215288 0.8884167025 0.9917886659 0.6805519668 0.9672358453 0.8644426998 0.9912189559 0.4324414319 -0.3146122323 -0.8466249850 0.9781579140 0.9959775873 0.9963621221
