-0.3847740288 -0.1672599682 -0.1708811276 -0.2574968042 -0.1452536857 -0.1818143400 -0.1339955067 -0.2596122160 -0.1106420309 -0.0210360437 0.0113431514 -0.1912999583 -0.2519570343 -0.2490782568
-0.3695786403 -0.1547532271 -0.1584249901 -0.2440557235 -0.1360965689 -0.1690730435 -0.1223187510 -0.2461534065 -0.1068828599 -0.0102437373 0.0015142735 -0.1784707621 -0.2384721193 -0.2355283742
-0.3541589716 -0.1420504935 -0.1457698120 -0.2304021223 -0.1266629840 -0.1561353587 -0.1104389516 -0.2324815762 -0.1028759640 0.0007232034 -0.0085108266 -0.1654431608 -0.2247784378 -0.2217728180
-0.3385137051 -0.1291504981 -0.1329142927 -0.2165346481 -0.1169506877 -0.1430000295 -0.0983547152 -0.2185953690 -0.0986190395 0.0118659767 -0.0187336130 -0.1522158864 -0.2108746746 -0.2078103059
-0.3226415230 -0.1160519717 -0.1198571313 -0.2024519483 -0.1069574369 -0.1296657998 -0.0860646486 -0.2044934292 -0.0941097829 0.0231857807 -0.0291555499 -0.1387876709 -0.1967595146 -0.1936395554
-0.3065411077 -0.1027536447 -0.1065970272 -0.1881526703 -0.0966809883 -0.1161314137 -0.0735673585 -0.1901744010 -0.0893458906 0.0346838137 -0.0397781015 -0.1251572461 -0.1824316425 -0.1792592842
-0.2902111416 -0.0892542481 -0.0931326798 -0.1736354617 -0.0861190988 -0.1023956152 -0.0608614517 -0.1756369285 -0.0843250589 0.0463612740 -0.0506027318 -0.1113233440 -0.1678897431 -0.1646682098
-0.2736503069 -0.0755525124 -0.0794627882 -0.1588989698 -0.0752695251 -0.0884571482 -0.0479455349 -0.1608796558 -0.0790449843 0.0582193597 -0.0616309050 -0.0972846966 -0.1531325011 -0.1498650500
-0.2568572861 -0.0616471684 -0.0655860518 -0.1439418422 -0.0641300241 -0.0743147566 -0.0348182148 -0.1459012272 -0.0735033631 0.0702592692 -0.0728640854 -0.0830400356 -0.1381586014 -0.1348485224
-0.2398307615 -0.0475369466 -0.0515011698 -0.1287627262 -0.0526983526 -0.0599671844 -0.0214780982 -0.1307002868 -0.0676978916 0.0824822006 -0.0843037370 -0.0685880932 -0.1229667287 -0.1196173445
-0.2225694153 -0.0332205779 -0.0372068417 -0.1133602692 -0.0409722672 -0.0454131757 -0.0079237918 -0.1152754787 -0.0616262664 0.0948893523 -0.0959513240 -0.0539276012 -0.1075555679 -0.1041702340
-0.2050719300 -0.0186967929 -0.0227017665 -0.0977331188 -0.0289495249 -0.0306514743 0.0058460977 -0.0996254472 -0.0552861838 0.1074819223 -0.1078083106 -0.0390572915 -0.0919238036 -0.0885059085
-0.1873369879 -0.0039643224 -0.0079846437 -0.0818799224 -0.0166278825 -0.0156808243 0.0198329634 -0.0837488364 -0.0486753402 0.1202611091 -0.1198761610 -0.0239758961 -0.0760701208 -0.0726230857
-0.1693632714 0.0109781031 0.0069458274 -0.0657993275 -0.0040050967 -0.0004999696 0.0340381988 -0.0676442904 -0.0417914319 0.1332281107 -0.1321563392 -0.0086821469 -0.0599932041 -0.0565204831
-0.1511494627 0.0261317529 0.0220909476 -0.0494899814 0.0089210757 0.0148923459 0.0484631969 -0.0513104535 -0.0346321554 0.1463841255 -0.1446503095 0.0068252241 -0.0436917384 -0.0401968184
