0.5333382228 0.4448807820 0.3395150315 0.6259264232 0.4395338475 0.5329586926 0.2188535919 0.6207365620 0.3616272767 0.5240763619 -0.5193076802 0.4690820999 0.6752653221 0.6801347570
0.5189241496 0.4283499545 0.3190644963 0.6125253020 0.4249523585 0.5193865582 0.1973514492 0.6072233509 0.3463965419 0.5119447202 -0.5064686562 0.4534106153 0.6629645495 0.6680249579
0.5047977736 0.4122050708 0.2990278645 0.5992324415 0.4108950632 0.5061567476 0.1765141530 0.5938249356 0.3318539194 0.5002705569 -0.4940546193 0.4381160429 0.6507121229 0.6559628387
0.4909547157 0.3964405182 0.2794001095 0.5860465218 0.3973532212 0.4932636256 0.1563322954 0.5805399057 0.3179877965 0.4890456834 -0.4820581862 0.4231926958 0.6385075287 0.6439478439
0.4773905971 0.3810506842 0.2601762046 0.5729662227 0.3843180921 0.4807015572 0.1367964686 0.5673668513 0.3047865601 0.4782619108 -0.4704719736 0.4086348870 0.6263502530 0.6319794183
0.4641010387 0.3660299562 0.2413511231 0.5599902245 0.3717809352 0.4684649072 0.1178972648 0.5543043623 0.2922385972 0.4679110505 -0.4592885984 0.3944369295 0.6142397820 0.6200570066
0.4510816617 0.3513727216 0.2229198383 0.5471172072 0.3597330102 0.4565480405 0.0996252764 0.5413510284 0.2803322951 0.4579849137 -0.4485006773 0.3805931365 0.6021756019 0.6081800534
0.4383280871 0.3370733678 0.2048773237 0.5343458508 0.3481655765 0.4449453220 0.0819710954 0.5285054396 0.2690560407 0.4484753115 -0.4381008272 0.3670978210 0.5901571989 0.5963480035
0.4258359360 0.3231262823 0.1872185525 0.5216748353 0.3370698936 0.4336511165 0.0649253142 0.5157661858 0.2583982211 0.4393740554 -0.4280816647 0.3539452960 0.5781840593 0.5845603014
0.4136008295 0.3095258524 0.1699384982 0.5091028409 0.3264372210 0.4226597890 0.0484785249 0.5031318569 0.2483472234 0.4306729565 -0.4184358066 0.3411298746 0.5662556691 0.5728163918
0.4016183885 0.2962664656 0.1530321339 0.4966285476 0.3162588183 0.4119657044 0.0326213197 0.4906010427 0.2388914347 0.4223638261 -0.4091558698 0.3286458699 0.5543715146 0.5611157195
0.3898842342 0.2833425093 0.1364944331 0.4842506355 0.3065259449 0.4015632274 0.0173442909 0.4781723332 0.2300192420 0.4144384755 -0.4002344709 0.3164875949 0.5425310820 0.5494577292
0.3783939876 0.2707483709 0.1203203692 0.4719677845 0.2972298603 0.3914467230 0.0026380308 0.4658443183 0.2217190324 0.4068887158 -0.3916642268 0.3046493626 0.5307338575 0.5378418654
0.3671432698 0.2584784378 0.1045049154 0.4597786748 0.2883618241 0.3816105562 -0.0115068686 0.4536155877 0.2139791930 0.3997063584 -0.3834377543 0.2931254861 0.5189793273 0.5262675728
0.3561277019 0.2465270974 0.0890430450 0.4476819865 0.2799130958 0.3720490916 -0.0250998150 0.4414847315 0.2067881107 0.3928832144 -0.3755476701 0.2819102785 0.5072669776 0.5147342963
