0.3746208750 -0.1503759435 -0.1563201422 0.9853318181 -0.2767253475 -0.2861273021 -0.4581484217 0.9927633025 -0.5136453640 -0.4393595730 0.3580164290 -0.2387409565 0.9431875928 0.9299972667
0.3659528912 -0.1447557822 -0.1512700523 0.9844668857 -0.2780956580 -0.2799009177 -0.4498740996 0.9921256237 -0.5122616322 -0.4310897071 0.3490458237 -0.2327382655 0.9401253519 0.9267705120
0.3572907264 -0.1390745909 -0.1461527920 0.9835859516 -0.2795166031 -0.2736031043 -0.4415259291 0.9914665591 -0.5109265475 -0.4227483918 0.3400173869 -0.2266676604 0.9369855387 0.9234763852
0.3486359797 -0.1333318181 -0.1409676752 0.9826897897 -0.2809892422 -0.2672333044 -0.4331036719 0.9907867945 -0.5096415401 -0.4143354018 0.3309312107 -0.2205285829 0.9337683672 0.9201152402
0.3399902502 -0.1275269125 -0.1357140162 0.9817791740 -0.2825146345 -0.2607909604 -0.4246070895 0.9900870156 -0.5084080404 -0.4058505118 0.3217873876 -0.2143204751 0.9304740517 0.9166874304
0.3313551372 -0.1216593227 -0.1303911288 0.9808548785 -0.2840938392 -0.2542755147 -0.4160359433 0.9893679082 -0.5072274786 -0.3972934967 0.3125860098 -0.2080427786 0.9271028063 0.9131933097
0.3227322398 -0.1157284972 -0.1249983271 0.9799176773 -0.2857279157 -0.2476864098 -0.4073899949 0.9886301581 -0.5061012850 -0.3886641312 0.3033271698 -0.2016949356 0.9236548452 0.9096332317
0.3141231572 -0.1097338847 -0.1195349253 0.9789683442 -0.2874179232 -0.2410230882 -0.3986690058 0.9878744508 -0.5050308898 -0.3799621901 0.2940109599 -0.1952763877 0.9201303824 0.9060075500
0.3055294885 -0.1036749339 -0.1140002373 0.9780076532 -0.2891649210 -0.2342849922 -0.3898727375 0.9871014723 -0.5040177233 -0.3711874482 0.2846374724 -0.1887865769 0.9165296322 0.9023166183
0.2969528328 -0.0975510932 -0.1083935772 0.9770363785 -0.2909699684 -0.2274715644 -0.3810009515 0.9863119082 -0.5030632159 -0.3623396803 0.2752067997 -0.1822249451 0.9128528087 0.8985607904
0.2883947893 -0.0913618114 -0.1027142591 0.9760552938 -0.2928341245 -0.2205822472 -0.3720534094 0.9855064442 -0.5021687976 -0.3534186611 0.2657190341 -0.1755909342 0.9091001261 0.8947404198
0.2798569572 -0.0851065371 -0.0969615970 0.9750651733 -0.2947584488 -0.2136164830 -0.3630298726 0.9846857662 -0.5013358990 -0.3444241655 0.2561742679 -0.1688839860 0.9052717985 0.8908558602
0.2713409357 -0.0787847188 -0.0911349049 0.9740667909 -0.2967440004 -0.2065737143 -0.3539301027 0.9838505599 -0.5005659501 -0.3353559681 0.2465725935 -0.1621035424 0.9013680400 0.8869074654
0.2628483238 -0.0723958052 -0.0852334970 0.9730609206 -0.2987918387 -0.1994533835 -0.3447538612 0.9830015109 -0.4998603812 -0.3262138439 0.2369141032 -0.1552490453 0.8973890649 0.8828955889
0.2543807208 -0.0659392449 -0.0792566872 0.9720483364 -0.3009030229 -0.1922549331 -0.3355009096 0.9821393051 -0.4992206227 -0.3169975675 0.2271988894 -0.1483199366 0.8933350872 0.8788205846
