-0.6141919563 -0.6779521312 -0.9645233640 -0.9822496046 -0.2173632439 -0.6786952529 -0.5726259475 -0.9828092495 -0.1247406200 -0.2111631704 0.4388293830 -0.6923973284 -0.9803133936 -0.9809958574
-0.6212983654 -0.6825421395 -0.9624008694 -0.9793875158 -0.2291782953 -0.6832497133 -0.5779632452 -0.9800590760 -0.1375937202 -0.2068163085 0.4462826590 -0.6966614221 -0.9770107198 -0.9778292485
-0.6284700885 -0.6872356074 -0.9602226984 -0.9763037586 -0.2412368427 -0.6879083139 -0.5834703615 -0.9770976944 -0.1507342192 -0.2026448945 0.4539457811 -0.7010283520 -0.9734420594 -0.9744093462
-0.6357079816 -0.6920342122 -0.9579893602 -0.9729967615 -0.2535413348 -0.6926727453 -0.5891497037 -0.9739236576 -0.1641649747 -0.1986523394 0.4618213702 -0.7054998321 -0.9696053097 -0.9707341988
-0.6430129011 -0.6969396313 -0.9557013637 -0.9694649529 -0.2660942199 -0.6975446984 -0.5950036794 -0.9705355185 -0.1778888440 -0.1948420545 0.4699120474 -0.7100775763 -0.9654983683 -0.9668018550
-0.6503857029 -0.7019535419 -0.9533592181 -0.9657067613 -0.2788979464 -0.7025258637 -0.6010346960 -0.9669318299 -0.1919086844 -0.1912174507 0.4782204336 -0.7147632986 -0.9611191328 -0.9626103631
-0.6578272434 -0.7070776216 -0.9509634324 -0.9617206150 -0.2919549628 -0.7076179321 -0.6072451610 -0.9631111449 -0.2062273535 -0.1877819392 0.4867491497 -0.7195587130 -0.9564655005 -0.9581577718
-0.6653383786 -0.7123135475 -0.9485145156 -0.9575049427 -0.3052677175 -0.7128225943 -0.6136374820 -0.9590720161 -0.2208477086 -0.1845389311 0.4955008168 -0.7244655332 -0.9515353690 -0.9534421294
-0.6729199647 -0.7176629971 -0.9460129767 -0.9530581726 -0.3188386591 -0.7181415409 -0.6202140663 -0.9548129967 -0.2357726072 -0.1814918375 0.5044780557 -0.7294854734 -0.9463266358 -0.9484614845
-0.6805728580 -0.7231276477 -0.9434593249 -0.9483787332 -0.3326702358 -0.7235764627 -0.6269773215 -0.9503326394 -0.2510049066 -0.1786440694 0.5136834876 -0.7346202475 -0.9408371984 -0.9432138856
-0.6882979144 -0.7287091766 -0.9408540690 -0.9434650529 -0.3467648962 -0.7291290505 -0.6339296550 -0.9456294972 -0.2665474642 -0.1759990381 0.5231197332 -0.7398715693 -0.9350649542 -0.9376973811
-0.6960959904 -0.7344092612 -0.9381977183 -0.9383155603 -0.3611250887 -0.7348009949 -0.6410734743 -0.9407021229 -0.2824031375 -0.1735601546 0.5327894136 -0.7452411528 -0.9290078009 -0.9319100197
-0.7039679419 -0.7402295788 -0.9354907817 -0.9329286837 -0.3757532617 -0.7405939866 -0.6484111869 -0.9355490695 -0.2985747840 -0.1713308301 0.5426951498 -0.7507307121 -0.9226636358 -0.9258498497
-0.7119146251 -0.7461718067 -0.9327337682 -0.9273028516 -0.3906518637 -0.7465097164 -0.6559452003 -0.9301688898 -0.3150652608 -0.1693144755 0.5528395628 -0.7563419609 -0.9160303566 -0.9195149196
-0.7199368963 -0.7522376224 -0.9299271870 -0.9214364924 -0.4058233431 -0.7525498751 -0.6636779219 -0.9245601367 -0.3318774256 -0.1675145021 0.5632252734 -0.7620766133 -0.9091058606 -0.9129032780
