-0.9390882110 -0.8306787070 -0.9431580889 -0.8122739509 -0.3092006704 -0.8321153681 -0.6653553740 -0.8136940042 -0.0681569431 -0.5833981647 0.5609681286 -0.8641819344 -0.7637791092 -0.7581856462
-0.9480062085 -0.8463800722 -0.9505291058 -0.8022710652 -0.3546610674 -0.8476271255 -0.6892268585 -0.8037534843 -0.1066081723 -0.6082412184 0.5910594547 -0.8779075585 -0.7518605593 -0.7459069735
-0.9561854318 -0.8612580542 -0.9573641458 -0.7922159711 -0.3983709651 -0.8623287209 -0.7121247883 -0.7937599395 -0.1437492277 -0.6322353931 0.6199624467 -0.8908503991 -0.7399356245 -0.7336155405
-0.9636349147 -0.8753218042 -0.9636688226 -0.7821095569 -0.4403513947 -0.8762290979 -0.7340594629 -0.7837142590 -0.1795956907 -0.6553886609 0.6476901803 -0.9030192586 -0.7280048302 -0.7213120481
-0.9703636908 -0.8885804734 -0.9694487498 -0.7719527107 -0.4806233873 -0.8893372004 -0.7550411820 -0.7736173317 -0.2141631433 -0.6777089942 0.6742557316 -0.9144229388 -0.7160687019 -0.7089971973
-0.9763807940 -0.9010432129 -0.9747095413 -0.7617463208 -0.5192079739 -0.9016619721 -0.7750802452 -0.7634700467 -0.2474671670 -0.6992043651 0.6996721764 -0.9250702421 -0.7041277651 -0.6966716890
-0.9816952578 -0.9127191738 -0.9794568107 -0.7514912754 -0.5561261857 -0.9132123567 -0.7941869521 -0.7532732932 -0.2795233435 -0.7198827457 0.7239525905 -0.9349699706 -0.6921825453 -0.6843362242
-0.9863161160 -0.9236175073 -0.9836961716 -0.7411884629 -0.5913990537 -0.9239972982 -0.8123716023 -0.7430279602 -0.3103472547 -0.7397521082 0.7471100500 -0.9441309262 -0.6802335680 -0.6719915037
-0.9902524024 -0.9337473645 -0.9874332378 -0.7308387714 -0.6250476091 -0.9340257401 -0.8296444955 -0.7327349368 -0.3399544821 -0.7588204249 0.7691576307 -0.9525619113 -0.6682813587 -0.6596382285
-0.9935131506 -0.9431178966 -0.9906736230 -0.7204430892 -0.6570928829 -0.9433066264 -0.8460159312 -0.7223951120 -0.3683606075 -0.7770956679 0.7901084084 -0.9602717279 -0.6563264429 -0.6472770996
-0.9961073945 -0.9517382547 -0.9934229409 -0.7100023045 -0.6875559063 -0.9518489008 -0.8614962091 -0.7120093750 -0.3955812127 -0.7945858094 0.8099754592 -0.9672691781 -0.6443693461 -0.6349088178
-0.9980441676 -0.9596175900 -0.9956868052 -0.6995173055 -0.7164577103 -0.9596615071 -0.8760956288 -0.7015786148 -0.4216318792 -0.8112988216 0.8287718588 -0.9735630642 -0.6324105937 -0.6225340842
-0.9993325037 -0.9667650536 -0.9974708295 -0.6889889806 -0.7438193261 -0.9667533890 -0.8898244900 -0.6911037205 -0.4465281888 -0.8272426767 0.8465106833 -0.9791621881 -0.6204507113 -0.6101535995
-0.9999814366 -0.9731897967 -0.9987806276 -0.6784182180 -0.7696617847 -0.9731334904 -0.9026930922 -0.6805855811 -0.4702857233 -0.8424253468 0.8632050084 -0.9840753521 -0.6084902243 -0.5977680649
-1.0000000000 -0.9789009705 -0.9996218132 -0.6678059059 -0.7940061173 -0.9788107550 -0.9147117350 -0.6700250858 -0.4929200643 -0.8568548041 0.8788679101 -0.9883113582 -0.5965296584 -0.5853781812
