0.9349556261 0.9201640472 0.9294729435 0.9527798344 0.8677097222 0.9200896770 0.5438920724 0.9525578504 0.1847187688 -0.2796518783 -0.8847998024 0.9144132343 0.9530155476 0.9539847835
0.9446809627 0.9309852394 0.9397511297 0.9607857997 0.8807774847 0.9309000384 0.5533810507 0.9605931828 0.1950145462 -0.2747502434 -0.8972412619 0.9255499998 0.9609042006 0.9617982524
0.9535804311 0.9409723668 0.9491762687 0.9680183635 0.8931079675 0.9408780752 0.5622281759 0.9678530188 0.2049071796 -0.2701223708 -0.9089171450 0.9358637249 0.9680384126 0.9688561198
0.9616646351 0.9501366269 0.9577600631 0.9744874945 0.9047107166 0.9500351039 0.5704423636 0.9743473625 0.2144020076 -0.2657636778 -0.9198374889 0.9453652989 0.9744277912 0.9751680371
0.9689441787 0.9584892172 0.9655142155 0.9802031612 0.9155952777 0.9583824410 0.5780325294 0.9800862181 0.2235043689 -0.2616695815 -0.9300123308 0.9540656106 0.9800819445 0.9807436555
0.9754296659 0.9660413353 0.9724504285 0.9851753320 0.9257711969 0.9659314028 0.5850075889 0.9850795899 0.2322196024 -0.2578354993 -0.9394517078 0.9619755491 0.9850104803 0.9855926263
0.9811317005 0.9728041787 0.9785804047 0.9894139756 0.9352480198 0.9726933058 0.5913764577 0.9893374821 0.2405530467 -0.2542568484 -0.9481656572 0.9691060036 0.9892230064 0.9897246009
0.9860608864 0.9787889449 0.9839158467 0.9929290603 0.9440352925 0.9786794665 0.5971480514 0.9928698989 0.2485100406 -0.2509290460 -0.9561642161 0.9754678629 0.9927291307 0.9931492305
0.9902278276 0.9840068315 0.9884684570 0.9957305547 0.9521425606 0.9839012013 0.6023312856 0.9956868445 0.2560959227 -0.2478475092 -0.9634574216 0.9810720162 0.9955384610 0.9958761665
0.9936431280 0.9884690360 0.9922499383 0.9978284274 0.9595793701 0.9883698266 0.6069350759 0.9977983232 0.2633160318 -0.2450076555 -0.9700553111 0.9859293525 0.9976606053 0.9979150601
0.9963173915 0.9921867558 0.9952719932 0.9992326468 0.9663552668 0.9920966589 0.6109683380 0.9992143392 0.2701757067 -0.2424049020 -0.9759679217 0.9900507609 0.9991051713 0.9992755627
0.9982612221 0.9951711887 0.9975463242 0.9999531815 0.9724797966 0.9950930145 0.6144399873 0.9999448967 0.2766802861 -0.2400346658 -0.9812052905 0.9934471303 0.9998817669 0.9999673256
0.9994852236 0.9974335320 0.9990846339 1.0000000000 0.9779625053 0.9973702100 0.6173589396 1.0000000000 0.2828351087 -0.2378923644 -0.9857774547 0.9961293499 1.0000000000 1.0000000000
1.0000000000 0.9989849833 0.9998986250 0.9993830708 0.9828129387 0.9989395618 0.6197341105 0.9993896532 0.2886455132 -0.2359734148 -0.9896944515 0.9981083087 0.9994694784 0.9993832373
0.9998161552 0.9998367401 1.0000000000 0.9981123623 0.9870406428 0.9998123863 0.6215744155 0.9981238606 0.2941168383 -0.2342732344 -0.9929663182 0.9993948957 0.9982998101 0.9981266888
