-0.7426649455 -0.7870804717 -0.8016764386 -0.7308385152 -0.7538026405 -0.7937333476 -0.8200355199 -0.7308260908 -0.7738165692 -0.8806932411 0.8190047885 -0.7908856797 -0.7204620080 -0.7213391150
-0.7128241581 -0.7623892642 -0.7787061367 -0.6996006534 -0.7251465414 -0.7698119336 -0.7991380059 -0.6995866003 -0.7473694991 -0.8668354198 0.7979283632 -0.7666220315 -0.6880334978 -0.6890110838
-0.6834886190 -0.7381156507 -0.7561307713 -0.6688858174 -0.6969508185 -0.7462946518 -0.7785872208 -0.6688701197 -0.7213193901 -0.8532061171 0.7771879469 -0.7427655436 -0.6561511567 -0.6572272302
-0.6546548297 -0.7142566605 -0.7339474804 -0.6386904269 -0.6692123466 -0.7231786143 -0.7583806468 -0.6386730689 -0.6956636067 -0.8398035203 0.7567811439 -0.7193133212 -0.6248112530 -0.6259838356
-0.6263192916 -0.6908093229 -0.7121534020 -0.6090109013 -0.6419280007 -0.7004609328 -0.7385157664 -0.6089918677 -0.6703995132 -0.8266258166 0.7367055583 -0.6962624698 -0.5940100546 -0.5952771812
-0.5984785062 -0.6677706673 -0.6907456742 -0.5798436602 -0.6150946555 -0.6781387193 -0.7189900616 -0.5798229359 -0.6455244742 -0.8136711934 0.7169587946 -0.6736100947 -0.5637438299 -0.5651035484
-0.5711289752 -0.6451377229 -0.6697214350 -0.5511851230 -0.5887091859 -0.6562090855 -0.6998010148 -0.5511626933 -0.6210358539 -0.8009378380 0.6975384569 -0.6513533010 -0.5340088469 -0.5354592185
-0.5442671999 -0.6229075192 -0.6490778225 -0.5230317093 -0.5627684666 -0.6346691433 -0.6809461083 -0.5230075596 -0.5969310168 -0.7884239376 0.6784421495 -0.6294891942 -0.5048013738 -0.5063404728
-0.5178896819 -0.6010770852 -0.6288119746 -0.4953798386 -0.5372693725 -0.6135160047 -0.6624228243 -0.4953539547 -0.5732073274 -0.7761276797 0.6596674768 -0.6080148796 -0.4761176788 -0.4777435927
-0.4919929227 -0.5796434505 -0.6089210296 -0.4682259303 -0.5122087785 -0.5927467814 -0.6442286451 -0.4681982984 -0.5498621501 -0.7640472516 0.6412120430 -0.5869274624 -0.4479540301 -0.4496648594
-0.4665734237 -0.5586036443 -0.5894021253 -0.4415664042 -0.4875835593 -0.5723585854 -0.6263610530 -0.4415370104 -0.5268928492 -0.7521808405 0.6230734523 -0.5662240480 -0.4203066957 -0.4221005543
-0.4416276866 -0.5379546959 -0.5702523998 -0.4153976795 -0.4633905898 -0.5523485284 -0.6088175303 -0.4153665105 -0.5042967892 -0.7405266337 0.6052493091 -0.5459017417 -0.3931719438 -0.3950469588
-0.4171522128 -0.5176936345 -0.5514689913 -0.3897161760 -0.4396267447 -0.5327137224 -0.5915955592 -0.3896832186 -0.4820713346 -0.7290828186 0.5877372176 -0.5259576487 -0.3665460427 -0.3685003540
-0.3931435039 -0.4978174896 -0.5330490377 -0.3645183130 -0.4162888991 -0.5134512793 -0.5746926219 -0.3644835545 -0.4602138496 -0.7178475826 0.5705347821 -0.5063888744 -0.3404252604 -0.3424570214
-0.3695980612 -0.4783232904 -0.5149896770 -0.3398005101 -0.3933739275 -0.4945583108 -0.5581062008 -0.3397639379 -0.4387216989 -0.7068191128 0.5536396069 -0.4871925242 -0.3148058651 -0.3169132423
