-0.5426054472 -0.3549943476 -0.5531329735 -0.6766636887 0.7651574993 -0.3447086621 -0.0966682045 -0.6754629436 0.9907558938 0.0024539210 -0.2769656143 -0.3870932516 -0.6674664912 -0.6575333835
-0.5344075113 -0.3488733956 -0.5465913453 -0.6686021667 0.7697878186 -0.3387095956 -0.0926564454 -0.6673816431 0.9920463654 0.0054146311 -0.2809148326 -0.3811230643 -0.6589048851 -0.6488085334
-0.5261535542 -0.3427166976 -0.5399969912 -0.6604594715 0.7743572214 -0.3326755194 -0.0886287645 -0.6592192415 0.9932367258 0.0083839941 -0.2848471236 -0.3751140907 -0.6502581708 -0.6399992182
-0.5178440399 -0.3365240640 -0.5333498022 -0.6522362859 0.7788661082 -0.3266062137 -0.0845844608 -0.6509764279 0.9943277651 0.0113629706 -0.2887631446 -0.3690660965 -0.6415272776 -0.6311064215
-0.5094794326 -0.3302953055 -0.5266496697 -0.6439332924 0.7833148797 -0.3205014589 -0.0805228337 -0.6426538918 0.9953202735 0.0143525209 -0.2926635530 -0.3629788478 -0.6327131349 -0.6221311266
-0.5010601964 -0.3240302326 -0.5198964848 -0.6355511736 0.7877039364 -0.3143610352 -0.0764431822 -0.6342523224 0.9962150412 0.0173536052 -0.2965490062 -0.3568521106 -0.6238166720 -0.6130743169
-0.4925867953 -0.3177286559 -0.5130901387 -0.6270906123 0.7920336791 -0.3081847228 -0.0723448057 -0.6257724090 0.9970128583 0.0203671840 -0.3004201614 -0.3506856506 -0.6148388183 -0.6039369759
-0.4840596936 -0.3113903859 -0.5062305227 -0.6185522910 0.7963045084 -0.3019723021 -0.0682270033 -0.6172148409 0.9977145152 0.0233942176 -0.3042776760 -0.3444792338 -0.6057805033 -0.5947200870
-0.4754793552 -0.3050152333 -0.4993175280 -0.6099368924 0.8005168248 -0.2957235534 -0.0640890743 -0.6085803074 0.9983208019 0.0264356663 -0.3081222073 -0.3382326262 -0.5966426563 -0.5854246335
-0.4668462443 -0.2986030086 -0.4923510457 -0.6012450991 0.8046710291 -0.2894382568 -0.0599303179 -0.5998694978 0.9988325087 0.0294924904 -0.3119544127 -0.3319455936 -0.5874262066 -0.5760515989
-0.4581608250 -0.2921535224 -0.4853309671 -0.5924775936 0.8087675218 -0.2831161928 -0.0557500333 -0.5910831013 0.9992504257 0.0325656504 -0.3157749496 -0.3256179020 -0.5781320838 -0.5666019666
-0.4494235614 -0.2856665853 -0.4782571834 -0.5836350588 0.8128067036 -0.2767571415 -0.0515475196 -0.5822218074 0.9995753432 0.0356561066 -0.3195844752 -0.3192493174 -0.5687612170 -0.5570767200
-0.4406349175 -0.2791420078 -0.4711295859 -0.5747181771 0.8167889752 -0.2703608832 -0.0473220763 -0.5732863053 0.9998080512 0.0387648192 -0.3233836469 -0.3128396056 -0.5593145358 -0.5474768426
-0.4317953576 -0.2725796005 -0.4639480656 -0.5657276313 0.8207147372 -0.2639271983 -0.0430730023 -0.5642772843 0.9999493401 0.0418927487 -0.3271731220 -0.3063885325 -0.5497929694 -0.5378033176
-0.4229053458 -0.2659791739 -0.4567125139 -0.5566641039 0.8245843901 -0.2574558670 -0.0387995970 -0.5551954336 1.0000000000 0.0450408554 -0.3309535579 -0.2998958642 -0.5401974474 -0.5280571286
