-0.2366556295 -0.3072992985 -0.2561992325 -0.1333094647 -0.5276637757 -0.3697495221 -0.3848486367 -0.1337468601 -0.6829165842 -0.8721827083 0.6348136366 -0.3252340694 -0.1045478442 -0.1111539288
-0.2166451423 -0.2870692111 -0.2362855797 -0.1138218719 -0.5069895055 -0.3491011760 -0.3644651763 -0.1142586759 -0.6631822174 -0.8615205250 0.6152476419 -0.3049593090 -0.0851926230 -0.0917576648
-0.1963455417 -0.2665022901 -0.2160664191 -0.0941093504 -0.4858116449 -0.3280763367 -0.3436895669 -0.0945452563 -0.6427836009 -0.8503961672 0.5951108623 -0.2843352295 -0.0656304419 -0.0721505701
-0.1757557119 -0.2455966850 -0.1955401717 -0.0741716317 -0.4641265424 -0.3066730112 -0.3225190856 -0.0746063267 -0.6217149616 -0.8388057204 0.5743988908 -0.2633597854 -0.0458613007 -0.0523325976
-0.1548745367 -0.2243505452 -0.1747052584 -0.0540084470 -0.4419305463 -0.2848892064 -0.3009510093 -0.0544416122 -0.5999705263 -0.8267452701 0.5531073206 -0.2420309313 -0.0258851990 -0.0323037002
-0.1337009001 -0.2027620200 -0.1535601000 -0.0336195276 -0.4192200051 -0.2627229291 -0.2789826149 -0.0340508379 -0.5775445216 -0.8142109018 0.5312317450 -0.2203466217 -0.0057021366 -0.0120638306
-0.1122336862 -0.1808292588 -0.1321031176 -0.0130046048 -0.3959912671 -0.2401721863 -0.2566111796 -0.0134337290 -0.5544311745 -0.8011987012 0.5087677572 -0.1983048111 0.0146878867 0.0083870583
-0.0904717789 -0.1585504109 -0.1103327319 0.0078365902 -0.3722406807 -0.2172349848 -0.2338339803 0.0074099893 -0.5306247117 -0.7877047537 0.4857109502 -0.1759034542 0.0352848714 0.0290490138
-0.0684140623 -0.1359236258 -0.0882473639 0.0289043260 -0.3479645944 -0.1939093316 -0.2106482939 0.0284805918 -0.5061193600 -0.7737251448 0.4620569173 -0.1531405055 0.0560888175 0.0499220828
-0.0460594203 -0.1129470527 -0.0658454345 0.0501988714 -0.3231593565 -0.1701932336 -0.1870513975 0.0497783534 -0.4809093462 -0.7592559601 0.4378012517 -0.1300139196 0.0770997255 0.0710063128
-0.0234067369 -0.0896188411 -0.0431253646 0.0717204951 -0.2978213154 -0.1460846977 -0.1630405681 0.0713035489 -0.4549888971 -0.7442932852 0.4129395466 -0.1065216510 0.0983175956 0.0923017507
-0.0004548962 -0.0659371403 -0.0200855751 0.0934694659 -0.2719468195 -0.1215817308 -0.1386130827 0.0930564531 -0.4283522394 -0.7288332055 0.3874673951 -0.0826616543 0.1197424280 0.1138084438
0.0227972178 -0.0419000996 0.0032755131 0.1154460523 -0.2455322173 -0.0966823398 -0.1137662181 0.1150373408 -0.4009936000 -0.7128718067 0.3613803903 -0.0584318840 0.1413742231 0.1355264393
0.0463507213 -0.0175058686 0.0269594791 0.1376505232 -0.2185738570 -0.0713845316 -0.0884972516 0.1372464869 -0.3729072057 -0.6964051741 0.3346741256 -0.0338302948 0.1632129811 0.1574557843
0.0702067301 0.0072474036 0.0509679020 0.1600831473 -0.1910680872 -0.0456863131 -0.0628034599 0.1596841662 -0.3440872831 -0.6794293934 0.3073441941 -0.0088548411 0.1852587023 0.1795965260
