0.5590690351 0.0872445675 0.0357728791 0.7233625773 -0.4606454663 0.2261347620 -0.4644447507 0.7240070733 -0.8971344586 -0.5781203838 -0.0238670423 0.2036204752 0.7678764835 0.7660355299
0.5673410366 0.0982548384 0.0445308562 0.7303570931 -0.4438620643 0.2380565771 -0.4523815791 0.7309970075 -0.8900047410 -0.5682339986 -0.0339524793 0.2139953972 0.7745339722 0.7726841050
0.5755337079 0.1092511060 0.0532739879 0.7372480074 -0.4269379591 0.2499435104 -0.4402437550 0.7378832321 -0.8826835000 -0.5581765200 -0.0441444008 0.2243404778 0.7810799837 0.7792217856
0.5836470777 0.1202322488 0.0620018839 0.7440358454 -0.4098788599 0.2617940283 -0.4280334184 0.7446662741 -0.8751755209 -0.5479532715 -0.0544378900 0.2346548695 0.7875151420 0.7856492074
0.5916811747 0.1311971454 0.0707141536 0.7507211326 -0.3926904757 0.2736065973 -0.4157527094 0.7513466603 -0.8674855891 -0.5375695762 -0.0648280298 0.2449377250 0.7938400710 0.7919670062
0.5996360277 0.1421446744 0.0794104068 0.7573043944 -0.3753785158 0.2853796840 -0.4034037683 0.7579249176 -0.8596184900 -0.5270307573 -0.0753099031 0.2551881967 0.8000553947 0.7981758177
0.6075116655 0.1530737141 0.0880902530 0.7637861562 -0.3579486892 0.2971117547 -0.3909887352 0.7644015727 -0.8515790089 -0.5163421382 -0.0858785929 0.2654054371 0.8061617370 0.8042762774
0.6153081169 0.1639831433 0.0967533019 0.7701669433 -0.3404067051 0.3088012761 -0.3785097501 0.7707771525 -0.8433719312 -0.5055090422 -0.0965291824 0.2755885987 0.8121597219 0.8102690212
0.6230254105 0.1748718403 0.1053991630 0.7764472811 -0.3227582727 0.3204467145 -0.3659689532 0.7770521839 -0.8350020424 -0.4945367924 -0.1072567544 0.2857368339 0.8180499733 0.8161546848
0.6306635753 0.1857386838 0.1140274461 0.7826276951 -0.3050091012 0.3320465366 -0.3533684847 0.7832271937 -0.8264741278 -0.4834307122 -0.1180563919 0.2958492954 0.8238331153 0.8219339037
0.6382226398 0.1965825522 0.1226377606 0.7887087105 -0.2871648995 0.3435992087 -0.3407104846 0.7893027087 -0.8177929727 -0.4721961248 -0.1289231779 0.3059251356 0.8295097718 0.8276073138
0.6457026330 0.2074023241 0.1312297163 0.7946908529 -0.2692313770 0.3551031975 -0.3279970931 0.7952792558 -0.8089633626 -0.4608383535 -0.1398521955 0.3159635071 0.8350805666 0.8331755507
0.6531035835 0.2181968780 0.1398029228 0.8005746474 -0.2512142428 0.3665569693 -0.3152304503 0.8011573618 -0.7999900827 -0.4493627215 -0.1508385276 0.3259635622 0.8405461239 0.8386392502
0.6604255201 0.2289650925 0.1483569896 0.8063606197 -0.2331192059 0.3779589908 -0.3024126964 0.8069375536 -0.7908779186 -0.4377745522 -0.1618772572 0.3359244535 0.8459070676 0.8439990479
0.6676684715 0.2397058460 0.1568915264 0.8120492949 -0.2149519756 0.3893077283 -0.2895459714 0.8126203579 -0.7816316556 -0.4260791687 -0.1729634673 0.3458453336 0.8511640215 0.8492555794
