-0.8647243992 -0.9933067495 -0.9985362575 -0.7491738126 -0.9762555292 -0.9848616708 -0.9281990846 -0.7523622124 -0.8718463591 -0.7934191309 0.8740076804 -0.9919751237 -0.6718546002 -0.6671256611
-0.8705778105 -0.9917491295 -0.9977485829 -0.7579997969 -0.9745239605 -0.9825947341 -0.9237854939 -0.7611657814 -0.8680592963 -0.7870566362 0.8683903377 -0.9902611564 -0.6813927941 -0.6767454771
-0.8763187280 -0.9900246938 -0.9967892679 -0.7667005299 -0.9727328960 -0.9801640330 -0.9192323290 -0.7698427488 -0.8642273878 -0.7805891728 0.8626450996 -0.9883769125 -0.6908269860 -0.6862614764
-0.8819459492 -0.9881323432 -0.9956568403 -0.7752741093 -0.9708824798 -0.9775685023 -0.9145389197 -0.7783911972 -0.8603510919 -0.7740163722 0.8567716279 -0.9863212536 -0.7001554153 -0.6956718812
-0.8874582718 -0.9860709786 -0.9943498277 -0.7837186327 -0.9689728558 -0.9748070768 -0.9097045958 -0.7868092095 -0.8564308669 -0.7673378658 0.8507695843 -0.9840930415 -0.7093763216 -0.7049749136
-0.8928544933 -0.9838395008 -0.9928667578 -0.7920321978 -0.9670041678 -0.9718786915 -0.9047286870 -0.7950948683 -0.8524671713 -0.7605532849 0.8446386307 -0.9816911380 -0.7184879443 -0.7141687959
-0.8981334113 -0.9814368104 -0.9912061582 -0.8002129022 -0.9649765597 -0.9687822810 -0.8996105232 -0.8032462564 -0.8484604635 -0.7536622610 0.8383784289 -0.9791144047 -0.7274885230 -0.7232517502
-0.9032938234 -0.9788618082 -0.9893665567 -0.8082588437 -0.9628901754 -0.9655167804 -0.8943494341 -0.8112614565 -0.8444112017 -0.7466644253 0.8319886406 -0.9763617034 -0.7363762971 -0.7322219988
-0.9083345271 -0.9761133951 -0.9873464808 -0.8161681197 -0.9607451588 -0.9620811245 -0.8889447494 -0.8191385513 -0.8403198445 -0.7395594094 0.8254689276 -0.9734318958 -0.7451495061 -0.7410777637
-0.9132543200 -0.9731904718 -0.9851444582 -0.8239388281 -0.9585416539 -0.9584742480 -0.8833957990 -0.8268756235 -0.8361868501 -0.7323468446 0.8188189518 -0.9703238436 -0.7538063896 -0.7498172673
-0.9180519997 -0.9700919391 -0.9827590166 -0.8315690664 -0.9562798045 -0.9546950859 -0.8777019125 -0.8344707560 -0.8320126770 -0.7250263623 0.8120383750 -0.9670364086 -0.7623451869 -0.7584387316
-0.9227263637 -0.9668166977 -0.9801886836 -0.8390569324 -0.9539597544 -0.9507425730 -0.8718624199 -0.8419220314 -0.8277977836 -0.7175975939 0.8051268589 -0.9635684525 -0.7707641376 -0.7669403790
-0.9272762096 -0.9633636485 -0.9774319870 -0.8464005236 -0.9515816477 -0.9466156442 -0.8658766507 -0.8492275325 -0.8235426282 -0.7100601707 0.7980840654 -0.9599188370 -0.7790614813 -0.7753204315
-0.9317003350 -0.9597316922 -0.9744874543 -0.8535979378 -0.9491456282 -0.9423132342 -0.8597439349 -0.8563853419 -0.8192476692 -0.7024137243 0.7909096562 -0.9560864239 -0.7872354573 -0.7835771113
-0.9359975375 -0.9559197295 -0.9713536132 -0.8606472726 -0.9466518398 -0.9378342781 -0.8534636022 -0.8633935425 -0.8149133650 -0.6946578858 0.7836032932 -0.9520700749 -0.7952843051 -0.7917086407
