0.1873640177 0.0934839939 0.0508562389 0.2204040597 0.2235244977 0.0575479365 0.0459076895 0.2209176995 0.2377066866 -0.2462655174 -0.3548122603 0.0957696797 0.2355255921 0.2340598922
0.2030656211 0.1080630022 0.0647465744 0.2365290050 0.2400231473 0.0714673605 0.0599517132 0.2370466563 0.2547904942 -0.2363165545 -0.3730515881 0.1103064058 0.2518251275 0.2503462151
0.2180969195 0.1220313967 0.0780463575 0.2519637497 0.2558428512 0.0847899730 0.0734167084 0.2524850021 0.2712026938 -0.2267845148 -0.3905352150 0.1242283250 0.2674246023 0.2659335791
0.2324674276 0.1353979848 0.0907642344 0.2667180323 0.2709930706 0.0975245162 0.0863110935 0.2672424811 0.2869524819 -0.2176626437 -0.4072734388 0.1375443243 0.2823338748 0.2808318276
0.2461866605 0.1481715738 0.1029088513 0.2808015914 0.2854832667 0.1096797323 0.0986432871 0.2813288377 0.3020490549 -0.2089441868 -0.4232765574 0.1502632906 0.2965628031 0.2950508038
0.2592641329 0.1603609712 0.1144888545 0.2942241657 0.2993229008 0.1212643634 0.1104217075 0.2947538164 0.3165016092 -0.2006223898 -0.4385548688 0.1623941106 0.3101212452 0.3086003508
0.2717093598 0.1719749844 0.1255128899 0.3069954937 0.3125214341 0.1322871517 0.1216547734 0.3075271615 0.3303193412 -0.1926904980 -0.4531186709 0.1739456714 0.3230190594 0.3214903120
0.2835318561 0.1830224206 0.1359896039 0.3191253141 0.3250883278 0.1427568392 0.1323509031 0.3196586174 0.3435114472 -0.1851417571 -0.4669782615 0.1849268596 0.3352661038 0.3337305305
0.2947411365 0.1935120873 0.1459276426 0.3306233654 0.3370330432 0.1526821683 0.1425185152 0.3311579285 0.3560871238 -0.1779694127 -0.4801439386 0.1953465623 0.3468722365 0.3453308497
0.3053467161 0.2034527919 0.1553356521 0.3414993863 0.3483650415 0.1620718810 0.1521660281 0.3420348391 0.3680555673 -0.1711667103 -0.4926260001 0.2052136662 0.3578473157 0.3563011127
0.3153581096 0.2128533416 0.1642222787 0.3517631153 0.3590937840 0.1709347195 0.1613018604 0.3522990937 0.3794259742 -0.1647268955 -0.5044347440 0.2145370582 0.3682011994 0.3666511627
0.3247848320 0.2217225440 0.1725961685 0.3614242912 0.3692287319 0.1792794260 0.1699344305 0.3619604367 0.3902075408 -0.1586432138 -0.5155804680 0.2233256253 0.3779437459 0.3763908431
0.3336363982 0.2300692064 0.1804659677 0.3704926524 0.3787793464 0.1871147426 0.1780721569 0.3710286123 0.4004094635 -0.1529089108 -0.5260734702 0.2315882542 0.3870848133 0.3855299970
0.3419223230 0.2379021360 0.1878403225 0.3789779376 0.3877550887 0.1944494115 0.1857234581 0.3795133650 0.4100409388 -0.1475172320 -0.5359240485 0.2393338319 0.3956342597 0.3940784677
0.3496521213 0.2452301405 0.1947278791 0.3868898853 0.3961654201 0.2012921748 0.1928967526 0.3874244392 0.4191111631 -0.1424614231 -0.5451425007 0.2465712452 0.4036019433 0.4020460984
