-0.8917882419 -0.6398306058 -0.6840287343 -0.8842529298 -0.1846545810 -0.5888597252 -0.4130606980 -0.8856500511 0.0449832420 -0.3262337048 0.3093871782 -0.6194127687 -0.8668799132 -0.8703796023
-0.9026164293 -0.6459210429 -0.6890765882 -0.8951934872 -0.1893104725 -0.5938053002 -0.4142348273 -0.8965440074 0.0465253532 -0.3197368366 0.3143655241 -0.6262278573 -0.8783889534 -0.8817678828
-0.9129343910 -0.6514346563 -0.6935029627 -0.9056514131 -0.1935008664 -0.5981573285 -0.4149274436 -0.9069529279 0.0483370002 -0.3129363021 0.3188447613 -0.6324939666 -0.8894418445 -0.8926957002
-0.9227315230 -0.6563602483 -0.6972961554 -0.9156167392 -0.1972162168 -0.6019044935 -0.4151296313 -0.9168668083 0.0504235216 -0.3058275187 0.3228148526 -0.6382002075 -0.9000289786 -0.9031534031
-0.9319972215 -0.6606866214 -0.7004444636 -0.9250794967 -0.2004469779 -0.6050354790 -0.4148324747 -0.9262756445 0.0527902562 -0.2984059034 0.3262657608 -0.6433356911 -0.9101407480 -0.9131313403
-0.9407208824 -0.6644025782 -0.7029361847 -0.9340297173 -0.2031836039 -0.6075389683 -0.4140270582 -0.9351694322 0.0554425428 -0.2906668735 0.3291874487 -0.6478895282 -0.9197675447 -0.9226198605
-0.9488919018 -0.6674969211 -0.7047596162 -0.9424574324 -0.2054165488 -0.6094036451 -0.4127044663 -0.9435381671 0.0583857199 -0.2826058464 0.3315698791 -0.6518508299 -0.9288997610 -0.9316093123
-0.9564996759 -0.6699584526 -0.7059030555 -0.9503526735 -0.2071362669 -0.6106181930 -0.4108557833 -0.9513718450 0.0616251265 -0.2742182391 0.3334030149 -0.6552087071 -0.9375277888 -0.9400900445
-0.9635336007 -0.6717759752 -0.7063547999 -0.9577054721 -0.2083332123 -0.6111712955 -0.4084720937 -0.9586604618 0.0651661011 -0.2654994690 0.3346768189 -0.6579522707 -0.9456420205 -0.9480524057
-0.9699830724 -0.6729382912 -0.7061031469 -0.9645058597 -0.2089978392 -0.6110516361 -0.4055444818 -0.9653940132 0.0690139826 -0.2564449532 0.3353812538 -0.6600706318 -0.9532328480 -0.9554867446
-0.9758374869 -0.6734342032 -0.7051363938 -0.9707438677 -0.2091206016 -0.6102478985 -0.4020640320 -0.9715624949 0.0731741097 -0.2470501091 0.3355062825 -0.6615529012 -0.9602906637 -0.9623834100
-0.9810862403 -0.6732525137 -0.7034428382 -0.9764095277 -0.2086919538 -0.6087487662 -0.3980218287 -0.9771559028 0.0776518210 -0.2373103538 0.3350418679 -0.6623881899 -0.9668058595 -0.9687327505
-0.9857187288 -0.6723820252 -0.7010107773 -0.9814928711 -0.2077023498 -0.6065429228 -0.3934089564 -0.9821642326 0.0824524554 -0.2272211046 0.3339779726 -0.6625656089 -0.9727688276 -0.9745251148
-0.9897243484 -0.6708115400 -0.6978285087 -0.9859839294 -0.2061422439 -0.6036190517 -0.3882164993 -0.9865774801 0.0875813515 -0.2167777786 0.3323045596 -0.6620742691 -0.9781699603 -0.9797508517
-0.9930924952 -0.6685298607 -0.6938843297 -0.9898727341 -0.2040020902 -0.5999658366 -0.3824355420 -0.9903856410 0.0930438481 -0.2059757933 0.3300115917 -0.6609032815 -0.9829996496 -0.9844003097
