-0.5775805068 -0.9790874264 -0.9988540683 -0.5069827756 -0.2709628475 -0.9731740131 -0.8960841663 -0.5090546208 -0.3137869137 -0.9104399800 0.8030595480 -0.9829414212 -0.4188582460 -0.4140146153
-0.5772958017 -0.9805987716 -0.9991989344 -0.5057838964 -0.2781774228 -0.9749148396 -0.8985823116 -0.5078487650 -0.3194506257 -0.9121754013 0.8061855290 -0.9843064534 -0.4175969984 -0.4127996243
-0.5769703684 -0.9820515749 -0.9994817967 -0.5045436554 -0.2853892571 -0.9765956914 -0.9010560189 -0.5066014529 -0.3251349893 -0.9139044446 0.8093001767 -0.9856127538 -0.4162972062 -0.4115464098
-0.5766046648 -0.9834460571 -0.9997029948 -0.5032625784 -0.2925977644 -0.9782167351 -0.9035050564 -0.5053132112 -0.3308392838 -0.9156267530 0.8124031207 -0.9868605627 -0.4149593876 -0.4102554852
-0.5761991483 -0.9847824391 -0.9998628683 -0.5019411910 -0.2998023589 -0.9797781371 -0.9059291922 -0.5039845666 -0.3365627885 -0.9173419700 0.8154939905 -0.9880501200 -0.4135840609 -0.4089273642
-0.5757542766 -0.9860609419 -0.9999617568 -0.5005800191 -0.3070024545 -0.9812800641 -0.9083281946 -0.5026160455 -0.3423047828 -0.9190497387 0.8185724156 -0.9891816659 -0.4121717442 -0.4075625601
-0.5752705075 -0.9872817865 -1.0000000000 -0.4991795883 -0.3141974655 -0.9827226825 -0.9107018318 -0.5012081748 -0.3480645461 -0.9207497024 0.8216380257 -0.9902554406 -0.4107229557 -0.4061615866
-0.5747482985 -0.9884451937 -0.9999779375 -0.4977404243 -0.3213868058 -0.9841061589 -0.9130498720 -0.4997614809 -0.3538413576 -0.9224415045 0.8246904502 -0.9912716843 -0.4092382136 -0.4047249572
-0.5741881072 -0.9895513846 -0.9998959089 -0.4962630530 -0.3285698897 -0.9854306599 -0.9153720833 -0.4982764905 -0.3596344967 -0.9241247883 0.8277293188 -0.9922306369 -0.4077180361 -0.4032531854
-0.5735903913 -0.9906005800 -0.9997542537 -0.4947480000 -0.3357461311 -0.9866963519 -0.9176682341 -0.4967537303 -0.3654432427 -0.9257991969 0.8307542609 -0.9931325387 -0.4061629415 -0.4017467846
-0.5729556085 -0.9915930008 -0.9995533118 -0.4931957910 -0.3429149442 -0.9879034015 -0.9199380926 -0.4951937269 -0.3712668751 -0.9274643738 0.8337649061 -0.9939776298 -0.4045734479 -0.4002062686
-0.5722842164 -0.9925288681 -0.9992934226 -0.4916069518 -0.3500757430 -0.9890519754 -0.9221814269 -0.4935970070 -0.3771046730 -0.9291199621 0.8367608839 -0.9947661503 -0.4029500734 -0.3986321507
-0.5715766727 -0.9934084027 -0.9989749257 -0.4899820081 -0.3572279417 -0.9901422399 -0.9243980052 -0.4919640970 -0.3829559159 -0.9307656052 0.8397418240 -0.9954983403 -0.4012933364 -0.3970249444
-0.5708334349 -0.9942318256 -0.9985981609 -0.4883214857 -0.3643709542 -0.9911743617 -0.9265875958 -0.4902955238 -0.3888198831 -0.9324009464 0.8427073558 -0.9961744401 -0.3996037550 -0.3953851634
-0.5700549607 -0.9949993578 -0.9981634676 -0.4866259102 -0.3715041948 -0.9921485072 -0.9287499669 -0.4885918138 -0.3946958539 -0.9340256289 0.8456571090 -0.9967946896 -0.3978818475 -0.3937133212
