-0.0507930847 -0.0225719227 0.0880680835 0.0534412065 -0.4492987715 -0.1335974034 -0.0914484492 0.0540888319 -0.8061186841 -0.5575597371 0.5428510455 -0.0310838549 0.0526951156 0.0595727315
-0.0517494126 -0.0208527922 0.0906731167 0.0501020409 -0.4452200836 -0.1332880574 -0.0849475468 0.0507738583 -0.7933369658 -0.5482839588 0.5429737786 -0.0294080433 0.0488159507 0.0559133216
-0.0535212194 -0.0198651210 0.0925209725 0.0458066488 -0.4415334295 -0.1337029738 -0.0789600444 0.0465032058 -0.7801292243 -0.5390993207 0.5435851980 -0.0284607592 0.0439614543 0.0512830555
-0.0561269059 -0.0196262891 0.0935937119 0.0405346239 -0.4382507445 -0.1348592056 -0.0735003415 0.0412564737 -0.7664938209 -0.5300132791 0.5446982173 -0.0282593268 0.0381109798 0.0456613297
-0.0595848734 -0.0201536763 0.0938733957 0.0342655599 -0.4353839640 -0.1367738057 -0.0685828371 0.0350132614 -0.7524291166 -0.5210332902 0.5463257500 -0.0288210706 0.0312438804 0.0390275406
-0.0639135227 -0.0214646626 0.0933420849 0.0269790504 -0.4329450230 -0.1394638271 -0.0642219308 0.0277531684 -0.7379334728 -0.5121668100 0.5484807097 -0.0301633149 0.0233395095 0.0313610848
-0.0691312550 -0.0235766278 0.0919818404 0.0186546891 -0.4309458569 -0.1429463227 -0.0604320218 0.0194557938 -0.7230052506 -0.5034212949 0.5511760099 -0.0323033840 0.0143772204 0.0226413587
-0.0752564712 -0.0265069518 0.0897747230 0.0092720698 -0.4293984009 -0.1472383455 -0.0572275095 0.0101007371 -0.7076428113 -0.4948042009 0.5544245641 -0.0352586024 0.0043363664 0.0128477588
-0.0823075724 -0.0302730145 0.0867027937 -0.0011892138 -0.4283145902 -0.1523569484 -0.0546227930 -0.0003324023 -0.6918445159 -0.4863229844 0.5582392858 -0.0390462943 -0.0068036991 0.0019596816
-0.0903029595 -0.0348921958 0.0827481133 -0.0127495682 -0.4277063600 -0.1583191844 -0.0526322718 -0.0118640252 -0.6756087258 -0.4779851015 0.5626330887 -0.0436837842 -0.0190636228 -0.0100434765
-0.0992610337 -0.0403818756 0.0778927427 -0.0254293995 -0.4275856456 -0.1651421065 -0.0512703452 -0.0245145321 -0.6589338021 -0.4697980084 0.5676188862 -0.0491883964 -0.0324640515 -0.0231823190
-0.1092001960 -0.0467594339 0.0721187429 -0.0392491141 -0.4279643822 -0.1728427675 -0.0505514124 -0.0383043238 -0.6418181060 -0.4617691613 0.5732095919 -0.0555774552 -0.0470256317 -0.0374774493
-0.1201388473 -0.0540422504 0.0654081748 -0.0542291183 -0.4288545050 -0.1814382205 -0.0504898728 -0.0532538008 -0.6242599988 -0.4539060163 0.5794181192 -0.0628682851 -0.0627690102 -0.0529494711
-0.1320953888 -0.0622477051 0.0577430992 -0.0703898184 -0.4302679493 -0.1909455184 -0.0511001256 -0.0693833638 -0.6062578416 -0.4462160298 0.5862573819 -0.0710782104 -0.0797148337 -0.0696189878
-0.1450882214 -0.0713931779 0.0491055771 -0.0877516207 -0.4322166503 -0.2013817141 -0.0523965703 -0.0867134134 -0.5878099956 -0.4387066578 0.5937402933 -0.0802245553 -0.0978837487 -0.0875066029
