-0.9807520724 -0.9941223093 -0.9566536999 -0.8685290217 -0.6722299977 -0.9962406122 -0.9907799897 -0.8678121050 -0.3456830292 -0.8787606264 0.9707202322 -0.9918699430 -0.8093306822 -0.8560255856
-0.9781541659 -0.9923140364 -0.9521790208 -0.8617395619 -0.6866157716 -0.9947294408 -0.9927403026 -0.8609984468 -0.3606626439 -0.8808310619 0.9742903991 -0.9897391733 -0.8025103519 -0.8491439761
-0.9754126338 -0.9902670041 -0.9475059595 -0.8548561129 -0.7007850519 -0.9929668574 -0.9944739692 -0.8540907112 -0.3755438093 -0.8827506252 0.9776475163 -0.9873644788 -0.7956083833 -0.8421741676
-0.9725311313 -0.9879823430 -0.9426375087 -0.8478847636 -0.7147298634 -0.9909535844 -0.9959778521 -0.8470949922 -0.3903164646 -0.8845145630 0.9807874025 -0.9847469830 -0.7886309893 -0.8351223838
-0.9695133136 -0.9854611834 -0.9375766606 -0.8408316034 -0.7284422307 -0.9886903445 -0.9972488141 -0.8400173839 -0.4049705489 -0.8861181217 0.9837058762 -0.9818878093 -0.7815843831 -0.8279948484
-0.9663628362 -0.9827046558 -0.9323264079 -0.8337027212 -0.7419141786 -0.9861778601 -0.9982837176 -0.8328639803 -0.4194960017 -0.8875565480 0.9863987562 -0.9787880809 -0.7744747778 -0.8207977850
-0.9630833542 -0.9797138907 -0.9268897430 -0.8265042063 -0.7551377318 -0.9834168537 -0.9990794253 -0.8256408754 -0.4338827621 -0.8888250885 0.9888618610 -0.9754489215 -0.7673083864 -0.8135374173
-0.9596785229 -0.9764900185 -0.9212696583 -0.8192421476 -0.7681049149 -0.9804080479 -0.9996327999 -0.8183541633 -0.4481207694 -0.8899189898 0.9910910094 -0.9718714542 -0.7600914220 -0.8062199690
-0.9561519977 -0.9730341698 -0.9154691465 -0.8119226343 -0.7808077527 -0.9771521653 -0.9999407039 -0.8110099379 -0.4621999628 -0.8908334985 0.9930820200 -0.9680568027 -0.7528300976 -0.7988516636
-0.9525074338 -0.9693474748 -0.9094911998 -0.8045517556 -0.7932382698 -0.9736499283 -1.0000000000 -0.8036142934 -0.4761102816 -0.8915638611 0.9948307113 -0.9640060902 -0.7455306263 -0.7914387250
-0.9487484864 -0.9654310642 -0.9033388109 -0.7971356005 -0.8053884909 -0.9699020594 -0.9998075508 -0.7961733236 -0.4898416651 -0.8921053243 0.9963329021 -0.9597204402 -0.7381992213 -0.7839873767
-0.9448788109 -0.9612860683 -0.8970149722 -0.7896802581 -0.8172504408 -0.9659092812 -0.9993602189 -0.7886931227 -0.5033840526 -0.8924531347 0.9975844109 -0.9552009760 -0.7308420955 -0.7765038424
-0.9409020626 -0.9569136177 -0.8905226761 -0.7821918176 -0.8288161442 -0.9616723163 -0.9986548669 -0.7811797847 -0.5167273832 -0.8926025389 0.9985810565 -0.9504488212 -0.7234654620 -0.7689943458
-0.9368218967 -0.9523148427 -0.8838649152 -0.7746763680 -0.8400776256 -0.9571918871 -0.9976883574 -0.7736394037 -0.5298615962 -0.8925487834 0.9993186574 -0.9454650990 -0.7160755340 -0.7614651105
-0.9326419684 -0.9474908738 -0.8770446820 -0.7671399986 -0.8510269099 -0.9524687162 -0.9964575532 -0.7660780735 -0.5427766309 -0.8922871149 0.9997930324 -0.9402509329 -0.7086785244 -0.7539223602
