-0.0450886370 -0.0383831490 -0.0270481337 0.0571814636 0.1683268265 0.0501761832 -0.0105711715 0.0562911596 0.4830221254 0.5326259819 -0.5656472644 -0.0401059635 0.0568549605 0.0596407697
-0.0257922923 -0.0186923331 -0.0067978846 0.0790395412 0.1923470314 0.0717388006 0.0101617076 0.0781428325 0.5142312141 0.5661971320 -0.5991347054 -0.0205452518 0.0786060645 0.0814001658
-0.0074731390 0.0000287845 0.0124892737 0.0998398030 0.2151867116 0.0922423553 0.0299224501 0.0989382883 0.5439725444 0.5983232018 -0.6310928431 -0.0019577860 0.0992940362 0.1020907645
0.0098864837 0.0177975597 0.0308303491 0.1196006287 0.2368659938 0.1117053641 0.0487280713 0.1186958757 0.5722695327 0.6290260753 -0.6615445042 0.0156739131 0.1189374064 0.1217312113
0.0263042362 0.0346313484 0.0482423494 0.1383403977 0.2574050049 0.1301463435 0.0665955862 0.1374339433 0.5991455957 0.6583276366 -0.6905125159 0.0323673241 0.1375547058 0.1403401523
0.0417977792 0.0505475068 0.0647422827 0.1560774898 0.2768238715 0.1475838103 0.0835420102 0.1551708398 0.6246241498 0.6862497698 -0.7180197050 0.0481399260 0.1551644651 0.1579362330
0.0563847732 0.0655633907 0.0803471566 0.1728302844 0.2951427202 0.1640362811 0.0995843583 0.1719249138 0.6487286115 0.7128143591 -0.7440888984 0.0630091978 0.1717852150 0.1745380993
0.0700828788 0.0796963563 0.0950739792 0.1886171612 0.3123816779 0.1795222725 0.1147396458 0.1877145140 0.6714823975 0.7380432885 -0.7687429232 0.0769926183 0.1874354862 0.1901643970
0.0829097565 0.0929637595 0.1089397583 0.2034564998 0.3285608712 0.1940603012 0.1290248879 0.2025579889 0.6929089243 0.7619584422 -0.7920046062 0.0901076664 0.2021338093 0.2048337717
0.0948830670 0.1053829562 0.1219615019 0.2173666797 0.3437004269 0.2076688838 0.1424570996 0.2164736874 0.7130316083 0.7845817043 -0.8138967744 0.1023718211 0.2158987151 0.2185648693
0.1060204708 0.1169713026 0.1341562177 0.2303660805 0.3578204715 0.2203665371 0.1550532963 0.2294799579 0.7318738662 0.8059349588 -0.8344422548 0.1138025612 0.2287487343 0.2313763356
0.1163396286 0.1277461545 0.1455409137 0.2424730818 0.3709411319 0.2321717775 0.1668304930 0.2415951491 0.7494591145 0.8260400899 -0.8536638743 0.1244173656 0.2407023976 0.2432868162
0.1258582008 0.1377248681 0.1561325978 0.2537060633 0.3830825348 0.2431031219 0.1778057051 0.2528376097 0.7658107697 0.8449189818 -0.8715844599 0.1342337133 0.2517782357 0.2543149570
0.1345938480 0.1469247992 0.1659482778 0.2640834044 0.3942648068 0.2531790868 0.1879959475 0.2632256884 0.7809522483 0.8625935184 -0.8882268384 0.1432690832 0.2619947792 0.2644794037
0.1425642309 0.1553633040 0.1750049617 0.2736234848 0.4045080746 0.2624181889 0.1974182356 0.2727777337 0.7949069669 0.8790855840 -0.9036138369 0.1515409540 0.2713705590 0.2737988021
