-0.5906243082 -0.6749113237 -0.6929361793 -0.5607157176 -0.4608719520 -0.7364009223 -0.5956611620 -0.5595592876 0.0861487273 -0.5489548079 0.0758740911 -0.6698284162 -0.5467421354 -0.5494024529
-0.5997775790 -0.6825795661 -0.7002276174 -0.5703578805 -0.4687784446 -0.7430599110 -0.6015989049 -0.5692121111 0.0826565066 -0.5498749972 0.0850597919 -0.6775270808 -0.5566246225 -0.5592385457
-0.6089366540 -0.6902548170 -0.7075285867 -0.5800063988 -0.4767314946 -0.7497209886 -0.6075557369 -0.5788716567 0.0790722908 -0.5507934491 0.0943473802 -0.6852354305 -0.5665131306 -0.5690807676
-0.6180970055 -0.6979327509 -0.7148347761 -0.5896566636 -0.4847262871 -0.7563800683 -0.6135276229 -0.5885333079 0.0753999323 -0.5517077547 0.1037312589 -0.6929490898 -0.5764030211 -0.5789244849
-0.6272541057 -0.7056090419 -0.7221418744 -0.5993040658 -0.4927580071 -0.7630330635 -0.6195105278 -0.5981924479 0.0716432832 -0.5526155052 0.1132058315 -0.7006636831 -0.5862896554 -0.5887650640
-0.6364034269 -0.7132793646 -0.7294455706 -0.6089439966 -0.5008218397 -0.7696758873 -0.6255004164 -0.6078444600 0.0678061957 -0.5535142919 0.1227655011 -0.7083748347 -0.5961683949 -0.5985978713
-0.6455404413 -0.7209393933 -0.7367415536 -0.6185718469 -0.5089129699 -0.7763044531 -0.6314932536 -0.6174847277 0.0638925220 -0.5544017059 0.1324046709 -0.7160781690 -0.6060346011 -0.6084182730
-0.6546606212 -0.7285848023 -0.7440255124 -0.6281830078 -0.5170265830 -0.7829146741 -0.6374850042 -0.6271086343 0.0599061145 -0.5552753385 0.1421177441 -0.7237693105 -0.6158836354 -0.6182216357
-0.6637594387 -0.7362112661 -0.7512931358 -0.6377728703 -0.5251578638 -0.7895024637 -0.6434716332 -0.6367115630 0.0558508252 -0.5561327808 0.1518991240 -0.7314438836 -0.6257108591 -0.6280033257
-0.6728323661 -0.7438144589 -0.7585401127 -0.6473368255 -0.5333019976 -0.7960637350 -0.6494491054 -0.6462888973 0.0517305065 -0.5569716240 0.1617432139 -0.7390975126 -0.6355116338 -0.6377587094
-0.6818748757 -0.7513900552 -0.7657621321 -0.6568702644 -0.5414541693 -0.8025944014 -0.6554133855 -0.6558360205 0.0475490105 -0.5577894594 0.1716444168 -0.7467258220 -0.6452813208 -0.6474831530
-0.6908824397 -0.7589337293 -0.7729548829 -0.6663685780 -0.5496095640 -0.8090903762 -0.6613604387 -0.6653483158 0.0433101896 -0.5585838781 0.1815971361 -0.7543244362 -0.6550152815 -0.6571720231
-0.6998505304 -0.7664411556 -0.7801140540 -0.6758271574 -0.5577633669 -0.8155475726 -0.6672862296 -0.6748211668 0.0390178958 -0.5593524714 0.1915957750 -0.7618889795 -0.6647088775 -0.6668206860
-0.7087746199 -0.7739080084 -0.7872353344 -0.6852413935 -0.5659107630 -0.8219619039 -0.6731867231 -0.6842499566 0.0346759814 -0.5600928305 0.2016347366 -0.7694150764 -0.6743574700 -0.6764245081
-0.7176501806 -0.7813299621 -0.7943144128 -0.6946066775 -0.5740469373 -0.8283292833 -0.6790578842 -0.6936300687 0.0302882987 -0.5608025465 0.2117084243 -0.7768983513 -0.6839564206 -0.6859788557
