-0.9933903989 -0.9696446533 -0.9843481653 -0.9993142056 -0.7332079354 -0.9669876560 -0.8883019407 -0.9992561560 -0.0132749999 -0.5810876009 0.5706684301 -0.9664690246 -0.9978713559 -0.9980999428
-0.9905787917 -0.9647122494 -0.9810849268 -0.9999120992 -0.7200348463 -0.9619879489 -0.8809546868 -0.9998829141 0.0014660347 -0.5755764406 0.5550628401 -0.9613783398 -0.9990757896 -0.9992294542
-0.9872867091 -0.9594327244 -0.9775269736 -1.0000000000 -0.7066208007 -0.9566592927 -0.8734037926 -1.0000000000 0.0161890420 -0.5700580270 0.5392792649 -0.9559521413 -0.9997831014 -0.9998605604
-0.9835210457 -0.9538109080 -0.9736778113 -0.9995847567 -0.6929714032 -0.9510061915 -0.8656521031 -0.9996142447 0.0308916948 -0.5645320013 0.5233233385 -0.9501950802 -1.0000000000 -1.0000000000
-0.9792886959 -0.9478516302 -0.9695409455 -0.9986732183 -0.6790922583 -0.9450331498 -0.8577024635 -0.9987324792 0.0455716659 -0.5589980045 0.5072006949 -0.9441118074 -0.9997331942 -0.9996545117
-0.9745965543 -0.9415597206 -0.9651198818 -0.9972722334 -0.6649889705 -0.9387446718 -0.8495577189 -0.9973615344 0.0602266283 -0.5534556780 0.4909169681 -0.9377069738 -0.9989893926 -0.9988308341
-0.9694515151 -0.9349400093 -0.9604181259 -0.9953886510 -0.6506671444 -0.9321452618 -0.8412207144 -0.9955082413 0.0748542547 -0.5479046628 0.4744777920 -0.9309852306 -0.9977753040 -0.9975357060
-0.9638604729 -0.9279973258 -0.9554391834 -0.9930293200 -0.6361323845 -0.9252394243 -0.8326942951 -0.9931794307 0.0894522181 -0.5423446002 0.4578888007 -0.9239512285 -0.9960976370 -0.9957758658
-0.9578303222 -0.9207365002 -0.9501865599 -0.9902010891 -0.6213902954 -0.9180316634 -0.8239813061 -0.9903819337 0.1040181913 -0.5367751314 0.4411556282 -0.9166096186 -0.9939631003 -0.9935580523
-0.9513679574 -0.9131623621 -0.9446637610 -0.9869108071 -0.6064464815 -0.9105264836 -0.8150845925 -0.9871225812 0.1185498471 -0.5311958975 0.4242839084 -0.9089650518 -0.9913784027 -0.9908890041
-0.9444802730 -0.9052797415 -0.9388742924 -0.9831653230 -0.5913065475 -0.9027283891 -0.8060069994 -0.9834082042 0.1330448584 -0.5256065397 0.4072792753 -0.9010221791 -0.9883502529 -0.9877754598
-0.9371741633 -0.8970934680 -0.9328216597 -0.9789714855 -0.5759760978 -0.8946418843 -0.7967513719 -0.9792456335 0.1475008981 -0.5200066992 0.3901473629 -0.8927856514 -0.9848853595 -0.9842241582
-0.9294565230 -0.8886083716 -0.9265093685 -0.9743361436 -0.5604607369 -0.8862714735 -0.7873205552 -0.9746417002 0.1619156390 -0.5143960171 0.3728938053 -0.8842601198 -0.9809904313 -0.9802418377
-0.9213342463 -0.8798292820 -0.9199409244 -0.9692661459 -0.5447660695 -0.8776216611 -0.7777173943 -0.9696032351 0.1762867540 -0.5087741348 0.3555242363 -0.8754502352 -0.9766721769 -0.9758352372
-0.9128142279 -0.8707610291 -0.9131198332 -0.9637683415 -0.5288977001 -0.8686969512 -0.7679447343 -0.9641370693 0.1906119159 -0.5031406933 0.3380442900 -0.8663606485 -0.9719373050 -0.9710110951
