-0.0054284799 -0.6004289971 -0.6618956217 -0.3120584647 0.6634051188 -0.3740024411 -0.5140794172 -0.3118298982 0.5226621852 -0.2823642050 -0.2914342250 -0.6325832770 -0.3176500565 -0.3164336658
0.0551491712 -0.5739538366 -0.6332186663 -0.2526437252 0.6311876374 -0.3482462479 -0.5136003859 -0.2523990919 0.4790762411 -0.3014682854 -0.2783029212 -0.6029026676 -0.2586194759 -0.2573151572
0.1135686497 -0.5485601324 -0.6054302347 -0.1948640769 0.5992381464 -0.3236184448 -0.5134601877 -0.1946045358 0.4362268570 -0.3203350795 -0.2649576121 -0.5743838974 -0.2011944748 -0.1998080480
0.1698557654 -0.5242331167 -0.5785191177 -0.1387019554 0.5675580976 -0.3001035783 -0.5136517315 -0.1384286469 0.3941096348 -0.3389637264 -0.2514049997 -0.5470114167 -0.1453580657 -0.1438952732
0.2240363281 -0.5009580213 -0.5524741062 -0.0841397966 0.5361489427 -0.2776861949 -0.5141679263 -0.0838538420 0.3527201764 -0.3573533650 -0.2376517859 -0.5207696754 -0.0910932610 -0.0895597680
0.2761361475 -0.4787200785 -0.5272839910 -0.0311600362 0.5050121337 -0.2563508410 -0.5150016810 -0.0308625381 0.3120540837 -0.3755031342 -0.2237046729 -0.4956431237 -0.0383830733 -0.0367844673
0.3261810335 -0.4575045200 -0.5029375630 0.0202548901 0.4741491224 -0.2360820631 -0.5161459045 0.0205628479 0.2721069588 -0.3934121729 -0.2095703627 -0.4716162116 0.0127894851 0.0144476936
0.3741967957 -0.4372965780 -0.4794236130 0.0701225464 0.4435613606 -0.2168644078 -0.5175935058 0.0704398991 0.2328744034 -0.4110796201 -0.1952555572 -0.4486733892 0.0624414017 0.0641537798
0.4202092440 -0.4180814844 -0.4567309318 0.1184604970 0.4132503000 -0.1986824215 -0.5193373938 0.1187861985 0.1943520196 -0.4285046146 -0.1807669585 -0.4267991066 0.1105896640 0.1123508561
0.4642441881 -0.3998444714 -0.4348483102 0.1652863060 0.3832173927 -0.1815206507 -0.5213704775 0.1656193293 0.1565354092 -0.4456862955 -0.1661112687 -0.4059778138 0.1572512596 0.1590559876
0.5063274378 -0.3825707707 -0.4137645392 0.2106175379 0.3534640903 -0.1653636419 -0.5236856657 0.2109568745 0.1194201742 -0.4626238015 -0.1512951897 -0.3861939609 0.2024431760 0.2042862390
0.5464848029 -0.3662456145 -0.3934684095 0.2544717566 0.3239918446 -0.1501959415 -0.5262758674 0.2548164172 0.0830019166 -0.4793162717 -0.1363254237 -0.3674319981 0.2461824009 0.2480586753
0.5847420931 -0.3508542348 -0.3739487120 0.2968665266 0.2948021077 -0.1360020961 -0.5291339916 0.2972155405 0.0472762382 -0.4957628450 -0.1212086725 -0.3496763753 0.2884859216 0.2903903615
0.6211251182 -0.3363818636 -0.3551942376 0.3378194120 0.2658963311 -0.1227666522 -0.5322529472 0.3381718274 0.0122387410 -0.5119626603 -0.1059516383 -0.3329115427 0.3293707259 0.3312983625
0.6556596879 -0.3228137329 -0.3371937770 0.3773479771 0.2372759669 -0.1104741562 -0.5356256431 0.3777028610 -0.0221149732 -0.5279148565 -0.0905610231 -0.3171219503 0.3688538012 0.3707997432
