0.0249858087 -0.7244945946 -0.6130023520 0.0239094059 -0.9876181241 -0.7557886735 -0.8733605579 0.0188690161 -0.5020805345 -0.8816284008 0.9474517224 -0.6652653193 0.1129935477 0.1248063110
0.0123999260 -0.7277383411 -0.6181377113 0.0104851182 -0.9866070743 -0.7589454941 -0.8754376251 0.0054720394 -0.4927296799 -0.8798259637 0.9465972057 -0.6696006654 0.0990110706 0.1106491597
-0.0001022181 -0.7309703529 -0.6232417909 -0.0028412934 -0.9855577218 -0.7620877491 -0.8775016871 -0.0078269410 -0.4834034275 -0.8780421063 0.9457478204 -0.6739122925 0.0851258390 0.0965908566
-0.0125207335 -0.7341904845 -0.6283145285 -0.0160700092 -0.9844702192 -0.7652153131 -0.8795526335 -0.0210281070 -0.4741018221 -0.8762766222 0.9449034181 -0.6782001075 0.0713376879 0.0826312303
-0.0248557298 -0.7373985908 -0.6333558616 -0.0292012100 -0.9833447190 -0.7683280608 -0.8815903535 -0.0341316403 -0.4648249085 -0.8745293050 0.9440638502 -0.6824640175 0.0576464523 0.0687701093
-0.0371073169 -0.7405945261 -0.6383657277 -0.0422350762 -0.9821813736 -0.7714258666 -0.8836147366 -0.0471377229 -0.4555727316 -0.8727999484 0.9432289686 -0.6867039293 0.0440519673 0.0550073223
-0.0492756044 -0.7437781453 -0.6433440643 -0.0551717883 -0.9809803355 -0.7745086052 -0.8856256721 -0.0600465366 -0.4463453362 -0.8710883460 0.9423986246 -0.6909197500 0.0305540676 0.0413426979
-0.0613607020 -0.7469493027 -0.6482908090 -0.0680115269 -0.9797417572 -0.7775761512 -0.8876230494 -0.0728582632 -0.4371427671 -0.8693942915 0.9415726700 -0.6951113865 0.0171525884 0.0277760646
-0.0733627196 -0.7501078532 -0.6532058994 -0.0807544726 -0.9784657912 -0.7806283790 -0.8896067580 -0.0855730848 -0.4279650692 -0.8677175785 0.9407509562 -0.6992787457 0.0038473645 0.0143072510
-0.0852817669 -0.7532536512 -0.6580892729 -0.0934008058 -0.9771525901 -0.7836651633 -0.8915766872 -0.0981911830 -0.4188122874 -0.8660580006 0.9399333349 -0.7034217346 -0.0093617690 0.0009360859
-0.0971179536 -0.7563865515 -0.6629408671 -0.1059507071 -0.9758023062 -0.7866863787 -0.8935327264 -0.1107127398 -0.4096844664 -0.8644153514 0.9391196577 -0.7075402601 -0.0224749771 -0.0123376024
-0.1088713895 -0.7595064085 -0.6677606196 -0.1184043572 -0.9744150920 -0.7896918998 -0.8954747650 -0.1231379371 -0.4005816512 -0.8627894246 0.9383097761 -0.7116342292 -0.0354924250 -0.0255139851
-0.1205421843 -0.7626130770 -0.6725484678 -0.1307619364 -0.9729911001 -0.7926816010 -0.8974026923 -0.1354669567 -0.3915038865 -0.8611800139 0.9375035418 -0.7157035489 -0.0484142776 -0.0385932337
-0.1321304477 -0.7657064115 -0.6773043495 -0.1430236253 -0.9715304829 -0.7956553570 -0.8993163978 -0.1476999805 -0.3824512172 -0.8595869128 0.9367008063 -0.7197481261 -0.0612406999 -0.0515755195
-0.1436362895 -0.7687862666 -0.6820282019 -0.1551896046 -0.9700333929 -0.7986130424 -0.9012157709 -0.1598371903 -0.3734236881 -0.8580099151 0.9359014212 -0.7237678677 -0.0739718571 -0.0644610141
