1.0000000000 1.0000000000 1.0000000000 1.0000000000 1.0000000000 1.0000000000 1.0000000000 1.0000000000 1.0000000000 1.0000000000 -1.0000000000 1.0000000000 1.0000000000 1.0000000000
0.9910095966 0.9833128335 0.9859892801 0.9950815273 0.9782476364 0.9867830400 0.9755640296 0.9950947161 0.9726940351 0.9828631418 -0.9817955916 0.9843068598 0.9964694879 0.9950244890
0.9820780517 0.9669200199 0.9720374662 0.9899688124 0.9570561704 0.9738068190 0.9516675127 0.9899960078 0.9461630243 0.9661661344 -0.9640257252 0.9688622726 0.9927077855 0.9898598598
0.9732040759 0.9508177806 0.9581441628 0.9846639899 0.9364183569 0.9610678193 0.9283040339 0.9847059936 0.9203972030 0.9499028941 -0.9466845947 0.9536630336 0.9887173856 0.9845081728
0.9643863800 0.9350023374 0.9443089746 0.9791691940 0.9163269503 0.9485625231 0.9054671774 0.9792267921 0.8953868060 0.9340673377 -0.9297663938 0.9387059381 0.9845007810 0.9789714885
0.9556236747 0.9194699120 0.9305315060 0.9734865590 0.8967747054 0.9362874125 0.8831505276 0.9735605219 0.8711220685 0.9186533817 -0.9132653164 0.9239877816 0.9800604642 0.9732518675
0.9469146708 0.9042167259 0.9168113615 0.9676182193 0.8777543766 0.9242389699 0.8613476689 0.9677093016 0.8475932256 0.9036549426 -0.8971755564 0.9095053593 0.9753989282 0.9673513703
0.9382580790 0.8892390008 0.9031481456 0.9615663092 0.8592587188 0.9124136773 0.8400521856 0.9616752498 0.8247905125 0.8890659371 -0.8814913074 0.8952554666 0.9705186656 0.9612720574
0.9296526100 0.8745329584 0.8895414629 0.9553329631 0.8412804864 0.9008080171 0.8192576620 0.9554604851 0.8027041641 0.8748802816 -0.8662067634 0.8812348988 0.9654221691 0.9550159893
0.9210969746 0.8600948204 0.8759909179 0.9489203154 0.8238124341 0.8894184714 0.7989576827 0.9490671260 0.7813244157 0.8610918928 -0.8513161181 0.8674404514 0.9601119315 0.9485852264
0.9125898834 0.8459208083 0.8624961151 0.9423305003 0.8068473166 0.8782415224 0.7791458318 0.9424972911 0.7606415022 0.8476946872 -0.8368135655 0.8538689196 0.9545904455 0.9419818294
0.9041300472 0.8320071438 0.8490566590 0.9355656523 0.7903778885 0.8672736524 0.7598156937 0.9357530991 0.7406456588 0.8346825815 -0.8226932993 0.8405170987 0.9488602038 0.9352078587
0.8957161768 0.8183500487 0.8356721541 0.9286279055 0.7743969043 0.8565113435 0.7409608529 0.9288366685 0.7213271207 0.8220494921 -0.8089495133 0.8273817842 0.9429236992 0.9282653748
0.8873469828 0.8049457444 0.8223422050 0.9215193945 0.7588971187 0.8459510779 0.7225748937 0.9217501180 0.7026761228 0.8097893356 -0.7955764013 0.8144597713 0.9367834244 0.9211564383
0.8790211760 0.7917904527 0.8090664161 0.9142422535 0.7438712864 0.8355893379 0.7046514004 0.9144955660 0.6846829003 0.7978960287 -0.7825681573 0.8017478554 0.9304418721 0.9138831096
