-0.7744062602 -0.8158684900 -0.7992525888 -0.6648654200 -0.9741553559 -0.8323512702 -0.9448969247 -0.6629697978 -0.6821796482 -0.9903020752 0.5069615191 -0.8334423352 -0.6381021993 -0.6436778629
-0.7639367133 -0.8065057407 -0.7895993720 -0.6519422990 -0.9695901231 -0.8236770357 -0.9390251303 -0.6500084080 -0.6855943348 -0.9884059833 0.5031148265 -0.8244507271 -0.6245695034 -0.6302707751
-0.7533076024 -0.7969657850 -0.7797839332 -0.6389306103 -0.9646761275 -0.8148315812 -0.9328818714 -0.6369598934 -0.6885406401 -0.9863468080 0.4989806909 -0.8152693801 -0.6109650935 -0.6167883905
-0.7425218097 -0.7872515160 -0.7698089772 -0.6258326469 -0.9594181349 -0.8058175199 -0.9264708191 -0.6238265319 -0.6910241322 -0.9841259327 0.4945632537 -0.8059013109 -0.5972911341 -0.6032329020
-0.7315822173 -0.7773658269 -0.7596772089 -0.6126507024 -0.9538209108 -0.7966374647 -0.9197956446 -0.6106106015 -0.6930503793 -0.9817447404 0.4898666566 -0.7963495359 -0.5835497899 -0.5896065028
-0.7204917074 -0.7673116106 -0.7493913332 -0.5993870701 -0.9478892206 -0.7872940290 -0.9128600193 -0.5973143801 -0.6946249498 -0.9792046144 0.4848950411 -0.7866170718 -0.5697432252 -0.5759113858
-0.7092531620 -0.7570917606 -0.7389540547 -0.5860440432 -0.9416278301 -0.7777898256 -0.9056676142 -0.5839401455 -0.6957534118 -0.9765069378 0.4796525488 -0.7767069350 -0.5558736048 -0.5621497442
-0.6978694634 -0.7467091697 -0.7283680783 -0.5726239152 -0.9350415047 -0.7681274678 -0.8982221007 -0.5704901757 -0.6964413334 -0.9736530938 0.4741433213 -0.7666221422 -0.5419430930 -0.5483237709
-0.6863434936 -0.7361667313 -0.7176361089 -0.5591289794 -0.9281350099 -0.7583095687 -0.8905271500 -0.5569667486 -0.6966942830 -0.9706444655 0.4683715003 -0.7563657098 -0.5279538545 -0.5344356590
-0.6746781349 -0.7254673383 -0.7067608513 -0.5455615292 -0.9209131115 -0.7483387413 -0.8825864333 -0.5433721422 -0.6965178287 -0.9674824363 0.4623412272 -0.7459406543 -0.5139080537 -0.5204876016
-0.6628762693 -0.7146138841 -0.6957450102 -0.5319238578 -0.9133805748 -0.7382175988 -0.8744036219 -0.5297086343 -0.6959175387 -0.9641683891 0.4560566437 -0.7353499924 -0.4998078553 -0.5064817916
-0.6509407790 -0.7036092616 -0.6845912905 -0.5182182586 -0.9055421655 -0.7279487543 -0.8659823869 -0.5159785028 -0.6948989813 -0.9607037073 0.4495218914 -0.7245967406 -0.4856554236 -0.4924204221
-0.6388745461 -0.6924563641 -0.6733023970 -0.5044470250 -0.8974026492 -0.7175348209 -0.8573263997 -0.5021840258 -0.6934677246 -0.9570897740 0.4427411118 -0.7136839154 -0.4714529233 -0.4783056861
-0.6266804528 -0.6811580847 -0.6618810346 -0.4906124503 -0.8889667913 -0.7069784116 -0.8484393315 -0.4883274810 -0.6916293370 -0.9533279723 0.4357184466 -0.7026145333 -0.4572025189 -0.4641397768
-0.6143613812 -0.6697173165 -0.6503299079 -0.4767168279 -0.8802393575 -0.6962821397 -0.8393248534 -0.4744111464 -0.6893893865 -0.9494196855 0.4284580372 -0.6913916109 -0.4429063750 -0.4499248870
