-0.9421615532 -0.6829402711 -0.1332815617 -0.5473482314 -0.5132289191 0.0458609855 -0.8024247247 -0.5437415470 -0.4297373057 0.0831954729 0.6699744448 -0.6197372511 -0.5776633221 -0.5646352341
-0.9385310244 -0.6659832967 -0.0868961614 -0.5109356018 -0.5335511892 0.0874351510 -0.7923573413 -0.5069682140 -0.4534520548 0.1231589172 0.6855973154 -0.6026749599 -0.5437721631 -0.5297810582
-0.9348140091 -0.6485533320 -0.0391141731 -0.4729317664 -0.5544182547 0.1299341749 -0.7820477741 -0.4685843975 -0.4778169587 0.1639999781 0.7014016337 -0.5852263984 -0.5084073227 -0.4934131654
-0.9310126972 -0.6306480625 0.0100779661 -0.4333172984 -0.5758378431 0.1733643309 -0.7714965997 -0.4285703543 -0.5028407953 0.2057263198 0.7173896322 -0.5673908175 -0.4715511965 -0.4555133600
-0.9271292785 -0.6122651741 0.0606938189 -0.3920727706 -0.5978176819 0.2177318925 -0.7607043952 -0.3869063414 -0.5285323427 0.2483456067 0.7335635437 -0.5491674683 -0.4331861797 -0.4160634463
-0.9231659426 -0.5934023523 0.1127469482 -0.3491787560 -0.6203654985 0.2630431332 -0.7496717372 -0.3435726156 -0.5549003793 0.2918655029 0.7499256008 -0.5305556017 -0.3932946681 -0.3750452285
-0.9191248795 -0.5740572831 0.1662509170 -0.3046158275 -0.6434890206 0.3093043267 -0.7383992027 -0.2985494340 -0.5819536830 0.3362936727 0.7664780363 -0.5115544686 -0.3518590569 -0.3324405111
-0.9150082789 -0.5542276519 0.2212192881 -0.2583645580 -0.6671959755 0.3565217463 -0.7268873685 -0.2518170535 -0.6097010321 0.3816377803 0.7832230828 -0.4921633199 -0.3088617417 -0.2882310983
-0.9108183304 -0.5339111447 0.2776656243 -0.2104055205 -0.6914940907 0.4047016658 -0.7151368114 -0.2033557308 -0.6381512047 0.4279054899 0.8001629731 -0.4723814067 -0.2642851179 -0.2423987944
-0.9065572240 -0.5131054470 0.3356034885 -0.1607192879 -0.7163910938 0.4538503586 -0.7031481084 -0.1531457230 -0.6673129788 0.4751044658 0.8172999397 -0.4522079799 -0.2181115811 -0.1949254039
-0.9022271493 -0.4918082447 0.3950464436 -0.1092864331 -0.7418947121 0.5039740982 -0.6909218362 -0.1011672870 -0.6971951327 0.5232423722 0.8346362154 -0.4316422904 -0.1703235267 -0.1457927309
-0.8978302961 -0.4700172234 0.4560080523 -0.0560875291 -0.7680126732 0.5550791583 -0.6784585717 -0.0474006796 -0.7278064445 0.5723268733 0.8521740329 -0.4106835892 -0.1209033501 -0.0949825798
-0.8933688543 -0.4477300688 0.5185018777 -0.0011031488 -0.7947527046 0.6071718124 -0.6657588918 0.0081738422 -0.7591556924 0.6223656333 0.8699156249 -0.3893311272 -0.0698334468 -0.0424767549
-0.8888450135 -0.4249444667 0.5825414825 0.0556861349 -0.8221225337 0.6602583340 -0.6528233733 0.0655760215 -0.7912516544 0.6733663166 0.8878632241 -0.3675841554 -0.0170962124 0.0117429394
-0.8842609636 -0.4016581027 0.6481404297 0.1142997490 -0.8501298880 0.7143449966 -0.6396525930 0.1248256014 -0.8241031087 0.7253365873 0.9060190631 -0.3454419247 0.0373259578 0.0676946989
