-0.5006835090 -0.5143908870 -0.4743106216 -0.3812008385 -0.6318846376 -0.5230914416 -0.6036852197 -0.3828024192 -0.7111801885 -0.7915586091 0.5736691927 -0.5098679580 -0.3499250819 -0.3565731532
-0.5155958253 -0.5294755368 -0.4894810299 -0.3961430634 -0.6463303607 -0.5381561008 -0.6175200491 -0.3977489780 -0.7249946577 -0.7991449203 0.5886254351 -0.5249602993 -0.3647648026 -0.3714306067
-0.5302466947 -0.5442928953 -0.5044027526 -0.4108741448 -0.6604482465 -0.5529493050 -0.6310828668 -0.4124837907 -0.7384321191 -0.8065821552 0.6032847244 -0.5397874900 -0.3794047724 -0.3860858781
-0.5446376898 -0.5588443335 -0.5190769433 -0.4253951010 -0.6742405988 -0.5674724688 -0.6443750666 -0.4270078792 -0.7514954144 -0.8138707894 0.6176486550 -0.5543508814 -0.3938459453 -0.4005399407
-0.5587703829 -0.5731312224 -0.5335047554 -0.4397069500 -0.6877097213 -0.5817270065 -0.6573980418 -0.4413222653 -0.7641873848 -0.8210112987 0.6317188215 -0.5686518249 -0.4080892753 -0.4147937676
-0.5726463465 -0.5871549331 -0.5476873427 -0.4538107101 -0.7008579178 -0.5957143327 -0.6701531860 -0.4554279709 -0.7765108720 -0.8280041587 0.6454968182 -0.5826916719 -0.4221357164 -0.4288483322
-0.5862671531 -0.6009168365 -0.5616258587 -0.4677073994 -0.7136874920 -0.6094358618 -0.6826418926 -0.4693260179 -0.7884687174 -0.8348498451 0.6589842398 -0.5964717738 -0.4359862227 -0.4427046076
-0.5996343751 -0.6144183038 -0.5753214569 -0.4813980359 -0.7262007476 -0.6228930081 -0.6948655552 -0.4830174283 -0.8000637625 -0.8415488335 0.6721826807 -0.6099934820 -0.4496417482 -0.4563635671
-0.6127495849 -0.6276607059 -0.5887752909 -0.4948836380 -0.7383999885 -0.6360871861 -0.7068255672 -0.4965032237 -0.8112988486 -0.8481015996 0.6850937353 -0.6232581477 -0.4631032469 -0.4698261840
-0.6256143549 -0.6406454139 -0.6019885143 -0.5081652236 -0.7502875184 -0.6490198104 -0.7185233222 -0.5097844263 -0.8221768174 -0.8545086191 0.6977189982 -0.6362671224 -0.4763716729 -0.4830934315
-0.6382302577 -0.6533737987 -0.6149622806 -0.5212438109 -0.7618656410 -0.6616922952 -0.7299602136 -0.5228620577 -0.8327005103 -0.8607703676 0.7100600639 -0.6490217575 -0.4894479802 -0.4961662828
-0.6505988657 -0.6658472315 -0.6276977435 -0.5341204182 -0.7731366601 -0.6741060551 -0.7411376349 -0.5357371400 -0.8428727687 -0.8668873208 0.7221185267 -0.6615234044 -0.5023331229 -0.5090457112
-0.6627217513 -0.6780670833 -0.6401960564 -0.5467960634 -0.7841028795 -0.6862625045 -0.7520569797 -0.5484106949 -0.8526964341 -0.8728599544 0.7338959813 -0.6737734143 -0.5150280549 -0.5217326900
-0.6746004869 -0.6900347250 -0.6524583730 -0.5592717648 -0.7947666028 -0.6981630578 -0.7627196414 -0.5608837445 -0.8621743480 -0.8786887441 0.7453940222 -0.6857731387 -0.5275337302 -0.5342281924
-0.6862366450 -0.7017515278 -0.6644858469 -0.5715485405 -0.8051301339 -0.7098091295 -0.7731270135 -0.5731573104 -0.8713093519 -0.8843741654 0.7566142437 -0.6975239290 -0.5398511031 -0.5465331916
