-0.2143225830 0.2890980082 -0.1529486097 -0.9637545623 0.7553884876 0.4177905903 0.7235293150 -0.9674625710 0.7694885553 0.2277868115 -0.7500219185 0.2429670861 -0.9214650638 -0.9140258408
-0.2405362026 0.2594615257 -0.1717784346 -0.9590647269 0.7264205472 0.3869717615 0.6906790690 -0.9632145150 0.7420863513 0.2087858811 -0.7201809354 0.2147544925 -0.9117902256 -0.9034482493
-0.2662427987 0.2302257153 -0.1903665838 -0.9543403628 0.6978038837 0.3565480900 0.6582031268 -0.9589271655 0.7149926652 0.1899487873 -0.6906482219 0.1869179191 -0.9021467353 -0.8929080191
-0.2914454941 0.2013886800 -0.2087140462 -0.9495817216 0.6695366468 0.3265177717 0.6260998737 -0.9546007930 0.6882059374 0.1712751700 -0.6614225069 0.1594556224 -0.8925345287 -0.8824050798
-0.3161474113 0.1729485226 -0.2268218106 -0.9447890552 0.6416169864 0.2968790029 0.5943676948 -0.9502356679 0.6617246081 0.1527646691 -0.6325025196 0.1323658586 -0.8829535413 -0.8719393614
-0.3403516733 0.1449033461 -0.2446908658 -0.9399626153 0.6140430524 0.2676299797 0.5630049753 -0.9458320607 0.6355471177 0.1344169244 -0.6038869890 0.1056468838 -0.8734037091 -0.8615107937
-0.3640614027 0.1172512532 -0.2623222008 -0.9351026536 0.5868129945 0.2387688983 0.5320101005 -0.9413902419 0.6096719063 0.1162315759 -0.5755746442 0.0792969545 -0.8638849678 -0.8511193064
-0.3872797222 0.0899903469 -0.2797168045 -0.9302094219 0.5599249625 0.2102939546 0.5013814554 -0.9369104819 0.5840974144 0.0982082636 -0.5475642141 0.0533143269 -0.8543972531 -0.8407648293
-0.4100097546 0.0631187301 -0.2968756657 -0.9252831719 0.5333771062 0.1822033450 0.4711174253 -0.9323930511 0.5588220822 0.0803466272 -0.5198544280 0.0276972571 -0.8449405008 -0.8304472922
-0.4322546227 0.0366345056 -0.3137997733 -0.9203241555 0.5071675756 0.1544952654 0.4412163954 -0.9278382200 0.5338443499 0.0626463067 -0.4924440147 0.0024440016 -0.8355146467 -0.8201666250
-0.4540174491 0.0105357763 -0.3304901162 -0.9153326242 0.4812945203 0.1271679121 0.4116767508 -0.9232462590 0.5091626578 0.0451069419 -0.4653317035 -0.0224471835 -0.8261196265 -0.8099227575
-0.4753013567 -0.0151793549 -0.3469476833 -0.9103088300 0.4557560902 0.1002194811 0.3824968767 -0.9186174387 0.4847754463 0.0277281729 -0.4385162232 -0.0469780418 -0.8167553760 -0.7997156194
-0.4961094680 -0.0405127852 -0.3631734634 -0.9052530245 0.4305504351 0.0736481687 0.3536751584 -0.9139520294 0.4606811557 0.0105096395 -0.4119963030 -0.0711503172 -0.8074218309 -0.7895451405
-0.5164449059 -0.0654664116 -0.3791684455 -0.9001654595 0.4056757049 0.0474521708 0.3252099809 -0.9092503016 0.4368782261 -0.0065490185 -0.3857706720 -0.0949657533 -0.7981189271 -0.7794112507
-0.5363107932 -0.0900421313 -0.3949336184 -0.8950463867 0.3811300493 0.0216296837 0.2970997296 -0.9045125258 0.4133650980 -0.0234481611 -0.3598380592 -0.1184260938 -0.7888466002 -0.7693138798
