-0.0524851705 -0.1235250624 -0.1591915472 -0.0503054066 -0.1085858472 -0.1197475395 -0.1606366789 -0.0519262720 -0.1504573079 -0.2542370307 0.1829493610 -0.1028567613 -0.0355069551 -0.0481548837
-0.0862035508 -0.1587190242 -0.1949601045 -0.0837796137 -0.1435769683 -0.1546076095 -0.1967636014 -0.0854359599 -0.1864314219 -0.2910277641 0.2187672439 -0.1377534903 -0.0682821563 -0.0814913754
-0.1191732402 -0.1930545702 -0.2298061800 -0.1164987757 -0.1777378453 -0.1886042117 -0.2319783860 -0.1181882642 -0.2215124883 -0.3267009122 0.2536063443 -0.1718300490 -0.1002995064 -0.1140709516
-0.1514014065 -0.2265399103 -0.2637390052 -0.1484707427 -0.2110760650 -0.2217466019 -0.2662887054 -0.1501910614 -0.2557078780 -0.3612703147 0.2874780794 -0.2050938546 -0.1315672927 -0.1459016910
-0.1828952179 -0.2591832540 -0.2967678114 -0.1797033651 -0.2435992141 -0.2540440361 -0.2997022325 -0.1814522279 -0.2890249618 -0.3947498118 0.3203938669 -0.2375523239 -0.1620938022 -0.1769916723
-0.2136618421 -0.2909928111 -0.3289018301 -0.2102044934 -0.2753148795 -0.2855057703 -0.3322266400 -0.2119796401 -0.3214711106 -0.4271532432 0.3523651241 -0.2692128740 -0.1918873223 -0.2073489739
-0.2437084473 -0.3219767913 -0.3601502926 -0.2399819777 -0.3062306480 -0.3161410604 -0.3638696006 -0.2417811744 -0.3530536954 -0.4584944490 0.3834032684 -0.3000829218 -0.2209561401 -0.2369816747
-0.2730422015 -0.3521434044 -0.3905224303 -0.2690436685 -0.3363541063 -0.3459591624 -0.3946387872 -0.2708647072 -0.3837800869 -0.4887872690 0.4135197175 -0.3301698844 -0.2493085429 -0.2658978532
-0.3016702725 -0.3815008601 -0.4200274746 -0.2973974161 -0.3656928413 -0.3749693322 -0.4245418725 -0.2992381151 -0.4136576562 -0.5180455432 0.4427258886 -0.3594811787 -0.2769528180 -0.2941055880
-0.3295998284 -0.4100573680 -0.4486746570 -0.3250510708 -0.3942544398 -0.4031808258 -0.4535865292 -0.3269092743 -0.4426937739 -0.5462831115 0.4710331993 -0.3880242219 -0.3038972525 -0.3216129578
-0.3568380371 -0.4378211379 -0.4764732089 -0.3520124829 -0.4220464885 -0.4306028992 -0.4817804301 -0.3538860613 -0.4708958111 -0.5735138138 0.4984530670 -0.4158064307 -0.3301501336 -0.3484280412
-0.3833920667 -0.4648003795 -0.5034323615 -0.3782895029 -0.4490765744 -0.4572448083 -0.5091312480 -0.3801763525 -0.4982711386 -0.5997514901 0.5249969092 -0.4428352224 -0.3557197487 -0.3745589168
-0.4092690851 -0.4910033026 -0.5295613464 -0.4038899809 -0.4753522841 -0.4831158091 -0.5356466556 -0.4057880244 -0.5248271273 -0.6250099803 0.5506761433 -0.4691180137 -0.3806143848 -0.4000136634
-0.4344762603 -0.5164381168 -0.5548693950 -0.4288217674 -0.5008812046 -0.5082251575 -0.5613343256 -0.4307289533 -0.5505711481 -0.6493031243 0.5755021868 -0.4946622219 -0.4048423293 -0.4248003594
-0.4590207602 -0.5411130318 -0.5793657386 -0.4530927126 -0.5256709225 -0.5325821095 -0.5862019309 -0.4550070157 -0.5755105719 -0.6726447621 0.5994864571 -0.5194752637 -0.4284118694 -0.4489270836
