-0.9989654358 -0.9880949885 -0.9842871695 -0.9870911050 -0.1701069143 -0.9930821219 -0.5706996228 -0.9881532405 0.2703903766 -0.4391654615 0.7257201176 -0.9900228847 -0.9850889111 -0.9868208909
-0.9997050068 -0.9850390296 -0.9808276801 -0.9900795214 -0.1722343944 -0.9906626970 -0.5684855370 -0.9910155544 0.2687665366 -0.4361603364 0.7362002675 -0.9871957006 -0.9881426494 -0.9896882594
-1.0000000000 -0.9816169401 -0.9770048274 -0.9926849824 -0.1741117190 -0.9878666143 -0.5659905247 -0.9934930185 0.2672882176 -0.4329141232 0.7462177827 -0.9839992956 -0.9908568632 -0.9922145552
-0.9998444572 -0.9778234031 -0.9728135982 -0.9949025650 -0.1757334962 -0.9846883175 -0.5632098957 -0.9955807049 0.2659594377 -0.4294228022 0.7557627830 -0.9804282399 -0.9932273898 -0.9943956285
-0.9992324201 -0.9736531020 -0.9682489791 -0.9967273463 -0.1770943343 -0.9811222507 -0.5601389598 -0.9972736860 0.2647842149 -0.4256823540 0.7648253882 -0.9764771035 -0.9952500664 -0.9962273294
-0.9981579305 -0.9691007199 -0.9633059568 -0.9981544034 -0.1781888414 -0.9771628576 -0.5567730269 -0.9985670339 0.2637665672 -0.4216887592 0.7733957181 -0.9721404565 -0.9969207300 -0.9977055079
-0.9966150300 -0.9641609402 -0.9579795182 -0.9991788133 -0.1790116255 -0.9728045821 -0.5531074069 -0.9994558207 0.2629105126 -0.4174379981 0.7814638924 -0.9674128688 -0.9982352180 -0.9988260141
-0.9945977605 -0.9588284460 -0.9522646499 -0.9997956532 -0.1795572949 -0.9680418681 -0.5491374094 -0.9999351187 0.2622200691 -0.4129260512 0.7890200309 -0.9622889107 -0.9991893676 -0.9995846981
-0.9921001636 -0.9530979207 -0.9461563387 -1.0000000000 -0.1798204577 -0.9628691594 -0.5448583444 -1.0000000000 0.2616992548 -0.4081488991 0.7960542534 -0.9567631520 -0.9997790158 -0.9999774101
-0.9891162810 -0.9469640476 -0.9396495713 -0.9997869309 -0.1797957220 -0.9572809000 -0.5402655217 -0.9996455369 0.2613520878 -0.4031025222 0.8025566798 -0.9508301630 -1.0000000000 -1.0000000000
-0.9856401545 -0.9404215098 -0.9327393344 -0.9991515229 -0.1794776961 -0.9512715336 -0.5353542512 -0.9988668015 0.2611825859 -0.3977829010 0.8085174297 -0.9444845137 -0.9998481573 -0.9996483180
-0.9816658259 -0.9334649906 -0.9254206148 -0.9980888532 -0.1788609880 -0.9448355041 -0.5301198425 -0.9976588661 0.2611947674 -0.3921860160 0.8139266230 -0.9377207740 -0.9993193248 -0.9989182143
-0.9771873368 -0.9260891733 -0.9176883991 -0.9965939987 -0.1779402059 -0.9379672555 -0.5245576057 -0.9960168028 0.2613926501 -0.3863078477 0.8187743795 -0.9305335142 -0.9984093398 -0.9978055388
-0.9721987290 -0.9182887411 -0.9095376742 -0.9946620366 -0.1767099579 -0.9306612315 -0.5186628504 -0.9939356839 0.2617802521 -0.3801443766 0.8230508189 -0.9229173042 -0.9971140396 -0.9963061416
-0.9666940442 -0.9100583774 -0.9009634268 -0.9922880438 -0.1751648523 -0.9229118761 -0.5124308866 -0.9914105814 0.2623615915 -0.3736915831 0.8267460610 -0.9148667141 -0.9954292611 -0.9944158730
