0.8967386675 0.8762550135 0.9002808859 0.9581035330 0.7776326069 0.8752538764 0.8290867760 0.9578003625 0.6749845150 0.5641848758 -0.8658485403 0.8685566824 0.9667062554 0.9647053138
0.9102610103 0.8906264613 0.9134819139 0.9672966898 0.7952826662 0.8896541448 0.8451426210 0.9670216989 0.6944942970 0.5784292174 -0.8808352595 0.8832286235 0.9749688179 0.9731928796
0.9227708225 0.9040382287 0.9256761735 0.9753089814 0.8121297749 0.9030976487 0.8603256671 0.9750635648 0.7133330999 0.5919598922 -0.8948683865 0.8969572547 0.9820179045 0.9804746590
0.9342829213 0.9165048867 0.9368799599 0.9821602792 0.8281833272 0.9155990036 0.8746484473 0.9819458241 0.7315072501 0.6047882811 -0.9079605317 0.9097568834 0.9878744181 0.9865712981
0.9448121243 0.9280410066 0.9471095684 0.9878704548 0.8434527172 0.9271728250 0.8881234949 0.9876883402 0.7490230738 0.6169257654 -0.9201243056 0.9216418168 0.9925592619 0.9915034428
0.9543732487 0.9386611594 0.9563812946 0.9924593795 0.8579473392 0.9378337285 0.9007633433 0.9923109768 0.7658868974 0.6283837259 -0.9313723187 0.9326263624 0.9960933389 0.9952917394
0.9629811120 0.9483799163 0.9647114336 0.9959469249 0.8716765871 0.9475963296 0.9125805257 0.9958335975 0.7821050471 0.6391735439 -0.9417171813 0.9427248274 0.9984975522 0.9979568337
0.9706505316 0.9572118483 0.9721162810 0.9983529625 0.8846498552 0.9564752438 0.9235875753 0.9982760658 0.7976838493 0.6493066005 -0.9511715040 0.9519515193 0.9997928049 0.9995193719
0.9773963248 0.9651715266 0.9786121319 0.9996973637 0.8968765377 0.9644850865 0.9337970254 0.9996582455 0.8126296302 0.6587942767 -0.9597478971 0.9603207453 1.0000000000 1.0000000000
0.9832333090 0.9722735223 0.9842152818 1.0000000000 0.9083660286 0.9716404734 0.9432214092 1.0000000000 0.8269487162 0.6676479535 -0.9674589711 0.9678468128 0.9991400406 0.9994193641
0.9881763017 0.9785324065 0.9889420261 0.9992807429 0.9191277222 0.9779560199 0.9518732600 0.9993211931 0.8406474336 0.6758790121 -0.9743173365 0.9745440292 0.9972338299 0.9977981103
0.9922401201 0.9839627503 0.9928086601 0.9975594638 0.9291710125 0.9834463415 0.9597651110 0.9976416882 0.8537321087 0.6834988336 -0.9803356036 0.9804267018 0.9943022708 0.9951568847
0.9954395818 0.9885791249 0.9958314791 0.9948560342 0.9385052937 0.9881260538 0.9669094956 0.9949813491 0.8662090677 0.6905187991 -0.9855263829 0.9855091379 0.9903662664 0.9915163332
0.9977895041 0.9923961013 0.9980267785 0.9911903257 0.9471399600 0.9920097723 0.9733189469 0.9913600394 0.8780846370 0.6969502895 -0.9899022849 0.9898056449 0.9854467198 0.9868971019
0.9993047044 0.9954282506 0.9994108537 0.9865822096 0.9550844055 0.9951121124 0.9790059982 0.9867976226 0.8893651429 0.7028046861 -0.9934759200 0.9933305301 0.9795645341 0.9813198370
