0.9944987625 0.9739225684 0.9037010472 0.9403886455 0.9998403582 0.9664841739 0.9238518838 0.9399620785 0.9992839569 0.6772806751 -0.8715180416 0.9673804731 0.9474548001 0.9500491222
0.9962527543 0.9781730601 0.9126517229 0.9470100566 1.0000000000 0.9713822823 0.9317711068 0.9466117756 0.9984408462 0.6898172707 -0.8820970371 0.9721945301 0.9536051635 0.9560281447
0.9976791339 0.9820657014 0.9212139263 0.9532804792 0.9998331111 0.9759166214 0.9392935088 0.9529101068 0.9972695146 0.7021685420 -0.8922766447 0.9766474596 0.9594084689 0.9616610007
0.9987724746 0.9855944547 0.9293798462 0.9591922395 0.9993353079 0.9800809478 0.9464121237 0.9588493938 0.9957663412 0.7143303946 -0.9020490741 0.9807329844 0.9648571919 0.9669402372
0.9995273502 0.9887532823 0.9371416714 0.9647376637 0.9985022070 0.9838690183 0.9531199855 0.9644219585 0.9939277048 0.7262987342 -0.9114065347 0.9844448272 0.9699438082 0.9718584019
0.9999383341 0.9915361468 0.9444915905 0.9699090780 0.9973294248 0.9872745896 0.9594101281 0.9696201227 0.9917499845 0.7380694662 -0.9203412361 0.9877767110 0.9746607933 0.9764080419
1.0000000000 0.9939370104 0.9514217924 0.9746988085 0.9958125780 0.9902914185 0.9652755856 0.9744362082 0.9892295592 0.7496384962 -0.9288453876 0.9907223587 0.9790006229 0.9805817046
0.9997069214 0.9959498356 0.9579244657 0.9790991813 0.9939472829 0.9929132617 0.9707093919 0.9788625369 0.9863628078 0.7610017298 -0.9369111989 0.9932754931 0.9829557726 0.9843719374
0.9990536718 0.9975685848 0.9639917993 0.9831025228 0.9917291561 0.9951338760 0.9757045810 0.9828914306 0.9831461094 0.7721550726 -0.9445308795 0.9954298370 0.9865187179 0.9877712877
0.9980348249 0.9987872203 0.9696159818 0.9867011590 0.9891538141 0.9969470182 0.9802541869 0.9865152111 0.9795758429 0.7830944301 -0.9516966388 0.9971791133 0.9896819346 0.9907723028
0.9966449542 0.9995997046 0.9747892020 0.9898874162 0.9862168734 0.9983464449 0.9843512435 0.9897262002 0.9756483872 0.7938157079 -0.9584006863 0.9985170450 0.9924378982 0.9933675300
0.9948786333 1.0000000000 0.9795036486 0.9926536204 0.9829139505 0.9993259129 0.9879887849 0.9925167199 0.9713601213 0.8043148116 -0.9646352316 0.9994373547 0.9947790844 0.9955495167
0.9927304358 0.9999820690 0.9837515104 0.9949920978 0.9792406620 0.9998791790 0.9911598449 0.9948790918 0.9667074243 0.8145876467 -0.9703924841 0.9999337654 0.9966979687 0.9973108102
0.9901949351 0.9995398739 0.9875249761 0.9968951747 0.9751926242 1.0000000000 0.9938574576 0.9968056379 0.9616866750 0.8246301189 -0.9756646534 1.0000000000 0.9981870268 0.9986439580
0.9872667050 0.9986673772 0.9908162345 0.9983551772 0.9707654539 0.9996821325 0.9960746569 0.9982886799 0.9562942524 0.8344381336 -0.9804439490 0.9996297813 0.9992387343 0.9995415073
