-0.7581799777 -0.7598856294 -0.7229281495 -0.7279816230 -0.7588163863 -0.7817398956 -0.7801871990 -0.7253635584 -0.7180584626 -0.8963542616 -0.0197651472 -0.7705410987 -0.7341055878 -0.7358850161
-0.7455983079 -0.7486283345 -0.7107113857 -0.7147594881 -0.7476336645 -0.7711056373 -0.7705852835 -0.7120603134 -0.7147503725 -0.8922519731 -0.0288066160 -0.7595387527 -0.7211195716 -0.7229573524
-0.7327704469 -0.7371701345 -0.6982961931 -0.7013090547 -0.7362536565 -0.7602704062 -0.7608203031 -0.6985284344 -0.7114074490 -0.8880729236 -0.0379646583 -0.7483337580 -0.7079092663 -0.7098058462
-0.7197019852 -0.7255149893 -0.6856868640 -0.6876365280 -0.7246802257 -0.7492379391 -0.7508949929 -0.6847741429 -0.7080291977 -0.8838172758 -0.0472347697 -0.7369300139 -0.6944808994 -0.6964367179
-0.7063985132 -0.7136668590 -0.6728876913 -0.6737481127 -0.7129172353 -0.7380119730 -0.7408120879 -0.6708036606 -0.7046151244 -0.8794851925 -0.0566124460 -0.7253314198 -0.6808406982 -0.6828561878
-0.6928656214 -0.7016297036 -0.6599029673 -0.6596500138 -0.7009685487 -0.7265962448 -0.7305743231 -0.6566232089 -0.7011647348 -0.8750768367 -0.0660931827 -0.7135418748 -0.6669948903 -0.6690704763
-0.6791089004 -0.6894074832 -0.6467369848 -0.6453484362 -0.6888380292 -0.7149944914 -0.7201844336 -0.6422390094 -0.6976775346 -0.8705923710 -0.0756724754 -0.7015652785 -0.6529497032 -0.6550858035
-0.6651339405 -0.6770041579 -0.6333940362 -0.6308495849 -0.6765295399 -0.7032104498 -0.7096451544 -0.6276572838 -0.6941530294 -0.8660319584 -0.0853458199 -0.6894055299 -0.6387113642 -0.6409083899
-0.6509463323 -0.6644236876 -0.6198784142 -0.6161596648 -0.6640469443 -0.6912478569 -0.6989592206 -0.6128842535 -0.6905907250 -0.8613957616 -0.0951087116 -0.6770665286 -0.6242861010 -0.6265444556
-0.6365516661 -0.6516700325 -0.6061944114 -0.6012848809 -0.6513941056 -0.6791104496 -0.6881293671 -0.5979261402 -0.6869901271 -0.8566839435 -0.1049566464 -0.6645521737 -0.6096801410 -0.6120002211
-0.6219555326 -0.6387471525 -0.5923463202 -0.5862314380 -0.6385748872 -0.6668019649 -0.6771583291 -0.5827891653 -0.6833507413 -0.8518966668 -0.1148851198 -0.6518663645 -0.5948997116 -0.5972819066
-0.6071635221 -0.6256590078 -0.5783384334 -0.5710055411 -0.6255931522 -0.6543261396 -0.6660488415 -0.5674795505 -0.6796720733 -0.8470340945 -0.1248896275 -0.6390130005 -0.5799510404 -0.5823957325
-0.5921812251 -0.6124095583 -0.5641750434 -0.5556133951 -0.6124527641 -0.6416867106 -0.6548036395 -0.5520035173 -0.6759536289 -0.8420963892 -0.1349656651 -0.6259959808 -0.5648403548 -0.5673479189
-0.5770142322 -0.5990027641 -0.5498604429 -0.5400612049 -0.5991575861 -0.6288874150 -0.6434254580 -0.5363672873 -0.6721949137 -0.8370837139 -0.1451087282 -0.6128192049 -0.5495738823 -0.5521446864
-0.5616681337 -0.5854425853 -0.5353989245 -0.5243551755 -0.5857114815 -0.6159319897 -0.6319170321 -0.5205770821 -0.6683954334 -0.8319962314 -0.1553143125 -0.5994865719 -0.5341578503 -0.5367922550
