0.1444393546 -0.0777681726 -0.5915756759 -0.9867876433 0.2983718976 -0.0952535453 -0.0820324607 -0.9862899527 0.3265886265 -0.1978993438 0.0591507727 -0.1012767340 -0.9946824326 -0.9972528791
0.1378687087 -0.0777892323 -0.5881349680 -0.9839609649 0.2910786104 -0.0947227206 -0.0817909476 -0.9833840934 0.3195049718 -0.1954380018 0.0603583377 -0.1014788588 -0.9932512986 -0.9961745284
0.1314665596 -0.0776312257 -0.5844633070 -0.9808511135 0.2838882481 -0.0940167884 -0.0813730214 -0.9801894386 0.3125212950 -0.1928075255 0.0613747235 -0.1014950668 -0.9916464854 -0.9949158365
0.1252368448 -0.0772910672 -0.5805576546 -0.9774557250 0.2768040199 -0.0931328021 -0.0807756710 -0.9767035556 0.3056407539 -0.1900053699 0.0621965068 -0.1013221669 -0.9898669851 -0.9934756573
0.1191835020 -0.0767656712 -0.5764149724 -0.9737724354 0.2698291348 -0.0920678150 -0.0799958850 -0.9729240117 0.2988665060 -0.1870289898 0.0628202644 -0.1009569684 -0.9879117899 -0.9918528446
0.1133104686 -0.0760519520 -0.5720322222 -0.9697988806 0.2629668018 -0.0908188805 -0.0790306524 -0.9688483742 0.2922017091 -0.1838758402 0.0632425732 -0.1003962802 -0.9857798920 -0.9900462524
0.1076216824 -0.0751468240 -0.5674063655 -0.9655326967 0.2562202300 -0.0893830518 -0.0778769617 -0.9644742102 0.2856495208 -0.1805433759 0.0634600098 -0.0996369114 -0.9834702834 -0.9880547346
0.1021210809 -0.0740472014 -0.5625343641 -0.9609715195 0.2495926285 -0.0877573823 -0.0765318017 -0.9597990870 0.2792130987 -0.1770290520 0.0634691511 -0.0986756711 -0.9809819562 -0.9858771450
0.0968126016 -0.0727499987 -0.5574131795 -0.9561129851 0.2430872063 -0.0859389254 -0.0749921613 -0.9548205719 0.2728956006 -0.1733303234 0.0632665739 -0.0975093683 -0.9783139026 -0.9835123376
0.0917001822 -0.0712521302 -0.5520397735 -0.9509547294 0.2367071724 -0.0839247344 -0.0732550291 -0.9495362321 0.2667001841 -0.1694446448 0.0628488549 -0.0961348122 -0.9754651148 -0.9809591662
0.0867877603 -0.0695505101 -0.5464111076 -0.9454943884 0.2304557360 -0.0817118626 -0.0713173938 -0.9439436350 0.2606300069 -0.1653694714 0.0622125711 -0.0945488117 -0.9724345848 -0.9782164847
0.0820792734 -0.0676420529 -0.5405241435 -0.9397295979 0.2243361060 -0.0792973633 -0.0691762442 -0.9380403476 0.2546882266 -0.1611022580 0.0613542990 -0.0927481760 -0.9692213048 -0.9752831471
0.0775786591 -0.0655236729 -0.5343758429 -0.9336579941 0.2183514916 -0.0766782900 -0.0668285692 -0.9318239374 0.2488780010 -0.1566404595 0.0602706157 -0.0907297140 -0.9658242668 -0.9721580071
0.0732898550 -0.0631922844 -0.5279631675 -0.9272772128 0.2125051018 -0.0738516959 -0.0642713573 -0.9252919715 0.2432024876 -0.1519815309 0.0589580977 -0.0884902350 -0.9622424631 -0.9688399188
0.0692167988 -0.0606448018 -0.5212830789 -0.9205848900 0.2068001456 -0.0708146344 -0.0615015973 -0.9184420173 0.2376648442 -0.1471229270 0.0574133220 -0.0860265478 -0.9584748857 -0.9653277359
