-0.4537346975 -0.3556420561 -0.2036945276 -0.4071612174 -0.7132888586 -0.3920640131 -0.4353757958 -0.4069318390 -0.8688087799 -0.6105467656 0.8413822115 -0.3026650066 -0.4203413042 -0.4177377701
-0.4423242692 -0.3372972876 -0.1853255132 -0.4001745186 -0.6979379022 -0.3742764355 -0.4179952549 -0.3998719668 -0.8570230275 -0.5951759351 0.8328898387 -0.2841376925 -0.4141812639 -0.4114463405
-0.4309378994 -0.3187487639 -0.1668617094 -0.3934142220 -0.6821568435 -0.3562631757 -0.4003641261 -0.3930358482 -0.8446752486 -0.5794512494 0.8241855848 -0.2654429735 -0.4082714830 -0.4054016734
-0.4195808238 -0.2999988022 -0.1483073915 -0.3868882351 -0.6659434776 -0.3380255732 -0.3824829889 -0.3864313580 -0.8317589276 -0.5633696873 0.8152701772 -0.2465839537 -0.4026201401 -0.3996119092
-0.4082582777 -0.2810497195 -0.1296668352 -0.3806044651 -0.6492955996 -0.3195649674 -0.3643524225 -0.3800663708 -0.8182675485 -0.5469282273 0.8061443431 -0.2275637376 -0.3972354139 -0.3940851882
-0.3969754970 -0.2619038327 -0.1109443160 -0.3745708194 -0.6322110049 -0.3008826978 -0.3459730062 -0.3739487615 -0.8041945957 -0.5301238480 0.7968088101 -0.2083854293 -0.3921254831 -0.3888296507
-0.3857377170 -0.2425634589 -0.0921441093 -0.3687952053 -0.6146874883 -0.2819801039 -0.3273453192 -0.3680864048 -0.7895335532 -0.5129535282 0.7872643055 -0.1890521332 -0.3872985263 -0.3838534370
-0.3745501734 -0.2230309151 -0.0732704908 -0.3632855304 -0.5967228453 -0.2628585252 -0.3084699408 -0.3624871753 -0.7742779053 -0.4954142463 0.7775115567 -0.1695669536 -0.3827627223 -0.3791646874
-0.3634181019 -0.2033085184 -0.0543277359 -0.3580497018 -0.5783148708 -0.2435193011 -0.2893474503 -0.3571589477 -0.7584211362 -0.4775029812 0.7675512910 -0.1499329948 -0.3785262495 -0.3747715422
-0.3523467378 -0.1833985857 -0.0353201201 -0.3530956270 -0.5594613601 -0.2239637713 -0.2699784270 -0.3521095969 -0.7419567300 -0.4592167113 0.7573842358 -0.1301533610 -0.3745972869 -0.3706821417
-0.3413413169 -0.1633034342 -0.0162519191 -0.3484312134 -0.5401601082 -0.2041932750 -0.2503634501 -0.3473469975 -0.7248781710 -0.4405524154 0.7470111186 -0.1102311566 -0.3709840129 -0.3669046262
-0.3304070748 -0.1430253808 0.0028725918 -0.3440643683 -0.5204089105 -0.1842091519 -0.2305030990 -0.3428790241 -0.7071789434 -0.4215070720 0.7364326667 -0.0901694859 -0.3676946064 -0.3634471360
-0.3195492469 -0.1225667426 0.0220491369 -0.3400029990 -0.5002055619 -0.1640127415 -0.2103979529 -0.3387135517 -0.6888525314 -0.4020776598 0.7256496075 -0.0699714531 -0.3647372458 -0.3603178114
-0.3087730690 -0.1019298366 0.0412734407 -0.3362550129 -0.4795478577 -0.1436053831 -0.1900485911 -0.3348584548 -0.6698924192 -0.3822611575 0.7146626684 -0.0496401626 -0.3621201100 -0.3575247927
-0.2980837765 -0.0811169798 0.0605412277 -0.3328283175 -0.4584335930 -0.1229884164 -0.1694555929 -0.3313216082 -0.6502920909 -0.3620545436 0.7034725768 -0.0291787187 -0.3598513776 -0.3550762202
