0.1411362793 0.1701684055 0.0380693700 0.0463087316 0.9640970018 0.1718020738 0.2609673115 0.0483553046 0.8825751560 0.2831699604 -0.5485142642 0.1373023763 0.0865081532 0.1033571897
0.1521348895 0.1792490533 0.0485645422 0.0584038188 0.9654306920 0.1807824500 0.2677859992 0.0604490346 0.8787661460 0.2890556136 -0.5528660479 0.1465529074 0.0987828854 0.1156196529
0.1631570337 0.1883787071 0.0591200556 0.0705322949 0.9667315101 0.1898132165 0.2746696638 0.0725756149 0.8749123381 0.2950171439 -0.5572469181 0.1558586102 0.1110776693 0.1278977424
0.1742022476 0.1975575564 0.0697360190 0.0826934773 0.9679998567 0.1988945929 0.2816190060 0.0847343563 0.8710145223 0.3010555116 -0.5616575322 0.1652197189 0.1233915754 0.1401904746
0.1852700672 0.2067857907 0.0804125411 0.0948866835 0.9692361324 0.2080267991 0.2886347265 0.0969245695 0.8670734888 0.3071716770 -0.5660985475 0.1746364676 0.1357236745 0.1524968664
0.1963600285 0.2160635993 0.0911497308 0.1071112307 0.9704407378 0.2172100547 0.2957175262 0.1091455651 0.8630900280 0.3133666006 -0.5705706213 0.1841090903 0.1480730370 0.1648159341
0.2074716672 0.2253911718 0.1019476968 0.1193664363 0.9716140736 0.2264445794 0.3028681059 0.1213966540 0.8590649299 0.3196412426 -0.5750744109 0.1936378211 0.1604387337 0.1771466945
0.2186045194 0.2347686974 0.1128065479 0.1316516178 0.9727565404 0.2357305931 0.3100871663 0.1336771467 0.8549989847 0.3259965634 -0.5796105738 0.2032228941 0.1728198351 0.1894881641
0.2297581208 0.2441963657 0.1237263929 0.1439660925 0.9738685389 0.2450683153 0.3173754082 0.1459863539 0.8508929826 0.3324335233 -0.5841797672 0.2128645433 0.1852154120 0.2018393594
0.2409320074 0.2536743661 0.1347073407 0.1563091777 0.9749504697 0.2544579658 0.3247335324 0.1583235865 0.8467477139 0.3389530828 -0.5887826486 0.2225630029 0.1976245348 0.2141992972
0.2521257151 0.2632028879 0.1457494999 0.1686801908 0.9760027334 0.2638997644 0.3321622398 0.1706881550 0.8425639686 0.3455562020 -0.5934198751 0.2323185069 0.2100462742 0.2265669939
0.2633387798 0.2727821207 0.1568529794 0.1810784492 0.9770257307 0.2733939308 0.3396622309 0.1830793702 0.8383425370 0.3522438414 -0.5980921042 0.2421312893 0.2224797008 0.2389414662
0.2745707373 0.2824122539 0.1680178880 0.1935032703 0.9780198621 0.2829406846 0.3472342068 0.1954965428 0.8340842094 0.3590169613 -0.6027999933 0.2520015844 0.2349238853 0.2513217306
0.2858211236 0.2920934768 0.1792443345 0.2059539713 0.9789855284 0.2925402457 0.3548788681 0.2079389835 0.8297897758 0.3658765221 -0.6075441995 0.2619296261 0.2473778983 0.2637068038
0.2970894746 0.3018259790 0.1905324275 0.2184298698 0.9799231302 0.3021928336 0.3625969156 0.2204060030 0.8254600264 0.3728234841 -0.6123253804 0.2719156485 0.2598408104 0.2760957023
