-0.8012266346 -0.8307190048 -0.8832344757 -0.8023479014 -0.7535972163 -0.7570561936 -0.8877495989 -0.8015858261 0.4645764383 0.9636469781 -0.4851148071 -0.8301339133 -0.8008836297 -0.8023173078
-0.7383799366 -0.7773435435 -0.8462312832 -0.7393501875 -0.6771887129 -0.6804537880 -0.8527857203 -0.7383564819 0.5027239524 0.9513401164 -0.5260993479 -0.7766502516 -0.7374236573 -0.7392898806
-0.6772050344 -0.7254616776 -0.8101664843 -0.6777707390 -0.6035771017 -0.6059973534 -0.8190175218 -0.6765563151 0.5385728021 0.9389413341 -0.5651853037 -0.7247022044 -0.6753949517 -0.6776716951
-0.6176816783 -0.6750541029 -0.7750275204 -0.6175946196 -0.5327227907 -0.5336608133 -0.7864265351 -0.6161702179 0.5721607665 0.9264522348 -0.6023981851 -0.6742696300 -0.6147826275 -0.6174482553
-0.5597896186 -0.6261015155 -0.7408018331 -0.5588068928 -0.4645861879 -0.4634180913 -0.7549942919 -0.5571830827 0.6035256247 0.9138744225 -0.6377635025 -0.6253323869 -0.5555717997 -0.5586050651
-0.5035086056 -0.5785846115 -0.7074768637 -0.5013926222 -0.3991277013 -0.3952431111 -0.7247023237 -0.4995798018 0.6327051559 0.9012095009 -0.6713067663 -0.5778703336 -0.4977475828 -0.5011276284
-0.4488183896 -0.5324840869 -0.6750400539 -0.4453368715 -0.3363077387 -0.3291097963 -0.6955321622 -0.4433452675 0.6597371391 0.8884590741 -0.7030534872 -0.5318633285 -0.4412950918 -0.4450014492
-0.3956987209 -0.4877806376 -0.6434788451 -0.3906247041 -0.2760867083 -0.2649920703 -0.6674653390 -0.3884643721 0.6846593534 0.8756247458 -0.7330291755 -0.4872912301 -0.3861994413 -0.3902120315
-0.3441293500 -0.4444549598 -0.6127806786 -0.3372411838 -0.2184250179 -0.2028638569 -0.6404833857 -0.3349220080 0.7075095781 0.8627081199 -0.7612593417 -0.4441338969 -0.3324457462 -0.3367448792
-0.2940900270 -0.4024877494 -0.5829329961 -0.2851713740 -0.1632830756 -0.1426990796 -0.6145678339 -0.2827030674 0.7283255922 0.8497108002 -0.7877694963 -0.4023711872 -0.2800191211 -0.2845854962
-0.2455605023 -0.3618597025 -0.5539232390 -0.2344003385 -0.1106212893 -0.0844716621 -0.5897002152 -0.2317924426 0.7471451748 0.8366343906 -0.8125851497 -0.3619829595 -0.2289046808 -0.2337193866
-0.1985205262 -0.3225515151 -0.5257388488 -0.1849131407 -0.0604000670 -0.0281555279 -0.5658620613 -0.1821750259 0.7640061051 0.8234804949 -0.8357318125 -0.3229490724 -0.1790875402 -0.1841320543
-0.1529498490 -0.2845438831 -0.4983672669 -0.1366948443 -0.0125798166 0.0262753994 -0.5430349038 -0.1338357097 0.7789461621 0.8102507171 -0.8572349952 -0.2852493842 -0.1305528138 -0.1358090032
-0.1088282211 -0.2478175027 -0.4717959348 -0.0897305128 0.0328790538 0.0788471961 -0.5212002743 -0.0867593862 0.7920031250 0.7969466609 -0.8771202081 -0.2488637535 -0.0832856166 -0.0887357373
-0.0661353927 -0.2123530699 -0.4460122941 -0.0440052099 0.0760161362 0.1295859388 -0.5003397044 -0.0409309479 0.8032147730 0.7835699302 -0.8954129618 -0.2137720386 -0.0372710632 -0.0428977605
