0.2049659168 0.1352687866 0.0834324745 0.2326831851 0.2729536072 0.0826542727 0.1037750923 0.2328241380 0.3303699315 -0.1809812902 -0.3896898812 0.1291114007 0.2432066317 0.2426052170
0.1967616762 0.1283892587 0.0768612354 0.2240590292 0.2648366434 0.0759051545 0.0976224847 0.2241892433 0.3227338180 -0.1839964811 -0.3800001861 0.1220855480 0.2343588922 0.2337852286
0.1885341424 0.1214980186 0.0702873839 0.2154068980 0.2566840979 0.0691536916 0.0914633057 0.2155263554 0.3150514524 -0.1869692931 -0.3702550481 0.1150491956 0.2254814457 0.2249356214
0.1802928304 0.1146038737 0.0637195660 0.2067365299 0.2485054321 0.0624086262 0.0853059736 0.2068452189 0.3073320310 -0.1898929718 -0.3604647651 0.1080112301 0.2165841502 0.2160662385
0.1720472551 0.1077156312 0.0571664280 0.1980576635 0.2403101070 0.0556787004 0.0791589069 0.1981555781 0.2995847503 -0.1927607627 -0.3506396349 0.1009805386 0.2076768639 0.2071869232
0.1638069313 0.1008420986 0.0506366160 0.1893800376 0.2321075840 0.0489726564 0.0730305241 0.1894671773 0.2918188067 -0.1955659113 -0.3407899556 0.0939660079 0.1987694450 0.1983075187
0.1555813739 0.0939920832 0.0441387762 0.1807133905 0.2239073243 0.0422992364 0.0669292438 0.1807897610 0.2840433965 -0.1983016633 -0.3309260249 0.0869765248 0.1898717515 0.1894378683
0.1473800978 0.0871743924 0.0376815548 0.1720674611 0.2157187892 0.0356671825 0.0608634843 0.1721330736 0.2762677162 -0.2009612642 -0.3210581408 0.0800209762 0.1809936416 0.1805878151
0.1392126179 0.0803978336 0.0312735980 0.1634519879 0.2075514398 0.0290852369 0.0548416642 0.1635068593 0.2685009622 -0.2035379596 -0.3111966013 0.0731082491 0.1721449735 0.1717672025
0.1310884491 0.0736712142 0.0249235519 0.1548767094 0.1994147374 0.0225621417 0.0488722020 0.1549208627 0.2607523310 -0.2060249949 -0.3013517041 0.0662472301 0.1633356053 0.1629858736
0.1230171062 0.0670033416 0.0186400626 0.1463513644 0.1913181432 0.0161066391 0.0429635161 0.1463848280 0.2530310188 -0.2084156159 -0.2915337474 0.0594468063 0.1545753951 0.1542536717
0.1150081041 0.0604030230 0.0124317765 0.1378856913 0.1832711185 0.0097274713 0.0371240251 0.1379084997 0.2453462222 -0.2107030679 -0.2817530288 0.0527158645 0.1458742010 0.1455804401
0.1070709578 0.0538790660 0.0063073396 0.1294894289 0.1752831246 0.0034333804 0.0313621474 0.1295016221 0.2377071375 -0.2128805967 -0.2720198465 0.0460632915 0.1372418813 0.1369760219
0.0992151820 0.0474402778 0.0002753981 0.1211723157 0.1673636226 -0.0027668915 0.0256863015 0.1211739397 0.2301229611 -0.2149414477 -0.2623444982 0.0394979742 0.1286882940 0.1284502604
0.0914502917 0.0410954659 -0.0056554018 0.1129440903 0.1595220737 -0.0088646021 0.0201049058 0.1129351968 0.2226028895 -0.2168788665 -0.2527372819 0.0330287995 0.1202232973 0.1200129988
