-0.9985181688 -0.6467951734 -0.6355509208 -0.7615905212 -0.0571207350 -0.6803981064 -0.5171147919 -0.7635304900 0.3595414376 -0.4247210361 0.2571043743 -0.6906089747 -0.7727503949 -0.7861404497
-0.9990041129 -0.6474085997 -0.6363612946 -0.7624938265 -0.0642301094 -0.6808818982 -0.5186427252 -0.7644493729 0.3501787207 -0.4252862453 0.2594539063 -0.6911449407 -0.7734230406 -0.7866044873
-0.9993962250 -0.6479516953 -0.6371013979 -0.7633185142 -0.0712850928 -0.6812936488 -0.5201055475 -0.7652894624 0.3408356712 -0.4257954457 0.2617521679 -0.6916080404 -0.7740171262 -0.7869898067
-0.9996931875 -0.6484231908 -0.6377699300 -0.7640632317 -0.0782834419 -0.6816321021 -0.5215018656 -0.7660494028 0.3315145926 -0.4262474392 0.2639976949 -0.6919970058 -0.7745313365 -0.7872951255
-0.9998936825 -0.6488218171 -0.6383655902 -0.7647266264 -0.0852229136 -0.6818960022 -0.5228302863 -0.7667278383 0.3222177886 -0.4266410275 0.2661890230 -0.6923105686 -0.7749643562 -0.7875191612
-0.9999963926 -0.6491463047 -0.6388870778 -0.7653073457 -0.0921012646 -0.6820840930 -0.5240894162 -0.7673234129 0.3129475628 -0.4269750124 0.2683246882 -0.6925474610 -0.7753148703 -0.7876606315
-1.0000000000 -0.6493953844 -0.6393330922 -0.7658040373 -0.0989162517 -0.6821951185 -0.5252778621 -0.7678347709 0.3037062187 -0.4272481957 0.2704032263 -0.6927064148 -0.7755815633 -0.7877182540
-0.9999031871 -0.6495677868 -0.6397023325 -0.7662153483 -0.1056656318 -0.6822278227 -0.5263942307 -0.7682605563 0.2944960601 -0.4274593790 0.2724231731 -0.6927861619 -0.7757631202 -0.7876907463
-0.9997046362 -0.6496622426 -0.6399934981 -0.7665399265 -0.1123471616 -0.6821809495 -0.5274371289 -0.7685994135 0.2853193905 -0.4276073642 0.2743830644 -0.6927854344 -0.7758582257 -0.7875768261
-0.9994030296 -0.6496774825 -0.6402052883 -0.7667764190 -0.1189585979 -0.6820532428 -0.5284051633 -0.7688499865 0.2761785136 -0.4276909531 0.2762814361 -0.6927029640 -0.7758655646 -0.7873752110
-0.9989970497 -0.6496122373 -0.6403364024 -0.7669234735 -0.1254976976 -0.6818434467 -0.5292969406 -0.7690109196 0.2670757328 -0.4277089473 0.2781168241 -0.6925374828 -0.7757838217 -0.7870846185
-0.9984853789 -0.6494652376 -0.6403855397 -0.7669797374 -0.1319622174 -0.6815503051 -0.5301110677 -0.7690808568 0.2580133520 -0.4276601487 0.2798877642 -0.6922877227 -0.7756116817 -0.7867037664
-0.9978666995 -0.6492352140 -0.6403513994 -0.7669438581 -0.1383499141 -0.6811725621 -0.5308461512 -0.7690584423 0.2489936746 -0.4275433590 0.2815927922 -0.6919524156 -0.7753478295 -0.7862313723
-0.9971396937 -0.6489208973 -0.6402326808 -0.7668144830 -0.1446585445 -0.6807089615 -0.5315007979 -0.7689423204 0.2400190042 -0.4273573800 0.2832304440 -0.6915302934 -0.7749909498 -0.7856661537
-0.9963030441 -0.6485210182 -0.6400280833 -0.7665902596 -0.1508858654 -0.6801582473 -0.5320736145 -0.7687311351 0.2310916446 -0.4271010134 0.2847992554 -0.6910200881 -0.7745397275 -0.7850068283
