-0.9417413034 -0.9326430886 -0.9465259099 -0.9462023298 -0.9419201056 -0.9442191661 -0.9460347105 -0.9456956928 -0.9441061304 -0.9459098390 0.9444618670 -0.9477541274 -0.9465088813 -0.9426731572
-0.9362323606 -0.9269999201 -0.9414951045 -0.9406182470 -0.9367474998 -0.9391931708 -0.9412430629 -0.9400941611 -0.9392658217 -0.9413970411 0.9394942634 -0.9428949367 -0.9407443673 -0.9366574510
-0.9304809448 -0.9211332041 -0.9362388425 -0.9347689657 -0.9313545389 -0.9339494303 -0.9362433868 -0.9342282090 -0.9342198918 -0.9366934792 0.9343119609 -0.9378179652 -0.9346986626 -0.9303572378
-0.9244878567 -0.9150433308 -0.9307572042 -0.9286559236 -0.9257412542 -0.9284878228 -0.9310351721 -0.9280992639 -0.9289677973 -0.9317980358 0.9289147249 -0.9325229943 -0.9283737284 -0.9237747096
-0.9182538968 -0.9087306905 -0.9250502703 -0.9222805585 -0.9199076772 -0.9228082263 -0.9256179086 -0.9217087531 -0.9235089948 -0.9267095935 0.9233023204 -0.9270098056 -0.9217715259 -0.9169120582
-0.9117798658 -0.9021956737 -0.9191181215 -0.9156443082 -0.9138538390 -0.9169105187 -0.9199910863 -0.9150581039 -0.9178429409 -0.9214270348 0.9174745126 -0.9212781806 -0.9148940162 -0.9097714756
-0.9050665642 -0.8954386706 -0.9129608381 -0.9087486102 -0.9075797710 -0.9107945781 -0.9141541951 -0.9081487436 -0.9119690923 -0.9159492424 0.9114310668 -0.9153279007 -0.9077431607 -0.9023551536
-0.8981147928 -0.8884600715 -0.9065785009 -0.9015949025 -0.9010855046 -0.9044602824 -0.9081067248 -0.9009820996 -0.9058869055 -0.9102750988 0.9051717480 -0.9091587476 -0.9003209204 -0.8946652843
-0.8909253519 -0.8812602668 -0.8999711903 -0.8941846226 -0.8943710711 -0.8979075097 -0.9018481653 -0.8935595991 -0.8995958371 -0.9044034865 0.8986963214 -0.9027705026 -0.8926292567 -0.8867040594
-0.8834990423 -0.8738396468 -0.8931389870 -0.8865192084 -0.8874365017 -0.8911361380 -0.8953780065 -0.8858826694 -0.8930953438 -0.8983332881 0.8920045523 -0.8961629473 -0.8846701306 -0.8784736710
-0.8758366646 -0.8661986018 -0.8860819715 -0.8786000977 -0.8802818278 -0.8841460453 -0.8886957383 -0.8779527379 -0.8863848821 -0.8920633861 0.8850962057 -0.8893358633 -0.8764455035 -0.8699763109
-0.8679390193 -0.8583375222 -0.8788002244 -0.8704287280 -0.8729070808 -0.8769371096 -0.8818008506 -0.8697712318 -0.8794639087 -0.8855926631 0.8779710469 -0.8822890319 -0.8679573364 -0.8612141711
-0.8598069070 -0.8502567982 -0.8712938262 -0.8620065372 -0.8653122919 -0.8695092089 -0.8746928333 -0.8613395785 -0.8723318801 -0.8789200017 0.8706288410 -0.8750222348 -0.8592075908 -0.8521894434
-0.8514411284 -0.8419568203 -0.8635628576 -0.8533349630 -0.8574974925 -0.8618622212 -0.8673711762 -0.8526592053 -0.8649882530 -0.8720442845 0.8630693531 -0.8675352534 -0.8501982276 -0.8429043198
-0.8428424840 -0.8334379788 -0.8556073990 -0.8444154431 -0.8494627139 -0.8539960246 -0.8598353693 -0.8437315395 -0.8574324840 -0.8649643939 0.8552923486 -0.8598278692 -0.8409312082 -0.8333609922
