0.7526468649 0.3853903713 0.3376883340 0.6971347725 0.4383821232 0.3170301433 -0.0058260207 0.6970538754 -0.9789917684 -0.6628679758 0.0297331957 0.3607950487 0.7274644642 0.7210299702
0.7615033815 0.3926298485 0.3443877934 0.7041128699 0.4500349291 0.3241725820 0.0001640529 0.7040340256 -0.9746312266 -0.6597288174 0.0244048869 0.3681031456 0.7344728899 0.7279387922
0.7701646935 0.3997293448 0.3509505729 0.7108888039 0.4615740361 0.3311870216 0.0060752805 0.7108120498 -0.9698894412 -0.6565738922 0.0191579600 0.3752766817 0.7412736999 0.7346401570
0.7786325785 0.4066905638 0.3573784847 0.7174650548 0.4729991691 0.3380750560 0.0119090094 0.7173904273 -0.9647738155 -0.6534021564 0.0139908598 0.3823172805 0.7478694280 0.7411366237
0.7869088143 0.4135152092 0.3636733410 0.7238441030 0.4843100530 0.3448382792 0.0176665871 0.7237716375 -0.9592917533 -0.6502125661 0.0089020313 0.3892265658 0.7542626085 0.7474307515
0.7949951787 0.4202049847 0.3698369539 0.7300284287 0.4955064130 0.3514782849 0.0233493608 0.7299581598 -0.9534506579 -0.6470040774 0.0038899196 0.3960061610 0.7604557752 0.7535250996
0.8028934494 0.4267615941 0.3758711357 0.7360205124 0.5065879738 0.3579966671 0.0289586778 0.7359524735 -0.9472579331 -0.6437756466 -0.0010470305 0.4026576899 0.7664514624 0.7594222271
0.8106054043 0.4331867409 0.3817776986 0.7418228344 0.5175544606 0.3643950197 0.0344958857 0.7417570579 -0.9407209822 -0.6405262299 -0.0059103739 0.4091827760 0.7722522039 0.7651246933
0.8181328210 0.4394821290 0.3875584547 0.7474378750 0.5284055982 0.3706749366 0.0399623316 0.7473743925 -0.9338472090 -0.6372547833 -0.0107016656 0.4155830430 0.7778605339 0.7706350572
0.8254774774 0.4456494620 0.3932152163 0.7528681145 0.5391411117 0.3768380117 0.0453593630 0.7528069567 -0.9266440168 -0.6339602631 -0.0154224608 0.4218601145 0.7832789864 0.7759558780
0.8326411511 0.4516904437 0.3987497956 0.7581160334 0.5497607261 0.3828858389 0.0506883271 0.7580572296 -0.9191188094 -0.6306416255 -0.0200743144 0.4280156140 0.7885100955 0.7810897150
0.8396256201 0.4576067776 0.4041640047 0.7631841118 0.5602641662 0.3888200121 0.0559505715 0.7631276908 -0.9112789902 -0.6272978266 -0.0246587814 0.4340511653 0.7935563951 0.7860391273
0.8464326619 0.4634001676 0.4094596560 0.7680748303 0.5706511572 0.3946421251 0.0611474433 0.7680208196 -0.9031319627 -0.6239278225 -0.0291774169 0.4399683919 0.7984204194 0.7908066740
0.8530640545 0.4690723174 0.4146385615 0.7727906690 0.5809214239 0.4003537720 0.0662802899 0.7727390953 -0.8946851306 -0.6205305695 -0.0336317759 0.4457689174 0.8031047023 0.7953949143
0.8595215755 0.4746249305 0.4197025334 0.7773341084 0.5910746913 0.4059565465 0.0713504588 0.7772849973 -0.8859458973 -0.6171050238 -0.0380234134 0.4514543654 0.8076117780 0.7998064074
