-0.2219740486 -0.4299215495 -0.5506117749 -0.2617040958 -0.0002462298 -0.4171150600 -0.6081012867 -0.2661549889 0.1662629499 -0.9908953862 0.4105546086 -0.3733194143 -0.2079265785 -0.2198333757
-0.2161563223 -0.4239406701 -0.5457243678 -0.2551773666 0.0026610372 -0.4113409355 -0.6038367569 -0.2596095646 0.1668607914 -0.9929186643 0.4087057836 -0.3671641536 -0.2015038855 -0.2134403364
-0.2102425188 -0.4178293062 -0.5406900706 -0.2485459533 0.0056194861 -0.4054390355 -0.5994178282 -0.2529586742 0.1674757287 -0.9946911511 0.4067420270 -0.3608871177 -0.1949855919 -0.2069498435
-0.2042398355 -0.4115948961 -0.5355158985 -0.2418174203 0.0086234722 -0.3994166904 -0.5948512662 -0.2462098944 0.1681033420 -0.9962117848 0.4046688047 -0.3544957828 -0.1883791708 -0.2003693652
-0.1981554699 -0.4052448781 -0.5302088669 -0.2349993322 0.0116673507 -0.3932812303 -0.5901438363 -0.2393708021 0.1687392110 -0.9974795038 0.4024915830 -0.3479976254 -0.1816920950 -0.1937063696
-0.1919966195 -0.3987866904 -0.5247759909 -0.2280992535 0.0147454769 -0.3870399855 -0.5853023040 -0.2324489742 0.1693789158 -0.9984932465 0.4002158279 -0.3414001217 -0.1749318375 -0.1869683252
-0.1857704818 -0.3922277712 -0.5192242859 -0.2211247486 0.0178522061 -0.3807002864 -0.5803334349 -0.2254519875 0.1700180363 -0.9992519513 0.3978470055 -0.3347107481 -0.1681058712 -0.1801627001
-0.1794842542 -0.3855755589 -0.5135607672 -0.2140833821 0.0209818934 -0.3742694631 -0.5752439944 -0.2183874189 0.1706521523 -0.9997545563 0.3953905820 -0.3279369809 -0.1612216691 -0.1732969626
-0.1731451343 -0.3788374916 -0.5077924502 -0.2069827184 0.0241288943 -0.3677548459 -0.5700407481 -0.2112628453 0.1712768439 -1.0000000000 0.3928520233 -0.3210862964 -0.1542867040 -0.1663785810
-0.1667603194 -0.3720210077 -0.5019263500 -0.1998303221 0.0272875639 -0.3611637652 -0.5647304615 -0.2040858434 0.1718876910 -0.9999872207 0.3902367957 -0.3141661711 -0.1473084490 -0.1594150235
-0.1603370071 -0.3651335454 -0.4959694819 -0.1926337576 0.0304522575 -0.3545035511 -0.5593199000 -0.1968639901 0.1724802734 -0.9997151568 0.3875503651 -0.3071840812 -0.1402943769 -0.1524137583
-0.1538823949 -0.3581825429 -0.4899288615 -0.1854005894 0.0336173303 -0.3477815341 -0.5538158293 -0.1896048623 0.1730501711 -0.9991827476 0.3847981978 -0.3001475030 -0.1332519607 -0.1453822538
-0.1474036800 -0.3511754385 -0.4838115036 -0.1781383821 0.0367771378 -0.3410050440 -0.5482250147 -0.1823160368 0.1735929643 -0.9983889283 0.3819857598 -0.2930639129 -0.1261886734 -0.1383279781
-0.1409080602 -0.3441196705 -0.4776244239 -0.1708547001 0.0399260350 -0.3341814116 -0.5425542218 -0.1750050904 0.1741042326 -0.9973326404 0.3791185173 -0.2859407873 -0.1191119878 -0.1312583995
-0.1344027328 -0.3370226771 -0.4713746375 -0.1635571079 0.0430583773 -0.3273179669 -0.5368102161 -0.1676796001 0.1745795560 -0.9960128213 0.3762019362 -0.2787856024 -0.1120293769 -0.1241809864
