0.4016183885 0.2962664656 0.1530321339 0.4966285476 0.3162588183 0.4119657044 0.0326213197 0.4906010427 0.2388914347 0.4223638261 -0.4091558698 0.3286458699 0.5543715146 0.5611157195
0.3898842342 0.2833425093 0.1364944331 0.4842506355 0.3065259449 0.4015632274 0.0173442909 0.4781723332 0.2300192420 0.4144384755 -0.4002344709 0.3164875949 0.5425310820 0.5494577292
0.3783939876 0.2707483709 0.1203203692 0.4719677845 0.2972298603 0.3914467230 0.0026380308 0.4658443183 0.2217190324 0.4068887158 -0.3916642268 0.3046493626 0.5307338575 0.5378418654
0.3671432698 0.2584784378 0.1045049154 0.4597786748 0.2883618241 0.3816105562 -0.0115068686 0.4536155877 0.2139791930 0.3997063584 -0.3834377543 0.2931254861 0.5189793273 0.5262675728
0.3561277019 0.2465270974 0.0890430450 0.4476819865 0.2799130958 0.3720490916 -0.0250998150 0.4414847315 0.2067881107 0.3928832144 -0.3755476701 0.2819102785 0.5072669776 0.5147342963
0.3453429049 0.2348887372 0.0739297316 0.4356763994 0.2718749348 0.3627566943 -0.0381502161 0.4294503395 0.2001341728 0.3864110953 -0.3679865910 0.2709980528 0.4955962945 0.5032414803
0.3347844999 0.2235577445 0.0591599482 0.4237605939 0.2642386007 0.3537277292 -0.0506674797 0.4175110016 0.1940057663 0.3802818121 -0.3607471337 0.2603831221 0.4839667644 0.4917885696
0.3244481079 0.2125285068 0.0447286684 0.4119332498 0.2569953530 0.3449565610 -0.0626610137 0.4056653077 0.1883912782 0.3744871761 -0.3538219151 0.2500597994 0.4723778733 0.4803750089
0.3143293500 0.2017954115 0.0306308655 0.4001930472 0.2501364512 0.3364375547 -0.0741402257 0.3939118476 0.1832790956 0.3690189987 -0.3472035518 0.2400223978 0.4608291075 0.4690002429
0.3044238473 0.1913528460 0.0168615127 0.3885386662 0.2436531547 0.3281650752 -0.0851145236 0.3822492113 0.1786576056 0.3638690910 -0.3408846608 0.2302652303 0.4493199531 0.4576637161
0.2947272208 0.1811951978 0.0034155835 0.3769687869 0.2375367231 0.3201334873 -0.0955933152 0.3706759887 0.1745151953 0.3590292643 -0.3348578587 0.2207826100 0.4378498965 0.4463648734
0.2852350916 0.1713168541 -0.0097119489 0.3654820893 0.2317784160 0.3123371560 -0.1055860083 0.3591907696 0.1708402516 0.3544913299 -0.3291157624 0.2115688500 0.4264184237 0.4351031593
0.2759430808 0.1617122026 -0.0225261110 0.3540772534 0.2263694927 0.3047704461 -0.1151020105 0.3477921439 0.1676211618 0.3502470989 -0.3236509885 0.2026182633 0.4150250210 0.4238780186
0.2668468094 0.1523756305 -0.0350319296 0.3427529594 0.2213012129 0.2974277224 -0.1241507298 0.3364787016 0.1648463128 0.3462883828 -0.3184561539 0.1939251629 0.4036691745 0.4126888960
0.2579418985 0.1433015252 -0.0472344313 0.3315078872 0.2165648360 0.2903033500 -0.1327415738 0.3252490324 0.1625040917 0.3426069926 -0.3135238754 0.1854838619 0.3923503705 0.4015352360
