0.6388048614 0.7567217336 0.7865966160 0.6674965954 0.7423811161 0.7266052250 0.7186880170 0.6683173042 0.8821551071 0.3360703329 -0.6742920357 0.7354363516 0.6453302564 0.6477383444
0.6444836426 0.7655634898 0.7969891724 0.6737853774 0.7485523809 0.7360937151 0.7310827466 0.6746307624 0.8894094933 0.3498300033 -0.6879792630 0.7441736776 0.6513514053 0.6537477803
0.6500053957 0.7742174787 0.8071809538 0.6799106106 0.7545533482 0.7453935508 0.7432680937 0.6807804420 0.8964729393 0.3635225959 -0.7014481569 0.7527259826 0.6572128199 0.6595973125
0.6553665593 0.7826792731 0.8171671462 0.6858685623 0.7603802604 0.7545001670 0.7552388802 0.6867626035 0.9033413248 0.3771453734 -0.7146933889 0.7610888804 0.6629108494 0.6652832914
0.6605635716 0.7909444457 0.8269429356 0.6916554997 0.7660293599 0.7634089984 0.7669899280 0.6925735074 0.9100105298 0.3906955989 -0.7277096306 0.7692579849 0.6684418431 0.6708020674
0.6655928712 0.7990085693 0.8365035078 0.6972676901 0.7714968891 0.7721154797 0.7785160592 0.6982094142 0.9164764341 0.4041705352 -0.7404915534 0.7772289100 0.6738021500 0.6761499908
0.6704508965 0.8068672168 0.8458440489 0.7027014006 0.7767790903 0.7806150459 0.7898120958 0.7036665846 0.9227349177 0.4175674454 -0.7530338290 0.7849972695 0.6789881196 0.6813234120
0.6751340860 0.8145159609 0.8549597449 0.7079528984 0.7818722060 0.7889031317 0.8008728597 0.7089412789 0.9287818604 0.4308835922 -0.7653311290 0.7925586774 0.6839961009 0.6863186816
0.6796388781 0.8219503744 0.8638457816 0.7130184509 0.7867724784 0.7969751719 0.8116931729 0.7140297578 0.9346131421 0.4441162387 -0.7773781248 0.7999087475 0.6888224433 0.6911321497
0.6839617112 0.8291660301 0.8724973451 0.7178943252 0.7914761501 0.8048266012 0.8222678575 0.7189282818 0.9402246427 0.4572626478 -0.7891694881 0.8070430937 0.6934634959 0.6957601669
0.6880990238 0.8361585008 0.8809096213 0.7225767884 0.7959794633 0.8124528545 0.8325917353 0.7236331114 0.9456122421 0.4703200824 -0.8006998905 0.8139573299 0.6979156081 0.7001990834
0.6920472543 0.8429233593 0.8890777962 0.7270621079 0.8002786605 0.8198493665 0.8426596285 0.7281405071 0.9507718201 0.4832858055 -0.8119640034 0.8206470699 0.7021751289 0.7044452498
0.6958028412 0.8494561784 0.8969970558 0.7313465509 0.8043699840 0.8270115721 0.8524663588 0.7324467296 0.9556992567 0.4961570799 -0.8229564985 0.8271079277 0.7062384077 0.7084950163
0.6993622228 0.8557525310 0.9046625860 0.7354263845 0.8082496762 0.8339349061 0.8620067485 0.7365480393 0.9603904318 0.5089311686 -0.8336720473 0.8333355172 0.7101017936 0.7123447334
0.7027218378 0.8618079897 0.9120695727 0.7392978760 0.8119139795 0.8406148032 0.8712756194 0.7404406967 0.9648412252 0.5216053346 -0.8441053213 0.8393254522 0.7137616359 0.7159907515
