-0.9878839031 -0.9945720734 -0.9902147462 -0.9799261548 -0.9928038796 -0.9926890523 -0.9941768284 -0.9804032865 -0.9951323356 -0.9972843865 0.9932482247 -0.9915618408 -0.9750378604 -0.9760854939
-0.9902887171 -0.9960524831 -0.9922130622 -0.9832763425 -0.9944778166 -0.9943526464 -0.9955810481 -0.9837067311 -0.9963967613 -0.9981310218 0.9948198070 -0.9933454835 -0.9789630181 -0.9799766942
-0.9924262396 -0.9972972451 -0.9939834239 -0.9863167618 -0.9959304275 -0.9958022771 -0.9967930528 -0.9867015087 -0.9974724109 -0.9988215339 0.9961839703 -0.9949181187 -0.9825461876 -0.9835154383
-0.9942972713 -0.9983067497 -0.9955259116 -0.9890488506 -0.9971617437 -0.9970378225 -0.9978123324 -0.9893890466 -0.9983587411 -0.9993548052 0.9973404797 -0.9962795278 -0.9857893302 -0.9867039179
-0.9959026128 -0.9990813871 -0.9968406062 -0.9914740465 -0.9981717964 -0.9980591606 -0.9986383768 -0.9917707722 -0.9990552085 -0.9997297182 0.9982891005 -0.9974294924 -0.9886944071 -0.9895443249
-0.9972430646 -0.9996215477 -0.9979275880 -0.9935937874 -0.9989606171 -0.9988661694 -0.9992706759 -0.9938481127 -0.9995612697 -0.9999451557 0.9990295977 -0.9983677939 -0.9912633794 -0.9920388513
-0.9983194274 -0.9999276219 -0.9987869378 -0.9954095108 -0.9995282371 -0.9994587269 -0.9997087195 -0.9956224956 -0.9998763814 -1.0000000000 0.9995617366 -0.9990942140 -0.9934982084 -0.9941896891
-0.9991325017 -1.0000000000 -0.9994187360 -0.9969226546 -0.9998746876 -0.9998367111 -0.9999519976 -0.9970953480 -1.0000000000 -0.9998931338 0.9998852823 -0.9996085340 -0.9954008553 -0.9959990300
-0.9996830882 -0.9998390723 -0.9998230632 -0.9981346566 -1.0000000000 -1.0000000000 -1.0000000000 -0.9982680974 -0.9999315823 -0.9996234397 1.0000000000 -0.9999105355 -0.9969732812 -0.9974690661
-0.9999719874 -0.9994452291 -1.0000000000 -0.9990469543 -0.9999042056 -0.9999484716 -0.9998522166 -0.9991421710 -0.9996705848 -0.9991898001 0.9999056549 -1.0000000000 -0.9982174475 -0.9986019892
-1.0000000000 -0.9988188607 -0.9999496270 -0.9996609857 -0.9995873357 -0.9996820040 -0.9995081374 -0.9997189961 -0.9992164641 -0.9985910977 0.9996020121 -0.9998767090 -0.9991353152 -0.9993999913
-0.9997679265 -0.9979603575 -0.9996720247 -0.9999781883 -0.9990494217 -0.9992004751 -0.9989672521 -1.0000000000 -0.9985686769 -0.9978262150 0.9990888368 -0.9995404441 -0.9997288456 -0.9998652642
-0.9992765676 -0.9968701099 -0.9991672737 -1.0000000000 -0.9982904949 -0.9985037630 -0.9982290507 -0.9999866101 -0.9977266797 -0.9968940346 0.9983658942 -0.9989909866 -1.0000000000 -1.0000000000
-0.9985267238 -0.9955485081 -0.9984354546 -0.9997278585 -0.9973105865 -0.9975917456 -0.9972930231 -0.9996802536 -0.9966899292 -0.9957934390 0.9974329494 -0.9982281182 -0.9999507395 -0.9998063905
-0.9975191957 -0.9939959424 -0.9974766479 -0.9991632015 -0.9961097280 -0.9964643010 -0.9961586591 -0.9990823579 -0.9954578819 -0.9945233107 0.9962897676 -0.9972516203 -0.9995830253 -0.9992866275
