-0.4442789889 -0.3182283954 -0.2323391516 -0.3676308193 -0.6851957004 -0.3302943064 -0.2853002196 -0.3698085282 -0.7084103796 0.1883858587 0.8075468210 -0.3570125202 -0.3828330650 -0.3853476803
-0.4273250420 -0.3015370811 -0.2145504327 -0.3487642737 -0.6800679549 -0.3132259725 -0.2709361312 -0.3510529439 -0.7153624211 0.2032071988 0.8113194299 -0.3412184204 -0.3639612477 -0.3666991225
-0.4101341745 -0.2847013358 -0.1966247662 -0.3296352802 -0.6750229942 -0.2959914382 -0.2565325475 -0.3320379891 -0.7227132818 0.2178715987 0.8154125874 -0.3252914119 -0.3448160676 -0.3477847459
-0.3927071846 -0.2677233304 -0.1785645651 -0.3102444882 -0.6700650135 -0.2785925922 -0.2420929292 -0.3127643463 -0.7304702080 0.2323727124 0.8198329335 -0.3092337308 -0.3253980076 -0.3286051206
-0.3750448709 -0.2506052358 -0.1603722425 -0.2905925472 -0.6651982081 -0.2610313233 -0.2276207368 -0.2932326981 -0.7386404460 0.2467041942 0.8245871079 -0.2930476134 -0.3057075508 -0.3091608171
-0.3571480318 -0.2333492227 -0.1420502114 -0.2706801069 -0.6604267733 -0.2433095203 -0.2131194310 -0.2734437272 -0.7472312422 0.2608596982 0.8296817506 -0.2767352957 -0.2857451801 -0.2894524056
-0.3390174657 -0.2159574621 -0.1236008847 -0.2505078165 -0.6557549042 -0.2254290721 -0.1985924724 -0.2533981160 -0.7562498428 0.2748328787 0.8351235015 -0.2602990139 -0.2655113787 -0.2694804567
-0.3206539711 -0.1984321248 -0.1050266756 -0.2300763258 -0.6511867962 -0.2073918673 -0.1840433215 -0.2330965473 -0.7657034942 0.2886173897 0.8409190005 -0.2437410041 -0.2450066293 -0.2492455405
-0.3020583464 -0.1807753815 -0.0863299971 -0.2093862841 -0.6467266444 -0.1891997949 -0.1694754390 -0.2125397037 -0.7755994426 0.3022068854 0.8470748874 -0.2270635025 -0.2242314152 -0.2287482274
-0.2832313900 -0.1629894032 -0.0675132621 -0.1884383409 -0.6423786440 -0.1708547436 -0.1548922854 -0.1917282676 -0.7859449344 0.3155950200 0.8535978023 -0.2102687452 -0.2031862192 -0.2079890879
-0.2641739004 -0.1450763608 -0.0485788837 -0.1672331459 -0.6381469903 -0.1523586021 -0.1402973214 -0.1706629217 -0.7967472159 0.3287754476 0.8604943849 -0.1933589684 -0.1818715243 -0.1869686921
-0.2448866760 -0.1270384250 -0.0295292750 -0.1457713483 -0.6340358786 -0.1337132594 -0.1256940075 -0.1493443486 -0.8080135333 0.3417418224 0.8677712752 -0.1763364081 -0.1602878136 -0.1656876105
-0.2253705153 -0.1088777666 -0.0103668489 -0.1240535979 -0.6300495041 -0.1149206042 -0.1110858043 -0.1277732308 -0.8197511330 0.3544877986 0.8754351131 -0.1592033006 -0.1384355700 -0.1441464134
-0.2056262166 -0.0905965567 0.0089059816 -0.1020805440 -0.6261920620 -0.0959825254 -0.0964761725 -0.1059502511 -0.8319672612 0.3670070303 0.8834925384 -0.1419618820 -0.1163152766 -0.1223456712
-0.1856545785 -0.0721969659 0.0282868033 -0.0798528362 -0.6224677475 -0.0769009116 -0.0818685727 -0.0838760919 -0.8446691643 0.3792931717 0.8919501911 -0.1246143884 -0.0939274163 -0.1002859541
