0.3217557055 0.1086753878 0.0425620090 0.1612617089 0.0479732993 0.1657077345 0.1115119999 0.1571795797 0.0345427591 -0.3159512530 -0.1248975448 0.1986582106 0.1794343164 0.1789369869
0.3116189027 0.0998363234 0.0348646213 0.1536469018 0.0321441480 0.1568231433 0.1015213412 0.1495865563 0.0176164766 -0.3209465962 -0.1128458415 0.1897423728 0.1717440548 0.1712513656
0.3016241535 0.0911630606 0.0273340360 0.1461787276 0.0163984697 0.1480953967 0.0917059416 0.1421406471 0.0006857066 -0.3257396482 -0.1009752303 0.1809782475 0.1641980971 0.1637100897
0.2917782410 0.0826622242 0.0199765436 0.1388632540 0.0007428763 0.1395310455 0.0820728653 0.1348479181 -0.0162452365 -0.3303245855 -0.0892933702 0.1723723445 0.1568025111 0.1563192261
0.2820879485 0.0743404386 0.0127984344 0.1317065490 -0.0148160201 0.1311366404 0.0726291770 0.1277144356 -0.0331720384 -0.3346955844 -0.0778079201 0.1639311735 0.1495633647 0.1490848417
0.2725600590 0.0662043287 0.0058059987 0.1247146804 -0.0302716073 0.1229187319 0.0633819409 0.1207462654 -0.0500903848 -0.3388468214 -0.0665265390 0.1556612443 0.1424867257 0.1420130033
0.2632013557 0.0582605192 -0.0009944731 0.1178937163 -0.0456172735 0.1148838708 0.0543382214 0.1139494737 -0.0669959614 -0.3427724728 -0.0554568858 0.1475690668 0.1355786619 0.1351097776
0.2540186219 0.0505156346 -0.0075966905 0.1112497245 -0.0608464065 0.1070386076 0.0455050831 0.1073301266 -0.0838844539 -0.3464667151 -0.0446066195 0.1396611508 0.1288452413 0.1283812317
0.2450186408 0.0429762996 -0.0139943633 0.1047887728 -0.0759523943 0.0993894932 0.0368895902 0.1008942901 -0.1007515479 -0.3499237246 -0.0339833992 0.1319440060 0.1222925316 0.1218334323
0.2362081955 0.0356491389 -0.0201812010 0.0985169293 -0.0909286249 0.0919430780 0.0284988072 0.0946480302 -0.1175929291 -0.3531376777 -0.0235948836 0.1244241422 0.1159266006 0.1154724463
0.2275940692 0.0285407773 -0.0261509134 0.0924402618 -0.1057684862 0.0847059127 0.0203397985 0.0885974130 -0.1344042832 -0.3561027509 -0.0134487319 0.1171080693 0.1097535163 0.1093043405
0.2191830451 0.0216578393 -0.0318972099 0.0865648383 -0.1204653661 0.0776845481 0.0124196284 0.0827485046 -0.1511812959 -0.3588131205 -0.0035526030 0.1100022971 0.1037793464 0.1033351817
0.2109819064 0.0150069496 -0.0374138002 0.0808967266 -0.1350126527 0.0708855348 0.0047453615 0.0771073710 -0.1679196529 -0.3612629630 0.0060858442 0.1031133353 0.0980101588 0.0975710369
0.2029974363 0.0085947329 -0.0426943941 0.0754419946 -0.1494037339 0.0643154234 -0.0026759379 0.0716800783 -0.1846150398 -0.3634464546 0.0154589507 0.0964476938 0.0924520214 0.0920179728
0.1952364180 0.0024278140 -0.0477327010 0.0702067103 -0.1636319975 0.0579807645 -0.0098372055 0.0664726926 -0.2012631423 -0.3653577719 0.0245590575 0.0900118823 0.0871110019 0.0866820564
