0.9224462670 0.9934321060 0.9997722042 0.9505861674 -0.1515070945 0.7275025635 0.9955490226 0.9500768081 -0.5773950640 -0.5738141342 0.6152643773 0.9775726045 0.9476456281 0.9533221068
0.9127452253 0.9907567551 0.9991283492 0.9429921686 -0.1801176858 0.7135471629 0.9933460498 0.9424405555 -0.6046306338 -0.5998724452 0.6393668709 0.9726673204 0.9397786274 0.9459242796
0.9024327693 0.9876153660 0.9980636243 0.9348235327 -0.2095676459 0.6989111737 0.9906938310 0.9342288498 -0.6323069868 -0.6265814394 0.6639717663 0.9672561214 0.9313280422 0.9379517053
0.8915025186 0.9840027468 0.9965732189 0.9260741264 -0.2398647607 0.6835876447 0.9875873719 0.9254355514 -0.6604274078 -0.6539470437 0.6890834101 0.9613335537 0.9222876354 0.9293982123
0.8799480930 0.9799137059 0.9946523225 0.9167378161 -0.2710168160 0.6675696248 0.9840216781 0.9160545205 -0.6889951818 -0.6819751846 0.7147061487 0.9548941634 0.9126511699 0.9202576288
0.8677631124 0.9753430514 0.9922961243 0.9068084684 -0.3030315980 0.6508501629 0.9799917552 0.9060796176 -0.7180135935 -0.7106717891 0.7408443288 0.9479324964 0.9024124088 0.9105237832
0.8549411964 0.9702855915 0.9894998139 0.8962799500 -0.3359168926 0.6334223079 0.9754926088 0.8955047028 -0.7474859279 -0.7400427838 0.7675022970 0.9404430989 0.8915651151 0.9001905038
0.8414759650 0.9647361343 0.9862585806 0.8851461272 -0.3696804857 0.6152791086 0.9705192445 0.8843236366 -0.7774154697 -0.7700940955 0.7946843998 0.9324205168 0.8801030516 0.8892516189
0.8273610378 0.9586894883 0.9825676138 0.8734008667 -0.4043301632 0.5964136141 0.9650666680 0.8725302793 -0.8078055039 -0.8008316509 0.8223949838 0.9238592964 0.8680199814 0.8777009567
0.8125900347 0.9521404614 0.9784221029 0.8610380350 -0.4398737112 0.5768188730 0.9591298848 0.8601184910 -0.8386593152 -0.8322613768 0.8506383955 0.9147539836 0.8553096674 0.8655323457
0.7971565755 0.9450838619 0.9738172372 0.8480514986 -0.4763189156 0.5564879345 0.9527039007 0.8470821323 -0.8699801886 -0.8643891999 0.8794189815 0.9050991244 0.8419658726 0.8527396141
0.7810542798 0.9375144981 0.9687482063 0.8344351242 -0.5136735623 0.5354138472 0.9457837213 0.8334150633 -0.9017714090 -0.8972210471 0.9087410884 0.8948892650 0.8279823599 0.8393165902
0.7642767675 0.9294271781 0.9632101994 0.8201827781 -0.5519454374 0.5135896602 0.9383643520 0.8191111444 -0.9340362611 -0.9307628450 0.9386090627 0.8841189514 0.8133528924 0.8252571023
0.7468176585 0.9208167102 0.9571984061 0.8052883271 -0.5911423268 0.4910084224 0.9304407987 0.8041642360 -0.9667780298 -0.9650205204 0.9690272511 0.8727827296 0.7980712330 0.8105549787
0.7286705724 0.9116779025 0.9507080156 0.7897456376 -0.6312720164 0.4676631825 0.9220080669 0.7885681982 -1.0000000000 -1.0000000000 1.0000000000 0.8608751457 0.7821311446 0.7952040478
