0.1637813920 0.0978968058 0.1368248131 0.4556473276 0.1887081818 -0.0634174591 0.0474428325 0.4522436631 0.2032200690 -0.3918865105 -0.6944172458 0.1251132843 0.4839520888 0.4802290126
0.1581272752 0.0949036378 0.1336053633 0.4508654536 0.1872604377 -0.0658545339 0.0463629277 0.4475612181 0.2068793272 -0.3893149870 -0.6956167406 0.1217870855 0.4786767867 0.4748172771
0.1524170950 0.0918686510 0.1303377362 0.4459837713 0.1857592119 -0.0683076624 0.0452519220 0.4427796424 0.2104906713 -0.3867011269 -0.6966886948 0.1184143551 0.4732965501 0.4693009735
0.1466575440 0.0887972896 0.1270274964 0.4410086963 0.1842092782 -0.0707717231 0.0441143611 0.4379053047 0.2140565384 -0.3840422446 -0.6976368810 0.1150007015 0.4678180328 0.4636868167
0.1408553151 0.0856949982 0.1236802084 0.4359466441 0.1826154103 -0.0732415948 0.0429547903 0.4329445734 0.2175793658 -0.3813356546 -0.6984650716 0.1115517336 0.4622478888 0.4579815216
0.1350171011 0.0825672212 0.1203014370 0.4308040303 0.1809823821 -0.0757121561 0.0417777553 0.4279038172 0.2210615907 -0.3785786714 -0.6991770390 0.1080730599 0.4565927720 0.4521918030
0.1291495947 0.0794194028 0.1168967467 0.4255872706 0.1793149672 -0.0781782855 0.0405878016 0.4227894046 0.2245056503 -0.3757686096 -0.6997765556 0.1045702891 0.4508593361 0.4463243760
0.1232594888 0.0762569877 0.1134717022 0.4203027807 0.1776179395 -0.0806348616 0.0393894746 0.4176077043 0.2279139818 -0.3729027836 -0.7002673940 0.1010490298 0.4450542351 0.4403859553
0.1173534761 0.0730854201 0.1100318680 0.4149569760 0.1758960726 -0.0830767632 0.0381873198 0.4123650847 0.2312890223 -0.3699785080 -0.7006533266 0.0975148907 0.4391841228 0.4343832559
0.1114382494 0.0699101445 0.1065828087 0.4095562722 0.1741541404 -0.0854988689 0.0369858829 0.4070679144 0.2346332092 -0.3669930973 -0.7009381257 0.0939734804 0.4332556532 0.4283229926
0.1055205015 0.0667366054 0.1031300890 0.4041070849 0.1723969165 -0.0878960572 0.0357897093 0.4017225620 0.2379489796 -0.3639438659 -0.7011255639 0.0904304075 0.4272754801 0.4222118804
0.0996069252 0.0635702470 0.0996792735 0.3986158298 0.1706291748 -0.0902632068 0.0346033445 0.3963353961 0.2412387707 -0.3608281284 -0.7012194136 0.0868912807 0.4212502574 0.4160566342
0.0937042132 0.0604165138 0.0962359267 0.3930889225 0.1688556890 -0.0925951964 0.0334313341 0.3909127853 0.2445050196 -0.3576431993 -0.7012234472 0.0833617087 0.4151866390 0.4098639688
0.0878190583 0.0572808503 0.0928056133 0.3875327785 0.1670812328 -0.0948869045 0.0322782235 0.3854610981 0.2477501638 -0.3543863932 -0.7011414372 0.0798473000 0.4090912787 0.4036405991
0.0819581534 0.0541687009 0.0893938979 0.3819538135 0.1653105800 -0.0971332098 0.0311485582 0.3799867030 0.2509766402 -0.3510550244 -0.7009771560 0.0763536633 0.4029708304 0.3973932401
