-0.3997594768 -0.0503651174 -0.1157478603 -0.6213411868 0.0191757192 0.0190911026 0.2779534902 -0.6177432179 0.9981961201 -0.1679241320 -0.0510066379 -0.0602326021 -0.6199994616 -0.6187891456
-0.4018765484 -0.0451861800 -0.1087262576 -0.6212422013 0.0156206830 0.0249512994 0.2888479276 -0.6175942041 0.9971643349 -0.1558972956 -0.0625458962 -0.0553545626 -0.6206317372 -0.6193871551
-0.4041335320 -0.0400879919 -0.1017417706 -0.6212402575 0.0118228310 0.0307341667 0.2997364589 -0.6175417932 0.9958962880 -0.1437623518 -0.0741361377 -0.0505615193 -0.6213651326 -0.6200874210
-0.4065319400 -0.0350718791 -0.0947954314 -0.6213366369 0.0077798284 0.0364383828 0.3106182919 -0.6175872646 0.9943900114 -0.1315188702 -0.0857771587 -0.0458548227 -0.6222009223 -0.6208912309
-0.4090732845 -0.0301391678 -0.0878882722 -0.6215326206 0.0034893405 0.0420626261 0.3214926341 -0.6177318979 0.9926435372 -0.1191664204 -0.0974687555 -0.0412358233 -0.6231403808 -0.6217998721
-0.4117590781 -0.0252911843 -0.0810213251 -0.6218294902 -0.0010509674 0.0476055748 0.3323586931 -0.6179769725 0.9906548976 -0.1067045719 -0.1092107246 -0.0367058715 -0.6241847828 -0.6228146323
-0.4145908331 -0.0205292546 -0.0741956222 -0.6222285268 -0.0058434301 0.0530659075 0.3432156767 -0.6183237680 0.9884221247 -0.0941328944 -0.1210028622 -0.0322663177 -0.6253354027 -0.6239367988
-0.4175700617 -0.0158547049 -0.0674121957 -0.6227310119 -0.0108903823 0.0584423023 0.3540627924 -0.6187735638 0.9859432506 -0.0814509575 -0.1328449647 -0.0279185125 -0.6265935151 -0.6251676594
-0.4206982764 -0.0112688615 -0.0606720777 -0.6233382268 -0.0161941587 0.0637334377 0.3648992479 -0.6193276394 0.9832163076 -0.0686583307 -0.1447368283 -0.0236638063 -0.6279603947 -0.6265085013
-0.4239769895 -0.0067730505 -0.0539763003 -0.6240514529 -0.0217570940 0.0689379920 0.3757242507 -0.6199872743 0.9802393276 -0.0557545836 -0.1566782496 -0.0195035495 -0.6294373159 -0.6279606122
-0.4274077133 -0.0023685980 -0.0473258958 -0.6248719714 -0.0275815230 0.0740546435 0.3865370085 -0.6207537481 0.9770103428 -0.0427392859 -0.1686690248 -0.0154390927 -0.6310255533 -0.6295252795
-0.4309919602 0.0019431698 -0.0407218962 -0.6258010638 -0.0336697805 0.0790820706 0.3973367290 -0.6216283402 0.9735273855 -0.0296120072 -0.1807089502 -0.0114717862 -0.6327263815 -0.6312037908
-0.4347312426 0.0061609267 -0.0341653336 -0.6268400113 -0.0400242010 0.0840189516 0.4081226197 -0.6226123302 0.9697884876 -0.0163723169 -0.1927978222 -0.0076029805 -0.6345410749 -0.6329974335
-0.4386270727 0.0102833465 -0.0276572402 -0.6279900953 -0.0466471194 0.0888639649 0.4188938882 -0.6237069974 0.9657916813 -0.0030197849 -0.2049354371 -0.0038340262 -0.6364709083 -0.6349074952
-0.4426809630 0.0143091031 -0.0211986482 -0.6292525972 -0.0535408704 0.0936157888 0.4296497423 -0.6249136215 0.9615349988 0.0104460195 -0.2171215912 -0.0001662736 -0.6385171561 -0.6369352634
