-0.1246855748 -0.2521933148 -0.2105175975 0.0320418442 -0.2948282435 -0.2728917283 -0.3557709679 0.0293262264 -0.3148013339 -0.4707734774 0.2386298279 -0.2552486871 0.0699430393 0.0685631310
-0.1276345648 -0.2524630590 -0.2114026157 0.0265263601 -0.2919079518 -0.2729148752 -0.3538417071 0.0238510706 -0.3060883444 -0.4667267209 0.2365258773 -0.2556744452 0.0636811553 0.0622260488
-0.1305114186 -0.2526637179 -0.2122188836 0.0210830448 -0.2889313298 -0.2728684688 -0.3518459547 0.0184481042 -0.2973422545 -0.4626146951 0.2343661164 -0.2560300647 0.0574920911 0.0559622865
-0.1333140929 -0.2527937517 -0.2129647522 0.0157144059 -0.2858974950 -0.2727510108 -0.3497825849 0.0131198276 -0.2885635106 -0.4584366647 0.2321495183 -0.2563139709 0.0513784935 0.0497745075
-0.1360405441 -0.2528516204 -0.2136385726 0.0104229511 -0.2828055649 -0.2725610029 -0.3476504716 0.0078687415 -0.2797525596 -0.4541918942 0.2298750563 -0.2565245890 0.0453430092 0.0436653752
-0.1386887286 -0.2528357841 -0.2142386957 0.0052111880 -0.2796546568 -0.2722969469 -0.3454484890 0.0026973461 -0.2709098480 -0.4498796481 0.2275417035 -0.2566603443 0.0393882848 0.0376375530
-0.1412566030 -0.2527447031 -0.2147634725 0.0000816243 -0.2764438884 -0.2719573444 -0.3431755110 -0.0023918579 -0.2620358224 -0.4454991909 0.2251484331 -0.2567196619 0.0335169671 0.0316937045
-0.1437421238 -0.2525768373 -0.2152112542 -0.0049632324 -0.2731723770 -0.2715406973 -0.3408304118 -0.0073963700 -0.2531309296 -0.4410497872 0.2226942183 -0.2567009672 0.0277317027 0.0258364930
-0.1461432475 -0.2523306470 -0.2155803916 -0.0099208745 -0.2698392402 -0.2710455071 -0.3384120652 -0.0123136899 -0.2441956161 -0.4365307016 0.2201780323 -0.2566026854 0.0220351383 0.0200685820
-0.1484579306 -0.2520045922 -0.2158692358 -0.0147887943 -0.2664435953 -0.2704702758 -0.3359193454 -0.0171413169 -0.2352303286 -0.4319411985 0.2175988484 -0.2564232418 0.0164299206 0.0143926350
-0.1506841295 -0.2515971330 -0.2160761379 -0.0195644842 -0.2629845599 -0.2698135050 -0.3333511263 -0.0218767507 -0.2262355138 -0.4272805425 0.2149556395 -0.2561610616 0.0109186964 0.0088113154
-0.1528198008 -0.2511067296 -0.2161994488 -0.0242454364 -0.2594612515 -0.2690736964 -0.3307062821 -0.0265174907 -0.2172116183 -0.4225479982 0.2122473791 -0.2558145700 0.0055041122 0.0033272866
-0.1548629009 -0.2505318421 -0.2162375195 -0.0288291435 -0.2558727874 -0.2682493518 -0.3279836867 -0.0310610365 -0.2081590887 -0.4177428301 0.2094730402 -0.2553821924 0.0001888148 -0.0020567879
-0.1568113865 -0.2498709306 -0.2161887011 -0.0333130976 -0.2522182852 -0.2673389729 -0.3251822143 -0.0355048875 -0.1990783717 -0.4128643026 0.2066315960 -0.2548623539 -0.0050245491 -0.0073382447
-0.1586632138 -0.2491224553 -0.2160513446 -0.0376947912 -0.2484968623 -0.2663410614 -0.3223007387 -0.0398465433 -0.1899699139 -0.4079116805 0.2037220198 -0.2542534798 -0.0101333328 -0.0125144203
