0.2157666566 0.1243306757 0.1651453455 0.4965651711 0.1991939067 -0.0410563641 0.0555313228 0.4922148422 0.1634560246 -0.4158640349 -0.6745776340 0.1545821277 0.5294698580 0.5271178450
0.2110412776 0.1220551393 0.1627137222 0.4931342397 0.1985435355 -0.0430512269 0.0550124295 0.4888739750 0.1677284704 -0.4135681763 -0.6772600180 0.1520297211 0.5256098644 0.5231211097
0.2061929073 0.1196833399 0.1601782756 0.4895393438 0.1977919451 -0.0451133570 0.0544169801 0.4853702915 0.1719286300 -0.4112568360 -0.6797771371 0.1493746965 0.5215783975 0.5189526574
0.2012282385 0.1172207219 0.1575445701 0.4857868989 0.1969439093 -0.0472376331 0.0537495204 0.4817101602 0.1760589407 -0.4089273284 -0.6821327637 0.1466226624 0.5173821112 0.5146192030
0.1961539640 0.1146727297 0.1548181705 0.4818833208 0.1960042018 -0.0494189338 0.0530145957 0.4778999497 0.1801218396 -0.4065769681 -0.6843306703 0.1437792275 0.5130276593 0.5101274612
0.1909767765 0.1120448078 0.1520046413 0.4778350250 0.1949775964 -0.0516521379 0.0522167515 0.4739460285 0.1841197639 -0.4042030695 -0.6863746293 0.1408500003 0.5085216957 0.5054841471
0.1857033688 0.1093424005 0.1491095472 0.4736484272 0.1938688668 -0.0539321238 0.0513605335 0.4698547653 0.1880551508 -0.4018029471 -0.6882684131 0.1378405896 0.5038708744 0.5006959756
0.1803404337 0.1065709522 0.1461384527 0.4693299429 0.1926827868 -0.0562537703 0.0504504870 0.4656325286 0.1919304376 -0.3993739155 -0.6900157942 0.1347566041 0.4990818492 0.4957696615
0.1748946641 0.1037359074 0.1430969224 0.4648859878 0.1914241301 -0.0586119559 0.0494911577 0.4612856869 0.1957480614 -0.3969132892 -0.6916205451 0.1316036522 0.4941612739 0.4907119196
0.1693727526 0.1008427104 0.1399905210 0.4603229775 0.1900976705 -0.0610015593 0.0484870911 0.4568206089 0.1995104595 -0.3944183827 -0.6930864382 0.1283873427 0.4891158025 0.4855294650
0.1637813920 0.0978968058 0.1368248131 0.4556473276 0.1887081818 -0.0634174591 0.0474428325 0.4522436631 0.2032200690 -0.3918865105 -0.6944172458 0.1251132843 0.4839520888 0.4802290126
0.1581272752 0.0949036378 0.1336053633 0.4508654536 0.1872604377 -0.0658545339 0.0463629277 0.4475612181 0.2068793272 -0.3893149870 -0.6956167406 0.1217870855 0.4786767867 0.4748172771
0.1524170950 0.0918686510 0.1303377362 0.4459837713 0.1857592119 -0.0683076624 0.0452519220 0.4427796424 0.2104906713 -0.3867011269 -0.6966886948 0.1184143551 0.4732965501 0.4693009735
0.1466575440 0.0887972896 0.1270274964 0.4410086963 0.1842092782 -0.0707717231 0.0441143611 0.4379053047 0.2140565384 -0.3840422446 -0.6976368810 0.1150007015 0.4678180328 0.4636868167
0.1408553151 0.0856949982 0.1236802084 0.4359466441 0.1826154103 -0.0732415948 0.0429547903 0.4329445734 0.2175793658 -0.3813356546 -0.6984650716 0.1115517336 0.4622478888 0.4579815216
