-0.3393409056 -0.2073796725 -0.2643846512 -0.3389772887 0.1529943102 -0.1849262078 -0.1746006501 -0.3408098111 0.1060035973 -0.4012209771 -0.0533867964 -0.1766289150 -0.3152373442 -0.3205835176
-0.3608974472 -0.2260161755 -0.2831408743 -0.3600986763 0.1384827046 -0.2028901993 -0.1864757576 -0.3619426833 0.1017394138 -0.4020217285 -0.0377366040 -0.1952619252 -0.3362702054 -0.3416107281
-0.3822830884 -0.2444341757 -0.3016501010 -0.3810564249 0.1241311294 -0.2206227701 -0.1981546514 -0.3829106549 0.0975739268 -0.4026654621 -0.0222643304 -0.2136944055 -0.3571543689 -0.3624863173
-0.4034872254 -0.2626224755 -0.3199006287 -0.4018405660 0.1099491304 -0.2381126037 -0.2096284160 -0.4037037216 0.0935124748 -0.4031475953 -0.0069800128 -0.2319154669 -0.3778802269 -0.3832006339
-0.4244992543 -0.2805698774 -0.3378807548 -0.4224411311 0.0959462535 -0.2553483837 -0.2208881356 -0.4243118792 0.0895603968 -0.4034635451 0.0081063116 -0.2499142204 -0.3984381717 -0.4037440265
-0.4453085711 -0.2982651838 -0.3555787768 -0.4428481517 0.0821320445 -0.2723187937 -0.2319248947 -0.4447251235 0.0857230314 -0.4036087290 0.0229846055 -0.2676797769 -0.4188185953 -0.4241068439
-0.4659045720 -0.3156971972 -0.3729829921 -0.4630516592 0.0685160493 -0.2890125173 -0.2427297777 -0.4649334503 0.0820057172 -0.4035785640 0.0376448318 -0.2852012473 -0.4390118898 -0.4442794348
-0.4862766529 -0.3328547201 -0.3900816980 -0.4830416852 0.0551078138 -0.3054182379 -0.2532938689 -0.4849268553 0.0784137932 -0.4033684675 0.0520769534 -0.3024677427 -0.4590084474 -0.4642521478
-0.5064142101 -0.3497265550 -0.4068631920 -0.5028082612 0.0419168837 -0.3215246392 -0.2636082529 -0.5046953344 0.0749525979 -0.4029738567 0.0662709330 -0.3194683739 -0.4787986603 -0.4840153317
-0.5263066394 -0.3663015043 -0.4233157715 -0.5223414186 0.0289528050 -0.3373204047 -0.2736640139 -0.5242288832 0.0716274702 -0.4023901488 0.0802167335 -0.3361922519 -0.4983729206 -0.5035593351
-0.5459433372 -0.3825683705 -0.4394277339 -0.5416311889 0.0162251234 -0.3527942180 -0.2834522364 -0.5435174976 0.0684437487 -0.4016127610 0.0939043176 -0.3526284878 -0.5177216205 -0.5228745068
-0.5653136993 -0.3985159561 -0.4551873765 -0.5606676035 0.0037433849 -0.3679347626 -0.2929640047 -0.5625511733 0.0654067721 -0.4006371105 0.1073236482 -0.3687661923 -0.5368351520 -0.5419511954
-0.5844071220 -0.4141330635 -0.4705829969 -0.5794406941 -0.0084828647 -0.3827307221 -0.3021904033 -0.5813199062 0.0625218793 -0.3994586147 0.1204646882 -0.3845944766 -0.5557039073 -0.5607797496
-0.6032130012 -0.4294084953 -0.4856028925 -0.5979404921 -0.0204440796 -0.3971707801 -0.3111225165 -0.5998136919 0.0597944089 -0.3980726907 0.1333174002 -0.4001024515 -0.5743182786 -0.5793505181
-0.6217207331 -0.4443310538 -0.5002353605 -0.6161570289 -0.0321307139 -0.4112436201 -0.3197514288 -0.6180225263 0.0572296996 -0.3964747558 0.1458717472 -0.4152792280 -0.5926686580 -0.5976538496
