0.2026303597 0.2202844520 0.1681683234 0.1624859638 0.2577435475 0.2114065973 0.2219667465 0.1647195140 0.2818835971 0.1821422817 -0.2464089649 0.2016870295 0.1763167204 0.1676735482
0.2200962031 0.2379836908 0.1875953711 0.1803835761 0.2737824891 0.2293139367 0.2398812916 0.1825789910 0.2974057868 0.2015896439 -0.2616679009 0.2198228510 0.1935868967 0.1851344354
0.2381220424 0.2561940771 0.2075371662 0.1988962670 0.2903543330 0.2477380533 0.2582910972 0.2010513030 0.3134427142 0.2215226540 -0.2775277627 0.2384815752 0.2114810229 0.2032254451
0.2567152165 0.2749221106 0.2279998921 0.2180321713 0.3074662900 0.2666854926 0.2772023600 0.2201445566 0.3300014089 0.2419470212 -0.2939970283 0.2576697972 0.2300075125 0.2219550491
0.2758830645 0.2941742913 0.2489897325 0.2377994234 0.3251255708 0.2861628004 0.2966212768 0.2398668586 0.3470889004 0.2628684548 -0.3110841755 0.2773941119 0.2491747795 0.2413317196
0.2956329252 0.3139571188 0.2705128708 0.2582061580 0.3433393863 0.3061765222 0.3165540441 0.2602263155 0.3647122182 0.2842926644 -0.3287976822 0.2976611144 0.2689912375 0.2613639287
0.3159721376 0.3342770931 0.2925754906 0.2792605097 0.3621149471 0.3267332036 0.3370068587 0.2812310340 0.3828783917 0.3062253593 -0.3471460264 0.3184773996 0.2894653003 0.2820601484
0.3369080406 0.3551407138 0.3151837754 0.3009706130 0.3814594641 0.3478393902 0.3579859172 0.3028891207 0.4015944505 0.3286722488 -0.3661376858 0.3398495625 0.3106053816 0.3034288509
0.3584479732 0.3765544810 0.3383439087 0.3233446025 0.4013801480 0.3695016276 0.3794974164 0.3252086822 0.4208674241 0.3516390423 -0.3857811384 0.3617841981 0.3324198952 0.3254785081
0.3805992743 0.3985248942 0.3620620742 0.3463906128 0.4218842095 0.3917264614 0.4015475530 0.3481978252 0.4407043420 0.3751314492 -0.4060848620 0.3842879013 0.3549172549 0.3482175922
0.4033692828 0.4210584535 0.3863444552 0.3701167786 0.4429788594 0.4145204372 0.4241425237 0.3718646564 0.4611122337 0.3991551789 -0.4270573346 0.4073672671 0.3781058743 0.3716545752
0.4267653378 0.4441616585 0.4111972354 0.3945312344 0.4646713086 0.4378901007 0.4472885251 0.3962172822 0.4820981287 0.4237159408 -0.4487070340 0.4310288905 0.4019941673 0.3957979291
0.4507947782 0.4678410090 0.4366265983 0.4196421147 0.4869687676 0.4618419973 0.4709917540 0.4212638095 0.5036690565 0.4488194442 -0.4710424380 0.4552793665 0.4265905476 0.4206561262
0.4754649429 0.4921030050 0.4626387274 0.4454575543 0.5098784474 0.4863826728 0.4952584070 0.4470123448 0.5258320466 0.4744713985 -0.4940720247 0.4801252901 0.4519034290 0.4462376384
0.5007831708 0.5169541462 0.4892398063 0.4719856876 0.5334075587 0.5115186726 0.5200946809 0.4734709947 0.5485941285 0.5006775132 -0.5178042718 0.5055732562 0.4779412252 0.4725509378
