-0.1311581582 -0.3603920981 -0.4968405061 -0.1724541219 -0.1251304556 -0.4338119299 -0.7600400553 -0.1742911001 -0.1581756587 -0.9939830765 0.9801083912 -0.3613384410 -0.1590250604 -0.1567834354
-0.1324929219 -0.3611597653 -0.4973048542 -0.1736394973 -0.1258038180 -0.4348283341 -0.7601118021 -0.1754727186 -0.1579204574 -0.9920451889 0.9789056031 -0.3622417989 -0.1603403940 -0.1580817372
-0.1335573268 -0.3615839353 -0.4973922930 -0.1745404876 -0.1261965634 -0.4354855677 -0.7597715697 -0.1763693800 -0.1573617829 -0.9898459308 0.9772817359 -0.3628038438 -0.1613773692 -0.1591019894
-0.1343549343 -0.3616690353 -0.4971076364 -0.1751608254 -0.1263124495 -0.4357881957 -0.7590245362 -0.1769848238 -0.1565037552 -0.9873880391 0.9752421182 -0.3630289618 -0.1621396370 -0.1598478414
-0.1348893060 -0.3614194924 -0.4964556986 -0.1755042435 -0.1261552339 -0.4357407834 -0.7578758795 -0.1773227893 -0.1553504944 -0.9846742510 0.9727920784 -0.3629215391 -0.1626308480 -0.1603229429
-0.1351640034 -0.3608397340 -0.4954412935 -0.1755744747 -0.1257286741 -0.4353478960 -0.7563307776 -0.1773870161 -0.1539061207 -0.9817073035 0.9699369448 -0.3624859616 -0.1628546530 -0.1605309435
-0.1351825882 -0.3599341873 -0.4940692352 -0.1753752519 -0.1250365279 -0.4346140988 -0.7543944087 -0.1771812436 -0.1521747542 -0.9784899338 0.9666820459 -0.3617266156 -0.1628147029 -0.1604754929
-0.1349486219 -0.3587072793 -0.4923443377 -0.1749103077 -0.1240825528 -0.4335439568 -0.7520719506 -0.1767092113 -0.1501605149 -0.9750248789 0.9630327102 -0.3606478872 -0.1625146484 -0.1601602406
-0.1344656660 -0.3571634373 -0.4902714151 -0.1741833750 -0.1228705065 -0.4321420354 -0.7493685815 -0.1759746587 -0.1478675231 -0.9713148758 0.9589942661 -0.3592541625 -0.1619581402 -0.1595888362
-0.1337372820 -0.3553070886 -0.4878552813 -0.1731981866 -0.1214041465 -0.4304128997 -0.7462894792 -0.1749813251 -0.1452998987 -0.9673626616 0.9545720420 -0.3575498275 -0.1611488291 -0.1587649295
-0.1327670317 -0.3531426603 -0.4851007505 -0.1719584752 -0.1196872305 -0.4283611149 -0.7428398220 -0.1737329502 -0.1424617620 -0.9631709735 0.9497713664 -0.3555392685 -0.1600903659 -0.1576921699
-0.1315584764 -0.3506745797 -0.4820126367 -0.1704679736 -0.1177235162 -0.4259912464 -0.7390247876 -0.1722332733 -0.1393572330 -0.9587425484 0.9445975678 -0.3532268716 -0.1587864014 -0.1563742070
-0.1301151778 -0.3479072738 -0.4785957538 -0.1687304146 -0.1155167610 -0.4233078591 -0.7348495543 -0.1704860339 -0.1359904319 -0.9540801234 0.9390559744 -0.3506170227 -0.1572405864 -0.1548146906
-0.1284406975 -0.3448451701 -0.4748549160 -0.1667495310 -0.1130707228 -0.4203155185 -0.7303192999 -0.1684949714 -0.1323654788 -0.9491864357 0.9331519149 -0.3477141082 -0.1554565715 -0.1530172702
-0.1265385969 -0.3414926956 -0.4707949373 -0.1645290556 -0.1103891590 -0.4170187896 -0.7254392025 -0.1662638254 -0.1284864937 -0.9440642222 0.9268907176 -0.3445225140 -0.1534380077 -0.1509855955
