0.7118176007 0.3618990140 0.1910541188 0.5455318845 0.9686105611 0.2156905873 0.4515137454 0.5437199271 0.1590120977 -0.6192715889 -0.6533166783 0.3336896214 0.5737014264 0.5719259783
0.7243273730 0.3825033019 0.2146399356 0.5610030106 0.9649275253 0.2339028477 0.4647656758 0.5592335242 0.1511658994 -0.6151899062 -0.6682645644 0.3546906093 0.5884817082 0.5867405549
0.7366660118 0.4029389088 0.2381148189 0.5763839809 0.9610781052 0.2520422887 0.4779197787 0.5746569886 0.1432789873 -0.6110180531 -0.6829831187 0.3755329368 0.6031728362 0.6014664967
0.7488255417 0.4231963436 0.2614664342 0.5916639896 0.9570684886 0.2701031559 0.4909734420 0.5899795014 0.1353593418 -0.6067538820 -0.6974650123 0.3962068594 0.6177641832 0.6160931540
0.7607979869 0.4432661154 0.2846824471 0.6068322308 0.9529048635 0.2880796946 0.5039240535 0.6051902441 0.1274149433 -0.6023952452 -0.7117029160 0.4167026323 0.6322451220 0.6306098775
0.7725753720 0.4631387332 0.3077505232 0.6218778988 0.9485934180 0.3059661503 0.5167690009 0.6202783978 0.1194537721 -0.5979399949 -0.7256895007 0.4370105109 0.6466050256 0.6450060177
0.7841497214 0.4828047061 0.3306583281 0.6367901876 0.9441403401 0.3237567686 0.5295056721 0.6352331439 0.1114838087 -0.5933859835 -0.7394174375 0.4571207505 0.6608332667 0.6592709249
0.7955130594 0.5022545432 0.3533935275 0.6515582916 0.9395518176 0.3414457949 0.5421314549 0.6500436637 0.1035130335 -0.5887310631 -0.7528793971 0.4770236064 0.6749192183 0.6733939498
0.8066574104 0.5214787533 0.3759437869 0.6661714048 0.9348340386 0.3590274747 0.5546437371 0.6646991384 0.0955494267 -0.5839730862 -0.7660680505 0.4967093339 0.6888522531 0.6873644428
0.8175747990 0.5404678457 0.3982967720 0.6806187214 0.9299931910 0.3764960534 0.5670399065 0.6791887494 0.0876009689 -0.5791099049 -0.7789760686 0.5161681884 0.7026217439 0.7011717544
0.8282572495 0.5592123293 0.4204401483 0.6948894357 0.9250354629 0.3938457766 0.5793173510 0.6935016778 0.0796756403 -0.5741393716 -0.7915961224 0.5353904251 0.7162170638 0.7148052352
0.8386967863 0.5777027131 0.4423615815 0.7089727418 0.9199670422 0.4110708898 0.5914734584 0.7076271051 0.0717814214 -0.5690593385 -0.8039208827 0.5543662995 0.7296275854 0.7282542356
0.8488854338 0.5959295062 0.4640487372 0.7228578338 0.9147941169 0.4281656384 0.6035056164 0.7215542124 0.0639262926 -0.5638676580 -0.8159430205 0.5730860667 0.7428426817 0.7415081061
0.8588152165 0.6138832176 0.4854892810 0.7365339060 0.9095228750 0.4451242679 0.6154112128 0.7352721812 0.0561182341 -0.5585621823 -0.8276552068 0.5915399821 0.7558517255 0.7545561972
0.8684781588 0.6315543564 0.5066708784 0.7499901526 0.9041595044 0.4619410237 0.6271876356 0.7487701925 0.0483652265 -0.5531407636 -0.8390501123 0.6097183011 0.7686440896 0.7673878595
