0.9997512480 0.9897250426 0.8916460553 0.9658874573 0.6615359327 0.8032285833 0.8186596811 0.9669464821 0.4091373329 0.3888678985 -0.4993917473 0.8902920015 0.9619125817 0.9631270972
1.0000000000 0.9869503636 0.9024522819 0.9713813032 0.6514535632 0.7975029497 0.8098935535 0.9723411745 0.3974454453 0.3779534679 -0.4891263598 0.8897546102 0.9677536634 0.9688616533
0.9998569770 0.9838257289 0.9127531857 0.9764228880 0.6411820540 0.7915059928 0.8008832923 0.9772845647 0.3856345559 0.3669191514 -0.4787097862 0.8888649219 0.9731401754 0.9741424323
0.9993153057 0.9803455061 0.9225378748 0.9810032827 0.6307197754 0.7852337617 0.7916264703 0.9817677650 0.3737045367 0.3557643809 -0.4681408714 0.8876164608 0.9780630087 0.9789603775
0.9983681127 0.9765040622 0.9317954573 0.9851135583 0.6200650977 0.7786823059 0.7821206606 0.9857818876 0.3616552600 0.3444885882 -0.4574184603 0.8860027510 0.9825130545 0.9833064322
0.9970085247 0.9722957647 0.9405150417 0.9887447859 0.6092163915 0.7718476744 0.7723634361 0.9893180449 0.3494865980 0.3330912052 -0.4465413978 0.8840173167 0.9864812038 0.9871715395
0.9952296684 0.9677149807 0.9486857359 0.9918880365 0.5981720270 0.7647259167 0.7623523699 0.9923673490 0.3371984228 0.3215716638 -0.4355085287 0.8816536821 0.9899583478 0.9905466428
0.9930246704 0.9627560777 0.9562966483 0.9945343810 0.5869303747 0.7573130819 0.7520850350 0.9949209121 0.3247906066 0.3099293958 -0.4243186980 0.8789053713 0.9929353775 0.9934226854
0.9903866574 0.9574134229 0.9633368870 0.9966748906 0.5754898049 0.7496052194 0.7415590043 0.9969698465 0.3122630217 0.2981638332 -0.4129707505 0.8757659085 0.9954031840 0.9957906103
0.9873087560 0.9516813835 0.9697955603 0.9983006363 0.5638486881 0.7415983784 0.7307718508 0.9985052645 0.2996155402 0.2862744078 -0.4014635310 0.8722288178 0.9973526584 0.9976413610
0.9837840930 0.9455543270 0.9756617764 0.9994026891 0.5520053946 0.7332886080 0.7197211476 0.9995182782 0.2868480343 0.2742605514 -0.3897958846 0.8682876235 0.9987746918 0.9989658807
0.9798057949 0.9390266205 0.9809246435 0.9999721200 0.5399582949 0.7246719577 0.7084044677 1.0000000000 0.2739603763 0.2621216960 -0.3779666560 0.8639358496 0.9996601753 0.9997551126
0.9753669885 0.9320926314 0.9855732697 1.0000000000 0.5277057592 0.7157444767 0.6968193839 0.9999415420 0.2609524382 0.2498572734 -0.3659746901 0.8591670203 1.0000000000 1.0000000000
0.9704608004 0.9247467269 0.9895967633 0.9994774002 0.5152461582 0.7065022142 0.6849634694 0.9993340165 0.2478240923 0.2374667154 -0.3538188318 0.8539746599 0.9997850569 0.9996914861
0.9650803573 0.9169832744 0.9929842325 0.9983953916 0.5025778620 0.6969412195 0.6728342970 0.9981685358 0.2345752108 0.2249494541 -0.3414979260 0.8483522924 0.9990062373 0.9988205142
