0.9846390005 0.5265109221 -0.4058423002 0.8665600377 -0.2424572941 -0.2897725604 -0.9984538688 0.8664589291 -0.6055875432 -0.9790294577 0.9953406625 0.5041528172 0.9068669866 0.9057584253
0.9882151052 0.5494967649 -0.3890063943 0.8790254533 -0.2659352269 -0.2732734425 -0.9971656682 0.8789326197 -0.6285498550 -0.9775857916 0.9971649777 0.5251954409 0.9169334432 0.9159087921
0.9913421272 0.5721140788 -0.3720313571 0.8909843259 -0.2892733760 -0.2566817576 -0.9954758946 0.8908993967 -0.6510266729 -0.9757478437 0.9985539845 0.5459531529 0.9265058079 0.9255625996
0.9940080393 0.5943457912 -0.3549214631 0.9024193343 -0.3124591640 -0.2400011224 -0.9933754510 0.9023419465 -0.6729974879 -0.9735066443 0.9994967674 0.5664134405 0.9355681978 0.9347039911
0.9962008144 0.6161748293 -0.3376809864 0.9133131575 -0.3354800139 -0.2232351534 -0.9908552406 0.9132429557 -0.6944417908 -0.9708532233 0.9999824111 0.5865637907 0.9441047303 0.9433171099
0.9979084251 0.6375841205 -0.3203142013 0.9236484747 -0.3583233483 -0.2063874673 -0.9879061667 0.9235851106 -0.7153390725 -0.9677786109 1.0000000000 0.6063916909 0.9520995227 0.9513860991
0.9991188444 0.6585565921 -0.3028253822 0.9334079646 -0.3809765901 -0.1894616807 -0.9845191323 0.9333510978 -0.7356688239 -0.9642738371 0.9995386186 0.6258846281 0.9595366923 0.9588951019
0.9998200451 0.6790751714 -0.2852188032 0.9425743064 -0.4034271620 -0.1724614102 -0.9806850407 0.9425236036 -0.7554105357 -0.9603299320 0.9985873515 0.6450300895 0.9664003563 0.9658282617
1.0000000000 0.6991227857 -0.2674987386 0.9511301789 -0.4256624869 -0.1553902724 -0.9763947950 0.9510853146 -0.7745436990 -0.9559379257 0.9971352832 0.6638155624 0.9726746322 0.9721697216
0.9996466819 0.7186823623 -0.2496694627 0.9590582613 -0.4476699874 -0.1382518839 -0.9716392985 0.9590189171 -0.7930478044 -0.9510888482 0.9951714981 0.6822285339 0.9783436372 0.9779036249
0.9987480636 0.7377368285 -0.2317352498 0.9663412324 -0.4694370865 -0.1210498614 -0.9664094542 0.9663070977 -0.8109023430 -0.9457737298 0.9926850808 0.7002564911 0.9833914885 0.9830141148
0.9972921180 0.7562691117 -0.2137003742 0.9729617713 -0.4909512068 -0.1037878214 -0.9606961653 0.9729325428 -0.8280868056 -0.9399836003 0.9896651159 0.7178869214 0.9878023035 0.9874853345
0.9952668179 0.7742621391 -0.1955691101 0.9789025569 -0.5121997712 -0.0864693805 -0.9544903351 0.9788779388 -0.8445806830 -0.9337094900 0.9861006878 0.7351073117 0.9915601996 0.9913014273
0.9926601361 0.7916988381 -0.1773457317 0.9841462683 -0.5331702024 -0.0690981554 -0.9477828667 0.9841259723 -0.8603634661 -0.9269424288 0.9819808810 0.7519051494 0.9946492939 0.9944465363
0.9894600454 0.8085621360 -0.1590345134 0.9886755844 -0.5538499232 -0.0516777626 -0.9405646633 0.9886593296 -0.8754146457 -0.9196734470 0.9772947801 0.7682679215 0.9970537038 0.9969048049
