-0.4303856585 -0.4962053985 -0.4765035947 -0.2770523738 -0.7301085214 -0.5333120895 -0.6899000208 -0.2745801680 -0.6189841820 -0.8800973097 0.3041684662 -0.5198382268 -0.2391698424 -0.2470015921
-0.4165377696 -0.4829744754 -0.4633305835 -0.2625162366 -0.7175793153 -0.5208314500 -0.6778149435 -0.2600403366 -0.6113889746 -0.8741577271 0.2938388859 -0.5066741845 -0.2244473488 -0.2323151612
-0.4026110167 -0.4696473537 -0.4500710852 -0.2479557451 -0.7048347822 -0.5082527575 -0.6655611962 -0.2454771620 -0.6034812958 -0.8680937902 0.2833378270 -0.4934048666 -0.2097137481 -0.2176148386
-0.3886082819 -0.4562269267 -0.4367278046 -0.2333731927 -0.6918796875 -0.4955786251 -0.6531424500 -0.2308929223 -0.5952667138 -0.8619068822 0.2726694310 -0.4800332895 -0.1949712049 -0.2029028172
-0.3745324474 -0.4427160874 -0.4233034465 -0.2187708728 -0.6787187970 -0.4828116660 -0.6405623763 -0.2162898952 -0.5867507967 -0.8555983862 0.2618378394 -0.4665624699 -0.1802218837 -0.1881812901
-0.3603863952 -0.4291177289 -0.4098007158 -0.2041510786 -0.6653568762 -0.4699544932 -0.6278246461 -0.2016703588 -0.5779391128 -0.8491696856 0.2508471939 -0.4529954241 -0.1654679490 -0.1734524504
-0.3461730076 -0.4154347445 -0.3962223172 -0.1895161036 -0.6517986905 -0.4570097199 -0.6149329308 -0.1870365910 -0.5688372304 -0.8426221633 0.2397016360 -0.4393351689 -0.1507115654 -0.1587184910
-0.3318951667 -0.4016700272 -0.3825709556 -0.1748682411 -0.6380490056 -0.4439799591 -0.6018909016 -0.1723908695 -0.5594507175 -0.8359572026 0.2284053073 -0.4255847207 -0.1359548975 -0.1439816051
-0.3175557546 -0.3878264701 -0.3688493357 -0.1602097845 -0.6241125871 -0.4308678239 -0.5887022297 -0.1577354725 -0.5497851425 -0.8291761868 0.2169623495 -0.4117470961 -0.1212001097 -0.1292439856
-0.3031576534 -0.3739069666 -0.3550601625 -0.1455430270 -0.6099942004 -0.4176759276 -0.5753705864 -0.1430726778 -0.5398460736 -0.8222804988 0.2053769041 -0.3978253116 -0.1064493665 -0.1145078256
-0.2887037454 -0.3599144095 -0.3412061406 -0.1308702620 -0.5956986112 -0.4044068831 -0.5618996429 -0.1284047632 -0.5296390789 -0.8152715221 0.1936531126 -0.3838223837 -0.0917048326 -0.0997753182
-0.2741969126 -0.3458516922 -0.3272899750 -0.1161937828 -0.5812305850 -0.3910633036 -0.5482930703 -0.1137340068 -0.5191697266 -0.8081506396 0.1817951167 -0.3697413290 -0.0769686724 -0.0850486563
-0.2596400371 -0.3317217078 -0.3133143705 -0.1015158829 -0.5665948874 -0.3776478022 -0.5345545401 -0.0990626864 -0.5084435851 -0.8009192347 0.1698070580 -0.3555851641 -0.0622430505 -0.0703300330
-0.2450360012 -0.3175273493 -0.2992820318 -0.0868388556 -0.5517962839 -0.3641629920 -0.5206877233 -0.0843930800 -0.4974662224 -0.7935786904 0.1576930780 -0.3413569055 -0.0475301314 -0.0556216414
-0.2303876870 -0.3032715099 -0.2851956638 -0.0721649941 -0.5368395400 -0.3506114861 -0.5066962913 -0.0697274654 -0.4862432068 -0.7861303899 0.1454573184 -0.3270595696 -0.0328320797 -0.0409256745
