-0.6801884449 -0.7475039864 -0.9997038580 -0.8350844827 -0.3356635705 -0.5845847164 -0.8059968987 -0.8364937855 -0.1057131809 -0.2435399590 0.2298105959 -0.7289352614 -0.8325568340 -0.8439438306
-0.6788038385 -0.7459079947 -0.9986016291 -0.8347789041 -0.3334280770 -0.5834744867 -0.8033153452 -0.8361784084 -0.1026091073 -0.2427904183 0.2292101876 -0.7273171930 -0.8324687443 -0.8438131246
-0.6767556871 -0.7436167473 -0.9967097261 -0.8337666371 -0.3306545129 -0.5817452563 -0.7998937989 -0.8351555768 -0.0990449817 -0.2415690029 0.2281463919 -0.7250110845 -0.8316791493 -0.8429754185
-0.6740585062 -0.7406453405 -0.9940445617 -0.8320624936 -0.3273557053 -0.5794107328 -0.7957484603 -0.8334401180 -0.0950327044 -0.2398869496 0.2266302569 -0.7220319258 -0.8302026998 -0.8414454658
-0.6707268114 -0.7370088709 -0.9906225490 -0.8296812852 -0.3235444815 -0.5764846242 -0.7908955299 -0.8310468596 -0.0905841754 -0.2377554954 0.2246728306 -0.7183947062 -0.8280540463 -0.8392380200
-0.6667751181 -0.7327224347 -0.9864601006 -0.8266378237 -0.3192336685 -0.5729806380 -0.7853512084 -0.8279906290 -0.0857112948 -0.2351858774 0.2222851610 -0.7141144155 -0.8252478394 -0.8363678345
-0.6622179420 -0.7278011284 -0.9815736296 -0.8229469208 -0.3144360937 -0.5689124821 -0.7791316960 -0.8242862537 -0.0804259628 -0.2321893323 0.2194782961 -0.7092060432 -0.8217987300 -0.8328496628
-0.6570697986 -0.7222600483 -0.9759795487 -0.8186233883 -0.3091645842 -0.5642938643 -0.7722531935 -0.8199485612 -0.0747400795 -0.2287770972 0.2162632839 -0.7036845789 -0.8177213685 -0.8286982584
-0.6513452033 -0.7161142909 -0.9696942707 -0.8136820378 -0.3034319670 -0.5591384922 -0.7647319013 -0.8149923788 -0.0686655450 -0.2249604090 0.2126511725 -0.6975650121 -0.8130304057 -0.8239283748
-0.6450586718 -0.7093789525 -0.9627342086 -0.8081376811 -0.2972510696 -0.5534600736 -0.7565840198 -0.8094325341 -0.0622142594 -0.2207505046 0.2086530099 -0.6908623326 -0.8077404921 -0.8185547653
-0.6382247195 -0.7020691296 -0.9551157751 -0.8020051299 -0.2906347189 -0.5472723164 -0.7478257497 -0.8032838546 -0.0553981229 -0.2161586211 0.2042798442 -0.6835915298 -0.8018662785 -0.8125921835
-0.6308578620 -0.6941999185 -0.9468553832 -0.7952991959 -0.2835957422 -0.5405889281 -0.7384732914 -0.7965611676 -0.0482290356 -0.2111959954 0.1995427232 -0.6757675934 -0.7954224156 -0.8060553828
-0.6229726148 -0.6857864156 -0.9379694456 -0.7880346910 -0.2761469667 -0.5334236166 -0.7285428454 -0.7892793006 -0.0407188975 -0.2058738644 0.1944526951 -0.6674055129 -0.7884235538 -0.7989591167
-0.6145834935 -0.6768437173 -0.9284743752 -0.7802264267 -0.2683012196 -0.5257900897 -0.7180506123 -0.7814530811 -0.0328796089 -0.2002034651 0.1890208079 -0.6585202780 -0.7808843440 -0.7913181387
-0.6057050136 -0.6673869200 -0.9183865849 -0.7718892149 -0.2600713280 -0.5177020550 -0.7070127925 -0.7730973366 -0.0247230698 -0.1941960344 0.1832581096 -0.6491268782 -0.7728194367 -0.7831472023
