-0.2228361431 -0.2060536621 -0.2112133104 -0.3272564046 0.1140912845 -0.1682189056 -0.0963570035 -0.3280690904 0.4228937166 -0.0969548105 0.0390946034 -0.1670778821 -0.3583518659 -0.3586934297
-0.2177304927 -0.2002517840 -0.2051480936 -0.3210404060 0.1158472637 -0.1625507267 -0.0910010206 -0.3218417432 0.4214568115 -0.0905990006 0.0343316905 -0.1614911594 -0.3520705521 -0.3523532881
-0.2124221928 -0.1942638656 -0.1989002317 -0.3146153321 0.1177810083 -0.1567036194 -0.0854785800 -0.3154053187 0.4201629384 -0.0840943881 0.0294061255 -0.1557243440 -0.3455735240 -0.3457983943
-0.2069091253 -0.1880880325 -0.1924679129 -0.3079791221 0.1198947542 -0.1506757660 -0.0797879548 -0.3087577575 0.4190143160 -0.0774395333 0.0243161549 -0.1497755975 -0.3388586616 -0.3390266441
-0.2011891725 -0.1817224098 -0.1858493258 -0.3011297154 0.1221907370 -0.1444653485 -0.0739274183 -0.3018970004 0.4180131633 -0.0706329966 0.0190600248 -0.1436430813 -0.3319238448 -0.3320359336
-0.1952602162 -0.1751651232 -0.1790426588 -0.2940650515 0.1246711926 -0.1380705493 -0.0678952437 -0.2948209880 0.4171616990 -0.0636733387 0.0136359817 -0.1373249571 -0.3247669534 -0.3248241588
-0.1891201386 -0.1684142980 -0.1720461004 -0.2867830698 0.1273383568 -0.1314895504 -0.0616897042 -0.2875276608 0.4164621420 -0.0565591198 0.0080422719 -0.1308193864 -0.3173858672 -0.3173892157
-0.1827668216 -0.1614680596 -0.1648578390 -0.2792817097 0.1301944653 -0.1247205341 -0.0553090730 -0.2800149596 0.4159167112 -0.0492889005 0.0022771417 -0.1241245308 -0.3097784662 -0.3097290004
-0.1761981474 -0.1543245334 -0.1574760630 -0.2715589106 0.1332417539 -0.1177616826 -0.0487516235 -0.2722808249 0.4155276254 -0.0418612412 -0.0036611625 -0.1172385518 -0.3019426302 -0.3018414087
-0.1694119979 -0.1469818448 -0.1498989610 -0.2636126119 0.1364824584 -0.1106111780 -0.0420156287 -0.2643231974 0.4152971035 -0.0342747023 -0.0097743944 -0.1101596109 -0.2938762390 -0.2937243367
-0.1624062552 -0.1394381193 -0.1421247213 -0.2554407531 0.1399188146 -0.1032672026 -0.0350993620 -0.2561400178 0.4152273642 -0.0265278443 -0.0160643077 -0.1028858697 -0.2855771727 -0.2853756804
-0.1551788014 -0.1316914822 -0.1341515324 -0.2470412734 0.1435530583 -0.0957279386 -0.0280010965 -0.2477292267 0.4153206265 -0.0186192277 -0.0225326560 -0.0954154898 -0.2770433109 -0.2767933357
-0.1477275184 -0.1237400590 -0.1259775828 -0.2384121124 0.1473874251 -0.0879915681 -0.0207191054 -0.2390887646 0.4155791092 -0.0105474128 -0.0291811930 -0.0877466326 -0.2682725337 -0.2679751988
-0.1400502883 -0.1155819750 -0.1176010609 -0.2295512095 0.1514241510 -0.0800562734 -0.0132516621 -0.2302165724 0.4160050311 -0.0023109602 -0.0360116724 -0.0798774598 -0.2592627208 -0.2589191655
-0.1321449932 -0.1072153557 -0.1090201551 -0.2204565040 0.1556654716 -0.0719202366 -0.0055970397 -0.2211105905 0.4166006111 0.0060915697 -0.0430258477 -0.0718061329 -0.2500117522 -0.2496231320
