0.3755490695 0.2133439824 0.0550282710 0.4557660559 -0.4112136764 0.2880927251 -0.8637676774 0.4517159243 -0.2667728768 -0.1899331558 0.0398238106 0.2075702981 0.4641723648 0.4824672329
0.3977927401 0.2386633785 0.0748367491 0.4777181532 -0.4055705152 0.3158990122 -0.8466539763 0.4736675979 -0.2739834182 -0.1923104171 0.0357790069 0.2324101559 0.4858904132 0.5045965802
0.4189996469 0.2633203417 0.0939834385 0.4985010391 -0.3986365457 0.3430300109 -0.8286880124 0.4944560987 -0.2796758063 -0.1932051708 0.0306624674 0.2565756702 0.5064166524 0.5255243812
0.4391892318 0.2873237891 0.1124803265 0.5181374337 -0.3904502425 0.3694926963 -0.8098965529 0.5141040046 -0.2838892205 -0.1926581361 0.0245076606 0.2800763067 0.5257744647 0.5452740170
0.4583809366 0.3106826375 0.1303394004 0.5366500565 -0.3810500806 0.3952940436 -0.7903063650 0.5326338938 -0.2866628406 -0.1907100318 0.0173480553 0.3029215308 0.5439872325 0.5638688685
0.4765942033 0.3334058037 0.1475726478 0.5540616276 -0.3704745349 0.4204410279 -0.7699442158 0.5500683442 -0.2880358459 -0.1874015769 0.0092171202 0.3251208081 0.5610783379 0.5813323168
0.4938484738 0.3555022049 0.1641920560 0.5703948667 -0.3587620801 0.4449406242 -0.7488368724 0.5664299339 -0.2880474163 -0.1827734904 0.0001483241 0.3466836039 0.5770711632 0.5976877427
0.5101631899 0.3769807577 0.1802096123 0.5856724935 -0.3459511911 0.4687998079 -0.7270111020 0.5817412411 -0.2867367311 -0.1768664912 -0.0098248643 0.3676193839 0.5919890908 0.6129585272
0.5255577936 0.3978503792 0.1956373042 0.5999172281 -0.3320803427 0.4920255539 -0.7044936718 0.5960248437 -0.2841429699 -0.1697212982 -0.0206689764 0.3879376136 0.6058555030 0.6271680514
0.5400517268 0.4181199863 0.2104871190 0.6131517900 -0.3171880099 0.5146248375 -0.6813113489 0.6093033197 -0.2803053125 -0.1613786305 -0.0323505433 0.4076477583 0.6186937819 0.6403396961
0.5536644313 0.4377984959 0.2247710441 0.6253988993 -0.3013126674 0.5366046338 -0.6574909005 0.6215992474 -0.2752629382 -0.1518792070 -0.0448360964 0.4267592837 0.6305273099 0.6524968424
0.5664153491 0.4568948248 0.2385010669 0.6366812756 -0.2844927901 0.5579719179 -0.6330590937 0.6329352046 -0.2690550267 -0.1412637467 -0.0580921670 0.4452816552 0.6413794693 0.6636628712
0.5783239220 0.4754178900 0.2516891748 0.6470216388 -0.2667668529 0.5787336650 -0.6080426957 0.6433337695 -0.2617207577 -0.1295729685 -0.0720852863 0.4632243383 0.6512736423 0.6738611636
0.5894095920 0.4933766084 0.2643473552 0.6564427088 -0.2481733306 0.5988968502 -0.5824684736 0.6528175201 -0.2532993105 -0.1168475913 -0.0867819855 0.4805967986 0.6602332113 0.6831151003
0.5996918009 0.5107798970 0.2764875955 0.6649672053 -0.2287506980 0.6184684487 -0.5563631945 0.6614090345 -0.2438298649 -0.1031283342 -0.1021487961 0.4974085015 0.6682815585 0.6914480625
