-0.5657671238 -0.5346081870 -0.5845918025 -0.6080905606 -0.4968157108 -0.5897721303 -0.6134233779 -0.6111632151 -0.5065184944 -0.6305004028 0.4932050592 -0.5111068171 -0.5616508048 -0.5719255445
-0.5816772067 -0.5392452908 -0.5880288490 -0.6269989937 -0.5050717901 -0.5929735951 -0.6151304595 -0.6299666248 -0.5105421172 -0.6277309884 0.5100488458 -0.5168442983 -0.5810876269 -0.5912224964
-0.5972971847 -0.5436771295 -0.5912612703 -0.6455810135 -0.5131028931 -0.5959712895 -0.6166406435 -0.6484445450 -0.5143692476 -0.6247937295 0.5266073310 -0.5223724120 -0.6002299094 -0.6102186765
-0.6126164162 -0.5478976286 -0.5942834053 -0.6638249738 -0.5209015443 -0.5987596400 -0.6179489236 -0.6665853473 -0.5179940954 -0.6216853934 0.5428695976 -0.5276846742 -0.6190665534 -0.6289029640
-0.6276242595 -0.5519007136 -0.5970895929 -0.6817192284 -0.5284602683 -0.6013330729 -0.6190502938 -0.6843774032 -0.5214108708 -0.6184027473 0.5588247282 -0.5327746006 -0.6375864599 -0.6472642376
-0.6423100728 -0.5556803099 -0.5996741719 -0.6992521310 -0.5357715894 -0.6036860145 -0.6199397480 -0.7018090841 -0.5246137837 -0.6149425586 0.5744618053 -0.5376357071 -0.6557785302 -0.6652913766
-0.6566632146 -0.5592303429 -0.6020314812 -0.7164120356 -0.5428280323 -0.6058128913 -0.6206122800 -0.7188687615 -0.5275970441 -0.6113015945 0.5897699115 -0.5422615096 -0.6736316652 -0.6829732598
-0.6706730433 -0.5625447381 -0.6041558598 -0.7331872960 -0.5496221213 -0.6077081296 -0.6210628837 -0.7355448068 -0.5303548621 -0.6074766224 0.6047381295 -0.5466455239 -0.6911347661 -0.7002987663
-0.6843289170 -0.5656174209 -0.6060416466 -0.7495662659 -0.5561463809 -0.6093661558 -0.6212865531 -0.7518255916 -0.5328814476 -0.6034644095 0.6193555419 -0.5507812659 -0.7082767339 -0.7172567750
-0.6976201943 -0.5684423167 -0.6076831803 -0.7655372992 -0.5623933357 -0.6107813963 -0.6212782820 -0.7676994874 -0.5351710106 -0.5992617231 0.6336112312 -0.5546622515 -0.7250464696 -0.7338361650
-0.7105362333 -0.5710133510 -0.6090748000 -0.7810887496 -0.5683555101 -0.6119482774 -0.6210330643 -0.7831548656 -0.5372177612 -0.5948653306 0.6474942801 -0.5582819964 -0.7414328744 -0.7500258153
-0.7230663926 -0.5733244493 -0.6102108444 -0.7962089711 -0.5740254287 -0.6128612255 -0.6205458939 -0.7981800976 -0.5390159092 -0.5902719992 0.6609937712 -0.5616340166 -0.7574248493 -0.7658146048
-0.7352000303 -0.5753695369 -0.6110856525 -0.8108863174 -0.5793956157 -0.6135146671 -0.6198117647 -0.8127635551 -0.5405596648 -0.5854784962 0.6740987871 -0.5647118279 -0.7730112955 -0.7811914127
-0.7469265049 -0.5771425392 -0.6116935632 -0.8251091424 -0.5844585959 -0.6139030283 -0.6188256706 -0.8268936094 -0.5418432380 -0.5804815889 0.6867984104 -0.5675089462 -0.7881811140 -0.7961451178
-0.7582351747 -0.5786373818 -0.6120289154 -0.8388657998 -0.5892068936 -0.6140207357 -0.6175826055 -0.8405586321 -0.5428608386 -0.5752780446 0.6990817237 -0.5700188873 -0.8029232058 -0.8106645991
