0.0588090631 -0.8249228989 -0.3841946305 0.6377101947 -0.8977412566 -0.9457025553 -0.9833029760 0.6341941800 -0.9120425787 -0.9858865587 0.7325623371 -0.7844153810 0.7080810624 0.7103261238
0.0435471937 -0.8411085287 -0.4200070290 0.6003919627 -0.8478670083 -0.9529482301 -0.9746767247 0.5968414438 -0.8694217509 -0.9790435867 0.7354233912 -0.8027425086 0.6709971172 0.6730918207
0.0289675783 -0.8564473063 -0.4546105812 0.5641397977 -0.7988212584 -0.9596509908 -0.9658687969 0.5605561775 -0.8276955378 -0.9723402502 0.7377295653 -0.8201856156 0.6349611235 0.6369083792
0.0150622412 -0.8709487229 -0.4880176216 0.5289428937 -0.7505978189 -0.9658165919 -0.9568818048 0.5253275622 -0.7868559591 -0.9657744014 0.7394881885 -0.8367544467 0.5999624541 0.6017651499
0.0018232070 -0.8846222692 -0.5202404845 0.4947904452 -0.7031905018 -0.9714507879 -0.9477183604 0.4911447794 -0.7468950344 -0.9593438926 0.7407065899 -0.8524587466 0.5659904819 0.5676514832
-0.0107575001 -0.8974774363 -0.5512915044 0.4616716461 -0.6565931190 -0.9765593333 -0.9383810760 0.4579970101 -0.7078047832 -0.9530465762 0.7413920984 -0.8673082600 0.5330345797 0.5345567296
-0.0226878556 -0.9095237151 -0.5811830156 0.4295756907 -0.6107994827 -0.9811479826 -0.9288725638 0.4258734359 -0.6695772253 -0.9468803044 0.7415520433 -0.8813127315 0.5010841204 0.5024702397
-0.0339758350 -0.9207705967 -0.6099273525 0.3984917732 -0.5658034048 -0.9852224905 -0.9191954360 0.3947632379 -0.6322043802 -0.9408429294 0.7411937536 -0.8944819059 0.4701284768 0.4713813639
-0.0446294140 -0.9312275719 -0.6375368495 0.3684090877 -0.5215986973 -0.9887886113 -0.9093523047 0.3646555973 -0.5956782675 -0.9349323036 0.7403245584 -0.9068255278 0.4401570218 0.4412794527
-0.0546565681 -0.9409041317 -0.6640238411 0.3393168285 -0.4781791723 -0.9918520996 -0.8993457821 0.3355396956 -0.5599909069 -0.9291462793 0.7389517867 -0.9183533418 0.4111591282 0.4121538566
-0.0640652729 -0.9498097672 -0.6894006615 0.3112041897 -0.4355386419 -0.9944187099 -0.8891784805 0.3074047140 -0.5251343179 -0.9234827086 0.7370827677 -0.9290750928 0.3831241689 0.3839939262
-0.0728635040 -0.9579539692 -0.7136796452 0.2840603654 -0.3936709179 -0.9964941968 -0.8788530121 0.2802398337 -0.4911005203 -0.9179394440 0.7347248303 -0.9390005253 0.3560415166 0.3567890119
-0.0810592370 -0.9653462287 -0.7368731266 0.2578745499 -0.3525698125 -0.9980843147 -0.8683719889 0.2540342361 -0.4578815335 -0.9125143377 0.7318853038 -0.9481393841 0.3299005443 0.3305284642
-0.0886604475 -0.9719960367 -0.7589934400 0.2326359374 -0.3122291376 -0.9991948182 -0.8577380232 0.2287771024 -0.4254693773 -0.9072052420 0.7285715172 -0.9565014138 0.3046906249 0.3052016336
-0.0956751110 -0.9779128842 -0.7800529199 0.2083337219 -0.2726427053 -0.9998314618 -0.8469537272 0.2044576140 -0.3938560713 -0.9020100091 0.7247907995 -0.9640963591 0.2804011310 0.2807978707
