-0.1643892346 -0.1806826265 -0.2657722763 -0.2579090904 0.5302915924 0.2826940177 -0.1366280770 -0.2594509083 0.7732139310 0.8241937941 -0.8814936806 -0.1725477306 -0.2609106583 -0.2793575519
-0.1324784282 -0.1495283966 -0.2361913721 -0.2292745900 0.5488971802 0.3059537367 -0.1067253896 -0.2307111674 0.7858012197 0.8341222717 -0.8894960305 -0.1413089188 -0.2320084542 -0.2499102648
-0.1004183397 -0.1182414926 -0.2064142204 -0.2004467878 0.5673937221 0.3292341424 -0.0767365852 -0.2017774477 0.7981652124 0.8439026364 -0.8973220450 -0.1099443982 -0.2029114591 -0.2202620358
-0.0682403446 -0.0868498029 -0.1764659156 -0.1714556597 0.5857620421 0.3525105795 -0.0466859080 -0.1726798053 0.8102926527 0.8535206610 -0.9049592666 -0.0784821861 -0.1736498516 -0.1904434713
-0.0359758186 -0.0553812162 -0.1463715523 -0.1423311816 0.6039829641 0.3757583925 -0.0165976019 -0.1434482963 0.8221702844 0.8629621185 -0.9123952382 -0.0469502999 -0.1442538106 -0.1604851778
-0.0036561372 -0.0238636210 -0.1161562251 -0.1131033295 0.6220373121 0.3989529258 0.0135040889 -0.1141129769 0.8337848512 0.8722127818 -0.9196175023 -0.0153767572 -0.1147535146 -0.1304177618
0.0286873240 0.0076750943 -0.0858450285 -0.0838020792 0.6399059100 0.4220695240 0.0435949202 -0.0847039030 0.8451230966 0.8812584238 -0.9266136018 0.0162104247 -0.0851791425 -0.1002718297
0.0610231892 0.0392070410 -0.0554630572 -0.0544574067 0.6575695818 0.4450835314 0.0736506480 -0.0552511308 0.8561717642 0.8900848170 -0.9333710794 0.0477832282 -0.0555608730 -0.0700779879
0.0933200833 0.0707043308 -0.0250354054 -0.0250992880 0.6750091516 0.4679702930 0.1036470285 -0.0257847163 0.8669175979 0.8986777354 -0.9398774775 0.0793136363 -0.0259288846 -0.0398668429
0.1255466303 0.1021390750 0.0054128321 0.0042423011 0.6922054431 0.4907051530 0.1335598171 0.0036652844 0.8773473413 0.9070229509 -0.9461203392 0.1107736312 0.0036866437 -0.0096690012
0.1576714546 0.1334833852 0.0358565607 0.0335373847 0.7091392804 0.5132634558 0.1633647700 0.0330688151 0.8874477379 0.9151062368 -0.9520872070 0.1421351956 0.0332555333 0.0204849309
0.1896631809 0.1647093728 0.0662706860 0.0627559867 0.7257914874 0.5356205462 0.1930376431 0.0623958199 0.8972055315 0.9229133659 -0.9577656236 0.1733703121 0.0627476055 0.0505643468
0.2214904334 0.1957891493 0.0966301133 0.0918681312 0.7421428881 0.5577517685 0.2225541923 0.0916162425 0.9066074657 0.9304301111 -0.9631431318 0.2044509632 0.0921326815 0.0805386402
0.2531218365 0.2266948261 0.1269097482 0.1208438424 0.7581743064 0.5796324673 0.2518901734 0.1207000270 0.9156402842 0.9376422454 -0.9682072742 0.2353491315 0.1213805827 0.1103772045
0.2845260148 0.2573985149 0.1570844961 0.1496531443 0.7738665663 0.6012379871 0.2810213424 0.1496171173 0.9242907306 0.9445355416 -0.9729455936 0.2660367997 0.1504611304 0.1400494333
