0.0784350021 -0.1578984890 -0.0797837750 0.1516236224 -0.6933333038 0.1071788145 -0.5463428688 0.1505389727 -0.1591802120 0.2686807485 -0.1529509084 -0.1736899107 0.1492230017 0.1480004199
0.1206371561 -0.1249986399 -0.0438543658 0.1965606343 -0.7114706377 0.1504239113 -0.5287559972 0.1954545747 -0.2044989358 0.2399439406 -0.1979793826 -0.1415307569 0.1941231976 0.1928727022
0.1615016721 -0.0931436881 -0.0090705163 0.2400543681 -0.7290076008 0.1922881122 -0.5117348948 0.2389300313 -0.2483635542 0.2120977195 -0.2415639290 -0.1104072492 0.2375875646 0.2363125022
0.2010454242 -0.0623197435 0.0245827368 0.2821225664 -0.7459486363 0.2327888245 -0.4952705313 0.2809830230 -0.2907904916 0.1851299734 -0.2837218884 -0.0803054678 0.2796336303 0.2783373052
0.2392852868 -0.0325129158 0.0571203566 0.3227829717 -0.7622981873 0.2719434556 -0.4793538763 0.3216312301 -0.3317961725 0.1590285909 -0.3244706019 -0.0512114929 0.3202789224 0.3189645964
0.2762381342 -0.0037093150 0.0885573064 0.3620533265 -0.7780606971 0.3097694127 -0.4639758994 0.3608923330 -0.3713970213 0.1337814604 -0.3638274105 -0.0231114047 0.3595409685 0.3582118612
0.3119208406 0.0241049491 0.1189085495 0.3999513735 -0.7932406089 0.3462841032 -0.4491275702 0.3987840122 -0.4096094622 0.1093764702 -0.4018096554 0.0040087168 0.3974372962 0.3960965848
0.3463502805 0.0509437666 0.1481890490 0.4364948551 -0.8078423658 0.3815049345 -0.4347998584 0.4353239479 -0.4464499198 0.0858015088 -0.4384346775 0.0301627913 0.4339854334 0.4326362525
0.3795433281 0.0768210278 0.1764137683 0.4717015138 -0.8218704110 0.4154493138 -0.4209837335 0.4705298207 -0.4819348184 0.0630444646 -0.4737198179 0.0553647388 0.4692029075 0.4678483496
0.4115168578 0.1017506227 0.2035976706 0.5055890922 -0.8353291876 0.4481346485 -0.4076701652 0.5044193108 -0.5160805824 0.0410932259 -0.5076824176 0.0796284790 0.5031072463 0.5017503612
0.4422877437 0.1257464414 0.2297557191 0.5381753328 -0.8482231390 0.4795783460 -0.3948501231 0.5370100988 -0.5489036361 0.0199356812 -0.5403398177 0.1029679318 0.5357159774 0.5343597728
0.4718728603 0.1488223742 0.2549028770 0.5694779782 -0.8605567082 0.5097978135 -0.3825145767 0.5683198649 -0.5804204041 -0.0004402811 -0.5717093592 0.1253970171 0.5670466284 0.5656940696
0.5002890818 0.1709923112 0.2790541076 0.5995147708 -0.8723343384 0.5388104584 -0.3706544958 0.5983662895 -0.6106473107 -0.0200467726 -0.6018083831 0.1469296546 0.5971167271 0.5957707369
0.5275532826 0.1922701424 0.3022243741 0.6283034533 -0.8835604729 0.5666336880 -0.3592608500 0.6271670531 -0.6396007802 -0.0388959049 -0.6306542305 0.1675797643 0.6259438010 0.6246072599
0.5536823370 0.2126697582 0.3244286398 0.6558617681 -0.8942395548 0.5932849097 -0.3483246087 0.6547398361 -0.6672972372 -0.0569997896 -0.6582642425 0.1873612660 0.6535453779 0.6522211240
