-0.2093753677 -0.5074746080 -0.9313005810 -0.6893952595 0.1533742723 -0.5117964525 -0.4796665128 -0.7019510774 0.2297326052 -0.7798980639 0.2853560835 -0.5417347744 -0.6344039590 -0.6496262716
-0.2140244067 -0.5090632355 -0.9347107243 -0.6985755462 0.1527835081 -0.5133362911 -0.4791179945 -0.7108145872 0.2302177146 -0.7720338775 0.2845539249 -0.5431451781 -0.6449498614 -0.6597879551
-0.2186754033 -0.5106311992 -0.9380275222 -0.7076504600 0.1521304325 -0.5148551566 -0.4785611414 -0.7195739748 0.2306268734 -0.7640927171 0.2837676609 -0.5445315863 -0.6553853621 -0.6698407564
-0.2233292137 -0.5121801765 -0.9412514837 -0.7166184295 0.1514125970 -0.5163547396 -0.4779983607 -0.7282277929 0.2309572242 -0.7560779940 0.2829999127 -0.5458957129 -0.6657083587 -0.6797827240
-0.2279866941 -0.5137118445 -0.9443831178 -0.7254778831 0.1506275532 -0.5178367308 -0.4774320602 -0.7367745944 0.2312059096 -0.7479931191 0.2822533011 -0.5472392718 -0.6759167487 -0.6896119065
-0.2326487006 -0.5152278808 -0.9474229337 -0.7342272491 0.1497728527 -0.5193028211 -0.4768646471 -0.7452129324 0.2313700722 -0.7398415036 0.2815304471 -0.5485639770 -0.6860084295 -0.6993263524
-0.2373160895 -0.5167299626 -0.9503714404 -0.7428649561 0.1488460469 -0.5207547011 -0.4762985291 -0.7535413595 0.2314468545 -0.7316265586 0.2808339717 -0.5498715424 -0.6959812986 -0.7089241101
-0.2419897168 -0.5182197672 -0.9532291468 -0.7513894325 0.1478446875 -0.5221940615 -0.4757361135 -0.7617584288 0.2314333993 -0.7233516951 0.2801664958 -0.5511636820 -0.7058332537 -0.7184032282
-0.2466704387 -0.5196989721 -0.9559965621 -0.7597991066 0.1467663260 -0.5236225931 -0.4751798079 -0.7698626932 0.2313268489 -0.7150203244 0.2795306404 -0.5524421097 -0.7155621921 -0.7277617551
-0.2513591115 -0.5211692545 -0.9586741952 -0.7680924071 0.1456085140 -0.5250419865 -0.4746320197 -0.7778527054 0.2311243461 -0.7066358575 0.2789290264 -0.5537085395 -0.7251660113 -0.7369977393
-0.2560565912 -0.5226322919 -0.9612625553 -0.7762677622 0.1443688031 -0.5264539326 -0.4740951564 -0.7857270185 0.2308230335 -0.6982017055 0.2783642749 -0.5549646853 -0.7346426089 -0.7461092294
-0.2607637341 -0.5240897615 -0.9637621513 -0.7843236004 0.1430447447 -0.5278601219 -0.4735716255 -0.7934841854 0.2304200535 -0.6897212795 0.2778390068 -0.5562122610 -0.7439898824 -0.7550942738
-0.2654813963 -0.5255433407 -0.9661734923 -0.7922583502 0.1416338905 -0.5292622453 -0.4730638345 -0.8011227588 0.2299125489 -0.6811979906 0.2773558431 -0.5574529806 -0.7532057292 -0.7639509210
-0.2702104340 -0.5269947068 -0.9684970874 -0.8000704401 0.1401337919 -0.5306619935 -0.4725741908 -0.8086412917 0.2292976622 -0.6726352500 0.2769174047 -0.5586885580 -0.7622880468 -0.7726772195
-0.2749517033 -0.5284455372 -0.9707334456 -0.8077582983 0.1385420007 -0.5320610571 -0.4721051020 -0.8160383371 0.2285725359 -0.6640364687 0.2765263125 -0.5599207072 -0.7712347328 -0.7812712178
