-0.3643242508 -0.2438844832 -0.2867701833 -0.4387100728 0.0706795528 -0.2280907355 -0.0693256236 -0.4390555581 0.8244272925 -0.3135841778 0.0613859778 -0.2552417072 -0.4700424227 -0.4621570320
-0.3571241212 -0.2350399184 -0.2775991872 -0.4315906366 0.0762565031 -0.2189372275 -0.0584388366 -0.4319243799 0.8273364460 -0.3045088627 0.0512949322 -0.2464041960 -0.4632468679 -0.4553107744
-0.3499637089 -0.2262237906 -0.2684374895 -0.4244932943 0.0817444050 -0.2098083096 -0.0475719103 -0.4248148900 0.8301161229 -0.2954028516 0.0412449587 -0.2375924742 -0.4564732815 -0.4484873462
-0.3428447718 -0.2174378344 -0.2592866417 -0.4174196112 0.0871412384 -0.2007056939 -0.0367266069 -0.4177286498 0.8327643829 -0.2862667646 0.0312379959 -0.2288082481 -0.4497232077 -0.4416883037
-0.3357690676 -0.2086837847 -0.2501481952 -0.4103711524 0.0924449828 -0.1916310926 -0.0259046889 -0.4106672209 0.8352792858 -0.2771012216 0.0212759823 -0.2200532242 -0.4429981907 -0.4349152035
-0.3287383541 -0.1999633763 -0.2410237012 -0.4033494831 0.0976536179 -0.1825862180 -0.0151079185 -0.4036321650 0.8376588913 -0.2679068425 0.0113608563 -0.2113291090 -0.4362997747 -0.4281696022
-0.3217543891 -0.1912783439 -0.2319147113 -0.3963561685 0.1027651235 -0.1735727821 -0.0043380579 -0.3966250434 0.8399012593 -0.2586842473 0.0014945565 -0.2026376088 -0.4296295038 -0.4214530561
-0.3148189304 -0.1826304224 -0.2228227767 -0.3893927737 0.1077774792 -0.1645924973 0.0064031306 -0.3896474178 0.8420044495 -0.2494340560 -0.0083209786 -0.1939804301 -0.4229889224 -0.4147671220
-0.3079337358 -0.1740213466 -0.2137494490 -0.3824608640 0.1126886647 -0.1556470757 0.0171138846 -0.3827008497 0.8439665217 -0.2401568885 -0.0180838105 -0.1853592794 -0.4163795745 -0.4081133563
-0.3011005630 -0.1654528511 -0.2046962794 -0.3755620046 0.1174966597 -0.1467382294 0.0277924418 -0.3757869007 0.8457855357 -0.2308533649 -0.0277920006 -0.1767758631 -0.4098030044 -0.4014933154
-0.2943211699 -0.1569266710 -0.1956648194 -0.3686977606 0.1221994438 -0.1378676707 0.0384370401 -0.3689071322 0.8474595511 -0.2215241050 -0.0374436106 -0.1682318876 -0.4032607563 -0.3949085561
-0.2875973142 -0.1484445408 -0.1866566204 -0.3618696972 0.1267949968 -0.1290371118 0.0490459170 -0.3620631060 0.8489866279 -0.2121697289 -0.0470367018 -0.1597290593 -0.3967543743 -0.3883606347
-0.2809307538 -0.1400081954 -0.1776732337 -0.3550793797 0.1312812983 -0.1202482648 0.0596173103 -0.3552563834 0.8503648257 -0.2027908565 -0.0565693358 -0.1512690846 -0.3902854027 -0.3818511077
-0.2743232464 -0.1316193697 -0.1687162108 -0.3483283731 0.1356563281 -0.1115028420 0.0701494577 -0.3484885261 0.8515922044 -0.1933881077 -0.0660395740 -0.1428536702 -0.3838553857 -0.3753815319
-0.2677765498 -0.1232797983 -0.1597871030 -0.3416182427 0.1399180658 -0.1028025554 0.0806405970 -0.3417610956 0.8526668237 -0.1839621026 -0.0754454779 -0.1344845222 -0.3774658674 -0.3689534635
