-0.1704757339 -0.2840031337 -0.4007907927 -0.0854134101 -0.0825378476 -0.0845505121 -0.4220173140 -0.0909794176 -0.0155546651 0.5589334869 -0.3540252602 -0.2738733477 -0.0426069725 -0.0589286702
-0.1618922220 -0.2762678066 -0.3942587594 -0.0759848912 -0.0713449807 -0.0744642842 -0.4150166186 -0.0816276089 -0.0012027208 0.5812234001 -0.3710769524 -0.2658227282 -0.0328979554 -0.0494381933
-0.1537744399 -0.2689200224 -0.3880463920 -0.0670727328 -0.0606042948 -0.0648702889 -0.4082971594 -0.0727896606 0.0127518336 0.6028543299 -0.3874743899 -0.2581575322 -0.0237362723 -0.0404874766
-0.1461161803 -0.2619544998 -0.3821491393 -0.0586701745 -0.0503101804 -0.0557621975 -0.4018549814 -0.0644588342 0.0263133629 0.6238325693 -0.4032249943 -0.2508725573 -0.0151147870 -0.0320694518
-0.1389112354 -0.2553659579 -0.3765624506 -0.0507704557 -0.0404570280 -0.0471336814 -0.3956861296 -0.0566283909 0.0394862315 0.6441644112 -0.4183361877 -0.2439626014 -0.0070263633 -0.0241770507
-0.1321533980 -0.2491491154 -0.3712817747 -0.0433668160 -0.0310392281 -0.0389784119 -0.3897866487 -0.0492915919 0.0522748039 0.6638561489 -0.4328153917 -0.2374224621 0.0005361352 -0.0168032052
-0.1258364603 -0.2432986913 -0.3663025608 -0.0364524950 -0.0220511712 -0.0312900604 -0.3841525839 -0.0424416987 0.0646834448 0.6829140752 -0.4466700282 -0.2312469371 0.0075798447 -0.0099408471
-0.1199542150 -0.2378094045 -0.3616202578 -0.0300207321 -0.0134872478 -0.0240622982 -0.3787799798 -0.0360719723 0.0767165187 0.7013444832 -0.4599075190 -0.2254308240 0.0141119015 -0.0035829083
-0.1145004545 -0.2326759739 -0.3572303148 -0.0240647669 -0.0053418485 -0.0172887966 -0.3736648816 -0.0301756743 0.0883783902 0.7191536659 -0.4725352859 -0.2199689207 0.0201394418 0.0022776795
-0.1094689712 -0.2278931183 -0.3531281808 -0.0185778390 0.0023906364 -0.0109632271 -0.3688033340 -0.0247460657 0.0996734238 0.7363479164 -0.4845607507 -0.2148560247 0.0256696019 0.0076479844
-0.1048535578 -0.2234555567 -0.3493093049 -0.0135531879 0.0097158162 -0.0050792609 -0.3641913821 -0.0197764080 0.1106059840 0.7529335278 -0.4959913352 -0.2100869339 0.0307095182 0.0125350746
-0.1006480067 -0.2193580079 -0.3457691360 -0.0089840530 0.0166393005 0.0003694306 -0.3598250706 -0.0152599623 0.1211804355 0.7689167929 -0.5068344613 -0.2056564458 0.0352663267 0.0169460182
-0.0968461104 -0.2155951909 -0.3425031232 -0.0048636740 0.0231666987 0.0053891760 -0.3557004446 -0.0111899900 0.1314011428 0.7843040049 -0.5170975507 -0.2015593582 0.0393471639 0.0208878835
-0.0934416613 -0.2121618246 -0.3395067155 -0.0011852904 0.0293036204 0.0099863040 -0.3518135489 -0.0075597524 0.1412724705 0.7991014568 -0.5267880252 -0.1977904688 0.0429591660 0.0243677386
-0.0904284520 -0.2090526278 -0.3367753619 0.0020578583 0.0350556751 0.0141671433 -0.3481604285 -0.0043625107 0.1507987830 0.8133154417 -0.5359133066 -0.1943445752 0.0461094692 0.0273926516
