-0.9609942756 -0.9957058971 -0.9913349079 -0.9044845789 -0.9148533178 -0.9972887535 -0.9792913761 -0.9040022464 -0.2643757703 -0.6740152554 0.8032723922 -0.9971702997 -0.8948356067 -0.8961125082
-0.9674056000 -0.9974135140 -0.9936181814 -0.9148002237 -0.9066339824 -0.9985703449 -0.9758413093 -0.9143385654 -0.2496843237 -0.6685725032 0.7915545506 -0.9984949439 -0.9055175433 -0.9067459204
-0.9732192434 -0.9986919029 -0.9955471444 -0.9244894454 -0.8980784133 -0.9994464136 -0.9721392354 -0.9240490863 -0.2349713431 -0.6631285976 0.7795629459 -0.9994050080 -0.9155883102 -0.9167663705
-0.9784421001 -0.9995458937 -0.9971253026 -0.9335590928 -0.8891922153 -0.9999214638 -0.9681879995 -0.9331406398 -0.2202391555 -0.6576831796 0.7673032123 -0.9999051430 -0.9250546160 -0.9261805971
-0.9830810648 -0.9999803161 -0.9983561616 -0.9420160147 -0.8799809927 -1.0000000000 -0.9639904466 -0.9416200571 -0.2054900881 -0.6522358905 0.7547809837 -1.0000000000 -0.9339231695 -0.9349953389
-0.9871430317 -1.0000000000 -0.9992432271 -0.9498670601 -0.8704503502 -0.9996865264 -0.9595494218 -0.9494941689 -0.1907264680 -0.6467863716 0.7420018940 -0.9996942299 -0.9422006792 -0.9432173344
-0.9906348955 -0.9996097752 -0.9997900047 -0.9571190776 -0.8606058924 -0.9989855474 -0.9548677704 -0.9567698063 -0.1759506224 -0.6413342638 0.7289715773 -0.9989924836 -0.9498938539 -0.9508533224
-0.9935635505 -0.9988144714 -1.0000000000 -0.9637789163 -0.8504532236 -0.9979015673 -0.9499483373 -0.9634538003 -0.1611648785 -0.6358792086 0.7156956676 -0.9978994122 -0.9570094024 -0.9579100414
-0.9959358912 -0.9976189186 -0.9998767186 -0.9698534248 -0.8399979485 -0.9964390904 -0.9447939677 -0.9695529817 -0.1463715633 -0.6304208469 0.7021797988 -0.9964196665 -0.9635540333 -0.9643942302
-0.9977588120 -0.9960279464 -0.9994236662 -0.9753494521 -0.8292456716 -0.9946026210 -0.9394075067 -0.9750741815 -0.1315730040 -0.6249588201 0.6884296049 -0.9945578975 -0.9695344553 -0.9703126274
-0.9990392075 -0.9940463848 -0.9986443484 -0.9802738469 -0.8182019974 -0.9923966635 -0.9337917993 -0.9800242306 -0.1167715278 -0.6194927693 0.6744507199 -0.9923187563 -0.9749573771 -0.9756719715
-0.9997839720 -0.9916790636 -0.9975422709 -0.9846334582 -0.8068725305 -0.9898257221 -0.9279496908 -0.9844099601 -0.1019694618 -0.6140223356 0.6602487779 -0.9897068938 -0.9798295075 -0.9804790013
-1.0000000000 -0.9889308126 -0.9961209391 -0.9884351347 -0.7952628754 -0.9868943013 -0.9218840262 -0.9882382008 -0.0871691331 -0.6085471604 0.6458294127 -0.9867269609 -0.9841575551 -0.9847404554
-0.9996941860 -0.9858064615 -0.9943838589 -0.9916857254 -0.7833786366 -0.9836069053 -0.9155976507 -0.9915157837 -0.0723728689 -0.6030668846 0.6311982585 -0.9833836086 -0.9879482286 -0.9884630724
-0.9988734245 -0.9823108402 -0.9923345358 -0.9943920789 -0.7712254186 -0.9799680384 -0.9090934092 -0.9942495397 -0.0575829963 -0.5975811496 0.6163609491 -0.9796814878 -0.9912082367 -0.9916535910
