0.9918302903 0.9928988442 0.8485970805 0.9442658300 0.9816951488 0.9925143581 0.5438862010 0.9443811823 0.6259824851 -0.7690255720 -0.9126936584 0.9907971460 0.9353001930 0.9370451138
0.9898425180 0.9911343723 0.8472227041 0.9389298951 0.9797316223 0.9906783594 0.5443650302 0.9390438761 0.6245193776 -0.7697842802 -0.9090176563 0.9887670934 0.9297299749 0.9314681898
0.9876461938 0.9891833052 0.8456870369 0.9333710922 0.9776712197 0.9886501935 0.5447254034 0.9334831481 0.6230527148 -0.7705407292 -0.9052713765 0.9865444437 0.9239512286 0.9256763597
0.9852433504 0.9870481197 0.8439925579 0.9275921530 0.9755143887 0.9864322297 0.5449691511 0.9277017393 0.6215818006 -0.7712938442 -0.9014551557 0.9841316258 0.9179665027 0.9196722745
0.9826360207 0.9847312925 0.8421417458 0.9215958093 0.9732615773 0.9840268375 0.5450981036 0.9217023904 0.6201059391 -0.7720425503 -0.8975693302 0.9815310684 0.9117783457 0.9134585857
0.9798262374 0.9822353001 0.8401370794 0.9153847929 0.9709132333 0.9814363862 0.5451140916 0.9154878425 0.6186244341 -0.7727857728 -0.8936142365 0.9787452002 0.9053893061 0.9070379444
0.9768160331 0.9795626193 0.8379810376 0.9089618354 0.9684698047 0.9786632453 0.5450189456 0.9090608365 0.6171365898 -0.7735224367 -0.8895902112 0.9757764501 0.8988019322 0.9004130020
0.9736074408 0.9767157266 0.8356760991 0.9023296687 0.9659317393 0.9757097840 0.5448144960 0.9024241133 0.6156417099 -0.7742514673 -0.8854975906 0.9726272469 0.8920187726 0.8935864097
0.9702024931 0.9736970987 0.8332247427 0.8954910246 0.9632994849 0.9725783720 0.5445025734 0.8955804138 0.6141390985 -0.7749717898 -0.8813367113 0.9693000194 0.8850423756 0.8865608188
0.9666032229 0.9705092124 0.8306294473 0.8884486347 0.9605734896 0.9692713784 0.5440850082 0.8885324789 0.6126280594 -0.7756823293 -0.8771079097 0.9657971963 0.8778752899 0.8793388806
0.9628116628 0.9671545441 0.8278926917 0.8812052309 0.9577542010 0.9657911727 0.5435636310 0.8812830496 0.6111078968 -0.7763820110 -0.8728115224 0.9621212065 0.8705200638 0.8719232463
0.9588298457 0.9636355706 0.8250169547 0.8737635449 0.9548420672 0.9621401244 0.5429402724 0.8738348667 0.6095779145 -0.7770697602 -0.8684478857 0.9582744787 0.8629792458 0.8643165672
0.9546598042 0.9599547685 0.8220047151 0.8661263084 0.9518375360 0.9583206028 0.5422167627 0.8661906713 0.6080374165 -0.7777445019 -0.8640173362 0.9542594417 0.8552553844 0.8565214945
0.9503035712 0.9561146145 0.8188584517 0.8582962533 0.9487410552 0.9543349772 0.5413949325 0.8583532041 0.6064857067 -0.7784051613 -0.8595202104 0.9500785243 0.8473510280 0.8485406796
0.9457631794 0.9521175852 0.8155806434 0.8502761113 0.9455530728 0.9501856172 0.5404766124 0.8503252063 0.6049220891 -0.7790506637 -0.8549568447 0.9457341554 0.8392687252 0.8403767736
