0.6231379584 0.8286215319 0.9262365390 0.7866529476 0.5949298338 0.8372139104 0.8999863626 0.7880529039 0.2743574725 0.4452437447 -0.8666240295 0.8046419182 0.7785261710 0.7743244254
0.6007646444 0.8161749588 0.9206084108 0.7738288990 0.5659183699 0.8240298674 0.8876023283 0.7752514257 0.2528731265 0.4613999728 -0.8520474883 0.7907166184 0.7656984780 0.7612551622
0.5777062624 0.8032855728 0.9148043557 0.7606459606 0.5357283969 0.8103094308 0.8744445910 0.7620893933 0.2303814703 0.4776321939 -0.8366565074 0.7762980445 0.7525304941 0.7478375232
0.5539595450 0.7899527198 0.9088277116 0.7471054326 0.5043433780 0.7960500747 0.8605050377 0.7485680642 0.2068649167 0.4939404210 -0.8204427247 0.7613848400 0.7390239271 0.7340731042
0.5295212244 0.7761757453 0.9026818165 0.7332086151 0.4717467764 0.7812492731 0.8457755551 0.7346886960 0.1823058785 0.5103246672 -0.8033977782 0.7459756479 0.7251804850 0.7199635014
0.5043880333 0.7619539952 0.8963700083 0.7189568083 0.4379220553 0.7659045000 0.8302480302 0.7204525463 0.1566867685 0.5267849454 -0.7855133059 0.7300691116 0.7110018758 0.7055103109
0.4785567039 0.7472868150 0.8898956250 0.7043513123 0.4028526779 0.7500132295 0.8139143498 0.7058608726 0.1299899995 0.5433212686 -0.7667809457 0.7136638743 0.6964898073 0.6907151286
0.4520239689 0.7321735505 0.8832620046 0.6893934273 0.3665221075 0.7335729356 0.7967664009 0.6909149326 0.1021979843 0.5599336498 -0.7471923358 0.6967585792 0.6816459875 0.6755795506
0.4247865606 0.7166135475 0.8764724849 0.6740844533 0.3289138072 0.7165810923 0.7787960702 0.6756159837 0.0732931356 0.5766221019 -0.7267391140 0.6793518697 0.6664721244 0.6601051729
0.3968412114 0.7006061516 0.8695304040 0.6584256906 0.2900112403 0.6990351736 0.7599952448 0.6599652835 0.0432578663 0.5933866380 -0.7054129184 0.6614423889 0.6509699258 0.6442935916
0.3681846539 0.6841507085 0.8624390997 0.6424184392 0.2497978700 0.6809326535 0.7403558114 0.6439640896 0.0120745891 0.6102272709 -0.6832053869 0.6430287802 0.6351410996 0.6281464027
0.3388136205 0.6672465639 0.8552019101 0.6260639993 0.2082571594 0.6622710061 0.7198696570 0.6276136595 -0.0202742831 0.6271440139 -0.6601081575 0.6241096867 0.6189873539 0.6116652022
0.3087248436 0.6498930636 0.8478221730 0.6093636710 0.1653725719 0.6430477054 0.6985286684 0.6109152509 -0.0538063376 0.6441368797 -0.6361128683 0.6046837518 0.6025103965 0.5948515862
0.2779150557 0.6320895533 0.8403032265 0.5923187545 0.1211275706 0.6232602254 0.6763247325 0.5938701213 -0.0885391615 0.6612058814 -0.6112111571 0.5847496186 0.5857119354 0.5777071508
0.2463809892 0.6138353786 0.8326484084 0.5749305499 0.0755056187 0.6029060402 0.6532497362 0.5764795282 -0.1244903421 0.6783510319 -0.5853946620 0.5643059304 0.5685936785 0.5602334919
