-0.6692089877 -0.9356838618 -0.9810179387 -0.5250206496 -0.9877612648 -0.7391171500 -0.9857315822 -0.5268685587 -0.9996927237 -0.9987611391 0.7041256874 -0.9335167183 -0.4898682287 -0.4919166352
-0.6636224503 -0.9298206379 -0.9756586212 -0.5200643002 -0.9834736441 -0.7342098991 -0.9810118601 -0.5219387816 -1.0000000000 -0.9996590714 0.7036673507 -0.9273512885 -0.4848919503 -0.4869569369
-0.6575324198 -0.9233627309 -0.9696922088 -0.5146594529 -0.9785905346 -0.7287840776 -0.9756678775 -0.5165602094 -0.9997080109 -1.0000000000 0.7027543304 -0.9205883354 -0.4794785394 -0.4815596255
-0.6509560079 -0.9163287276 -0.9631369696 -0.5088220525 -0.9731294671 -0.7228566072 -0.9697164281 -0.5107487753 -0.9988284750 -0.9997967079 0.7013999690 -0.9132466673 -0.4736437899 -0.4757404913
-0.6439103264 -0.9087372146 -0.9560111714 -0.5025680440 -0.9671079724 -0.7164444096 -0.9631743057 -0.5045204126 -0.9973731107 -0.9990619778 0.6996176089 -0.9053450925 -0.4674034952 -0.4695153252
-0.6364124867 -0.9006067786 -0.9483330821 -0.4959133723 -0.9605435813 -0.7095644066 -0.9560583038 -0.4978910546 -0.9953536365 -0.9978085927 0.6974205926 -0.8969024193 -0.4607734490 -0.4628999176
-0.6284796008 -0.8919560064 -0.9401209698 -0.4888739822 -0.9534538246 -0.7022335199 -0.9483852162 -0.4908766346 -0.9927817710 -0.9960493354 0.6948222626 -0.8879374561 -0.4537694450 -0.4559100592
-0.6201287802 -0.8828034846 -0.9313931024 -0.4814658188 -0.9458562331 -0.6944686714 -0.9401718365 -0.4834930858 -0.9896692326 -0.9937969888 0.6918359613 -0.8784690111 -0.4464072767 -0.4485615405
-0.6113771366 -0.8731678000 -0.9221677478 -0.4737048268 -0.9377683375 -0.6862867828 -0.9314349584 -0.4757563416 -0.9860277398 -0.9910643358 0.6884750313 -0.8685158927 -0.4387027379 -0.4408701523
-0.6022417818 -0.8630675392 -0.9124631739 -0.4656069513 -0.9292076687 -0.6777047759 -0.9221913756 -0.4676823352 -0.9818690111 -0.9878641592 0.6847528149 -0.8580969091 -0.4306716220 -0.4328516852
-0.5927398273 -0.8525212890 -0.9022976486 -0.4571881371 -0.9201917575 -0.6687395724 -0.9124578817 -0.4592869999 -0.9772047650 -0.9842092418 0.6806826546 -0.8472308686 -0.4223297229 -0.4245219296
-0.5828883850 -0.8415476361 -0.8916894400 -0.4484643291 -0.9107381346 -0.6594080941 -0.9022512704 -0.4505862689 -0.9720467200 -0.9801123666 0.6762778929 -0.8359365797 -0.4136928340 -0.4158966764
-0.5727045664 -0.8301651671 -0.8806568158 -0.4394514723 -0.9008643309 -0.6497272628 -0.8915883354 -0.4415960757 -0.9664065946 -0.9755863164 0.6715518723 -0.8242328505 -0.4047767490 -0.4069917159
-0.5622054833 -0.8183924688 -0.8692180442 -0.4301655115 -0.8905878771 -0.6397140001 -0.8804858703 -0.4323323533 -0.9602961073 -0.9706438741 0.6665179352 -0.8121384894 -0.3955972616 -0.3978228390
-0.5514082474 -0.8062481279 -0.8573913930 -0.4206223918 -0.8799263040 -0.6293852280 -0.8689606689 -0.4228110352 -0.9537269765 -0.9652978225 0.6611894241 -0.7996723046 -0.3861701653 -0.3884058362
