0.1051476904 -0.1499535039 -0.0744985175 0.2952805493 -0.4680273624 -0.1794622301 -0.4633076464 0.2931569991 -0.8455490956 -0.9998491642 0.7138997611 -0.1251939806 0.3113351164 0.3081961304
0.1311029267 -0.1291086175 -0.0519030673 0.3271189357 -0.4498121355 -0.1593452561 -0.4485223533 0.3249731745 -0.8665462734 -0.9993411199 0.6990423640 -0.1035690918 0.3433071860 0.3401402952
0.1562396854 -0.1088375778 -0.0299407493 0.3580666941 -0.4316611881 -0.1397813123 -0.4339985052 0.3559019860 -0.8859004415 -0.9984794443 0.6839319576 -0.0825262588 0.3743627841 0.3711730261
0.1805693207 -0.0891321561 -0.0086027512 0.3881342214 -0.4135755424 -0.1207623364 -0.4197320240 0.3859537867 -0.9036379938 -0.9972677145 0.6685752379 -0.0620573549 0.4045127555 0.4013050907
0.2041031872 -0.0699841240 0.0121197390 0.4173319143 -0.3955562211 -0.1022802665 -0.4057188313 0.4151389301 -0.9197853243 -0.9957095078 0.6529789007 -0.0421542534 0.4337679449 0.4305472571
0.2268526394 -0.0513852528 0.0322355335 0.4456701696 -0.3776042465 -0.0843270403 -0.3919548491 0.4434677694 -0.9343688270 -0.9938084013 0.6371496419 -0.0228088276 0.4621391971 0.4589102928
0.2488290317 -0.0333273139 0.0517534444 0.4731593839 -0.3597206411 -0.0668945957 -0.3784359990 0.4709506579 -0.9474148959 -0.9915679725 0.6210941572 -0.0040129508 0.4896373569 0.4864049658
0.2700437186 -0.0158020789 0.0706822839 0.4998099541 -0.3419064274 -0.0499748706 -0.3651582030 0.4975979488 -0.9589499249 -0.9889917983 0.6048191425 0.0142415037 0.5162732690 0.5130420439
0.2905080545 0.0011986809 0.0890308640 0.5256322769 -0.3241626278 -0.0335598029 -0.3521173828 0.5234199954 -0.9690003081 -0.9860834562 0.5883312938 0.0319626627 0.5420577783 0.5388322949
0.3102333939 0.0176831939 0.1068079969 0.5506367491 -0.3064902647 -0.0176413304 -0.3393094602 0.5484271511 -0.9775924394 -0.9828465232 0.5716373067 0.0491586529 0.5670017294 0.5637864866
0.3292310912 0.0336596888 0.1240224947 0.5748337673 -0.2888903607 -0.0022113910 -0.3267303571 0.5726297691 -0.9847527127 -0.9792845766 0.5547438773 0.0658376009 0.5911159671 0.5879153867
0.3475125010 0.0491363942 0.1406831695 0.5982337284 -0.2713639381 0.0127380774 -0.3143759951 0.5960382027 -0.9905075221 -0.9754011936 0.5376577013 0.0820076335 0.6144113362 0.6112297632
0.3650889776 0.0641215385 0.1567988335 0.6208470292 -0.2539120194 0.0272151371 -0.3022422962 0.6186628051 -0.9948832616 -0.9711999515 0.5203854745 0.0976768775 0.6368986815 0.6337403838
0.3819718756 0.0786233504 0.1723782988 0.6426840662 -0.2365356270 0.0412278500 -0.2903251822 0.6405139297 -0.9979063251 -0.9666844274 0.5029338929 0.1128534595 0.6585888477 0.6554580164
0.3981725494 0.0926500583 0.1874303776 0.6637552364 -0.2192357835 0.0547842784 -0.2786205748 0.6616019297 -0.9996031065 -0.9618581986 0.4853096523 0.1275455062 0.6794926796 0.6763934287
