-0.9909282526 -0.9854838481 -0.9913731571 -0.9940081733 -0.9890974184 -0.9897978104 -0.9896276374 -0.9938039291 -0.9885658577 -0.9877251228 0.9896099740 -0.9912049642 -0.9949668558 -0.9939898804
-0.9886443121 -0.9827823183 -0.9892806211 -0.9920025050 -0.9867922788 -0.9875913997 -0.9874939400 -0.9917697469 -0.9863491759 -0.9855905699 0.9874120849 -0.9891570416 -0.9930362914 -0.9918722293
-0.9861074909 -0.9798521665 -0.9869615811 -0.9897129475 -0.9842663769 -0.9851688299 -0.9851588456 -0.9894525893 -0.9839339370 -0.9832797796 0.9850025497 -0.9868941785 -0.9907990405 -0.9894415764
-0.9833185897 -0.9766937833 -0.9844161174 -0.9871409387 -0.9815197441 -0.9825299789 -0.9826218440 -0.9868538837 -0.9813195976 -0.9807916347 0.9823811338 -0.9844161565 -0.9882570643 -0.9867001134
-0.9802784089 -0.9733075588 -0.9816443108 -0.9842879164 -0.9785524117 -0.9796747247 -0.9798824251 -0.9839750574 -0.9785056143 -0.9781250176 0.9795476022 -0.9817227571 -0.9854123242 -0.9836500325
-0.9769877493 -0.9696938835 -0.9786462417 -0.9811553182 -0.9753644110 -0.9766029454 -0.9769400789 -0.9808175376 -0.9754914438 -0.9752788109 0.9765017201 -0.9788137618 -0.9822667812 -0.9802935253
-0.9734474114 -0.9658531476 -0.9754219908 -0.9777445818 -0.9719557733 -0.9733145189 -0.9737942953 -0.9773827516 -0.9722765426 -0.9722518972 0.9732432527 -0.9756889521 -0.9788223967 -0.9766327840
-0.9696581957 -0.9617857415 -0.9719716386 -0.9740571451 -0.9683265300 -0.9698093233 -0.9704445640 -0.9736721269 -0.9688603673 -0.9690431590 0.9697719652 -0.9723481095 -0.9750811317 -0.9726700003
-0.9656209029 -0.9574920555 -0.9682952656 -0.9700944457 -0.9644767124 -0.9660872365 -0.9668903750 -0.9696870907 -0.9652423745 -0.9656514789 0.9660876228 -0.9687910155 -0.9710449476 -0.9684073663
-0.9613363337 -0.9529724799 -0.9643929525 -0.9658579214 -0.9604063517 -0.9621481367 -0.9631312182 -0.9654290702 -0.9614220210 -0.9620757394 0.9621899905 -0.9650174516 -0.9667158054 -0.9638470738
-0.9568052885 -0.9482274051 -0.9602647798 -0.9613490099 -0.9561154794 -0.9579919017 -0.9591665835 -0.9608994929 -0.9573987632 -0.9583148231 0.9580788337 -0.9610271994 -0.9620956665 -0.9589913147
-0.9520285680 -0.9432572214 -0.9559108281 -0.9565691490 -0.9516041267 -0.9536184096 -0.9549959607 -0.9560997860 -0.9531720577 -0.9543676126 0.9537539173 -0.9568200403 -0.9571864921 -0.9538422809
-0.9470069728 -0.9380623191 -0.9513311779 -0.9515197764 -0.9468723250 -0.9490275384 -0.9506188397 -0.9510313769 -0.9487413613 -0.9502329904 0.9492150067 -0.9523957558 -0.9519902432 -0.9484021645
-0.9417413034 -0.9326430886 -0.9465259099 -0.9462023298 -0.9419201056 -0.9442191661 -0.9460347105 -0.9456956928 -0.9441061304 -0.9459098390 0.9444618670 -0.9477541274 -0.9465088813 -0.9426731572
-0.9362323606 -0.9269999201 -0.9414951045 -0.9406182470 -0.9367474998 -0.9391931708 -0.9412430629 -0.9400941611 -0.9392658217 -0.9413970411 0.9394942634 -0.9428949367 -0.9407443673 -0.9366574510
