0.8481923391 0.8027386410 0.8267727144 0.8612449922 0.8158040447 0.7565658119 0.5531812189 0.8598993738 0.3919584298 -0.3739333028 -0.5860303823 0.8019689529 0.8715766954 0.8713441911
0.8604544702 0.8152599263 0.8374324424 0.8718966832 0.8270545049 0.7705580078 0.5720854419 0.8705964849 0.3987760286 -0.3622376831 -0.6047050262 0.8147453767 0.8818492034 0.8816540939
0.8722243187 0.8273770021 0.8477193044 0.8821127762 0.8381021266 0.7841628428 0.5906946358 0.8808588454 0.4056239625 -0.3504668363 -0.6230585889 0.8271085747 0.8916806527 0.8915214545
0.8834986173 0.8390892141 0.8576366386 0.8918945716 0.8489303727 0.7973777910 0.6090006876 0.8906877129 0.4124846442 -0.3386207496 -0.6410827086 0.8390571899 0.9010727511 0.9009478690
0.8942740983 0.8503959079 0.8671877828 0.9012433693 0.8595227067 0.8102003263 0.6269954842 0.9000843450 0.4193404865 -0.3266994099 -0.6587690233 0.8505898658 0.9100272066 0.9099349334
0.9045474941 0.8612964293 0.8763760750 0.9101604695 0.8698625916 0.8226279228 0.6446709123 0.9090499993 0.4261739022 -0.3147028042 -0.6761091708 0.8617052455 0.9185457271 0.9184842438
0.9143155373 0.8717901239 0.8852048532 0.9186471723 0.8799334907 0.8346580545 0.6620188590 0.9175859332 0.4329673040 -0.3026309197 -0.6930947892 0.8724019722 0.9266300205 0.9265973962
0.9235749603 0.8818763376 0.8936774552 0.9267047780 0.8897188672 0.8462881955 0.6790312111 0.9256934044 0.4397031049 -0.2904837432 -0.7097175165 0.8826786894 0.9342817948 0.9342759865
0.9323224955 0.8915544159 0.9017972190 0.9343345866 0.8992021844 0.8575158197 0.6956998554 0.9333736705 0.4463637176 -0.2782612618 -0.7259689907 0.8925340401 0.9415027579 0.9415216110
0.9405548754 0.9008237047 0.9095674826 0.9415378982 0.9083669053 0.8683384012 0.7120166789 0.9406279889 0.4529315548 -0.2659634626 -0.7418408497 0.9019666677 0.9482946177 0.9483358655
0.9482688324 0.9096835495 0.9169915840 0.9483160131 0.9171964933 0.8787534139 0.7279735684 0.9474576174 0.4593890294 -0.2535903325 -0.7573247316 0.9109752153 0.9546590822 0.9547203462
0.9554610990 0.9181332962 0.9240728610 0.9546702313 0.9256744116 0.8887583321 0.7435624108 0.9538638133 0.4657185542 -0.2411418584 -0.7724122743 0.9195583264 0.9605978593 0.9606766491
0.9621284075 0.9261722904 0.9308146516 0.9606018530 0.9337841233 0.8983506295 0.7587750930 0.9598478343 0.4719025418 -0.2286180278 -0.7870951159 0.9277146440 0.9661126569 0.9662063702
0.9682674906 0.9337998778 0.9372202939 0.9661121784 0.9415090918 0.9075277804 0.7736035019 0.9654109380 0.4779234053 -0.2160188272 -0.8013648942 0.9354428115 0.9712051829 0.9713111056
0.9738750806 0.9410154042 0.9432931256 0.9712025074 0.9488327801 0.9162872586 0.7880395244 0.9705543819 0.4837635573 -0.2033442438 -0.8152132473 0.9427414721 0.9758771453 0.9759924512
