-0.3698884062 -0.7546688719 -0.7827544604 -0.1627230948 -0.7194617952 -0.4162644800 -0.8854893000 -0.1657526771 -0.8734475189 -0.7511417735 0.2157018339 -0.7127629716 -0.1213886609 -0.1317241267
-0.3783418996 -0.7657985289 -0.7936170002 -0.1697333034 -0.7302149424 -0.4249538261 -0.8967666007 -0.1727605967 -0.8851348585 -0.7619319369 0.2235933128 -0.7233237643 -0.1282291028 -0.1386751535
-0.3863547041 -0.7763632895 -0.8038944110 -0.1763696373 -0.7404113795 -0.4331854198 -0.9074113081 -0.1793930998 -0.8962060610 -0.7721507374 0.2311061979 -0.7333264895 -0.1347118553 -0.1452660891
-0.3939330796 -0.7863706024 -0.8135944900 -0.1826377179 -0.7500585208 -0.4409657133 -0.9174313411 -0.1856558300 -0.9066687618 -0.7818057908 0.2382459837 -0.7427786234 -0.1408423453 -0.1515023704
-0.4010832860 -0.7958279161 -0.8227250341 -0.1885431662 -0.7591637805 -0.4483011587 -0.9268346184 -0.1915544312 -0.9165305964 -0.7909047131 0.2450181649 -0.7516876421 -0.1466259997 -0.1573894343
-0.4078115831 -0.8047426792 -0.8312938404 -0.1940916035 -0.7677345730 -0.4551982082 -0.9356290587 -0.1970945471 -0.9257992004 -0.7994551202 0.2514282362 -0.7600610216 -0.1520682453 -0.1629327177
-0.4141242307 -0.8131223404 -0.8393087061 -0.1992886510 -0.7757783126 -0.4616633140 -0.9438225809 -0.2022818214 -0.9344822093 -0.8074646281 0.2574816922 -0.7679062382 -0.1571745090 -0.1681376576
-0.4200274887 -0.8209743481 -0.8467774281 -0.2041399299 -0.7833024136 -0.4677029282 -0.9514231037 -0.2071218980 -0.9425872587 -0.8149408526 0.2631840276 -0.7752307679 -0.1619502177 -0.1730096907
-0.4255276168 -0.8283061510 -0.8537078036 -0.2086510613 -0.7903142904 -0.4733235030 -0.9584385459 -0.2116204207 -0.9501219839 -0.8218914098 0.2685407371 -0.7820420868 -0.1664007983 -0.1775542541
-0.4306308750 -0.8351251977 -0.8601076295 -0.2128276665 -0.7968213572 -0.4785314906 -0.9648768263 -0.2157830332 -0.9570940206 -0.8283239155 0.2735573152 -0.7883476711 -0.1705316776 -0.1817767847
-0.4353435230 -0.8414389367 -0.8659847031 -0.2166753666 -0.8028310283 -0.4833333432 -0.9707458636 -0.2196153792 -0.9635110042 -0.8342459857 0.2782392568 -0.7941549968 -0.1743482825 -0.1856827192
-0.4396718208 -0.8472548166 -0.8713468213 -0.2201997829 -0.8083507182 -0.4877355129 -0.9760535766 -0.2231231026 -0.9693805704 -0.8396652364 0.2825920563 -0.7994715400 -0.1778560399 -0.1892774948
-0.4436220280 -0.8525802860 -0.8762017813 -0.2234065365 -0.8133878411 -0.4917444519 -0.9808078840 -0.2263118471 -0.9747103545 -0.8445892834 0.2866212086 -0.8043047770 -0.1810603766 -0.1925665481
-0.4472004046 -0.8574227935 -0.8805573800 -0.2263012486 -0.8179498112 -0.4953666124 -0.9850167047 -0.2291872566 -0.9795079922 -0.8490257427 0.2903322082 -0.8086621837 -0.1839667196 -0.1955553162
-0.4504132104 -0.8617897878 -0.8844214146 -0.2288895405 -0.8220440430 -0.4986084465 -0.9886879575 -0.2317549747 -0.9837811189 -0.8529822302 0.2937305497 -0.8125512364 -0.1865804957 -0.1982492360
