-0.0892454971 -0.2530126393 -0.3010470700 -0.0249647301 -0.3626173901 -0.1702863706 -0.2836768464 -0.0275432800 -0.4800239485 -0.5893680966 0.3722501966 -0.2362620641 -0.0005034082 -0.0027096903
-0.0801674164 -0.2408718661 -0.2883421043 -0.0178294394 -0.3506101845 -0.1608517037 -0.2687639910 -0.0204036849 -0.4647081493 -0.5782519179 0.3658404206 -0.2239652381 0.0062614026 0.0040675445
-0.0714756504 -0.2291029186 -0.2759799765 -0.0110747862 -0.3389190913 -0.1517783979 -0.2541001461 -0.0136438253 -0.4494024464 -0.5672434445 0.3596697690 -0.2120489208 0.0126420772 0.0104612808
-0.0631873107 -0.2177243833 -0.2639789544 -0.0047167153 -0.3275616415 -0.1430833750 -0.2397021054 -0.0072796343 -0.4341185583 -0.5563554592 0.3537515845 -0.2005319205 0.0186228218 0.0164557278
-0.0553195090 -0.2067548471 -0.2523573060 0.0012288283 -0.3165553657 -0.1347835566 -0.2255866625 -0.0013270454 -0.4188682035 -0.5456007450 0.3480992095 -0.1894330454 0.0241878428 0.0220350949
-0.0478893570 -0.1962128965 -0.2411332992 0.0067458998 -0.3059177947 -0.1268958646 -0.2117706113 0.0041980083 -0.4036631005 -0.5349920847 0.3427259863 -0.1787711040 0.0293213467 0.0271835916
-0.0409139665 -0.1861171183 -0.2303252020 0.0118185541 -0.2956664594 -0.1194372208 -0.1982707452 0.0092795935 -0.3885149678 -0.5245422612 0.3376452576 -0.1685649045 0.0340075397 0.0318854272
-0.0344104490 -0.1764860992 -0.2199512824 0.0164308465 -0.2858188906 -0.1124245468 -0.1851038580 0.0139017768 -0.3734355239 -0.5142640573 0.3328703657 -0.1588332552 0.0382306284 0.0361248111
-0.0283959163 -0.1673384259 -0.2100298081 0.0205668319 -0.2763926189 -0.1058747645 -0.1722867434 0.0180486250 -0.3584364873 -0.5041702558 0.3284146531 -0.1495949644 0.0419748190 0.0398859527
-0.0228874800 -0.1586926852 -0.2005790472 0.0242105656 -0.2674051753 -0.0998047956 -0.1598361950 0.0217042048 -0.3435295765 -0.4942736398 0.3242914623 -0.1408688404 0.0452243179 0.0431530613
-0.0179022519 -0.1505674637 -0.1916172677 0.0273461025 -0.2588740905 -0.0942315618 -0.1477690065 0.0248525830 -0.3287265099 -0.4845869920 0.3205141358 -0.1326736916 0.0479633314 0.0459103465
-0.0134573436 -0.1429813480 -0.1831627374 0.0299574978 -0.2508168954 -0.0891719851 -0.1361019716 0.0274778262 -0.3140390061 -0.4751230952 0.3170960159 -0.1250283262 0.0501760661 0.0481420175
-0.0095698669 -0.1359529251 -0.1752337243 0.0320288065 -0.2432511206 -0.0846429870 -0.1248518840 0.0295640012 -0.2994787835 -0.4658947324 0.3140504452 -0.1179515525 0.0518467281 0.0498322837
-0.0062569333 -0.1295007814 -0.1678484962 0.0335440837 -0.2361942970 -0.0806614894 -0.1140355372 0.0310951747 -0.2850575607 -0.4569146864 0.3113907662 -0.1114621789 0.0529595240 0.0509653546
-0.0035356547 -0.1236435038 -0.1610253213 0.0344873846 -0.2296639554 -0.0772444141 -0.1036697251 0.0320554134 -0.2707870562 -0.4481957401 0.3091303213 -0.1055790137 0.0534986600 0.0515254395
