0.5924497409 0.9918254178 0.9738302254 0.4018529031 0.9885081904 0.9958013928 0.9714816449 0.4056621011 0.9910405798 0.3651565457 -0.9171470173 0.9777292033 0.3272062669 0.3473324829
0.5865653428 0.9891160955 0.9693689721 0.3948528831 0.9861369732 0.9937532134 0.9741386179 0.3986289339 0.9921446783 0.3702982594 -0.9196550883 0.9735621427 0.3204219554 0.3403177240
0.5804351368 0.9860080067 0.9645389967 0.3876669366 0.9835369010 0.9912915789 0.9766712350 0.3914094839 0.9931759509 0.3754811455 -0.9221194086 0.9690210719 0.3134652767 0.3331295537
0.5740562109 0.9824966898 0.9593365030 0.3802930158 0.9807063070 0.9884119309 0.9790786213 0.3840017051 0.9941344565 0.3807059435 -0.9245402145 0.9641020826 0.3063342985 0.3257660675
0.5674256530 0.9785776829 0.9537576950 0.3727290732 0.9776435247 0.9851097113 0.9813599023 0.3764035513 0.9950202539 0.3859733934 -0.9269177421 0.9588012664 0.2990270885 0.3182253609
0.5605405511 0.9742465244 0.9477987767 0.3649730609 0.9743468873 0.9813803619 0.9835142032 0.3686129767 0.9958334020 0.3912842349 -0.9292522277 0.9531147149 0.2915417145 0.3105055293
0.5533979932 0.9694987524 0.9414559521 0.3570229314 0.9708147281 0.9772193243 0.9855406494 0.3606279353 0.9965739596 0.3966392078 -0.9315439075 0.9470385197 0.2838762440 0.3026046682
0.5459950672 0.9643299053 0.9347254250 0.3488766369 0.9670453805 0.9726220405 0.9874383663 0.3524463809 0.9972419855 0.4020390519 -0.9337930177 0.9405687723 0.2760287448 0.2945208732
0.5383288610 0.9587355213 0.9276033994 0.3405321298 0.9630371779 0.9675839520 0.9892064791 0.3440662677 0.9978375385 0.4074845069 -0.9359997944 0.9337015646 0.2679972845 0.2862522396
0.5303964628 0.9527111386 0.9200860793 0.3319873624 0.9587884536 0.9621005009 0.9908441131 0.3354855496 0.9983606775 0.4129763127 -0.9381644739 0.9264329879 0.2597799309 0.2777968631
0.5221949604 0.9462522956 0.9121696687 0.3232402869 0.9542975408 0.9561671287 0.9923503938 0.3267021806 0.9988114613 0.4185152090 -0.9402872924 0.9187591340 0.2513747516 0.2691528390
0.5137214418 0.9393545304 0.9038503714 0.3142888558 0.9495627730 0.9497792773 0.9937244464 0.3177141147 0.9991899488 0.4241019356 -0.9423684861 0.9106760945 0.2427798144 0.2603182629
0.5049729950 0.9320133813 0.8951243915 0.3051310213 0.9445824834 0.9429323884 0.9949653962 0.3085193060 0.9994961988 0.4297372323 -0.9444082913 0.9021799609 0.2339931868 0.2512912303
0.4959467079 0.9242243866 0.8859879329 0.2957647357 0.9393550055 0.9356219039 0.9960723686 0.2991157084 0.9997302700 0.4354218388 -0.9464069440 0.8932668249 0.2250129366 0.2420698366
0.4866396685 0.9159830846 0.8764371995 0.2861879514 0.9338786724 0.9278432654 0.9970444889 0.2895012759 0.9998922214 0.4411564951 -0.9483646805 0.8839327781 0.2158371315 0.2326521774
