0.9854858643 0.9638642531 0.9932248052 0.9678114464 0.8969545961 0.9571809061 0.9288498079 0.9682294721 0.8667087096 0.9106103950 -0.9249437291 0.9753195114 0.9565684715 0.9560714658
0.9837643283 0.9600746443 0.9915139373 0.9692797505 0.8897268080 0.9534861097 0.9222090917 0.9696804796 0.8579808775 0.9040651450 -0.9193036448 0.9719458360 0.9582266655 0.9576959110
0.9819495007 0.9561087277 0.9896165959 0.9707225674 0.8822843864 0.9496495281 0.9153016340 0.9711063856 0.8490167597 0.8973148382 -0.9134799269 0.9683680832 0.9598641299 0.9593020068
0.9800418749 0.9519682841 0.9875344367 0.9721392198 0.8746303345 0.9456724781 0.9081312110 0.9725065097 0.8398201451 0.8903621644 -0.9074747519 0.9645883637 0.9614801133 0.9608889756
0.9780419446 0.9476550941 0.9852691156 0.9735290305 0.8667676553 0.9415562765 0.9007015989 0.9738801714 0.8303948228 0.8832098135 -0.9012902965 0.9606087883 0.9630738640 0.9624560398
0.9759502035 0.9431709386 0.9828222883 0.9748913222 0.8586993521 0.9373022399 0.8930165738 0.9752266903 0.8207445817 0.8758604753 -0.8949287372 0.9564314679 0.9646446305 0.9640024217
0.9737671453 0.9385175982 0.9801956108 0.9762254176 0.8504284278 0.9329116852 0.8850799119 0.9765453859 0.8108732109 0.8683168398 -0.8883922507 0.9520585133 0.9661916611 0.9655273436
0.9714932635 0.9336968536 0.9773907388 0.9775306397 0.8419578857 0.9283859291 0.8768953893 0.9778355778 0.8007844993 0.8605815967 -0.8816830135 0.9474920352 0.9677142043 0.9670300281
0.9691290518 0.9287104855 0.9744093282 0.9788063111 0.8332907289 0.9237262882 0.8684667822 0.9790965856 0.7904822360 0.8526574359 -0.8748032022 0.9427341445 0.9692115085 0.9685096974
0.9666750039 0.9235602746 0.9712530348 0.9800517546 0.8244299606 0.9189340794 0.8597978667 0.9803277288 0.7799702099 0.8445470472 -0.8677549934 0.9377869520 0.9706828221 0.9699655740
0.9641316133 0.9182480018 0.9679235144 0.9812662929 0.8153785837 0.9140106195 0.8508924191 0.9815283269 0.7692522101 0.8362531206 -0.8605405637 0.9326525685 0.9721273935 0.9713968801
0.9614993738 0.9127754475 0.9644224229 0.9824492489 0.8061396015 0.9089572251 0.8417542153 0.9826976996 0.7583320255 0.8277783458 -0.8531620897 0.9273331047 0.9735444712 0.9728028383
0.9587787790 0.9071443927 0.9607514160 0.9835999452 0.7967160171 0.9037752130 0.8323870318 0.9838351663 0.7472134451 0.8191254127 -0.8456217480 0.9218306716 0.9749333035 0.9741826708
0.9559703225 0.9013566180 0.9569121497 0.9847177047 0.7871108336 0.8984659000 0.8227946444 0.9849400467 0.7359002580 0.8102970112 -0.8379217152 0.9161473798 0.9762931388 0.9755356001
0.9530744979 0.8954139041 0.9529062797 0.9858018502 0.7773270541 0.8930306028 0.8129808295 0.9860116604 0.7243962531 0.8012958310 -0.8300641679 0.9102853403 0.9776232256 0.9768608484
