0.1091842322 0.1244591265 0.0620694532 0.0675614055 0.1722970441 0.1144483286 0.1245329314 0.0699782166 0.1991663001 0.0753369857 -0.1670000312 0.1034837411 0.0853274376 0.0756663579
0.1234442181 0.1392279765 0.0785378711 0.0819393720 0.1852899977 0.1293924624 0.1396060441 0.0843309227 0.2117476827 0.0919903584 -0.1788314474 0.1186206403 0.0990306040 0.0895244246
0.1382201662 0.1544689752 0.0954839352 0.0968836097 0.1987725891 0.1448140998 0.1551372371 0.0992478240 0.2248016261 0.1090951226 -0.1912129222 0.1342408723 0.1133072378 0.1039617812
0.1535194154 0.1701886223 0.1129138289 0.1124022531 0.2127520290 0.1607197864 0.1711327072 0.1147370271 0.2383351597 0.1266569876 -0.2041529335 0.1503510323 0.1281657525 0.1189868998
0.1693493048 0.1863934175 0.1308337358 0.1285034369 0.2272355282 0.1771160677 0.1875986510 0.1308066387 0.2523553131 0.1446816629 -0.2176599591 0.1669577152 0.1436145620 0.1346082524
0.1857171732 0.2030898608 0.1492498395 0.1451952956 0.2422302974 0.1940094895 0.2045412652 0.1474647655 0.2668691157 0.1631748578 -0.2317424770 0.1840675160 0.1596620801 0.1508343112
0.2026303597 0.2202844520 0.1681683234 0.1624859638 0.2577435475 0.2114065973 0.2219667465 0.1647195140 0.2818835971 0.1821422817 -0.2464089649 0.2016870295 0.1763167204 0.1676735482
0.2200962031 0.2379836908 0.1875953711 0.1803835761 0.2737824891 0.2293139367 0.2398812916 0.1825789910 0.2974057868 0.2015896439 -0.2616679009 0.2198228510 0.1935868967 0.1851344354
0.2381220424 0.2561940771 0.2075371662 0.1988962670 0.2903543330 0.2477380533 0.2582910972 0.2010513030 0.3134427142 0.2215226540 -0.2775277627 0.2384815752 0.2114810229 0.2032254451
0.2567152165 0.2749221106 0.2279998921 0.2180321713 0.3074662900 0.2666854926 0.2772023600 0.2201445566 0.3300014089 0.2419470212 -0.2939970283 0.2576697972 0.2300075125 0.2219550491
0.2758830645 0.2941742913 0.2489897325 0.2377994234 0.3251255708 0.2861628004 0.2966212768 0.2398668586 0.3470889004 0.2628684548 -0.3110841755 0.2773941119 0.2491747795 0.2413317196
0.2956329252 0.3139571188 0.2705128708 0.2582061580 0.3433393863 0.3061765222 0.3165540441 0.2602263155 0.3647122182 0.2842926644 -0.3287976822 0.2976611144 0.2689912375 0.2613639287
0.3159721376 0.3342770931 0.2925754906 0.2792605097 0.3621149471 0.3267332036 0.3370068587 0.2812310340 0.3828783917 0.3062253593 -0.3471460264 0.3184773996 0.2894653003 0.2820601484
0.3369080406 0.3551407138 0.3151837754 0.3009706130 0.3814594641 0.3478393902 0.3579859172 0.3028891207 0.4015944505 0.3286722488 -0.3661376858 0.3398495625 0.3106053816 0.3034288509
0.3584479732 0.3765544810 0.3383439087 0.3233446025 0.4013801480 0.3695016276 0.3794974164 0.3252086822 0.4208674241 0.3516390423 -0.3857811384 0.3617841981 0.3324198952 0.3254785081
