0.8431586949 0.6172810051 0.4445707361 0.6702749557 0.7816476159 0.5880313054 0.4136407322 0.6680392764 0.6563175245 -0.6833692934 -0.3579575477 0.6164372023 0.6902011797 0.6935989040
0.8526372802 0.6310437897 0.4590894693 0.6834645115 0.7828340102 0.6020600689 0.4280685432 0.6812457973 0.6531306023 -0.6756321925 -0.3733976238 0.6302890633 0.7032321153 0.7065674731
0.8618683921 0.6446290958 0.4734990868 0.6964543682 0.7838466769 0.6159229200 0.4423993105 0.6942538727 0.6498170553 -0.6677925663 -0.3887457885 0.6439616677 0.7160514785 0.7193234555
0.8708471376 0.6580324215 0.4877958950 0.7092398672 0.7846827653 0.6296154428 0.4566295689 0.7070588604 0.6463752531 -0.6598500982 -0.4039980775 0.6574504361 0.7286544492 0.7318620392
0.8795686237 0.6712492650 0.5019762007 0.7218163496 0.7853394247 0.6431332216 0.4707558532 0.7196561182 0.6428035649 -0.6518044713 -0.4191505268 0.6707507890 0.7410362070 0.7441784122
0.8880279577 0.6842751242 0.5160363104 0.7341791568 0.7858138045 0.6564718404 0.4847746980 0.7320410041 0.6391003601 -0.6436553689 -0.4341991721 0.6838581468 0.7531919316 0.7562677625
0.8962202464 0.6971054975 0.5299725306 0.7463236300 0.7861030540 0.6696268834 0.4986826381 0.7442088759 0.6352640082 -0.6354024744 -0.4491400493 0.6967679301 0.7651168029 0.7681252781
0.9041405970 0.7097358827 0.5437811681 0.7582451106 0.7862043227 0.6825939348 0.5124762081 0.7561550916 0.6312928785 -0.6270454709 -0.4639691942 0.7094755593 0.7768060004 0.7797461471
0.9117841166 0.7221617782 0.5574585294 0.7699389398 0.7861147598 0.6953685787 0.5261519427 0.7678750091 0.6271853405 -0.6185840418 -0.4786826427 0.7219764550 0.7882547041 0.7911255574
0.9191459122 0.7343786820 0.5710009212 0.7814004588 0.7858315146 0.7079463993 0.5397063767 0.7793639861 0.6229397634 -0.6100178703 -0.4932764306 0.7342660377 0.7994580935 0.8022586971
0.9262210909 0.7463820922 0.5844046499 0.7926250091 0.7853517366 0.7203229807 0.5531360448 0.7906173806 0.6185545166 -0.6013466396 -0.5077465937 0.7463397279 0.8104113484 0.8131407542
0.9330047598 0.7581675069 0.5976660223 0.8036079317 0.7846725751 0.7324939072 0.5664374817 0.8016305506 0.6140279697 -0.5925700331 -0.5220891679 0.7581929460 0.8211096485 0.8237669166
0.9394920259 0.7697304242 0.6107813449 0.8143445681 0.7837911794 0.7444547628 0.5796072221 0.8123988538 0.6093584918 -0.5836877339 -0.5363001890 0.7698211125 0.8315481736 0.8341323724
0.9456779963 0.7810663423 0.6237469244 0.8248302596 0.7827046990 0.7562011317 0.5926418007 0.8229176481 0.6045444525 -0.5746994255 -0.5503756928 0.7812196481 0.8417221034 0.8442323096
0.9515577781 0.7921707593 0.6365590673 0.8350603473 0.7814102830 0.7677285981 0.6055377521 0.8331822916 0.5995842211 -0.5656047909 -0.5643117151 0.7923839731 0.8516266177 0.8540619162
