-0.6829153729 -0.7581901804 -0.8716377340 -0.6287670718 -0.8371869526 -0.7118931322 -0.9065699224 -0.6259154940 -0.5868763640 0.2054120878 0.1127035688 -0.7460860953 -0.5421809942 -0.5889384761
-0.6974281498 -0.7712364558 -0.8805027676 -0.6442309121 -0.8477105237 -0.7249542940 -0.9151457340 -0.6414229376 -0.5922895409 0.2020599888 0.1179291279 -0.7596901988 -0.5587926319 -0.6047779111
-0.7116055018 -0.7839304741 -0.8890560976 -0.6593871851 -0.8578323025 -0.7376810134 -0.9232962520 -0.6566243282 -0.5973228491 0.1988513177 0.1229317022 -0.7729274330 -0.5751423320 -0.6203333143
-0.7254470985 -0.7962714042 -0.8972971030 -0.6742344565 -0.8675573625 -0.7500754936 -0.9310234276 -0.6715181839 -0.6019840649 0.1957809618 0.1277167749 -0.7857971389 -0.5912274339 -0.6356030003
-0.7389526096 -0.8082584150 -0.9052251626 -0.6887712922 -0.8768907774 -0.7621399374 -0.9383292123 -0.6861030229 -0.6062809646 0.1928438084 0.1322898291 -0.7982986572 -0.6070452772 -0.6505852839
-0.7521217050 -0.8198906755 -0.9128396554 -0.7029962579 -0.8858376208 -0.7738765478 -0.9452155572 -0.7003773637 -0.6102213245 0.1900347446 0.1366563481 -0.8104313288 -0.6225932014 -0.6652784799
-0.7649540542 -0.8311673544 -0.9201399601 -0.7169079194 -0.8944029662 -0.7852875278 -0.9516844139 -0.7143397242 -0.6138129209 0.1873486579 0.1408218151 -0.8221944947 -0.6378685462 -0.6796809029
-0.7774493270 -0.8420876207 -0.9271254559 -0.7305048424 -0.9025918874 -0.7963750804 -0.9577377336 -0.7279886230 -0.6170635302 0.1847804353 0.1447917134 -0.8335874956 -0.6528686509 -0.6937908677
-0.7896071932 -0.8526506433 -0.9337955214 -0.7437855928 -0.9104094577 -0.8071414085 -0.9633774676 -0.7413225781 -0.6199809285 0.1823249642 0.1485715260 -0.8446096725 -0.6675908553 -0.7076066891
-0.8014273224 -0.8628555910 -0.9401495357 -0.7567487363 -0.9178607509 -0.8175887152 -0.9686055673 -0.7543401079 -0.6225728922 0.1799771318 0.1521667364 -0.8552603663 -0.6820324988 -0.7211266818
-0.8129093844 -0.8727016328 -0.9461868776 -0.7693928386 -0.9249508406 -0.8277192034 -0.9734239840 -0.7670397306 -0.6248471976 0.1777318254 0.1555828276 -0.8655389177 -0.6961909209 -0.7343491604
-0.8240530489 -0.8821879375 -0.9519069260 -0.7817164656 -0.9316848004 -0.8375350761 -0.9778346691 -0.7794199644 -0.6268116211 0.1755839323 0.1588252830 -0.8754446677 -0.7100634613 -0.7472724398
-0.8348579855 -0.8913136741 -0.9573090598 -0.7937181831 -0.9380677037 -0.8470385363 -0.9818395739 -0.7914793277 -0.6284739388 0.1735283396 0.1618995857 -0.8849769572 -0.7236474595 -0.7598948347
-0.8453238641 -0.9000780113 -0.9623926580 -0.8053965567 -0.9441046244 -0.8562317869 -0.9854406497 -0.8032163386 -0.6298419271 0.1715599348 0.1648112189 -0.8941351269 -0.7369402549 -0.7722146598
-0.8554503543 -0.9084801181 -0.9671570993 -0.8167501523 -0.9498006359 -0.8651170310 -0.9886398480 -0.8146295154 -0.6309233623 0.1696736049 0.1675656659 -0.9029185179 -0.7499391872 -0.7842302299
