-0.4223286376 -0.0568679017 -0.0251756853 0.1112788236 -0.3606781595 -0.0571115104 -0.1415368715 0.1072020658 -0.1252043522 0.0487091709 0.3455815828 -0.0139486113 0.1596784255 0.1462242498
-0.4135442517 -0.0396752316 -0.0084886129 0.1267978356 -0.3712773380 -0.0400002592 -0.1238586653 0.1227552255 -0.1399160831 0.0631994408 0.3265015332 0.0028151036 0.1747582508 0.1614416376
-0.4047043964 -0.0223080252 0.0083654170 0.1424255772 -0.3819705691 -0.0227122426 -0.1059629597 0.1384188707 -0.1547510625 0.0778776373 0.3071013375 0.0197363655 0.1899269344 0.1767529642
-0.3958093229 -0.0047657847 0.0253870103 0.1581620716 -0.3927583606 -0.0052468752 -0.0878486950 0.1541930428 -0.1697097777 0.0927448604 0.2873791410 0.0368155680 0.2051843089 0.1921581022
-0.3868592823 0.0129519879 0.0425767733 0.1740073415 -0.4036412203 0.0123964282 -0.0695148113 0.1700777832 -0.1847927163 0.1078022102 0.2673330894 0.0540531047 0.2205302067 0.2076569242
-0.3778545257 0.0308457902 0.0599353120 0.1899614101 -0.4146196561 0.0302182530 -0.0509602488 0.1860731333 -0.2000003657 0.1230507865 0.2469613280 0.0714493693 0.2359644602 0.2232493027
-0.3687953042 0.0489161203 0.0774632326 0.2060243003 -0.4256941758 0.0482191845 -0.0321839478 0.2021791343 -0.2153332132 0.1384916894 0.2262620024 0.0890047552 0.2514869018 0.2389351102
-0.3596818691 0.0671634758 0.0951611412 0.2221960351 -0.4368652873 0.0663998080 -0.0131848485 0.2183958278 -0.2307917465 0.1541260188 0.2052332581 0.1067196560 0.2670973639 0.2547142193
-0.3505144714 0.0855883548 0.1130296440 0.2384766375 -0.4481334983 0.0847607090 0.0060381090 0.2347232550 -0.2463764528 0.1699548747 0.1838732407 0.1245944653 0.2827956791 0.2705865025
-0.3412933622 0.1041912550 0.1310693470 0.2548661304 -0.4594993167 0.1033024726 0.0254859843 0.2511614573 -0.2620878198 0.1859793570 0.1621800956 0.1426295768 0.2985816796 0.2865518323
-0.3320187928 0.1229726743 0.1492808564 0.2713645370 -0.4709632504 0.1220256843 0.0451598373 0.2677104761 -0.2779263347 0.2022005658 0.1401519683 0.1608253839 0.3144551980 0.3026100813
-0.3226910142 0.1419331105 0.1676647784 0.2879718800 -0.4825258071 0.1409309293 0.0650607277 0.2843703528 -0.2938924850 0.2186196010 0.1177870043 0.1791822802 0.3304160666 0.3187611220
-0.3133102776 0.1610730615 0.1862217189 0.3046881826 -0.4941874946 0.1600187930 0.0851897154 0.3011411286 -0.3099867582 0.2352375625 0.0950833492 0.1977006594 0.3464641180 0.3350048270
-0.3038768342 0.1803930252 0.2049522843 0.3215134677 -0.5059488209 0.1792898608 0.1055478601 0.3180228450 -0.3262096418 0.2520555504 0.0720391484 0.2163809150 0.3625991844 0.3513410687
-0.2943909349 0.1998934993 0.2238570805 0.3384477583 -0.5178102938 0.1987447178 0.1261362217 0.3350155433 -0.3425616231 0.2690746646 0.0486525474 0.2352234405 0.3788210984 0.3677697198
