0.6055132552 0.4651198769 0.3527780530 0.5870151987 0.5945658602 0.4313821816 0.3529925094 0.5858524603 0.5907473377 0.0371155407 -0.4166899968 0.4352992131 0.6128130153 0.6219076071
0.6215895149 0.4812990323 0.3686844734 0.6019848260 0.6080440856 0.4476166262 0.3691154204 0.6008260578 0.6040814945 0.0511532205 -0.4327225788 0.4516748379 0.6277392222 0.6367452594
0.6374323737 0.4973323453 0.3844949967 0.6167657291 0.6213044704 0.4637199118 0.3851396641 0.6156116186 0.6171991483 0.0651819196 -0.4486335077 0.4679151915 0.6424594573 0.6513724195
0.6530348603 0.5132145290 0.4002053128 0.6313525498 0.6343407160 0.4796869689 0.4010607506 0.6302037956 0.6300940438 0.0791991726 -0.4644180030 0.4840150405 0.6569680395 0.6657833640
0.6683900036 0.5289402962 0.4158111115 0.6457399298 0.6471465236 0.4955127283 0.4168741899 0.6445972420 0.6427599255 0.0932025144 -0.4800712841 0.4999691514 0.6712592879 0.6799723695
0.6834908324 0.5445043602 0.4313080826 0.6599225110 0.6597155943 0.5111921204 0.4325754919 0.6587866109 0.6551905382 0.1071894796 -0.4955885706 0.5157722909 0.6853275215 0.6939337128
0.6983303755 0.5599014337 0.4466919158 0.6738949350 0.6720416293 0.5267200759 0.4481601667 0.6727665556 0.6673796264 0.1211576031 -0.5109650817 0.5314192255 0.6991670592 0.7076616703
0.7129016618 0.5751262300 0.4619583011 0.6876518435 0.6841183300 0.5420915254 0.4636237241 0.6865317289 0.6793209347 0.1351044195 -0.5261960370 0.5469047218 0.7127722200 0.7211505188
0.7271977200 0.5901734619 0.4771029281 0.7011878784 0.6959393976 0.5573013994 0.4789616741 0.7000767842 0.6910082079 0.1490274636 -0.5412766559 0.5622235464 0.7261373229 0.7343945348
0.7412115791 0.6050378426 0.4921214868 0.7144976813 0.7074985332 0.5723446285 0.4941695269 0.7133963746 0.7024351905 0.1629242701 -0.5562021578 0.5773704660 0.7392566870 0.7473879950
0.7549362677 0.6197140849 0.5070096668 0.7275758940 0.7187894381 0.5872161434 0.5092427922 0.7264851530 0.7135956271 0.1767923738 -0.5709677622 0.5923402470 0.7521246312 0.7601251760
0.7683648147 0.6341969020 0.5217631581 0.7404171582 0.7298058135 0.6019108746 0.5241769801 0.7393377728 0.7244832625 0.1906293095 -0.5855686885 0.6071276561 0.7647354745 0.7726003544
0.7814902489 0.6484810068 0.5363776504 0.7530161156 0.7405413607 0.6164237527 0.5389676006 0.7519488869 0.7350918412 0.2044326118 -0.6000001562 0.6217274599 0.7770835359 0.7848078069
0.7943055992 0.6625611123 0.5508488335 0.7653674081 0.7509897808 0.6307497084 0.5536101636 0.7643131485 0.7454151078 0.2181998156 -0.6142573846 0.6361344249 0.7891631344 0.7967418101
0.8068038944 0.6764319316 0.5651723972 0.7774656773 0.7611447752 0.6448836721 0.5681001791 0.7764252108 0.7554468071 0.2319284554 -0.6283355932 0.6503433178 0.8009685890 0.8083966405
