-0.1732492463 -0.0838286685 -0.4979392270 -0.5411073408 0.2533006250 0.0069613018 0.0261863925 -0.5382146782 0.4279089995 0.2499915007 -0.1676808389 -0.1337547334 -0.5434674978 -0.5320173537
-0.1857286903 -0.0945332713 -0.5075869872 -0.5531247467 0.2425477673 -0.0051165345 0.0171812628 -0.5502484380 0.4179556297 0.2379544250 -0.1563038929 -0.1445208205 -0.5558651237 -0.5440584396
-0.1983207487 -0.1054460419 -0.5172284406 -0.5650525272 0.2313921726 -0.0174214980 0.0078623066 -0.5621938498 0.4074784821 0.2255481036 -0.1445892674 -0.1554645742 -0.5681624068 -0.5560145959
-0.2110267108 -0.1165707586 -0.5268639825 -0.5768885477 0.2198265956 -0.0299571064 -0.0017768917 -0.5740487951 0.3964677916 0.2127664532 -0.1325311561 -0.1665891991 -0.5803568542 -0.5678837622
-0.2238478660 -0.1279111998 -0.5364940085 -0.5886306741 0.2078437908 -0.0427268777 -0.0117427479 -0.5858111552 0.3849137936 0.1996033902 -0.1201237528 -0.1778978998 -0.5924459732 -0.5796638780
-0.2367855035 -0.1394711437 -0.5461189141 -0.6002767718 0.1954365129 -0.0557343294 -0.0220416776 -0.5974788117 0.3728067230 0.1860528313 -0.1073612515 -0.1893938810 -0.6044272712 -0.5913528827
-0.2498409125 -0.1512543689 -0.5557390948 -0.6118247066 0.1825975165 -0.0689829795 -0.0326800964 -0.6090496459 0.3601368149 0.1721086930 -0.0942378458 -0.2010803474 -0.6162982553 -0.6029487159
-0.2630153823 -0.1632646535 -0.5653549460 -0.6232723442 0.1693195562 -0.0824763457 -0.0436644199 -0.6205215392 0.3468943045 0.1577648918 -0.0807477297 -0.2129605036 -0.6280564328 -0.6144493170
-0.2763102023 -0.1755057760 -0.5749668632 -0.6346175502 0.1555953867 -0.0962179458 -0.0550010638 -0.6318923731 0.3330694268 0.1430153445 -0.0668850969 -0.2250375542 -0.6396993110 -0.6258526255
-0.2897266616 -0.1879815147 -0.5845752419 -0.6458581902 0.1414177626 -0.1102112977 -0.0666964437 -0.6431600288 0.3186524170 0.1278539675 -0.0526441413 -0.2373147040 -0.6512243972 -0.6371565809
-0.3032660496 -0.2006956480 -0.5941804776 -0.6569921299 0.1267794384 -0.1244599190 -0.0787569753 -0.6543223880 0.3036335101 0.1122746774 -0.0380190567 -0.2497951575 -0.6626291987 -0.6483591226
-0.3169296555 -0.2136519542 -0.6037829657 -0.6680172350 0.1116731689 -0.1389673276 -0.0911890743 -0.6653773319 0.2880029412 0.0962713907 -0.0230040369 -0.2624821195 -0.6739112226 -0.6594581903
-0.3307187686 -0.2268542116 -0.6133831018 -0.6789313712 0.0960917087 -0.1537370414 -0.1039991561 -0.6763227419 0.2717509455 0.0798380241 -0.0075932758 -0.2753787946 -0.6850679763 -0.6704517233
-0.3446346781 -0.2403061987 -0.6229812813 -0.6897324040 0.0800278123 -0.1687725779 -0.1171936366 -0.6871564996 0.2548677580 0.0629684941 0.0082190329 -0.2884883874 -0.6960969671 -0.6813376613
-0.3586786733 -0.2540116937 -0.6325778997 -0.7004181991 0.0634742345 -0.1840774552 -0.1307789313 -0.6978764862 0.2373436138 0.0456567172 0.0244386953 -0.3018141026 -0.7069957022 -0.6921139435
