-0.7366654717 -0.8040766591 -0.7987806833 -0.6889457380 -0.8712883204 -0.8089251148 -0.8592263518 -0.6889590280 -0.9883618234 -0.9674980074 0.8894890365 -0.8048523906 -0.6881742324 -0.6841930135
-0.7482531347 -0.8132867400 -0.8076737007 -0.7009639821 -0.8791489641 -0.8178675101 -0.8664194187 -0.7009779954 -0.9904047304 -0.9697148631 0.8955982746 -0.8139586654 -0.7001892418 -0.6962394280
-0.7595544890 -0.8222559556 -0.8163481546 -0.7127197263 -0.8867440577 -0.8265772799 -0.8734095821 -0.7127344482 -0.9922462421 -0.9718509414 0.9015219040 -0.8228286237 -0.7119422081 -0.7080256505
-0.7705712738 -0.8309857055 -0.8248052484 -0.7242144902 -0.8940753431 -0.8350557585 -0.8801979872 -0.7242299044 -0.9938878309 -0.9739065185 0.9072609653 -0.8314636265 -0.7234346609 -0.7195531919
-0.7813052286 -0.8394773896 -0.8330461857 -0.7354497930 -0.9011445619 -0.8433042805 -0.8867857793 -0.7354658825 -0.9953309692 -0.9758818704 0.9128164989 -0.8398650350 -0.7346681302 -0.7308235630
-0.7917580925 -0.8477324076 -0.8410721700 -0.7464271545 -0.9079534563 -0.8513241802 -0.8931741038 -0.7464439007 -0.9965771294 -0.9777772733 0.9181895453 -0.8480342104 -0.7456441457 -0.7418382749
-0.8019316049 -0.8557521593 -0.8488844047 -0.7571480939 -0.9145037680 -0.8591167921 -0.8993641060 -0.7571654773 -0.9976277837 -0.9795930031 0.9233811449 -0.8559725137 -0.7563642373 -0.7525988385
-0.8118275051 -0.8635380444 -0.8564840933 -0.7676141308 -0.9207972390 -0.8666834506 -0.9053569313 -0.7676321306 -0.9984844045 -0.9813293360 0.9283923383 -0.8636813062 -0.7668299347 -0.7631067647
-0.8214475323 -0.8710914626 -0.8638724394 -0.7778267846 -0.9268356111 -0.8740254902 -0.9111537248 -0.7778453788 -0.9991484642 -0.9829865481 0.9332241659 -0.8711619490 -0.7770427677 -0.7733635644
-0.8307934260 -0.8784138139 -0.8710506464 -0.7877875747 -0.9326206263 -0.8811442452 -0.9167556320 -0.7878067402 -0.9996214351 -0.9845649153 0.9378776682 -0.8784158032 -0.7870042661 -0.7833707486
-0.8398669254 -0.8855064978 -0.8780199178 -0.7974980208 -0.9381540263 -0.8880410502 -0.9221637982 -0.7975177332 -0.9999047896 -0.9860647138 0.9423538857 -0.8854442301 -0.7967159598 -0.7931298282
-0.8486697697 -0.8923709142 -0.8847814572 -0.8069596421 -0.9434375531 -0.8947172396 -0.9273793686 -0.8069798759 -1.0000000000 -0.9874862196 0.9466538589 -0.8922485906 -0.8061793786 -0.8026423142
-0.8572036983 -0.8990084628 -0.8913364679 -0.8161739582 -0.9484729486 -0.9011741477 -0.9324034887 -0.8161946868 -0.9999085386 -0.9888297088 0.9507786282 -0.8988302460 -0.8153960522 -0.8119097175
-0.8654704506 -0.9054205434 -0.8976861536 -0.8251424886 -0.9532619546 -0.9074131091 -0.9372373037 -0.8251636840 -0.9996318779 -0.9900954575 0.9547292341 -0.9051905574 -0.8243675104 -0.8209335490
-0.8734717657 -0.9116085557 -0.9038317177 -0.8338667526 -0.9578063131 -0.9134354582 -0.9418819590 -0.8338883858 -0.9991714901 -0.9912837418 0.9585067171 -0.9113308860 -0.8330952831 -0.8297153196
