-0.2397919554 -0.3732631920 -0.4114302580 -0.3849258957 -0.0934996363 -0.4122857259 -0.5289060177 -0.3825856304 0.0233438921 -0.7020963477 0.6223204220 -0.3752377525 -0.3658364590 -0.3620403071
-0.2344351813 -0.3679497236 -0.4070723621 -0.3816968009 -0.0779014928 -0.4062701541 -0.5214896472 -0.3793725938 0.0438138229 -0.6949703618 0.6141033268 -0.3694682025 -0.3629831640 -0.3592200701
-0.2290379859 -0.3625805349 -0.4026520629 -0.3784055575 -0.0622863753 -0.4001961383 -0.5140049843 -0.3760976357 0.0642452376 -0.6877515938 0.6058028156 -0.3636438237 -0.3600689736 -0.3563392889
-0.2235995607 -0.3571547534 -0.3981681549 -0.3750505929 -0.0466576905 -0.3940630258 -0.5064518005 -0.3727591791 0.0846296209 -0.6804397531 0.5974190499 -0.3577638948 -0.3570921972 -0.3533962634
-0.2181190971 -0.3516715066 -0.3936194324 -0.3716303349 -0.0310188451 -0.3878701638 -0.4988298674 -0.3693556471 0.1049584576 -0.6730345493 0.5889521911 -0.3518276949 -0.3540511439 -0.3503892929
-0.2125957865 -0.3461299220 -0.3890046900 -0.3681432110 -0.0153732460 -0.3816168996 -0.4911389565 -0.3658854629 0.1252232324 -0.6655356920 0.5804024006 -0.3458345029 -0.3509441231 -0.3473166772
-0.2070288203 -0.3405291269 -0.3843227221 -0.3645876488 0.0002757000 -0.3753025805 -0.4833788394 -0.3623470494 0.1454154300 -0.6579428907 0.5717698398 -0.3397835976 -0.3477694439 -0.3441767160
-0.2014173899 -0.3348682489 -0.3795723231 -0.3609620759 0.0159245862 -0.3689265539 -0.4755492876 -0.3587388299 0.1655265352 -0.6502558551 0.5630546701 -0.3336742581 -0.3445254157 -0.3409677087
-0.1957606867 -0.3291464155 -0.3747522874 -0.3572649197 0.0315700058 -0.3624881670 -0.4676500726 -0.3550592273 0.1855480328 -0.6424742947 0.5542570530 -0.3275057632 -0.3412103477 -0.3376879551
-0.1900579021 -0.3233627540 -0.3698614095 -0.3534946080 0.0472085520 -0.3559867670 -0.4596809659 -0.3513066648 0.2054714074 -0.6345979190 0.5453771498 -0.3212773920 -0.3378225490 -0.3343357548
-0.1843082275 -0.3175163920 -0.3648984839 -0.3496495682 0.0628368180 -0.3494217014 -0.4516417392 -0.3474795655 0.2252881437 -0.6266264376 0.5364151221 -0.3149884232 -0.3343603291 -0.3309094074
-0.1785108543 -0.3116064569 -0.3598623048 -0.3457282281 0.0784513971 -0.3427923173 -0.4435321639 -0.3435763524 0.2449897267 -0.6185595601 0.5273711311 -0.3086381359 -0.3308219970 -0.3274072125
-0.1726649740 -0.3056320762 -0.3547516669 -0.3417290150 0.0940488824 -0.3360979621 -0.4353520117 -0.3395954486 0.2645676409 -0.6103969961 0.5182453383 -0.3022258090 -0.3272058622 -0.3238274697
-0.1667697778 -0.2995923774 -0.3495653645 -0.3376503567 0.1096258672 -0.3293379831 -0.4271010539 -0.3355352773 0.2840133711 -0.6021384550 0.5090379052 -0.2957507214 -0.3235102338 -0.3201684787
-0.1608244574 -0.2934864880 -0.3443021921 -0.3334906807 0.1251789447 -0.3225117276 -0.4187790622 -0.3313942614 0.3033184020 -0.5937836465 0.4997489931 -0.2892121520 -0.3197334210 -0.3164285392
