0.9875867763 0.9845420953 0.9802315565 0.9900842842 0.9705002750 0.9800058819 0.9769661793 0.9905669295 0.9621131413 0.3496117151 -0.9510982285 0.9853775771 0.9910019225 0.9927912080
0.9854859695 0.9822920080 0.9776879509 0.9883584133 0.9673264468 0.9774551232 0.9742750627 0.9888808847 0.9585406485 0.3476007921 -0.9470688836 0.9831929101 0.9894630554 0.9914182628
0.9832288473 0.9798997911 0.9750030100 0.9864979127 0.9640053063 0.9747640022 0.9714499898 0.9870601259 0.9548253149 0.3455131881 -0.9429023816 0.9808668156 0.9878053265 0.9899278597
0.9808170686 0.9773674441 0.9721788298 0.9845035888 0.9605389928 0.9719346374 0.9684932515 0.9851054546 0.9509694778 0.3433508342 -0.9386012955 0.9784012900 0.9860292773 0.9883204930
0.9782522923 0.9746969664 0.9692175067 0.9823762482 0.9569296455 0.9689691473 0.9654071387 0.9830176725 0.9469754745 0.3411156611 -0.9341681982 0.9757983296 0.9841354492 0.9865966572
0.9755361774 0.9718903576 0.9661211366 0.9801166976 0.9531794037 0.9658696506 0.9621939422 0.9807975810 0.9428456421 0.3388095998 -0.9296056626 0.9730599308 0.9821243839 0.9847568466
0.9726703829 0.9689496171 0.9628918159 0.9777257436 0.9492904068 0.9626382656 0.9588559529 0.9784459817 0.9385823180 0.3364345813 -0.9249162618 0.9701880900 0.9799966227 0.9828015554
0.9696565676 0.9658767445 0.9595316407 0.9752041928 0.9452647939 0.9592771111 0.9553954616 0.9759636762 0.9341878394 0.3339925364 -0.9201025686 0.9671848034 0.9777527071 0.9807312782
0.9664963906 0.9626737391 0.9560427071 0.9725528517 0.9411047044 0.9557883056 0.9518147593 0.9733514661 0.9296645436 0.3314853960 -0.9151671561 0.9640520676 0.9753931788 0.9785465091
0.9631915107 0.9593426005 0.9524271113 0.9697725271 0.9368122775 0.9521739675 0.9481161367 0.9706101530 0.9250147677 0.3289150911 -0.9101125971 0.9607918788 0.9729185791 0.9762477427
0.9597435869 0.9558853282 0.9486869496 0.9668640254 0.9323896526 0.9484362156 0.9443018849 0.9677405383 0.9202408491 0.3262835525 -0.9049414647 0.9574062333 0.9703294495 0.9738354732
0.9561542781 0.9523039217 0.9448243180 0.9638281534 0.9278389689 0.9445771682 0.9403742945 0.9647434238 0.9153451251 0.3235927112 -0.8996563318 0.9538971277 0.9676263316 0.9713101949
0.9524252433 0.9486003803 0.9408413127 0.9606657175 0.9231623656 0.9405989440 0.9363356566 0.9616196108 0.9103299328 0.3208444981 -0.8942597713 0.9502665581 0.9648097669 0.9686724023
0.9485581414 0.9447767037 0.9367400299 0.9573775245 0.9183619821 0.9365036616 0.9321882619 0.9583699012 0.9051976095 0.3180408441 -0.8887543563 0.9465165211 0.9618802968 0.9659225897
0.9445546313 0.9408348912 0.9325225658 0.9539643810 0.9134399577 0.9322934394 0.9279344013 0.9549950963 0.8999504924 0.3151836801 -0.8831426596 0.9426490129 0.9588384629 0.9630612514
