0.4048043500 0.2997371784 0.2448817113 0.4429103463 0.4598402081 0.2503363860 0.2478465217 0.4434000881 0.4923129328 -0.1031639400 -0.6135944286 0.2995144155 0.4595849717 0.4581169401
0.4053340368 0.3005481887 0.2455048349 0.4433908657 0.4609047245 0.2508496249 0.2488599337 0.4438753104 0.4940679605 -0.1023356452 -0.6145667397 0.3001957869 0.4600091892 0.4585531590
0.4054598352 0.3009951917 0.2457794990 0.4434538655 0.4615552096 0.2510108328 0.2495300347 0.4439327644 0.4954088798 -0.1017351491 -0.6150716914 0.3005111839 0.4600093740 0.4585660296
0.4051912601 0.3010869949 0.2457143499 0.4431090841 0.4618011249 0.2508287518 0.2498652432 0.4435821943 0.4963448870 -0.1013556973 -0.6151195815 0.3004694932 0.4595953844 0.4581653953
0.4045378264 0.3008324055 0.2453180336 0.4423662603 0.4616519316 0.2503121242 0.2498739777 0.4428333447 0.4968851785 -0.1011905354 -0.6147207081 0.3000796017 0.4587770784 0.4573610992
0.4035090490 0.3002402310 0.2445991964 0.4412351325 0.4611170909 0.2494696919 0.2495646568 0.4416959597 0.4970389507 -0.1012329089 -0.6138853689 0.2993503963 0.4575643142 0.4561629845
0.4021144427 0.2993192787 0.2435664844 0.4397254395 0.4602060640 0.2483101973 0.2489456988 0.4401797839 0.4968154000 -0.1014760634 -0.6126238619 0.2982907638 0.4559669500 0.4545808945
0.4003635224 0.2980783560 0.2422285439 0.4378469199 0.4589283121 0.2468423825 0.2480255223 0.4382945617 0.4962237229 -0.1019132445 -0.6109464851 0.2969095912 0.4539948438 0.4526246724
0.3982658030 0.2965262702 0.2405940209 0.4356093121 0.4572932966 0.2450749896 0.2468125458 0.4360500373 0.4952731158 -0.1025376976 -0.6088635362 0.2952157652 0.4516578538 0.4503041615
0.3958307995 0.2946718289 0.2386715617 0.4330223549 0.4553104786 0.2430167608 0.2453151877 0.4334559553 0.4939727750 -0.1033426684 -0.6063853134 0.2932181729 0.4489658381 0.4476292050
0.3930680266 0.2925238393 0.2364698123 0.4300957868 0.4529893194 0.2406764382 0.2435418665 0.4305220598 0.4923318970 -0.1043214024 -0.6035221143 0.2909257009 0.4459286550 0.4446096462
0.3899869993 0.2900911087 0.2339974191 0.4268393465 0.4503392801 0.2380627640 0.2415010008 0.4272580955 0.4903596782 -0.1054671452 -0.6002842371 0.2883472362 0.4425561624 0.4412553281
0.3865972324 0.2873824447 0.2312630282 0.4232627726 0.4473698222 0.2351844804 0.2392010089 0.4236738066 0.4880653149 -0.1067731423 -0.5966819795 0.2854916657 0.4388582186 0.4375760942
0.3829082408 0.2844066545 0.2282752857 0.4193758036 0.4440904067 0.2320503295 0.2366503095 0.4197789375 0.4854580037 -0.1082326393 -0.5927256395 0.2823678762 0.4348446818 0.4335817876
0.3789295394 0.2811725455 0.2250428379 0.4151881782 0.4405104949 0.2286690535 0.2338573209 0.4155832326 0.4825469408 -0.1098388817 -0.5884255151 0.2789847546 0.4305254099 0.4292822516
