0.9944393084 0.3113447623 -0.2631370318 -0.1493607934 0.9997643383 0.2411146053 0.2792750271 -0.1392726848 0.9993104771 -0.0183032851 -0.4560443451 0.3246925116 -0.3558825483 -0.3112319766
0.9925908879 0.3099925633 -0.2668527316 -0.1631742078 1.0000000000 0.2399347448 0.2780393830 -0.1532115379 0.9997741848 -0.0192338547 -0.4541599050 0.3230345040 -0.3672115898 -0.3228279221
0.9904896423 0.3084892648 -0.2706625814 -0.1769574013 0.9999952177 0.2386146989 0.2766579476 -0.1671218993 1.0000000000 -0.0202676132 -0.4521003607 0.3212209831 -0.3784747947 -0.3343661600
0.9881395093 0.3068379526 -0.2745635430 -0.1907080100 0.9997532006 0.2371574143 0.2751337322 -0.1810013361 0.9999910804 -0.0214020157 -0.4498691354 0.3192551401 -0.3896711550 -0.3458455442
0.9855444264 0.3050417122 -0.2785525779 -0.2044236699 0.9992771576 0.2355658377 0.2734697479 -0.1948474158 0.9997505837 -0.0226345171 -0.4474696524 0.3171401658 -0.4007996629 -0.3572649285
0.9827083312 0.3031036294 -0.2826266479 -0.2181020168 0.9985702978 0.2338429156 0.2716690061 -0.2086577055 0.9992816675 -0.0239625722 -0.4449053348 0.3148792511 -0.4118593105 -0.3686231668
0.9796351613 0.3010267898 -0.2867827145 -0.2317406868 0.9976358303 0.2319915948 0.2697345179 -0.2224297725 0.9985874895 -0.0253836360 -0.4421796059 0.3124755870 -0.4228490900 -0.3799191131
0.9763288542 0.2988142791 -0.2910177395 -0.2453373158 0.9964769642 0.2300148219 0.2676692948 -0.2361611840 0.9976712074 -0.0268951634 -0.4392958888 0.3099323645 -0.4337679934 -0.3911516212
0.9727933476 0.2964691829 -0.2953286845 -0.2588895398 0.9950969084 0.2279155436 0.2654763478 -0.2498495073 0.9965359788 -0.0284946093 -0.4362576069 0.3072527744 -0.4446150130 -0.4023195450
0.9690325791 0.2939945869 -0.2997125111 -0.2723949947 0.9934988721 0.2256967066 0.2631586883 -0.2634923097 0.9951849615 -0.0301794288 -0.4330681832 0.3044400077 -0.4553891407 -0.4134217385
0.9650504862 0.2913935767 -0.3041661811 -0.2858513166 0.9916860643 0.2233612574 0.2607193276 -0.2770871584 0.9936213130 -0.0319470766 -0.4297310410 0.3014972553 -0.4660893688 -0.4244570554
0.9608510065 0.2886692380 -0.3086866559 -0.2992561412 0.9896616940 0.2209121429 0.2581612768 -0.2906316206 0.9918481910 -0.0337950077 -0.4262496035 0.2984277082 -0.4767146894 -0.4354243498
0.9564380776 0.2858246565 -0.3132708974 -0.3126071047 0.9874289704 0.2183523095 0.2554875473 -0.3041232637 0.9898687533 -0.0357206770 -0.4226272939 0.2952345573 -0.4872640945 -0.4463224754
0.9518156371 0.2828629178 -0.3179158672 -0.3259018430 0.9849911024 0.2156847041 0.2527011502 -0.3175596548 0.9876861574 -0.0377215395 -0.4188675355 0.2919209935 -0.4977365764 -0.4571502862
0.9469876226 0.2797871075 -0.3226185268 -0.3391379920 0.9823512992 0.2129122732 0.2498050969 -0.3309383613 0.9853035611 -0.0397950500 -0.4149737514 0.2884902078 -0.5081311272 -0.4679066360
