-0.7259039382 -0.5455253186 -0.5515708981 -0.6612710400 -0.3847474165 -0.5387607895 -0.3762168759 -0.6592761953 -0.3500972049 -0.1001111155 0.0262319036 -0.5208341159 -0.6781488670 -0.6730038043
-0.7129777187 -0.5314185937 -0.5375299406 -0.6478440419 -0.3748146495 -0.5245999929 -0.3615708189 -0.6458349693 -0.3457736933 -0.0856195905 0.0112965834 -0.5066099978 -0.6648612118 -0.6596783123
-0.6997076421 -0.5170592158 -0.5232335025 -0.6341094281 -0.3648666359 -0.5101896324 -0.3467425820 -0.6320871562 -0.3416019836 -0.0710440795 -0.0036906203 -0.4921441066 -0.6512571450 -0.6460391392
-0.6860907539 -0.5024455998 -0.5086799042 -0.6200646800 -0.3549051339 -0.4955282037 -0.3317317543 -0.6180302535 -0.3375853825 -0.0563853795 -0.0187281604 -0.4774350558 -0.6373339903 -0.6320836481
-0.6721240995 -0.4875761605 -0.4938674660 -0.6057072788 -0.3449319016 -0.4806142027 -0.3165379251 -0.6036617582 -0.3337271965 -0.0416442877 -0.0338144900 -0.4624814591 -0.6230890716 -0.6178092017
-0.6578047244 -0.4724493125 -0.4787945081 -0.5910347060 -0.3349486970 -0.4654461251 -0.3011606835 -0.5889791677 -0.3300307321 -0.0268216014 -0.0489480622 -0.4472819303 -0.6085197128 -0.6032131630
-0.6431296740 -0.4570634707 -0.4634593510 -0.5760444429 -0.3249572783 -0.4500224666 -0.2855996185 -0.5739799793 -0.3264992960 -0.0119181177 -0.0641273299 -0.4318350829 -0.5936232377 -0.5882928947
-0.6280959938 -0.4414170497 -0.4478603149 -0.5607339708 -0.3149594037 -0.4343417230 -0.2698543193 -0.5586616900 -0.3231361947 0.0030653661 -0.0793507463 -0.4161395306 -0.5783969702 -0.5730457597
-0.6127007292 -0.4255084643 -0.4319957202 -0.5451007711 -0.3049568312 -0.4184023902 -0.2539243751 -0.5430217972 -0.3199447348 0.0181280529 -0.0946167643 -0.4001938871 -0.5628382341 -0.5574691209
-0.5969409257 -0.4093361293 -0.4158638871 -0.5291423251 -0.2949513190 -0.4022029638 -0.2378093749 -0.5270577982 -0.3169282229 0.0332691454 -0.1099238370 -0.3839967661 -0.5469443533 -0.5415603412
-0.5808136288 -0.3928984594 -0.3994631362 -0.5128561142 -0.2849446251 -0.3857419396 -0.2215089079 -0.5107671901 -0.3140899655 0.0484878465 -0.1252704174 -0.3675467811 -0.5307126516 -0.5253167833
-0.5643158838 -0.3761938694 -0.3827917875 -0.4962396198 -0.2749385078 -0.3690178135 -0.2050225633 -0.4941474702 -0.3114332693 0.0637833589 -0.1406549585 -0.3508425459 -0.5141404529 -0.5087358102
-0.5474447364 -0.3592207740 -0.3658481616 -0.4792903231 -0.2649347250 -0.3520290811 -0.1883499302 -0.4771961358 -0.3089614408 0.0791548855 -0.1560759134 -0.3338826742 -0.4972250810 -0.4918147847
-0.5301972318 -0.3419775880 -0.3486305786 -0.4620057056 -0.2549350350 -0.3347742382 -0.1714905976 -0.4599106841 -0.3066777866 0.0946016291 -0.1715317352 -0.3166657795 -0.4799638598 -0.4745510697
-0.5125704156 -0.3244627261 -0.3311373590 -0.4443832486 -0.2449411958 -0.3172517807 -0.1544441548 -0.4422886123 -0.3045856132 0.1101227924 -0.1870208767 -0.2991904756 -0.4623541131 -0.4569420280
