-0.6556726044 -0.5068411328 -0.5693586006 -0.8025557991 -0.3693944324 -0.4893227230 -0.3614643317 -0.7999558310 -0.0931665141 -0.4875094501 0.3302808402 -0.5169892255 -0.8514414848 -0.8436482361
-0.6488470588 -0.4969150239 -0.5598216275 -0.7969766651 -0.3604937303 -0.4792468264 -0.3498261596 -0.7943322578 -0.0823971745 -0.4777418288 0.3182909424 -0.5071689013 -0.8467590073 -0.8388354616
-0.6420022226 -0.4869327623 -0.5502136184 -0.7913431814 -0.3516199689 -0.4691172984 -0.3381305742 -0.7886543081 -0.0716884139 -0.4678983836 0.3062496424 -0.4972915381 -0.8420236997 -0.8339703849
-0.6351396682 -0.4768957191 -0.5405357270 -0.7856563663 -0.3427754519 -0.4589355534 -0.3263789692 -0.7829230036 -0.0610430737 -0.4579795904 0.2941585346 -0.4873584871 -0.8372365161 -0.8290539794
-0.6282609680 -0.4668052652 -0.5307891068 -0.7799172379 -0.3339624833 -0.4487030059 -0.3145727380 -0.7771393664 -0.0504639954 -0.4479859246 0.2820192135 -0.4773710997 -0.8323984106 -0.8240872182
-0.6213676946 -0.4566627718 -0.5209749114 -0.7741268142 -0.3251833665 -0.4384210704 -0.3027132741 -0.7713044182 -0.0399540204 -0.4379178621 0.2698332736 -0.4673307273 -0.8275103370 -0.8190710746
-0.6144614203 -0.4464696098 -0.5110942943 -0.7682861135 -0.3164404055 -0.4280911612 -0.2908019711 -0.7654191809 -0.0295159902 -0.4277758785 0.2576023095 -0.4572387214 -0.8225732496 -0.8140065219
-0.6075437176 -0.4362271503 -0.5011484092 -0.7623961539 -0.3077359040 -0.4177146928 -0.2788402223 -0.7594846765 -0.0191527463 -0.4175604493 0.2453279155 -0.4470964331 -0.8175881022 -0.8088945333
-0.6006161589 -0.4259367643 -0.4911384097 -0.7564579536 -0.2990721658 -0.4072930796 -0.2668294213 -0.7535019268 -0.0088671302 -0.4072720504 0.2330116862 -0.4369052140 -0.8125558490 -0.8037360820
-0.5936803167 -0.4155998229 -0.4810654492 -0.7504725306 -0.2904514945 -0.3968277362 -0.2547709616 -0.7474719536 0.0013380167 -0.3969111573 0.2206552160 -0.4266664155 -0.8074774439 -0.7985321413
-0.5867377634 -0.4052176970 -0.4709306813 -0.7444409031 -0.2818761939 -0.3863200768 -0.2426662367 -0.7413957790 0.0114598530 -0.3864782458 0.2082600995 -0.4163813888 -0.8023538411 -0.7932836844
-0.5797900714 -0.3947917577 -0.4607352597 -0.7383640893 -0.2733485679 -0.3757715160 -0.2305166401 -0.7352744246 0.0214955370 -0.3759737915 0.1958279312 -0.4060514853 -0.7971859944 -0.7879916846
-0.5728388133 -0.3843233760 -0.4504803378 -0.7322431072 -0.2648709201 -0.3651834683 -0.2183235652 -0.7291089125 0.0314422274 -0.3653982700 0.1833603054 -0.3956780565 -0.7919748581 -0.7826571151
-0.5658855613 -0.3738139230 -0.4401670693 -0.7260789751 -0.2564455543 -0.3545573479 -0.2060884057 -0.7229002645 0.0412970827 -0.3547521571 0.1708588168 -0.3852624536 -0.7867213860 -0.7772809493
-0.5589318881 -0.3632647697 -0.4297966078 -0.7198727111 -0.2480747743 -0.3438945694 -0.1938125549 -0.7166495025 0.0510572614 -0.3440359283 0.1583250597 -0.3748060282 -0.7814265322 -0.7718641602
