0.0700103913 -0.8821688252 -0.8405168796 0.1388629107 -0.8591018391 -0.8931355058 -0.9162910053 0.1496822511 -0.9386997293 -0.9496416759 0.9066113727 -0.9032547387 0.2931742322 0.2663349402
0.0654387201 -0.8950712873 -0.8532214624 0.1323523718 -0.8685281955 -0.9056169834 -0.9251438292 0.1433088974 -0.9485946095 -0.9538139779 0.9157504804 -0.9152159887 0.2877371815 0.2609958373
0.0612919015 -0.9071736074 -0.8653582468 0.1261693465 -0.8770869396 -0.9172745836 -0.9334733182 0.1372601656 -0.9575769163 -0.9578033230 0.9243905357 -0.9263387552 0.2825616097 0.2559376898
0.0575627085 -0.9184855983 -0.8769325014 0.1203084940 -0.8847908128 -0.9281181986 -0.9412846279 0.1315307273 -0.9656593386 -0.9616100666 0.9325362517 -0.9366337226 0.2776429202 0.2511555886
0.0542439140 -0.9290170730 -0.8879494950 0.1147644738 -0.8916525560 -0.9381577206 -0.9485829135 0.1261152542 -0.9728545651 -0.9652345640 0.9401923415 -0.9461115754 0.2729765163 0.2466446246
0.0513282908 -0.9387778443 -0.8984144961 0.1095319449 -0.8976849104 -0.9474030418 -0.9553733306 0.1210084178 -0.9791752849 -0.9686771705 0.9473635180 -0.9547829981 0.2685578011 0.2423998887
0.0488086120 -0.9477777251 -0.9083327734 0.1046055667 -0.9029006172 -0.9558640544 -0.9616610346 0.1162048898 -0.9846341867 -0.9719382415 0.9540544945 -0.9626586749 0.2643821781 0.2384164716
0.0466776503 -0.9560265283 -0.9177095954 0.0999799984 -0.9073124173 -0.9635506507 -0.9674511808 0.1116993419 -0.9892439596 -0.9750181322 0.9602699838 -0.9697492905 0.2604450504 0.2346894643
0.0449281788 -0.9635340667 -0.9265502309 0.0956498993 -0.9109330520 -0.9704727228 -0.9727489246 0.1074864455 -0.9930172923 -0.9779171980 0.9660146991 -0.9760655291 0.2567418214 0.2312139577
0.0435529702 -0.9703101533 -0.9348599484 0.0916099287 -0.9137752623 -0.9766401629 -0.9775594215 0.1035608724 -0.9959668738 -0.9806357942 0.9712933533 -0.9816180752 0.2532678943 0.2279850426
0.0425447976 -0.9763646009 -0.9426440166 0.0878547458 -0.9158517893 -0.9820628634 -0.9818878269 0.0999172942 -0.9981053930 -0.9831742761 0.9761106597 -0.9864176132 0.2500186725 0.2249978099
0.0418964337 -0.9817072223 -0.9499077041 0.0843790099 -0.9171753742 -0.9867507163 -0.9857392962 0.0965503825 -0.9994455388 -0.9855329990 0.9804713312 -0.9904748276 0.2469895591 0.2222473505
0.0416006515 -0.9863478306 -0.9566562795 0.0811773802 -0.9177587581 -0.9907136139 -0.9891189848 0.0934548090 -1.0000000000 -0.9877123183 0.9843800809 -0.9938004028 0.2441759575 0.2197287552
0.0416502240 -0.9902962385 -0.9628950115 0.0782445161 -0.9176146820 -0.9939614485 -0.9920320481 0.0906252451 -0.9997814656 -0.9897125892 0.9878416218 -0.9964050233 0.2415732710 0.2174371149
0.0420379239 -0.9935622589 -0.9686291686 0.0755750767 -0.9167558872 -0.9965041121 -0.9944836415 0.0880563627 -0.9988026244 -0.9915341671 0.9908606670 -0.9982993733 0.2391769028 0.2153675206
