0.6284653569 0.9412878790 0.9751553981 0.4681119110 0.3792616860 0.9191748518 0.4467807456 0.4722979398 0.1252944297 0.6290271924 -0.6956425424 0.9595301794 0.4164212464 0.4112601270
0.6226773194 0.9483626342 0.9799454559 0.4587457766 0.3866730308 0.9092616877 0.4579299498 0.4628966041 0.1325217299 0.6130617219 -0.6803269927 0.9656474450 0.4070388519 0.4019990127
0.6163020215 0.9550154948 0.9842434488 0.4489524733 0.3941668467 0.8987234070 0.4690409260 0.4530670106 0.1399533104 0.5967294080 -0.6645979801 0.9712912100 0.3972535714 0.3923344838
0.6093307836 0.9612395741 0.9880417680 0.4387263222 0.4017444367 0.8875518667 0.4801124689 0.4428034726 0.1475922095 0.5800284235 -0.6484529024 0.9764538091 0.3870600673 0.3822611692
0.6017549259 0.9670279852 0.9913328048 0.4280616438 0.4094071040 0.8757389237 0.4911433736 0.4321003033 0.1554414654 0.5629569414 -0.6318891575 0.9811275774 0.3764530019 0.3717736976
0.5935657688 0.9723738413 0.9941089502 0.4169527592 0.4171561515 0.8632764348 0.5021324350 0.4209518160 0.1635041165 0.5455131347 -0.6149041435 0.9853048497 0.3654270375 0.3608666979
0.5847546325 0.9772702556 0.9963625956 0.4053939891 0.4249928824 0.8501562571 0.5130784480 0.4093523240 0.1717832009 0.5276951764 -0.5974952583 0.9889779609 0.3539768364 0.3495347989
0.5753128373 0.9817103413 0.9980861320 0.3933796544 0.4329185996 0.8363702473 0.5239802075 0.3972961404 0.1802817570 0.5095012393 -0.5796598999 0.9921392459 0.3420970611 0.3377726293
0.5652317036 0.9856872116 0.9992719508 0.3809040759 0.4409346062 0.8219102624 0.5348365086 0.3847775787 0.1890028231 0.4909294964 -0.5613954662 0.9947810397 0.3297823737 0.3255748180
0.5545025515 0.9891939796 0.9999124430 0.3679615743 0.4490422053 0.8067681594 0.5456461460 0.3717909520 0.1979494373 0.4719781208 -0.5426993551 0.9968956771 0.3170274368 0.3129359939
0.5431167015 0.9922237585 1.0000000000 0.3545464706 0.4572427000 0.7909357950 0.5564079149 0.3583305736 0.2071246381 0.4526452854 -0.5235689646 0.9984754930 0.3038269126 0.2998507856
0.5310654737 0.9947696615 0.9995270129 0.3406530856 0.4655373932 0.7744050263 0.5671206100 0.3443907568 0.2165314636 0.4329291631 -0.5040016927 0.9995128223 0.2901754634 0.2863138220
0.5183401884 0.9968248019 0.9984858728 0.3262757401 0.4739275880 0.7571677101 0.5777830263 0.3299658148 0.2261729521 0.4128279269 -0.4839949374 1.0000000000 0.2760677516 0.2723197320
0.5049321661 0.9983822927 0.9968689711 0.3114087549 0.4824145875 0.7392157034 0.5883939588 0.3150500610 0.2360521420 0.3923397497 -0.4635460965 0.9999293609 0.2614984395 0.2578631443
0.4908327269 0.9994352472 0.9946686988 0.2960464508 0.4909996948 0.7205408631 0.5989522024 0.2996378085 0.2461720714 0.3714628046 -0.4426525680 0.9992932399 0.2464621895 0.2429386877
