-0.2660992421 -0.9718313095 -0.9951986178 -0.9430562831 0.2732454947 -0.9798049774 -0.9116621664 -0.9438776030 0.3155957865 -0.8172196525 -0.3705215707 -0.9738054888 -0.9164002554 -0.9216154802
-0.2664422446 -0.9652474390 -0.9927926197 -0.9517067456 0.2793058623 -0.9741799737 -0.9015352073 -0.9524779080 0.3231033939 -0.8073232799 -0.3762859412 -0.9673475300 -0.9265334093 -0.9314715130
-0.2661902437 -0.9580176171 -0.9899174521 -0.9596065131 0.2856290678 -0.9679054998 -0.8909228953 -0.9603253230 0.3308049720 -0.7972132200 -0.3822793453 -0.9602243434 -0.9359665860 -0.9406203005
-0.2653545492 -0.9501540759 -0.9865796606 -0.9667662217 0.2922076941 -0.9609934230 -0.8798350978 -0.9674304907 0.3386939696 -0.7868932015 -0.3884949067 -0.9524486036 -0.9447093930 -0.9490717666
-0.2639464712 -0.9416690478 -0.9827857912 -0.9731965076 0.2990343242 -0.9534556107 -0.8682816821 -0.9738040540 0.3467638354 -0.7763669525 -0.3949257493 -0.9440329851 -0.9527714376 -0.9568358354
-0.2619773196 -0.9325747651 -0.9785423894 -0.9789080066 0.3061015411 -0.9453039302 -0.8562725155 -0.9794566559 0.3550080182 -0.7656382017 -0.4015649970 -0.9349901626 -0.9601623272 -0.9639224308
-0.2594584044 -0.9228834600 -0.9738560011 -0.9839113549 0.3134019276 -0.9365502488 -0.8438174655 -0.9843989391 0.3634199666 -0.7547106773 -0.4084057737 -0.9253328108 -0.9668916692 -0.9703414769
-0.2564010353 -0.9126073648 -0.9687331720 -0.9882171885 0.3209280667 -0.9272064339 -0.8309263993 -0.9886415466 0.3719931294 -0.7435881078 -0.4154412032 -0.9150736042 -0.9729690710 -0.9761028976
-0.2528165225 -0.9017587118 -0.9631804479 -0.9918361434 0.3286725414 -0.9172843527 -0.8176091844 -0.9921951211 0.3807209553 -0.7322742217 -0.4226644093 -0.9042252174 -0.9784041399 -0.9812166169
-0.2487161759 -0.8903497333 -0.9572043745 -0.9947788558 0.3366279347 -0.9067958727 -0.8038756882 -0.9950703055 0.3895968931 -0.7207727472 -0.4300685160 -0.8928003252 -0.9832064833 -0.9856925588
-0.2441113053 -0.8783926616 -0.9508114975 -0.9970559616 0.3447868294 -0.8957528611 -0.7897357779 -0.9972777428 0.3986143914 -0.7090874130 -0.4376466472 -0.8808116022 -0.9873857087 -0.9895406473
-0.2390132208 -0.8658997289 -0.9440083627 -0.9986780968 0.3531418086 -0.8841671853 -0.7751993210 -0.9988280757 0.4077668990 -0.6972219472 -0.4453919265 -0.8682717228 -0.9909514234 -0.9927708064
-0.2334332322 -0.8528831675 -0.9368015159 -0.9996558976 0.3616854552 -0.8720507126 -0.7602761847 -0.9997319472 0.4170478647 -0.6851800785 -0.4532974781 -0.8551933619 -0.9939132347 -0.9953929600
-0.2273826495 -0.8393552097 -0.9291975028 -1.0000000000 0.3704103521 -0.8594153103 -0.7449762366 -1.0000000000 0.4264507370 -0.6729655351 -0.4613564256 -0.8415891940 -0.9962807501 -0.9974170322
-0.2208727826 -0.8253280878 -0.9212028691 -0.9997210400 0.3793090823 -0.8462728459 -0.7293093438 -0.9996428771 0.4359689649 -0.6605820456 -0.4695618930 -0.8274718937 -0.9980635770 -0.9988529470
