-0.7588463018 -0.6545432856 -0.6637722645 -0.9857816104 -0.1381315855 -0.6173271061 -0.4010424839 -0.9843765078 0.0670574076 -0.1987346046 0.1711363137 -0.6580001304 -0.9985084379 -0.9976899676
-0.7563456567 -0.6486955878 -0.6566992032 -0.9843201162 -0.1332137256 -0.6119785048 -0.3927670569 -0.9828474526 0.0730638083 -0.1891136961 0.1668544438 -0.6520813293 -0.9979845239 -0.9970457931
-0.7538723676 -0.6429212534 -0.6496454768 -0.9827970288 -0.1284612038 -0.6067135308 -0.3846109974 -0.9812575290 0.0788561313 -0.1796587529 0.1627250931 -0.6462310487 -0.9973845618 -0.9963260024
-0.7514292749 -0.6372244228 -0.6426145585 -0.9812137372 -0.1238789747 -0.6015363622 -0.3765794091 -0.9796081495 0.0844286149 -0.1703757017 0.1587529149 -0.6404533647 -0.9967095321 -0.9955316053
-0.7490192189 -0.6316092362 -0.6356099213 -0.9795716303 -0.1194719930 -0.5964511770 -0.3686773959 -0.9779007267 0.0897754979 -0.1612704689 0.1549425623 -0.6347523531 -0.9959604153 -0.9946636118
-0.7466450402 -0.6260798340 -0.6286350384 -0.9778720971 -0.1152452132 -0.5914621533 -0.3609100615 -0.9761366731 0.0948910189 -0.1523489809 0.1512986886 -0.6291320902 -0.9951381919 -0.9937230315
-0.7443095792 -0.6206403568 -0.6216933829 -0.9761165265 -0.1112035902 -0.5865734690 -0.3532825096 -0.9743174011 0.0997694164 -0.1436171641 0.1478259470 -0.6235966520 -0.9942438425 -0.9927108744
-0.7420156763 -0.6152949448 -0.6147884280 -0.9743063074 -0.1073520785 -0.5817893024 -0.3457998440 -0.9724443234 0.1044049291 -0.1350809452 0.1445289907 -0.6181501145 -0.9932783477 -0.9916281502
-0.7397661718 -0.6100477384 -0.6079236468 -0.9724428288 -0.1036956328 -0.5771138314 -0.3384671686 -0.9705188523 0.1087917955 -0.1267462504 0.1414124729 -0.6127965537 -0.9922426880 -0.9904758689
-0.7375639064 -0.6049028781 -0.6011025124 -0.9705274797 -0.1002392078 -0.5725512341 -0.3312895871 -0.9685424005 0.1129242543 -0.1186190063 0.1384810469 -0.6075400457 -0.9911378438 -0.9892550403
-0.7354117203 -0.5998645041 -0.5943284981 -0.9685616489 -0.0969877581 -0.5681056885 -0.3242722032 -0.9665163803 0.1167965440 -0.1107051393 0.1357393657 -0.6023846666 -0.9899647959 -0.9879666741
-0.7333124540 -0.5949367570 -0.5876050768 -0.9665467255 -0.0939462384 -0.5637813727 -0.3174201207 -0.9644422044 0.1204029033 -0.1030105759 0.1331920827 -0.5973344923 -0.9887245246 -0.9866117803
-0.7312689480 -0.5901237770 -0.5809357218 -0.9644840983 -0.0911196034 -0.5595824648 -0.3107384435 -0.9623212851 0.1237375707 -0.0955412425 0.1308438511 -0.5923935990 -0.9874180105 -0.9851913686
-0.7292840426 -0.5854297046 -0.5743239063 -0.9623751563 -0.0885128077 -0.5555131428 -0.3042322753 -0.9601550351 0.1267947850 -0.0883030657 0.1286993240 -0.5875660627 -0.9860462343 -0.9837064490
-0.7273605783 -0.5808586802 -0.5677731032 -0.9602212885 -0.0861308059 -0.5515775848 -0.2979067198 -0.9579448669 0.1295687845 -0.0813019718 0.1267631547 -0.5828559594 -0.9846101763 -0.9821580312
