-0.5797900714 -0.3947917577 -0.4607352597 -0.7383640893 -0.2733485679 -0.3757715160 -0.2305166401 -0.7352744246 0.0214955370 -0.3759737915 0.1958279312 -0.4060514853 -0.7971859944 -0.7879916846
-0.5728388133 -0.3843233760 -0.4504803378 -0.7322431072 -0.2648709201 -0.3651834683 -0.2183235652 -0.7291089125 0.0314422274 -0.3653982700 0.1833603054 -0.3956780565 -0.7919748581 -0.7826571151
-0.5658855613 -0.3738139230 -0.4401670693 -0.7260789751 -0.2564455543 -0.3545573479 -0.2060884057 -0.7229002645 0.0412970827 -0.3547521571 0.1708588168 -0.3852624536 -0.7867213860 -0.7772809493
-0.5589318881 -0.3632647697 -0.4297966078 -0.7198727111 -0.2480747743 -0.3438945694 -0.1938125549 -0.7166495025 0.0510572614 -0.3440359283 0.1583250597 -0.3748060282 -0.7814265322 -0.7718641602
-0.5519793660 -0.3526772870 -0.4193701067 -0.7136253334 -0.2397608837 -0.3331965472 -0.1814974064 -0.7103576483 0.0607199221 -0.3332500594 0.1457606287 -0.3643101315 -0.7760912509 -0.7664077212
-0.5450295675 -0.3420528462 -0.4088887197 -0.7073378599 -0.2315061865 -0.3224646958 -0.1691443536 -0.7040257239 0.0702822232 -0.3223950260 0.1331671183 -0.3537761149 -0.7707164959 -0.7609126055
-0.5380840650 -0.3313928181 -0.3983536003 -0.7010113090 -0.2233129862 -0.3117004296 -0.1567547901 -0.6976547511 0.0797413234 -0.3114713039 0.1205461230 -0.3432053298 -0.7653032213 -0.7553797864
-0.5311444309 -0.3206985738 -0.3877659021 -0.6946466988 -0.2151835867 -0.3009051630 -0.1443301094 -0.6912457519 0.0890943810 -0.3004793685 0.1078992371 -0.3325991275 -0.7598523811 -0.7498102371
-0.5242122378 -0.3099714844 -0.3771267787 -0.6882450473 -0.2071202918 -0.2900803104 -0.1318717049 -0.6847997480 0.0983385547 -0.2894196957 0.0952280553 -0.3219588595 -0.7543649295 -0.7442049308
-0.5172890579 -0.2992129208 -0.3664373837 -0.6818073728 -0.1991254051 -0.2792272864 -0.1193809701 -0.6783177613 0.1074710030 -0.2782927611 0.0825341720 -0.3112858771 -0.7488418204 -0.7385648409
-0.5103764639 -0.2884242541 -0.3556988705 -0.6753346933 -0.1912012304 -0.2683475053 -0.1068592986 -0.6718008139 0.1164888845 -0.2670990403 0.0698191817 -0.3005815317 -0.7432840078 -0.7328909404
-0.5034760281 -0.2776068554 -0.3449123929 -0.6688280270 -0.1833500716 -0.2574423815 -0.0943080839 -0.6652499274 0.1253893575 -0.2558390091 0.0570846789 -0.2898471747 -0.7376924458 -0.7271842028
-0.4965893230 -0.2667620956 -0.3340791042 -0.6622883921 -0.1755742322 -0.2465133296 -0.0817287193 -0.6586661238 0.1341695808 -0.2445131430 0.0443322580 -0.2790841574 -0.7320680884 -0.7214456013
-0.4897179209 -0.2558913458 -0.3232001582 -0.6557168067 -0.1678760162 -0.2355617640 -0.0691225985 -0.6520504251 0.1428267127 -0.2331219178 0.0315635136 -0.2682938312 -0.7264118897 -0.7156761090
-0.4828633945 -0.2449959770 -0.3122767084 -0.6491142889 -0.1602577272 -0.2245890990 -0.0564911149 -0.6454038530 0.1513579119 -0.2216658091 0.0187800402 -0.2574775475 -0.7207248036 -0.7098766992
