-0.2665474426 -0.3003746690 -0.3216367488 -0.4170241608 0.2035325483 -0.2636676429 -0.1900841925 -0.4183748390 0.6280681587 -0.2568359382 0.1086148813 -0.2574256089 -0.4442368165 -0.4483897997
-0.2688738690 -0.3014847023 -0.3223940663 -0.4186346829 0.1992508736 -0.2646281821 -0.1908494612 -0.4199756686 0.6223086871 -0.2560848359 0.1097486481 -0.2584994953 -0.4460380473 -0.4501046692
-0.2711035439 -0.3025024248 -0.3230593161 -0.4201391590 0.1950351753 -0.2655006831 -0.1915346108 -0.4214703890 0.6165813051 -0.2552569085 0.1108074461 -0.2594852117 -0.4477295704 -0.4517099864
-0.2732343494 -0.3034259619 -0.3236306868 -0.4215355286 0.1908876893 -0.2662833282 -0.1921379146 -0.4228569408 0.6108882315 -0.2543507163 0.1117895217 -0.2603809195 -0.4493092657 -0.4532036476
-0.2752641674 -0.3042534390 -0.3241063666 -0.4228217311 0.1868106514 -0.2669742995 -0.1926576458 -0.4241332648 0.6052316852 -0.2533648199 0.1126931211 -0.2611847803 -0.4507750130 -0.4545835485
-0.2771908800 -0.3049829816 -0.3244845440 -0.4239957058 0.1828062973 -0.2675717793 -0.1930920776 -0.4252973015 0.5996138850 -0.2522977796 0.1135164907 -0.2618949555 -0.4521246922 -0.4558475854
-0.2790123693 -0.3056127150 -0.3247634076 -0.4250553922 0.1788768628 -0.2680739497 -0.1934394833 -0.4263469916 0.5940370498 -0.2511481560 0.1142578768 -0.2625096069 -0.4533561832 -0.4569936540
-0.2807265173 -0.3061407646 -0.3249411458 -0.4259987297 0.1750245837 -0.2684789930 -0.1936981360 -0.4272802758 0.5885033984 -0.2499145095 0.1149155258 -0.2630268958 -0.4544673658 -0.4580196505
-0.2823312060 -0.3065652560 -0.3250159469 -0.4268236577 0.1712516958 -0.2687850913 -0.1938663090 -0.4280950945 0.5830151497 -0.2485954006 0.1154876840 -0.2634449840 -0.4554561200 -0.4589234708
-0.2838243175 -0.3068843144 -0.3249859996 -0.4275281157 0.1675604348 -0.2689904268 -0.1939422756 -0.4287893886 0.5775745224 -0.2471893896 0.1159725978 -0.2637620328 -0.4563203255 -0.4597030109
-0.2852037337 -0.3070960653 -0.3248494921 -0.4281100429 0.1639530366 -0.2690931818 -0.1939243089 -0.4293610986 0.5721837356 -0.2456950370 0.1163685134 -0.2639762039 -0.4570578622 -0.4603561669
-0.2864673369 -0.3071986341 -0.3246046129 -0.4285673789 0.1604317368 -0.2690915383 -0.1938106822 -0.4298081652 0.5668450079 -0.2441109034 0.1166736772 -0.2640856588 -0.4576666101 -0.4608808347
-0.2876130089 -0.3071901462 -0.3242495506 -0.4288980630 0.1569987713 -0.2689836787 -0.1935996686 -0.4301285290 0.5615605583 -0.2424355491 0.1168863356 -0.2640885591 -0.4581444490 -0.4612749103
-0.2886386318 -0.3070687270 -0.3237824935 -0.4291000347 0.1536563760 -0.2687677851 -0.1932895415 -0.4303201306 0.5563326056 -0.2406675345 0.1170047349 -0.2639830663 -0.4584892587 -0.4615362897
-0.2895420877 -0.3068325020 -0.3232016302 -0.4291712333 0.1504067864 -0.2684420398 -0.1928785741 -0.4303809107 0.5511633687 -0.2388054202 0.1170271213 -0.2637673419 -0.4586989191 -0.4616628689
