-0.3503614041 -0.3039247156 -0.3270466170 -0.4023119385 -0.2262899145 -0.3028623543 -0.2461729466 -0.4021333984 0.0085223065 -0.2659350140 0.2224152814 -0.3191140280 -0.4125850690 -0.4112480558
-0.3712996789 -0.3246826736 -0.3479514326 -0.4234642121 -0.2463801335 -0.3236147643 -0.2665841189 -0.4232857205 -0.0084245509 -0.2828912530 0.2426015819 -0.3399512697 -0.4337538908 -0.4324202384
-0.3918429719 -0.3450786573 -0.3684788217 -0.4441830018 -0.2661545561 -0.3440059211 -0.2866709188 -0.4440047033 -0.0251439781 -0.2996253822 0.2624769536 -0.3604161676 -0.4544810602 -0.4531518887
-0.4119937893 -0.3651147892 -0.3886309968 -0.4644711052 -0.2856151378 -0.3640379403 -0.3064351217 -0.4642931418 -0.0416373361 -0.3161382283 0.2820431356 -0.3805109387 -0.4747694706 -0.4734458753
-0.4317546375 -0.3847931918 -0.4084101701 -0.4843313193 -0.3047638337 -0.3837129375 -0.3258785033 -0.4841538308 -0.0579059858 -0.3324306183 0.3013018669 -0.4002378001 -0.4946220152 -0.4933050670
-0.4511280226 -0.4041159877 -0.4278185540 -0.5037664415 -0.3236025993 -0.4030330286 -0.3450028391 -0.5035895650 -0.0739512884 -0.3485033792 0.3202548866 -0.4195989688 -0.5140415875 -0.5127323321
-0.4701164510 -0.4230852994 -0.4468583606 -0.5227792691 -0.3421333899 -0.4220003290 -0.3638099046 -0.5226031393 -0.0897746048 -0.3643573378 0.3389039337 -0.4385966620 -0.5330310807 -0.5317305394
-0.4887224289 -0.4417032495 -0.4655318023 -0.5413725994 -0.3603581607 -0.4406169544 -0.3823014753 -0.5411973485 -0.1053772961 -0.3799933210 0.3572507473 -0.4572330967 -0.5515933883 -0.5503025575
-0.5069484626 -0.4599719604 -0.4838410914 -0.5595492298 -0.3782788672 -0.4588850206 -0.4004793268 -0.5593749875 -0.1207607231 -0.3954121557 0.3752970663 -0.4755104900 -0.5697314036 -0.5684512548
-0.5247970584 -0.4778935547 -0.5017884402 -0.5773119574 -0.3958974647 -0.4768066431 -0.4183452346 -0.5771388510 -0.1359262470 -0.4106146689 0.3930446299 -0.4934310588 -0.5874480199 -0.5861795000
-0.5422707225 -0.4954701550 -0.5193760610 -0.5946635796 -0.4132159085 -0.4943839376 -0.4359009742 -0.5944917339 -0.1508752287 -0.4256016875 0.4104951770 -0.5109970204 -0.6047461306 -0.6034901617
-0.5593719613 -0.5127038837 -0.5366061661 -0.6116068937 -0.4302361539 -0.5116190197 -0.4531483213 -0.6114364310 -0.1656090293 -0.4403740383 0.4276504467 -0.5282105916 -0.6216286290 -0.6203861084
-0.5761032810 -0.5295968633 -0.5534809677 -0.6281446969 -0.4469601562 -0.5285140052 -0.4700890513 -0.6279757372 -0.1801290097 -0.4549325483 0.4445121780 -0.5450739897 -0.6380984085 -0.6368702088
-0.5924671879 -0.5461512165 -0.5700026782 -0.6442797867 -0.4633898708 -0.5450710096 -0.4867249397 -0.6441124472 -0.1944365310 -0.4692780444 0.4610821100 -0.5615894317 -0.6541583624 -0.6529453314
-0.6084661883 -0.5623690658 -0.5861735098 -0.6600149602 -0.4795272531 -0.5612921487 -0.5030577622 -0.6598493559 -0.2085329542 -0.4834113534 0.4773619818 -0.5777591345 -0.6698113841 -0.6686143449
