-0.4781042837 -0.7584848133 -0.7488443634 -0.2918495098 -0.9748948970 -0.6251539014 -0.8891991780 -0.2940156597 -0.6338252087 -0.9936578668 0.4085626272 -0.7745955787 -0.2610367972 -0.2601518491
-0.4631082661 -0.7427386762 -0.7301374884 -0.2778512378 -0.9697274216 -0.6115873928 -0.8773287606 -0.2800420388 -0.6500840982 -0.9957505715 0.4060402029 -0.7593597651 -0.2471985392 -0.2462859640
-0.4477500213 -0.7265515726 -0.7109687825 -0.2635467364 -0.9641318567 -0.5976308361 -0.8649692968 -0.2657618052 -0.6660556621 -0.9974195596 0.4032659104 -0.7436825515 -0.2330632784 -0.2321231030
-0.4320490871 -0.7099443262 -0.6913610381 -0.2489543431 -0.9581219509 -0.5833031801 -0.8521376637 -0.2511932853 -0.6817338186 -0.9986719137 0.4002504532 -0.7275844520 -0.2186491573 -0.2176814251
-0.4160250012 -0.6929377606 -0.6713370474 -0.2340923955 -0.9517114532 -0.5686233738 -0.8388507381 -0.2363548054 -0.6971124857 -0.9995147166 0.3970045350 -0.7110859805 -0.2039743182 -0.2029790896
-0.3996973015 -0.6755526994 -0.6509196027 -0.2189792309 -0.9449141121 -0.5536103661 -0.8251253972 -0.2212646919 -0.7121855817 -0.9999550511 0.3935388594 -0.6942076511 -0.1890569035 -0.1880342554
-0.3830855257 -0.6578099664 -0.6301314965 -0.2036331868 -0.9377436765 -0.5382831058 -0.8109785178 -0.2059412710 -0.7269470247 -1.0000000000 0.3898641298 -0.6769699778 -0.1739150558 -0.1728650819
-0.3662092116 -0.6397303851 -0.6089955211 -0.1880726008 -0.9302138951 -0.5226605419 -0.7964269770 -0.1904028690 -0.7413907327 -0.9996566460 0.3859910500 -0.6593934747 -0.1585669172 -0.1574897280
-0.3490878971 -0.6213347794 -0.5875344688 -0.1723158103 -0.9223385166 -0.5067616232 -0.7814876517 -0.1746678123 -0.7555106240 -0.9989320719 0.3819303235 -0.6414986558 -0.1430306304 -0.1419263530
-0.3317411199 -0.6026439728 -0.5657711319 -0.1563811529 -0.9141312899 -0.4906052987 -0.7661774189 -0.1587544272 -0.7693006166 -0.9978333604 0.3776926539 -0.6233060351 -0.1273243376 -0.1261931160
-0.3141884179 -0.5836787890 -0.5437283029 -0.1402869659 -0.9056059637 -0.4742105173 -0.7505131557 -0.1426810400 -0.7827546287 -0.9963675944 0.3732887448 -0.6048361267 -0.1114661814 -0.1103081760
-0.2964493288 -0.5644600518 -0.5214287740 -0.1240515868 -0.8967762866 -0.4575962279 -0.7345117389 -0.1264659770 -0.7958665784 -0.9945418566 0.3687292997 -0.5861094445 -0.0954743040 -0.0942896924
-0.2785433903 -0.5450085846 -0.4988953375 -0.1076933532 -0.8876560076 -0.4407813794 -0.7181900457 -0.1101275646 -0.8086303838 -0.9923632298 0.3640250223 -0.5671465027 -0.0793668479 -0.0781558241
-0.2604901404 -0.5253452113 -0.4761507859 -0.0912306026 -0.8782588752 -0.4237849207 -0.7015649529 -0.0936841290 -0.8210399632 -0.9898387967 0.3591866162 -0.5479678152 -0.0631619556 -0.0619247303
-0.2423091168 -0.5054907555 -0.4532179114 -0.0746816723 -0.8685986384 -0.4066258007 -0.6846533375 -0.0771539965 -0.8330892345 -0.9869756401 0.3542247848 -0.5285938961 -0.0468777693 -0.0456145701
