0.8291237233 0.1193146447 -0.1431848115 0.8016332933 0.4734700691 0.3349315995 -0.3037351929 0.7911945149 0.1928575795 -0.2135293383 -0.9226579998 0.0926148882 0.8038884272 0.8092505677
0.8127312111 0.1108038705 -0.1474877803 0.7840327193 0.4681274869 0.3259138469 -0.3045804571 0.7738356820 0.1977661182 -0.2103628331 -0.9222658500 0.0845249383 0.7867988954 0.7923036584
0.7957230351 0.1017187430 -0.1523314014 0.7658333151 0.4619009932 0.3162220289 -0.3057911404 0.7558729558 0.2021620709 -0.2075172685 -0.9208146179 0.0758595520 0.7691365748 0.7747753082
0.7781171722 0.0920760417 -0.1577003346 0.7470536666 0.4548122799 0.3058747542 -0.3073563649 0.7373249999 0.2060566573 -0.2049841323 -0.9183272829 0.0666354614 0.7509187296 0.7566829211
0.7599315995 0.0818925462 -0.1635792395 0.7277123596 0.4468830389 0.2948906317 -0.3092652526 0.7182104782 0.2094610972 -0.2027549120 -0.9148268245 0.0568693985 0.7321626239 0.7380439013
0.7411842938 0.0711850359 -0.1699527758 0.7078279801 0.4381349620 0.2832882702 -0.3115069254 0.6985480545 0.2123866103 -0.2008210952 -0.9103362218 0.0465780953 0.7128855217 0.7188756531
0.7218932322 0.0599702905 -0.1768056032 0.6874191139 0.4285897412 0.2710862783 -0.3140705055 0.6783563924 0.2148444163 -0.1991741696 -0.9048784545 0.0357782836 0.6931046873 0.6991955806
0.7020763916 0.0482650895 -0.1841223816 0.6665043469 0.4182690682 0.2583032651 -0.3169451149 0.6576541558 0.2168457349 -0.1978056227 -0.8984765017 0.0244866957 0.6728373846 0.6790210880
0.6817517492 0.0360862124 -0.1918877705 0.6451022650 0.4071946351 0.2449578391 -0.3201198755 0.6364600084 0.2184017859 -0.1967069421 -0.8911533428 0.0127200633 0.6521008780 0.6583695794
0.6609372817 0.0234504388 -0.2000864297 0.6232314539 0.3953881337 0.2310686093 -0.3235839094 0.6147926140 0.2195237890 -0.1958696154 -0.8829319573 0.0004951185 0.6309124313 0.6372584591
0.6396509663 0.0103745481 -0.2087030189 0.6009104997 0.3828712559 0.2166541844 -0.3273263386 0.5926706363 0.2202229638 -0.1952851302 -0.8738353244 -0.0121714066 0.6092893089 0.6157051312
0.6179107798 -0.0031246800 -0.2177221977 0.5781579881 0.3696656935 0.2017331733 -0.3313362851 0.5701127391 0.2205105301 -0.1949449742 -0.8638864236 -0.0252627802 0.5872487747 0.5937269998
0.5957346994 -0.0170304660 -0.2271286260 0.5549925050 0.3557931385 0.1863241847 -0.3356028710 0.5471375862 0.2203977077 -0.1948406349 -0.8531082342 -0.0387622701 0.5648080930 0.5713414693
0.5731407019 -0.0313260303 -0.2369069634 0.5314326364 0.3412752827 0.1704458274 -0.3401152183 0.5237638413 0.2198957162 -0.1949635999 -0.8415237356 -0.0526531445 0.5419845278 0.5485659436
0.5501467643 -0.0459945935 -0.2470418697 0.5074969680 0.3261338180 0.1541167102 -0.3448624490 0.5000101682 0.2190157753 -0.1953053569 -0.8291559071 -0.0669186714 0.5187953432 0.5254178270
