-0.2110316390 -0.3996853574 -0.3591068755 0.0084484001 -0.7182803398 -0.3822669205 -0.5816558483 0.0051595906 -0.9638654616 -0.8010483079 0.4408855161 -0.3936308193 0.0430361873 0.0528845055
-0.1980439590 -0.3854300294 -0.3438038998 0.0207844817 -0.7077721575 -0.3688069128 -0.5679490466 0.0175065472 -0.9599233766 -0.7911670512 0.4336566701 -0.3795211828 0.0551336970 0.0649321974
-0.1851049904 -0.3711961042 -0.3285324799 0.0330374133 -0.6972188527 -0.3553686311 -0.5542056652 0.0297708663 -0.9558035348 -0.7811300219 0.4264195932 -0.3654334852 0.0671430700 0.0768902740
-0.1722253115 -0.3569946430 -0.3133042151 0.0451967779 -0.6866294067 -0.3419627622 -0.5404357327 0.0419421278 -0.9515098190 -0.7709435060 0.4191819015 -0.3513787212 0.0790539806 0.0887484268
-0.1594155010 -0.3428367070 -0.2981307045 0.0572521581 -0.6760128011 -0.3285999930 -0.5266492780 0.0540099116 -0.9470461122 -0.7606137897 0.4119512112 -0.3373678854 0.0908561032 0.1004963475
-0.1466861373 -0.3287333574 -0.2830235475 0.0691931371 -0.6653780172 -0.3152910104 -0.5128563299 0.0659637977 -0.9424162972 -0.7501471590 0.4047351384 -0.3234119725 0.1025391121 0.1121237278
-0.1340477989 -0.3146956555 -0.2679943433 0.0810092976 -0.6547340364 -0.3020465014 -0.4990669171 0.0777933659 -0.9376242571 -0.7395498999 0.3975412992 -0.3095219771 0.1140926818 0.1236202591
-0.1215110643 -0.3007346623 -0.2530546911 0.0926902225 -0.6440898401 -0.2888771527 -0.4852910685 0.0894881961 -0.9326738749 -0.7288282984 0.3903773097 -0.2957088940 0.1255064866 0.1349756332
-0.1090865121 -0.2868614391 -0.2382161901 0.1042254947 -0.6334544098 -0.2757936512 -0.4715388129 0.1010378684 -0.9275690333 -0.7179886406 0.3832507863 -0.2819837176 0.1367702009 0.1461795416
-0.0967847207 -0.2730870472 -0.2234904396 0.1156046971 -0.6228367269 -0.2628066840 -0.4578201790 0.1124319626 -0.9223136155 -0.7070372126 0.3761693448 -0.2683574428 0.1478734990 0.1572216760
-0.0846162686 -0.2594225476 -0.2088890388 0.1268174126 -0.6122457727 -0.2499269378 -0.4441451958 0.1236600586 -0.9169115042 -0.6959803003 0.3691406016 -0.2548410642 0.1588060554 0.1680917280
-0.0725917344 -0.2458790017 -0.1944235870 0.1378532240 -0.6016905288 -0.2371650995 -0.4305238918 0.1347117364 -0.9113665826 -0.6848241898 0.3621721728 -0.2414455764 0.1695575444 0.1787793893
-0.0607216965 -0.2324674706 -0.1801056834 0.1487017142 -0.5911799764 -0.2245318562 -0.4169662961 0.1455765759 -0.9056827334 -0.6735751671 0.3552716745 -0.2281819742 0.1801176404 0.1892743513
-0.0490167334 -0.2191990155 -0.1659469272 0.1593524661 -0.5807230971 -0.2120378945 -0.4034824373 0.1562441570 -0.8998638398 -0.6622395184 0.3484467228 -0.2150612520 0.1904760177 0.1995663059
-0.0374874237 -0.2060846977 -0.1519589177 0.1697950626 -0.5703288722 -0.1996939015 -0.3900823442 0.1667040596 -0.8939137845 -0.6508235296 0.3417049339 -0.2020944047 0.2006223507 0.2096449445
