0.1040601321 -0.0584599586 -0.0902186516 0.0206621730 -0.3741943358 -0.0073366060 -0.0849484652 0.0174709104 -0.4728658005 -0.3505644159 0.1300703870 0.0220750804 0.0354124540 0.0350738349
0.1014811701 -0.0590787007 -0.0898201407 0.0204145590 -0.3843612254 -0.0083129564 -0.0862211454 0.0172591460 -0.4879250357 -0.3465807584 0.1329468168 0.0208893856 0.0350171582 0.0346840061
0.0992545405 -0.0593262764 -0.0890598257 0.0205016829 -0.3942396686 -0.0089293917 -0.0870995701 0.0173825436 -0.5028550144 -0.3422142781 0.1354047266 0.0200572070 0.0349542693 0.0346265951
0.0973870264 -0.0591960610 -0.0879314165 0.0209296127 -0.4038230535 -0.0091793613 -0.0875766747 0.0178471694 -0.5176514223 -0.3374591513 0.1374364574 0.0195850544 0.0352298551 0.0349076686
0.0958854109 -0.0586814298 -0.0864286225 0.0217044162 -0.4131047679 -0.0090563146 -0.0876453950 0.0186590894 -0.5323099452 -0.3323095546 0.1390343503 0.0194794377 0.0358499835 0.0355332934
0.0947564773 -0.0577757582 -0.0845451534 0.0228321613 -0.4220781999 -0.0085537009 -0.0872986664 0.0198243696 -0.5468262687 -0.3267596642 0.1401907462 0.0197468667 0.0368207223 0.0365095366
0.0940070087 -0.0564724215 -0.0822747188 0.0243189160 -0.4307367374 -0.0076649695 -0.0865294247 0.0213490762 -0.5611960784 -0.3208036565 0.1408979864 0.0203938510 0.0381481393 0.0378424648
0.0936437883 -0.0547647950 -0.0796110285 0.0261707482 -0.4390737684 -0.0063835698 -0.0853306053 0.0232392751 -0.5754150602 -0.3144357080 0.1411484117 0.0214269007 0.0398383025 0.0395381449
0.0936735994 -0.0526462540 -0.0765477919 0.0283937258 -0.4470826808 -0.0047029512 -0.0836951440 0.0255010325 -0.5894788995 -0.3076499951 0.1409343632 0.0228525253 0.0418972795 0.0416026438
0.0941032250 -0.0501101739 -0.0730787188 0.0309939166 -0.4547568625 -0.0026165629 -0.0816159762 0.0281404144 -0.6033832822 -0.3004406941 0.1402481819 0.0246772348 0.0443311383 0.0440420283
0.0949394484 -0.0471499300 -0.0691975187 0.0339773886 -0.4620897015 -0.0001178544 -0.0790860376 0.0311634868 -0.6171238939 -0.2928019815 0.1390822089 0.0269075390 0.0471459467 0.0468623653
0.0961890528 -0.0437588977 -0.0648979013 0.0373502098 -0.4690745859 0.0027997251 -0.0760982639 0.0345763158 -0.6306964203 -0.2847280336 0.1374287853 0.0295499476 0.0503477726 0.0500697216
0.0978588213 -0.0399304522 -0.0601735762 0.0411184479 -0.4757049034 0.0061427261 -0.0726455904 0.0383849676 -0.6440965470 -0.2762130269 0.1352802520 0.0326109704 0.0539426837 0.0536701641
0.0999555372 -0.0356579689 -0.0550182531 0.0452881710 -0.4819740422 0.0099176994 -0.0687209530 0.0425955080 -0.6573199598 -0.2672511377 0.1326289500 0.0360971173 0.0579367480 0.0576697596
0.1024859836 -0.0309348231 -0.0494256415 0.0498654469 -0.4878753900 0.0141311956 -0.0643172871 0.0472140033 -0.6703623443 -0.2578365425 0.1294672205 0.0400148980 0.0623360331 0.0620745749
