0.3746981182 0.2514402080 0.3082629901 0.3137766663 -0.0595630927 0.2553526464 -0.1671927283 0.3123208339 -0.5156905768 -0.5434026344 0.3703601534 0.2263520545 0.3378122162 0.3263434827
0.3651026422 0.2438277188 0.3009987168 0.3034888718 -0.0653023233 0.2482041003 -0.1712248807 0.3020424048 -0.5180200403 -0.5443964213 0.3733581287 0.2187996947 0.3271009191 0.3155346830
0.3555284792 0.2363388048 0.2938493852 0.2932238834 -0.0708755915 0.2411912174 -0.1750925933 0.2917875986 -0.5201539218 -0.5452034700 0.3761739007 0.2113807391 0.3163903606 0.3047279731
0.3459782319 0.2289771873 0.2868185814 0.2829843809 -0.0762790390 0.2343178314 -0.1787923439 0.2815591046 -0.5220887265 -0.5458206209 0.3788039747 0.2040990256 0.3056829769 0.2939258147
0.3364545027 0.2217465871 0.2799098912 0.2727730440 -0.0815088075 0.2275877759 -0.1823206105 0.2713596121 -0.5238209596 -0.5462447144 0.3812448561 0.1969583919 0.2949812039 0.2831306693
0.3269598943 0.2146507254 0.2731269005 0.2625925527 -0.0865610388 0.2210048844 -0.1856738708 0.2611918105 -0.5253471266 -0.5464725911 0.3834930503 0.1899626759 0.2842874779 0.2723449983
0.3174970093 0.2076933231 0.2664731954 0.2524455867 -0.0914318746 0.2145729907 -0.1888486026 0.2510583891 -0.5266637326 -0.5465010911 0.3855450626 0.1831157154 0.2736042348 0.2615712633
0.3080684502 0.2008781013 0.2599523616 0.2423348259 -0.0961174566 0.2082959282 -0.1918412839 0.2409620373 -0.5277672830 -0.5463270551 0.3873973985 0.1764213481 0.2629339107 0.2508119258
0.2986768196 0.1942087809 0.2535679851 0.2322629500 -0.1006139264 0.2021775308 -0.1946483925 0.2309054444 -0.5286542831 -0.5459473234 0.3890465632 0.1698834119 0.2522789418 0.2400694473
0.2893247202 0.1876890831 0.2473236517 0.2222326390 -0.1049174259 0.1962216319 -0.1972664063 0.2208912998 -0.5293212381 -0.5453587365 0.3904890622 0.1635057445 0.2416417641 0.2293462894
0.2800147544 0.1813227289 0.2412229475 0.2122465725 -0.1090240967 0.1904320651 -0.1996918030 0.2109222927 -0.5297646534 -0.5445581347 0.3917214008 0.1572921837 0.2310248138 0.2186449136
0.2707495249 0.1751134392 0.2352694583 0.2023074305 -0.1129300805 0.1848126642 -0.2019210605 0.2010011125 -0.5299810341 -0.5435423585 0.3927400844 0.1512465674 0.2204305269 0.2079677813
0.2615316343 0.1690649351 0.2294667700 0.1924178927 -0.1166315191 0.1793672627 -0.2039506568 0.1911304487 -0.5299668857 -0.5423082483 0.3935416183 0.1453727333 0.2098613395 0.1973173542
0.2523636851 0.1631809376 0.2238184685 0.1825806391 -0.1201245541 0.1740996943 -0.2057770696 0.1813129904 -0.5297187134 -0.5408526446 0.3941225080 0.1396745192 0.1993196876 0.1866960937
0.2432482800 0.1574651678 0.2183281397 0.1727983493 -0.1234053273 0.1690137925 -0.2073967767 0.1715514271 -0.5292330226 -0.5391723877 0.3944792588 0.1341557629 0.1888080075 0.1761064614
