-0.9766863085 -0.9085806887 -0.9169516811 -0.3653210501 -0.8999607287 -0.7517806415 -0.8786730187 -0.3733502792 -0.8764209019 -0.6919227086 0.6353844602 -0.8986185038 0.0019077924 0.0416867181
-0.9769159117 -0.9026451716 -0.9109347808 -0.3702552523 -0.8942935195 -0.7493837502 -0.8714794070 -0.3781580117 -0.8699512862 -0.6881437091 0.6326395148 -0.8924170855 -0.0043727688 0.0350840797
-0.9770395135 -0.8965548171 -0.9047258910 -0.3751483369 -0.8885156876 -0.7469029347 -0.8641124561 -0.3829237480 -0.8633669223 -0.6842863804 0.6298224870 -0.8860674075 -0.0106505779 0.0284799651
-0.9770593492 -0.8903125964 -0.8983268825 -0.3800010303 -0.8826310603 -0.7443412192 -0.8565750648 -0.3876482540 -0.8566717476 -0.6803541671 0.6269364969 -0.8795726451 -0.0169259111 0.0218742013
-0.9769776541 -0.8839214810 -0.8917396261 -0.3848140587 -0.8766434649 -0.7417016277 -0.8488701316 -0.3923322958 -0.8498696993 -0.6763505139 0.6239846650 -0.8729359741 -0.0231990443 0.0152666154
-0.9767966638 -0.8773844422 -0.8849659926 -0.3895881483 -0.8705567287 -0.7389871843 -0.8410005553 -0.3969766394 -0.8429647148 -0.6722788654 0.6209701116 -0.8661605698 -0.0294702536 0.0086570345
-0.9765186136 -0.8707044515 -0.8780078528 -0.3943240254 -0.8643746790 -0.7362009129 -0.8329692344 -0.4015820507 -0.8359607315 -0.6681426663 0.6178959571 -0.8592496078 -0.0357398150 0.0020452855
-0.9761457388 -0.8638844802 -0.8708670776 -0.3990224161 -0.8581011431 -0.7333458378 -0.8247790677 -0.4061492959 -0.8288616867 -0.6639453611 0.6147653217 -0.8522062636 -0.0420080047 -0.0045688043
-0.9756802750 -0.8569274996 -0.8635455377 -0.4036840467 -0.8517399483 -0.7304249829 -0.8164329538 -0.4106791409 -0.8216715177 -0.6596903946 0.6115813259 -0.8450337127 -0.0482750986 -0.0111854079
-0.9751244575 -0.8498364813 -0.8560451040 -0.4083096436 -0.8452949219 -0.7274413724 -0.8079337913 -0.4151723517 -0.8143941620 -0.6553812113 0.6083470899 -0.8377351307 -0.0545413728 -0.0178046983
-0.9744805217 -0.8426143965 -0.8483676472 -0.4128999328 -0.8387698913 -0.7243980302 -0.7992844789 -0.4196296943 -0.8070335568 -0.6510212560 0.6050657341 -0.8303136930 -0.0608071034 -0.0244268484
-0.9737507030 -0.8352642167 -0.8405150383 -0.4174556406 -0.8321686838 -0.7212979805 -0.7904879153 -0.4240519347 -0.7995936395 -0.6466139731 0.6017403788 -0.8227725752 -0.0670725664 -0.0310520311
-0.9729372368 -0.8277889132 -0.8324891479 -0.4219774934 -0.8254951266 -0.7181442473 -0.7815469991 -0.4284398390 -0.7920783474 -0.6421628075 0.5983741444 -0.8151149528 -0.0733380379 -0.0376804194
-0.9720423585 -0.8201914574 -0.8242918469 -0.4264662172 -0.8187530470 -0.7149398547 -0.7724646289 -0.4327941731 -0.7844916179 -0.6376712037 0.5949701511 -0.8073440013 -0.0796037939 -0.0443121861
-0.9710683036 -0.8124748208 -0.8159250062 -0.4309225384 -0.8119462725 -0.7116878268 -0.7632437034 -0.4371157030 -0.7768373884 -0.6331426063 0.5915315194 -0.7994628963 -0.0858701105 -0.0509475043
