0.6056692992 0.3876583404 0.3266569178 0.7121830659 0.6118540673 0.6312873592 0.1682066308 0.7123406092 0.4934108618 0.5645066257 -0.7835862368 0.3962369875 0.7469112703 0.7460400422
0.6180079609 0.4020644400 0.3412938478 0.7209851693 0.6197494497 0.6409577656 0.1823618333 0.7211166544 0.4985003300 0.5682092579 -0.7868280160 0.4110601661 0.7549872567 0.7541349294
0.6301314273 0.4162858887 0.3557544511 0.7296423235 0.6275736769 0.6504941751 0.1963926185 0.7297486351 0.5036223223 0.5719616743 -0.7900753763 0.4256820650 0.7629249027 0.7620912928
0.6420406050 0.4303231553 0.3700392332 0.7381549159 0.6353264273 0.6598968087 0.2102990627 0.7382369310 0.5087756373 0.5757625746 -0.7933274763 0.4401033157 0.7707245714 0.7699094960
0.6537364008 0.4441767085 0.3841486998 0.7465233338 0.6430073794 0.6691658875 0.2240812418 0.7465819218 0.5139590739 0.5796106583 -0.7965834741 0.4543245494 0.7783866254 0.7775899028
0.6652197216 0.4578470173 0.3980833563 0.7547479646 0.6506162118 0.6783016324 0.2377392323 0.7547839874 0.5191714307 0.5835046251 -0.7998425284 0.4683463976 0.7859114278 0.7851328767
0.6764914739 0.4713345505 0.4118437083 0.7628291959 0.6581526027 0.6873042644 0.2512731101 0.7628435073 0.5244115065 0.5874431745 -0.8031037974 0.4821694916 0.7932993415 0.7925387814
0.6875525645 0.4846397769 0.4254302613 0.7707674149 0.6656162309 0.6961740046 0.2646829515 0.7707608614 0.5296781001 0.5914250062 -0.8063664396 0.4957944629 0.8005507292 0.7998079806
0.6984039003 0.4977631654 0.4388435209 0.7785630091 0.6730067746 0.7049110740 0.2779688327 0.7785364294 0.5349700103 0.5954488197 -0.8096296134 0.5092219428 0.8076659541 0.8069408378
0.7090463878 0.5107051847 0.4520839926 0.7862163659 0.6803239125 0.7135156934 0.2911308298 0.7861705910 0.5402860359 0.5995133146 -0.8128924771 0.5224525627 0.8146453788 0.8139377169
0.7194809339 0.5234663039 0.4651521821 0.7937278728 0.6875673229 0.7219880841 0.3041690190 0.7936637259 0.5456249755 0.6036171905 -0.8161541893 0.5354869539 0.8214893664 0.8207989813
0.7297084453 0.5360469916 0.4780485947 0.8010979170 0.6947366844 0.7303284668 0.3170834764 0.8010162139 0.5509856279 0.6077591470 -0.8194139082 0.5483257479 0.8281982797 0.8275249948
0.7397298287 0.5484477167 0.4907737362 0.8083268861 0.7018316755 0.7385370627 0.3298742784 0.8082284347 0.5563667919 0.6119378837 -0.8226707924 0.5609695760 0.8347724816 0.8341161211
0.7495459909 0.5606689482 0.5033281120 0.8154151674 0.7088519745 0.7466140928 0.3425415009 0.8153007680 0.5617672664 0.6161521001 -0.8259240002 0.5734190696 0.8412123351 0.8405727236
0.7591578386 0.5727111547 0.5157122276 0.8223631483 0.7157972601 0.7545597779 0.3550852203 0.8222335936 0.5671858499 0.6204004960 -0.8291726899 0.5856748601 0.8475182029 0.8468951662
