0.1686278912 -0.1569387265 -0.0748323892 0.5009804137 -0.4798996721 -0.1922128354 -0.4235124659 0.4956082303 -0.9758898215 -0.6892469687 0.3704264568 -0.1441887760 0.5930880757 0.5992884516
0.1706897228 -0.1550967212 -0.0728650818 0.5034616027 -0.4776603075 -0.1904451673 -0.4218443948 0.4980813032 -0.9737940314 -0.6878385291 0.3680153890 -0.1423972358 0.5956448686 0.6018214805
0.1725927746 -0.1533596374 -0.0710153594 0.5057315966 -0.4754643388 -0.1887772502 -0.4202370664 0.5003440105 -0.9716146699 -0.6864479274 0.3656645404 -0.1407135036 0.5979754054 0.6041268599
0.1743390903 -0.1517259352 -0.0692815730 0.5077929029 -0.4733108836 -0.1872075857 -0.4186893546 0.5023988527 -0.9693521836 -0.6850744281 0.3633728843 -0.1391360047 0.6000823330 0.6062072532
0.1759307133 -0.1501940747 -0.0676620735 0.5096480294 -0.4711990592 -0.1857346755 -0.4172001337 0.5042483305 -0.9670070191 -0.6837172957 0.3611393937 -0.1376631644 0.6019682980 0.6080653240
0.1773696871 -0.1487625161 -0.0661552121 0.5112994836 -0.4691279831 -0.1843570215 -0.4157682775 0.5058949441 -0.9645796232 -0.6823757948 0.3589630420 -0.1362934079 0.6036359470 0.6097037356
0.1786580551 -0.1474297195 -0.0647593396 0.5127497733 -0.4670967729 -0.1830731253 -0.4143926602 0.5073411942 -0.9620704424 -0.6810491900 0.3568428022 -0.1350251605 0.6050879269 0.6111251514
0.1797978610 -0.1461941449 -0.0634728072 0.5140014060 -0.4651045459 -0.1818814888 -0.4130721557 0.5085895812 -0.9594799235 -0.6797367457 0.3547776477 -0.1338568474 0.6063268842 0.6123322350
0.1807911482 -0.1450542525 -0.0622939659 0.5150568894 -0.4631504197 -0.1807806135 -0.4118056381 0.5096426056 -0.9568085130 -0.6784377265 0.3527665515 -0.1327868938 0.6073554657 0.6133276497
0.1816399602 -0.1440085025 -0.0612211666 0.5159187312 -0.4612335116 -0.1797690013 -0.4105919815 0.5105027678 -0.9540566576 -0.6771513970 0.3508084868 -0.1318137251 0.6081763180 0.6141140591
0.1823463405 -0.1430553548 -0.0602527603 0.5165894389 -0.4593529393 -0.1788451539 -0.4094300598 0.5111725685 -0.9512248040 -0.6758770217 0.3489024269 -0.1309357665 0.6087920878 0.6146941265
0.1829123326 -0.1421932698 -0.0593870982 0.5170715203 -0.4575078201 -0.1780075729 -0.4083187471 0.5116545080 -0.9483133987 -0.6746138651 0.3470473450 -0.1301514432 0.6092054219 0.6150705155
0.1833399800 -0.1414207074 -0.0586225312 0.5173674830 -0.4556972715 -0.1772547603 -0.4072569174 0.5119510868 -0.9453228885 -0.6733611917 0.3452422142 -0.1294591804 0.6094189669 0.6152458894
0.1836313263 -0.1407361278 -0.0579574103 0.5174798347 -0.4539204109 -0.1765852176 -0.4062434449 0.5120648054 -0.9422537200 -0.6721182661 0.3434860077 -0.1288574035 0.6094353695 0.6152229117
0.1837884149 -0.1401379910 -0.0573900865 0.5174110829 -0.4521763560 -0.1759974466 -0.4052772034 0.5119981644 -0.9391063398 -0.6708843529 0.3417776987 -0.1283445377 0.6092572764 0.6150042458
