-0.1487165497 -0.2990164813 -0.3426889110 -0.2022828425 0.1118673669 -0.2825486593 -0.3597518569 -0.2060572139 0.3120939957 -0.4807713389 0.1340884138 -0.2661268715 -0.1611463665 -0.1683227018
-0.1607861772 -0.3133305586 -0.3583243031 -0.2147706432 0.1021479410 -0.2967276015 -0.3760182458 -0.2185928158 0.3041375378 -0.4955240111 0.1482581231 -0.2798265856 -0.1730546991 -0.1803601612
-0.1723422742 -0.3270827325 -0.3734059180 -0.2267150190 0.0928070917 -0.3103536127 -0.3917378364 -0.2305834943 0.2964545397 -0.5100874683 0.1619958669 -0.2929708970 -0.1844340009 -0.1918670080
-0.1833920380 -0.3402804413 -0.3879407709 -0.2381235345 0.0838391742 -0.3234340231 -0.4069173941 -0.2420368263 0.2890405814 -0.5244606490 0.1753071114 -0.3055672819 -0.1952917447 -0.2028507106
-0.1939426661 -0.3529311232 -0.4019358772 -0.2490037542 0.0752385438 -0.3359761630 -0.4215636846 -0.2529603885 0.2818912428 -0.5386424914 0.1881973225 -0.3176232169 -0.2056354035 -0.2133187373
-0.2040013560 -0.3650422166 -0.4153982521 -0.2593632425 0.0669995558 -0.3479873626 -0.4356834732 -0.2633617579 0.2750021038 -0.5526319339 0.2006719666 -0.3291461782 -0.2154724503 -0.2232785561
-0.2135753052 -0.3766211596 -0.4283349109 -0.2692095639 0.0591165654 -0.3594749523 -0.4492835256 -0.2732485113 0.2683687444 -0.5664279147 0.2127365095 -0.3401436420 -0.2248103580 -0.2327376355
-0.2226717112 -0.3876753905 -0.4407528689 -0.2785502831 0.0515839279 -0.3704462623 -0.4623706071 -0.2826282255 0.2619867444 -0.5800293724 0.2243964175 -0.3506230849 -0.2336565995 -0.2417034437
-0.2312977714 -0.3982123476 -0.4526591414 -0.2873929643 0.0443959985 -0.3809086229 -0.4749514834 -0.2915084774 0.2558516840 -0.5934352451 0.2356571566 -0.3605919830 -0.2420186477 -0.2501834490
-0.2394606833 -0.4082394691 -0.4640607438 -0.2957451722 0.0375471326 -0.3908693643 -0.4870329199 -0.2998968439 0.2499591428 -0.6066444713 0.2465241929 -0.3700578128 -0.2499039756 -0.2581851195
-0.2471676443 -0.4177641934 -0.4749646912 -0.3036144712 0.0310316853 -0.4003358168 -0.4986216822 -0.3078009017 0.2443047010 -0.6196559892 0.2570029926 -0.3790280506 -0.2573200562 -0.2657159235
-0.2544258520 -0.4267939585 -0.4853779990 -0.3110084259 0.0248440121 -0.4093153107 -0.5097245357 -0.3152282278 0.2388839384 -0.6324687373 0.2670990217 -0.3875101727 -0.2642743624 -0.2727833294
-0.2612425037 -0.4353362028 -0.4953076825 -0.3179346006 0.0189784680 -0.4178151762 -0.5203482459 -0.3221863990 0.2336924350 -0.6450816538 0.2768177463 -0.3955116554 -0.2707743670 -0.2793948053
-0.2676247971 -0.4433983646 -0.5047607570 -0.3244005600 0.0134294084 -0.4258427437 -0.5304995784 -0.3286829921 0.2287257706 -0.6574936771 0.2861646326 -0.4030399751 -0.2768275431 -0.2855578195
-0.2735799295 -0.4509878822 -0.5137442378 -0.3304138685 0.0081911885 -0.4334053433 -0.5401852987 -0.3347255840 0.2239795253 -0.6697037454 0.2951451466 -0.4101026081 -0.2824413636 -0.2912798403
