-0.1780686957 -0.0052764124 -0.0302552461 -0.2469357553 0.1888752662 0.0211210935 0.2318883461 -0.2467627072 0.8491356302 -0.0402028383 -0.2074957394 -0.0156596645 -0.2875329973 -0.2785717801
-0.1727340315 0.0020391572 -0.0219837693 -0.2410925092 0.1910495677 0.0288663409 0.2414836829 -0.2408944762 0.8475022281 -0.0304890467 -0.2156086579 -0.0082628565 -0.2820014697 -0.2730195198
-0.1674900606 0.0092759809 -0.0137665813 -0.2353167474 0.1930762317 0.0365373448 0.2510080526 -0.2350932182 0.8456830827 -0.0207625380 -0.2236242874 -0.0009413244 -0.2765366923 -0.2675352279
-0.1623385406 0.0164323241 -0.0056052334 -0.2296100351 0.1949532380 0.0441323929 0.2604596929 -0.2293604949 0.8436762537 -0.0110239324 -0.2315406896 0.0063032253 -0.2711402091 -0.2621204611
-0.1572812296 0.0235064518 0.0024987230 -0.2239739376 0.1966785662 0.0516497730 0.2698368415 -0.2236978679 0.8414798010 -0.0012738497 -0.2393559257 0.0134690862 -0.2658135644 -0.2567767757
-0.1523198851 0.0304966293 0.0105437365 -0.2184100199 0.1982501961 0.0590877731 0.2791377361 -0.2181068986 0.8390917844 0.0084870900 -0.2470680575 0.0205545519 -0.2605583024 -0.2515057283
-0.1474562650 0.0374011218 0.0185282557 -0.2129198474 0.1996661072 0.0664446808 0.2883606145 -0.2125891486 0.8365102635 0.0182582668 -0.2546751463 0.0275579159 -0.2553759673 -0.2463088755
-0.1426921271 0.0442181945 0.0264507291 -0.2075049851 0.2009242793 0.0737187840 0.2975037142 -0.2071461795 0.8337332982 0.0280390607 -0.2621752536 0.0344774718 -0.2502681032 -0.2411877738
-0.1380292292 0.0509461126 0.0343096055 -0.2021669983 0.2020226921 0.0809083705 0.3065652731 -0.2017795528 0.8307589482 0.0378288518 -0.2695664409 0.0413115131 -0.2452362544 -0.2361439797
-0.1334693290 0.0575831414 0.0421033335 -0.1969074522 0.2029593253 0.0880117281 0.3155435289 -0.1964908301 0.8275852734 0.0476270201 -0.2768467698 0.0480583334 -0.2402819651 -0.2311790497
-0.1290141844 0.0641275460 0.0498303615 -0.1917279119 0.2037321585 0.0950271447 0.3244367192 -0.1912815729 0.8242103334 0.0574329456 -0.2840143016 0.0547162263 -0.2354067794 -0.2262945404
-0.1246655531 0.0705775917 0.0574891383 -0.1866299426 0.2043391715 0.1019529079 0.3332430818 -0.1861533428 0.8206321881 0.0672460084 -0.2910670980 0.0612834854 -0.2306122416 -0.2214920083
-0.1204251930 0.0769315436 0.0650781125 -0.1816151096 0.2047783439 0.1087873058 0.3419608543 -0.1811077012 0.8168488972 0.0770655886 -0.2980032203 0.0677584042 -0.2258998958 -0.2167730098
-0.1162948618 0.0831876670 0.0725957326 -0.1766849779 0.2050476553 0.1155286259 0.3505882746 -0.1761462099 0.8128585205 0.0868910660 -0.3048207302 0.0741392762 -0.2212712862 -0.2121391016
-0.1122763173 0.0893442271 0.0800404473 -0.1718411129 0.2051450856 0.1221751563 0.3591235802 -0.1712704302 0.8086591177 0.0967218208 -0.3115176889 0.0804243951 -0.2167279571 -0.2075918401
