0.3589575381 0.3516497243 0.3697629918 0.3811186353 0.4127902116 0.3522755809 0.3370761131 0.3814608912 0.5932966667 -0.3959748555 -0.3232677937 0.3547604500 0.3856511113 0.3838900840
0.3307580539 0.3231474297 0.3419218322 0.3537444184 0.3874020588 0.3237900738 0.3080019842 0.3540992105 0.5763148121 -0.4093985569 -0.2937085651 0.3263726147 0.3584538506 0.3566256788
0.3029125972 0.2950052912 0.3144188854 0.3266987092 0.3623774082 0.2956635072 0.2793027477 0.3270656285 0.5596380921 -0.4226526901 -0.2645424904 0.2983412314 0.3315805213 0.3296871058
0.2754194103 0.2672215742 0.2872525998 0.2999799427 0.3377142394 0.2678941688 0.2509766412 0.3003585836 0.5432645666 -0.4357378751 -0.2357676311 0.2706645937 0.3050295794 0.3030728086
0.2482767353 0.2397945438 0.2604214243 0.2735865536 0.3134105320 0.2404803466 0.2230219024 0.2739765142 0.5271922953 -0.4486547319 -0.2073820487 0.2433409952 0.2787994806 0.2767812305
0.2214828144 0.2127224653 0.2339238073 0.2475169768 0.2894642659 0.2134203284 0.1954367691 0.2479178588 0.5114193380 -0.4614038804 -0.1793838048 0.2163687295 0.2528886807 0.2508108150
0.1950358900 0.1860036038 0.2077581975 0.2217696470 0.2658734207 0.1867124018 0.1682194789 0.2221810558 0.4959437546 -0.4739859406 -0.1517709608 0.1897460901 0.2272956355 0.2251600057
0.1689342041 0.1596362246 0.1819230436 0.1963429991 0.2426359760 0.1603548548 0.1413682695 0.1967645437 0.4807636046 -0.4864015325 -0.1245415782 0.1634713705 0.2020188008 0.1998272459
0.1431759990 0.1336185928 0.1564167940 0.1712354678 0.2197499115 0.1343459752 0.1148813788 0.1716667609 0.4658769480 -0.4986512760 -0.0976937184 0.1375428645 0.1770566324 0.1748109793
0.1177595169 0.1079489737 0.1312378974 0.1464454881 0.1972132070 0.1086840507 0.0887570442 0.1468861459 0.4512818445 -0.5107357912 -0.0712254431 0.1119588654 0.1524075861 0.1501096491
0.0926830000 0.0826256325 0.1063848025 0.1219714947 0.1750238422 0.0833673692 0.0629935037 0.1224211372 0.4369763539 -0.5226556978 -0.0451348136 0.0867176670 0.1280701177 0.1257216990
0.0679446906 0.0576468344 0.0818559578 0.0978119224 0.1531797966 0.0583942184 0.0375889949 0.0982701732 0.4229585359 -0.5344116160 -0.0194198915 0.0618175627 0.1040426831 0.1016455724
0.0435428307 0.0330108446 0.0576498120 0.0739652061 0.1316790500 0.0337628863 0.0125417554 0.0744316923 0.4092264503 -0.5460041657 0.0059212617 0.0372568461 0.0803237380 0.0778797127
0.0194756628 0.0087159284 0.0337648136 0.0504297805 0.1105195821 0.0094716606 -0.0121499769 0.0509041329 0.3957781569 -0.5574339668 0.0308905847 0.0130338107 0.0569117383 0.0544225635
-0.0042585712 -0.0152396492 0.0101994113 0.0272040804 0.0896993725 -0.0144811709 -0.0364879644 0.0276859337 0.3826117154 -0.5687016394 0.0554900157 -0.0108532497 0.0338051396 0.0312725683
