0.3420504443 0.1736784490 0.2061362802 0.3753933618 0.1016068764 0.1296917350 0.0778228535 0.3844979165 0.2185193916 0.1473048605 -0.1476329101 0.1590014795 0.2680859973 0.2515435680
0.3597370013 0.1929576797 0.2251069317 0.3870425173 0.1198283481 0.1495557529 0.0976802215 0.3962525008 0.2330586319 0.1645956295 -0.1649241686 0.1784942111 0.2774373199 0.2611326754
0.3774516583 0.2124038303 0.2442177843 0.3985173693 0.1383563273 0.1696162107 0.1177989879 0.4078331642 0.2479237365 0.1821768604 -0.1825054407 0.1981629719 0.2865826831 0.2705261987
0.3951924632 0.2320171351 0.2634686548 0.4098135531 0.1571933965 0.1898736888 0.1381808726 0.4192355391 0.2631181163 0.2000510612 -0.2003792286 0.2180080876 0.2955175143 0.2797196692
0.4129574639 0.2517978287 0.2828593597 0.4209267040 0.1763421380 0.2103287677 0.1588275954 0.4304552579 0.2786451822 0.2182207403 -0.2185480343 0.2380298842 0.3042372409 0.2887086181
0.4307447083 0.2717461455 0.3023897158 0.4318524572 0.1958051340 0.2309820280 0.1797408762 0.4414879530 0.2945083453 0.2366884059 -0.2370143601 0.2582286876 0.3127372902 0.2974885766
0.4485522443 0.2918623198 0.3220595397 0.4425864481 0.2155849669 0.2518340501 0.2009224348 0.4523292569 0.3107110164 0.2554565664 -0.2557807081 0.2786048235 0.3210130895 0.3060550759
0.4663781200 0.3121465860 0.3418686482 0.4531243120 0.2356842191 0.2728854148 0.2223739911 0.4629748020 0.3272566065 0.2745277298 -0.2748495802 0.2991586180 0.3290600662 0.3144036473
0.4842203831 0.3325991786 0.3618168580 0.4634616841 0.2561054727 0.2941367023 0.2440972648 0.4734202206 0.3441485266 0.2939044046 -0.2942234787 0.3198903968 0.3368736478 0.3225298220
0.5020770817 0.3532203320 0.3819039857 0.4735941997 0.2768513103 0.3155884934 0.2660939759 0.4836611453 0.3613901877 0.3135890989 -0.3139049057 0.3408004859 0.3444492614 0.3304291312
0.5199462636 0.3740102805 0.4021298480 0.4835174941 0.2979243139 0.3372413684 0.2883658442 0.4936932084 0.3789850006 0.3335843210 -0.3338963632 0.3618892110 0.3517823345 0.3380971062
0.5378259768 0.3949692587 0.4224942617 0.4932272026 0.3193270660 0.3590959080 0.3109145894 0.5035120424 0.3969363764 0.3538925792 -0.3542003535 0.3831568982 0.3588682944 0.3455292781
0.5557142692 0.4160975008 0.4429970433 0.5027189605 0.3410621490 0.3811526927 0.3337419316 0.5131132797 0.4152477261 0.3745163817 -0.3748193785 0.4046038733 0.3657025684 0.3527211783
0.5736091888 0.4373952414 0.4636380097 0.5119884031 0.3631321450 0.4034123029 0.3568495904 0.5224925527 0.4339224604 0.3954582368 -0.3957559405 0.4262304621 0.3722805840 0.3596683379
0.5915087833 0.4588627147 0.4844169774 0.5210311655 0.3855396364 0.4258753193 0.3802392857 0.5316454939 0.4529639905 0.4167206528 -0.4170125415 0.4480369905 0.3785977684 0.3663662881
