0.6726580029 0.8927515284 0.9757015671 0.7203129599 0.7815144817 0.8902907727 0.9878925399 0.7219431891 0.9437234987 0.8735302420 -0.9928381336 0.8702619475 0.6910213218 0.6926962074
0.6667819999 0.8875865648 0.9710266912 0.7145408242 0.7752728723 0.8855742976 0.9843961048 0.7161771553 0.9371652623 0.8809827563 -0.9900348766 0.8651707218 0.6852571518 0.6869135036
0.6605780141 0.8820213281 0.9659199666 0.7084259662 0.7686805998 0.8804500380 0.9804417424 0.7100678486 0.9302183202 0.8882368134 -0.9867575212 0.8596839413 0.6791580105 0.6807957146
0.6540424838 0.8760513910 0.9603765793 0.7019646531 0.7617339063 0.8749134289 0.9760242747 0.7036115294 0.9228785522 0.8952896760 -0.9830007388 0.8537972199 0.6727202470 0.6743391911
0.6471718476 0.8696723263 0.9543917151 0.6951531522 0.7544290344 0.8689599050 0.9711385236 0.6968044583 0.9151418382 0.9021386072 -0.9787592011 0.8475061717 0.6659402106 0.6675402832
0.6399625439 0.8628797069 0.9479605601 0.6879877306 0.7467622264 0.8625849010 0.9657793113 0.6896428959 0.9070040582 0.9087808698 -0.9740275796 0.8408064104 0.6588142504 0.6603953414
0.6324110111 0.8556691054 0.9410783003 0.6804646556 0.7387297247 0.8557838518 0.9599414595 0.6821231026 0.8984610920 0.9152137269 -0.9688005458 0.8336935499 0.6513387158 0.6529007161
0.6245136877 0.8480360947 0.9337401215 0.6725801943 0.7303277716 0.8485521922 0.9536197904 0.6742413390 0.8895088194 0.9214344412 -0.9630727714 0.8261632041 0.6435099560 0.6450527576
0.6162670121 0.8399762477 0.9259412098 0.6643306141 0.7215526096 0.8408853569 0.9468091260 0.6659938656 0.8801431204 0.9274402759 -0.9568389279 0.8182109869 0.6353243201 0.6368478165
0.6076674227 0.8314851370 0.9176767511 0.6557121821 0.7124004810 0.8327787808 0.9395042881 0.6573769430 0.8703598749 0.9332284937 -0.9500936869 0.8098325121 0.6267781574 0.6282822430
0.5987113580 0.8225583355 0.9089419314 0.6467211656 0.7028676282 0.8242278985 0.9317000988 0.6483868317 0.8601549627 0.9387963576 -0.9428317199 0.8010233938 0.6178678172 0.6193523875
0.5893952565 0.8131914160 0.8997319366 0.6373538317 0.6929502935 0.8152281450 0.9233913801 0.6390197923 0.8495242638 0.9441411306 -0.9350476984 0.7917792456 0.6085896486 0.6100546004
0.5797155565 0.8033799512 0.8900419528 0.6276064476 0.6826447195 0.8057749551 0.9145729540 0.6292720852 0.8384636580 0.9492600755 -0.9267362942 0.7820956816 0.5989400010 0.6003852322
0.5696686966 0.7931195141 0.8798671658 0.6174752807 0.6719471483 0.7958637634 0.9052396424 0.6191399710 0.8269690252 0.9541504554 -0.9178921786 0.7719683156 0.5889152234 0.5903406332
0.5592511151 0.7824056773 0.8692027616 0.6069565981 0.6608538225 0.7854900048 0.8953862673 0.6086197103 0.8150362453 0.9588095331 -0.9085100233 0.7613927614 0.5785116653 0.5799171537
