-0.3206628658 -0.4514127178 -0.4736534881 -0.4294222948 -0.3379815226 -0.5011190933 -0.6384666043 -0.4268596477 -0.3024647378 -0.8037307381 0.7423176607 -0.4606822105 -0.4045870671 -0.4003176057
-0.3158428627 -0.4468721091 -0.4701300879 -0.4269737288 -0.3231182868 -0.4959498580 -0.6321118414 -0.4244228956 -0.2825366249 -0.7980497682 0.7354571733 -0.4556918579 -0.4024781553 -0.3982348235
-0.3109953759 -0.4422897406 -0.4665635733 -0.4244881728 -0.3081835684 -0.4907326220 -0.6256924415 -0.4219494525 -0.2625107839 -0.7922806630 0.7285106873 -0.4506582135 -0.4003354002 -0.3961187032
-0.3061195967 -0.4376647399 -0.4629527390 -0.4219640546 -0.2931807742 -0.4854667326 -0.6192081761 -0.4194377416 -0.2423957301 -0.7864231321 0.7214783641 -0.4455805562 -0.3981571109 -0.3939675445
-0.3012147166 -0.4329962344 -0.4592963793 -0.4193998016 -0.2781133109 -0.4801515370 -0.6126588168 -0.4168861859 -0.2221999787 -0.7804768852 0.7143603651 -0.4404581649 -0.3959415969 -0.3917796468
-0.2962799270 -0.4282833515 -0.4555932886 -0.4167938415 -0.2629845854 -0.4747863826 -0.6060441350 -0.4142932086 -0.2019320451 -0.7744416317 0.7071568518 -0.4352903187 -0.3936871673 -0.3895533099
-0.2913144193 -0.4235252188 -0.4518422615 -0.4141446018 -0.2477980044 -0.4693706166 -0.5993639025 -0.4116572327 -0.1816004443 -0.7683170813 0.6998679855 -0.4300762963 -0.3913921313 -0.3872868334
-0.2863173848 -0.4187209637 -0.4480420922 -0.4114505102 -0.2325569748 -0.4639035864 -0.5926178906 -0.4089766812 -0.1612136919 -0.7621029434 0.6924939276 -0.4248153768 -0.3890547983 -0.3849785169
-0.2812880151 -0.4138697137 -0.4441915754 -0.4087099941 -0.2172649032 -0.4583846392 -0.5858058709 -0.4062499774 -0.1407803029 -0.7557989278 0.6850348397 -0.4195068390 -0.3866734775 -0.3826266601
-0.2762255015 -0.4089705962 -0.4402895053 -0.4059214811 -0.2019251966 -0.4528131223 -0.5789276149 -0.4034755443 -0.1203087926 -0.7494047438 0.6774908831 -0.4141499620 -0.3842464780 -0.3802295625
-0.2711290354 -0.4040227387 -0.4363346765 -0.4030833989 -0.1865412616 -0.4471883831 -0.5719828943 -0.4006518049 -0.0998076764 -0.7429201011 0.6698622191 -0.4087440246 -0.3817721093 -0.3777855237
-0.2659978082 -0.3990252687 -0.4323258834 -0.4001941751 -0.1711165050 -0.4415097687 -0.5649714805 -0.3977771823 -0.0792854694 -0.7363447093 0.6621490093 -0.4032883057 -0.3792486805 -0.3752928435
-0.2608310114 -0.3939773136 -0.4282619203 -0.3972522371 -0.1556543337 -0.4357766266 -0.5578931450 -0.3948500997 -0.0587506870 -0.7296782779 0.6543514151 -0.3977820844 -0.3766745008 -0.3727498215
-0.2556278363 -0.3888780009 -0.4241415818 -0.3942560126 -0.1401581544 -0.4299883040 -0.5507476595 -0.3918689801 -0.0382118444 -0.7229205165 0.6464695978 -0.3922246394 -0.3740478796 -0.3701547571
-0.2503874743 -0.3837264581 -0.4199636623 -0.3912039292 -0.1246313738 -0.4241441481 -0.5435347954 -0.3888322467 -0.0176774568 -0.7160711346 0.6385037190 -0.3866152498 -0.3713671261 -0.3675059502
