-0.4187267114 -0.9357154517 -0.7181557270 -0.7546600999 -0.7601715122 -0.8052627407 -0.9564246483 -0.7496204556 -0.7276841569 0.0761283483 0.3771056347 -0.7833027886 -0.7176602450 -0.7272948871
-0.4128505225 -0.9361204031 -0.7174449150 -0.7627722844 -0.7779989211 -0.8076352870 -0.9594737665 -0.7578709948 -0.7454757521 0.0623190814 0.3971420050 -0.7826888514 -0.7273514222 -0.7362143951
-0.4071622479 -0.9365164634 -0.7168488450 -0.7708717743 -0.7950757450 -0.8101435241 -0.9624516016 -0.7661076979 -0.7625750170 0.0487273971 0.4167977613 -0.7821462961 -0.7369879536 -0.7451115481
-0.4016556530 -0.9368982834 -0.7163602834 -0.7789510147 -0.8114094266 -0.8127783635 -0.9653532478 -0.7743230006 -0.7789912521 0.0353502057 0.4360754469 -0.7816686882 -0.7465627972 -0.7539788010
-0.3963245032 -0.9372605134 -0.7159719967 -0.7870024508 -0.8270074085 -0.8155307168 -0.9681737992 -0.7825093386 -0.7947337579 0.0221844175 0.4549776052 -0.7812495932 -0.7560689112 -0.7628086083
-0.3911625638 -0.9375978041 -0.7156767515 -0.7950185280 -0.8418771334 -0.8183914958 -0.9709083502 -0.7906591479 -0.8098118350 0.0092269431 0.4735067793 -0.7808825764 -0.7654992537 -0.7715934250
-0.3861636005 -0.9379048062 -0.7154673142 -0.8029916914 -0.8560260440 -0.8213516119 -0.9735519949 -0.7987648640 -0.8242347838 -0.0035253075 0.4916655125 -0.7805612034 -0.7748467827 -0.7803257058
-0.3813213785 -0.9381761700 -0.7153364514 -0.8109143862 -0.8694615828 -0.8244019768 -0.9760998274 -0.8068189229 -0.8380119048 -0.0160754236 0.5094563483 -0.7802790396 -0.7841044564 -0.7889979054
-0.3766296632 -0.9384065464 -0.7152769294 -0.8187790576 -0.8821911927 -0.8275335022 -0.9785469420 -0.8148137603 -0.8511524986 -0.0284264952 0.5268818299 -0.7800296504 -0.7932652329 -0.7976024786
-0.3720822202 -0.9385905858 -0.7152815148 -0.8265781509 -0.8942223162 -0.8307370996 -0.9808884329 -0.8227418120 -0.8636658657 -0.0405816117 0.5439445005 -0.7798066012 -0.8023220704 -0.8061318802
-0.3676728148 -0.9387229387 -0.7153429741 -0.8343041112 -0.9055623961 -0.8340036807 -0.9831193943 -0.8305955138 -0.8755613066 -0.0525438628 0.5606469035 -0.7796034575 -0.8112679268 -0.8145785649
-0.3633952124 -0.9387982559 -0.7154540737 -0.8419493839 -0.9162188749 -0.8373241570 -0.9852349203 -0.8383673014 -0.8868481219 -0.0643163382 0.5769915822 -0.7794137847 -0.8200957603 -0.8229349875
-0.3592431785 -0.9388111879 -0.7156075802 -0.8495064140 -0.9261991953 -0.8406894403 -0.9872301051 -0.8460496107 -0.8975356119 -0.0759021275 0.5929810799 -0.7792311483 -0.8287985291 -0.8311936027
-0.3552104785 -0.9387563852 -0.7157962600 -0.8569676469 -0.9355108001 -0.8440904420 -0.9891000430 -0.8536348775 -0.9076330773 -0.0873043204 0.6086179398 -0.7790491137 -0.8373691911 -0.8393468654
-0.3512908778 -0.9386284984 -0.7160128797 -0.8643255277 -0.9441611318 -0.8475180738 -0.9908398282 -0.8611155374 -0.9171498185 -0.0985260066 0.6239047053 -0.7788612463 -0.8458007046 -0.8473872302
