-0.2817309417 -0.2374308627 -0.3747499064 -0.5044582530 0.1715032658 -0.3302724173 -0.1363800680 -0.5051326517 0.5912218729 -0.5118164234 -0.4548338459 -0.2548834766 -0.5414844021 -0.5363853803
-0.2568186009 -0.2126301270 -0.3527563696 -0.4837853652 0.1970330550 -0.3078714196 -0.1108453344 -0.4844673884 0.6077339548 -0.4980122335 -0.4737041007 -0.2304989448 -0.5217419809 -0.5165840834
-0.2317577087 -0.1877068027 -0.3305873483 -0.4628725837 0.2224936974 -0.2853171261 -0.0852453376 -0.4635615137 0.6240906976 -0.4840875519 -0.4924763696 -0.2059848078 -0.5017543855 -0.4965430930
-0.2065637361 -0.1626754221 -0.3082542745 -0.4417316984 0.2478666580 -0.2626210694 -0.0595951845 -0.4424267967 0.6402788890 -0.4700455550 -0.5111351761 -0.1813550413 -0.4815329518 -0.4762739042
-0.1812521547 -0.1375505177 -0.2857685805 -0.4203744991 0.2731334016 -0.2397947821 -0.0339099821 -0.4210750064 0.6562853162 -0.4558894196 -0.5296650439 -0.1566236208 -0.4610890159 -0.4557880122
-0.1558384358 -0.1123466219 -0.2631416983 -0.3988127757 0.2982753931 -0.2168497966 -0.0082048370 -0.3995179119 0.6720967666 -0.4416223224 -0.5480504965 -0.1318045221 -0.4404339139 -0.4350969124
-0.1303380508 -0.0870782673 -0.2403850602 -0.3770583179 0.3232740976 -0.1937976456 0.0175051437 -0.3777672822 0.6877000276 -0.4272474401 -0.5662760575 -0.1069117210 -0.4195789820 -0.4142120998
-0.1047664710 -0.0617599862 -0.2175100981 -0.3551229156 0.3481109798 -0.1706498617 0.0432048531 -0.3558348865 0.7030818865 -0.4127679494 -0.5843262505 -0.0819591932 -0.3985355562 -0.3931450696
-0.0791391679 -0.0364063110 -0.1945282444 -0.3330183585 0.3727675046 -0.1474179774 0.0688791844 -0.3337324937 0.7182291308 -0.3981870271 -0.6021855992 -0.0569609143 -0.3773149725 -0.3719073172
-0.0534716128 -0.0110317743 -0.1714509310 -0.3107564366 0.3972251370 -0.1241135254 0.0945130307 -0.3114718730 0.7331285478 -0.3835078499 -0.6198386270 -0.0319308601 -0.3559285672 -0.3505103377
-0.0277792771 0.0143490916 -0.1482895901 -0.2883489397 0.4214653419 -0.1007480382 0.1200912850 -0.2890647935 0.7477669248 -0.3687335945 -0.6372698577 -0.0068830063 -0.3343876762 -0.3289656263
-0.0020776322 0.0397217541 -0.1250556539 -0.2658076576 0.4454695842 -0.0773330484 0.1455988406 -0.2665230241 0.7621310492 -0.3538674377 -0.6544638147 0.0181686715 -0.3127036357 -0.3072846783
0.0236178506 0.0650716809 -0.1017605546 -0.2431443800 0.4692193287 -0.0538800886 0.1710205904 -0.2438583340 0.7762077084 -0.3389125562 -0.6714050217 0.0432101973 -0.2908877817 -0.2854789888
0.0492916998 0.0903843394 -0.0784157241 -0.2203708969 0.4926960403 -0.0304006914 0.1963414277 -0.2210824921 0.7899836897 -0.3238721268 -0.6880780023 0.0682275957 -0.2689514503 -0.2635600530
0.0749284441 0.1156451973 -0.0550325947 -0.1974989980 0.5158811840 -0.0069063893 0.2215462454 -0.1982072677 0.8034457806 -0.3087493260 -0.7044672800 0.0932068908 -0.2469059777 -0.2415393662
