0.5267568009 0.5424009324 0.5164360185 0.4992346493 0.5575633121 0.5372565425 0.5455067723 0.5006478659 0.5719623317 0.5274434975 -0.5422476573 0.5316298598 0.5047123499 0.4996044965
0.5533931722 0.5684498634 0.5442335475 0.5272125739 0.5823529186 0.5636028279 0.5715008779 0.5285510651 0.5959436858 0.5547750608 -0.5674106589 0.5583016959 0.5322252170 0.5274067866
0.5806996235 0.5951074391 0.5726385768 0.5559275961 0.6077835888 0.5905640746 0.5980831944 0.5571886988 0.6205452201 0.5826779126 -0.5933017547 0.5855953594 0.5604882401 0.5559662800
0.6086834939 0.6223801593 0.6016572901 0.5853878504 0.6338625336 0.6181468281 0.6252599186 0.5865688736 0.6457739643 0.6111577622 -0.6199294225 0.6135174454 0.5895098331 0.5852914490
0.6373521223 0.6502745237 0.6312958708 0.6156014715 0.6605969636 0.6463576340 0.6530372471 0.6166996964 0.6716369478 0.6402203190 -0.6473021401 0.6420745489 0.6192984096 0.6153907656
0.6667128476 0.6787970321 0.6615605024 0.6465765939 0.6879940896 0.6752030380 0.6814213766 0.6475892735 0.6981412002 0.6698712923 -0.6754283855 0.6712732647 0.6498623834 0.6462727018
0.6967730088 0.7079541845 0.6924573686 0.6783213522 0.7160611225 0.7046895855 0.7104185038 0.6792457118 0.7252937508 0.7001163916 -0.7043166366 0.7011201879 0.6812101683 0.6779457297
0.7275399448 0.7377524806 0.7239926528 0.7108438809 0.7448052729 0.7348238222 0.7400348254 0.7116771178 0.7531016294 0.7309613262 -0.7339753711 0.7316219134 0.7133501781 0.7104183214
0.7590209946 0.7681984202 0.7561725386 0.7441523148 0.7742337517 0.7656122938 0.7702765381 0.7448915981 0.7815718652 0.7624118055 -0.7644130671 0.7627850363 0.7462908264 0.7436989489
0.7912234971 0.7992985031 0.7890032095 0.7782547884 0.8043537695 0.7970615458 0.8011498386 0.7788972595 0.8107114879 0.7944735389 -0.7956382023 0.7946161515 0.7800405270 0.7777960844
0.8241547912 0.8310592292 0.8224908490 0.8131594362 0.8351725372 0.8291781238 0.8326609235 0.8137022084 0.8405275269 0.8271522357 -0.8276592547 0.8271218540 0.8146076937 0.8127181999
0.8578222160 0.8634870982 0.8566416407 0.8488743929 0.8666972655 0.8619685734 0.8648159897 0.8493145517 0.8710270118 0.8604536054 -0.8604847021 0.8603087388 0.8500007403 0.8484737675
0.8922331103 0.8965886100 0.8914617681 0.8854077930 0.8989351651 0.8954394402 0.8976212337 0.8857423958 0.9022169721 0.8943833573 -0.8941230225 0.8941834008 0.8862280805 0.8850712592
0.9273948131 0.9303702643 0.9269574148 0.9227677712 0.9318934469 0.9295972699 0.9310828523 0.9229938475 0.9341044372 0.9289472008 -0.9285826937 0.9287524350 0.9232981280 0.9225191472
0.9633146634 0.9648385611 0.9631347642 0.9609624620 0.9655793216 0.9644486079 0.9652070422 0.9610770134 0.9666964367 0.9641508452 -0.9638721936 0.9640224364 0.9612192966 0.9608259034
