0.3701104010 0.1568583298 0.1515189754 0.6907669191 -0.0638868832 0.1438333392 0.0394966405 0.6856071036 -0.1742105982 -0.1420428672 0.1443420541 0.1752003492 0.8502009646 0.7978899051
0.3937287852 0.1842191435 0.1788183832 0.7074299247 -0.0324648177 0.1717017579 0.0689355533 0.7024030217 -0.1411969618 -0.1094289498 0.1116543931 0.2021992867 0.8632437958 0.8123550415
0.4173691078 0.2118824274 0.2064357076 0.7237701608 -0.0004554934 0.1998749283 0.0988312267 0.7188804697 -0.1074271624 -0.0761115236 0.0782614733 0.2294786868 0.8757717592 0.8263736697
0.4410260671 0.2398475772 0.2343708829 0.7397782681 0.0321442910 0.2283517399 0.1291854829 0.7350301094 -0.0728952414 -0.0420856194 0.0441584300 0.2570376558 0.8877728413 0.8399346741
0.4646943616 0.2681139887 0.2626238437 0.7554448872 0.0653377364 0.2571310820 0.1600001439 0.7508426027 -0.0375952400 -0.0073462675 0.0093403984 0.2848752999 0.8992350282 0.8530269391
0.4883686897 0.2966810578 0.2911945243 0.7707606590 0.0991280441 0.2862118440 0.1912770319 0.7663086117 -0.0015211995 0.0281115013 -0.0261974863 0.3129907255 0.9101463063 0.8656393491
0.5120437497 0.3255481802 0.3200828593 0.7857162241 0.1335184151 0.3155929153 0.2230179691 0.7814187983 0.0353328388 0.0642926564 -0.0624600887 0.3413830390 0.9204946620 0.8777607886
0.5357142402 0.3547147517 0.3492887832 0.8003022231 0.1685120505 0.3452731854 0.2552247775 0.7961638243 0.0729728335 0.1012021674 -0.0994522737 0.3700513465 0.9302680816 0.8893801419
0.5593748595 0.3841801680 0.3788122304 0.8145092968 0.2041121515 0.3752515437 0.2878992793 0.8105343516 0.1114047435 0.1388450035 -0.1371789058 0.3989947546 0.9394545513 0.9004862935
0.5830203061 0.4139438250 0.4086531353 0.8283280858 0.2403219191 0.4055268794 0.3210432967 0.8245210424 0.1506345274 0.1772261343 -0.1756448500 0.4282123694 0.9480420575 0.9110681277
0.6066452784 0.4440051184 0.4388114325 0.8417492309 0.2771445545 0.4360980822 0.3546586517 0.8381145583 0.1906681438 0.2163505291 -0.2148549709 0.4577032973 0.9560185866 0.9211145291
0.6302444747 0.4743634441 0.4692870565 0.8547633727 0.3145832588 0.4669640412 0.3887471665 0.8513055614 0.2315115516 0.2562231574 -0.2548141333 0.4874666446 0.9633721248 0.9306143819
0.6538125935 0.5050181978 0.5000799416 0.8673611519 0.3526412330 0.4981236460 0.4233106633 0.8640847137 0.2731707094 0.2968489885 -0.2955272019 0.5175015176 0.9700906584 0.9395565706
0.6773443333 0.5359687753 0.5311900223 0.8795332093 0.3913216784 0.5295757859 0.4583509642 0.8764426769 0.3156515760 0.3382329919 -0.3369990414 0.5478070228 0.9761621739 0.9479299797
0.7008343923 0.5672145724 0.5626172332 0.8912701854 0.4306277959 0.5613193504 0.4938698912 0.8883701131 0.3589601100 0.3803801370 -0.3792345167 0.5783822663 0.9815746574 0.9557234935
