-0.0547095166 0.2270406879 0.2787051040 -0.0696537499 0.0917633491 0.2795321978 0.5819330329 -0.0676418429 0.5276556953 0.4296809692 -0.4536454658 0.2249613643 -0.1240221874 -0.1156533516
-0.0557109145 0.2286196136 0.2826207538 -0.0688152828 0.0845721389 0.2817824041 0.5861340847 -0.0667497485 0.5149180368 0.4393058539 -0.4549018775 0.2268200687 -0.1234365171 -0.1151193368
-0.0568873796 0.2300365235 0.2864076482 -0.0681194289 0.0771363161 0.2838761818 0.5901795795 -0.0659995815 0.5019015041 0.4489136973 -0.4559679519 0.2285215884 -0.1229917183 -0.1147280036
-0.0582406695 0.2312896828 0.2900642357 -0.0675677536 0.0694538605 0.2858118186 0.5940677549 -0.0653929035 0.4886041568 0.4585038793 -0.4568417503 0.2300642168 -0.1226893352 -0.1144809086
-0.0597725422 0.2323773568 0.2935889651 -0.0671618219 0.0615227518 0.2875876023 0.5977968487 -0.0649312761 0.4750240548 0.4680757800 -0.4575213344 0.2314462475 -0.1225309119 -0.1143796082
-0.0614847554 0.2332978106 0.2969802848 -0.0669031990 0.0533409695 0.2892018208 0.6013650986 -0.0646162608 0.4611592578 0.4776287795 -0.4580047656 0.2326659741 -0.1225179928 -0.1144256591
-0.0633790669 0.2340493094 0.3002366436 -0.0667934502 0.0449064935 0.2906527619 0.6047707422 -0.0644494191 0.4470078256 0.4871622577 -0.4582901053 0.2337216902 -0.1226521219 -0.1146206177
-0.0654572345 0.2346301185 0.3033564899 -0.0668341406 0.0362173034 0.2919387133 0.6080120174 -0.0644323126 0.4325678180 0.4966755947 -0.4583754152 0.2346116892 -0.1229348435 -0.1149660405
-0.0677210160 0.2350385031 0.3063382725 -0.0670268355 0.0272713788 0.2930579629 0.6110871618 -0.0645665029 0.4178372947 0.5061681705 -0.4582587566 0.2353342649 -0.1233677017 -0.1154634842
-0.0701721691 0.2352727284 0.3091804400 -0.0673730999 0.0180666995 0.2940087986 0.6139944131 -0.0648535514 0.4028143155 0.5156393652 -0.4579381911 0.2358877107 -0.1239522409 -0.1161145051
-0.0728124517 0.2353310595 0.3118814409 -0.0678744991 0.0086012452 0.2947895080 0.6167320090 -0.0652950198 0.3874969402 0.5250885589 -0.4574117802 0.2362703202 -0.1246900050 -0.1169206598
-0.0756436215 0.2352117618 0.3144397238 -0.0685325983 -0.0011270045 0.2953983790 0.6192981872 -0.0658924695 0.3718832286 0.5345151314 -0.4566775853 0.2364803870 -0.1255825385 -0.1178835049
-0.0786674364 0.2349131003 0.3168537374 -0.0693489627 -0.0111200699 0.2958336995 0.6216911856 -0.0666474622 0.3559712403 0.5439184629 -0.4557336679 0.2365162046 -0.1266313854 -0.1190045969
-0.0818856540 0.2344333404 0.3191219303 -0.0703251574 -0.0213799713 0.2960937572 0.6239092416 -0.0675615594 0.3397590353 0.5532979334 -0.4545780895 0.2363760666 -0.1278380899 -0.1202854923
-0.0853000323 0.2337707472 0.3212427512 -0.0714627476 -0.0319087290 0.2961768399 0.6259505932 -0.0686363226 0.3232446732 0.5626529230 -0.4532089117 0.2360582666 -0.1292041963 -0.1217277476
