0.4502102094 0.7974949775 0.9367534451 0.6564528901 0.3403945354 0.8423669881 0.9277183826 0.6592056537 0.3333923320 0.9547635109 -0.8729819763 0.8274050812 0.5851080778 0.5663532203
0.4215602653 0.7824029836 0.9291212226 0.6362519728 0.3128696962 0.8293551341 0.9194251963 0.6391077672 0.3059920723 0.9592368559 -0.8616074424 0.8135993759 0.5622454829 0.5428665895
0.3920843697 0.7667157534 0.9210267364 0.6154068792 0.2845916208 0.8157812215 0.9106516907 0.6183673593 0.2778436034 0.9634916733 -0.8497049076 0.7992135594 0.5386940306 0.5186829797
0.3617755514 0.7504279998 0.9124656765 0.5939122510 0.2555540104 0.8016401808 0.9013933759 0.5969790830 0.2489406698 0.9675254978 -0.8372695915 0.7842423984 0.5144480397 0.4937966675
0.3306268393 0.7335344358 0.9034337327 0.5717627299 0.2257505662 0.7869269428 0.8916457618 0.5749375916 0.2192770163 0.9713358641 -0.8242967133 0.7686806594 0.4895018294 0.4682019296
0.2986312621 0.7160297746 0.8939265946 0.5489529577 0.1951749895 0.7716364379 0.8814043584 0.5522375381 0.1888463875 0.9749203069 -0.8107814927 0.7525231091 0.4638497186 0.4418930426
0.2657818487 0.6979087291 0.8839399523 0.5254775760 0.1638209814 0.7557635968 0.8706646756 0.5288735757 0.1576425279 0.9782763610 -0.7967191489 0.7357645140 0.4374860263 0.4148642830
0.2320716278 0.6791660122 0.8734694953 0.5013312267 0.1316822432 0.7393033501 0.8594222235 0.5048403574 0.1256591823 0.9814015612 -0.7821049015 0.7183996407 0.4104050716 0.3871099276
0.1974936283 0.6597963372 0.8625109136 0.4765085515 0.0987524761 0.7222506283 0.8476725120 0.4801325365 0.0928900952 0.9842934421 -0.7669339699 0.7004232559 0.3826011733 0.3586242529
0.1620408791 0.6397944168 0.8510598970 0.4510041921 0.0650253814 0.7046003621 0.8354110511 0.4547447659 0.0593290113 0.9869495385 -0.7512015735 0.6818301260 0.3540686505 0.3294015355
0.1257064089 0.6191549642 0.8391121352 0.4248127902 0.0304946602 0.6863474820 0.8226333508 0.4286716989 0.0249696753 0.9893673853 -0.7349029317 0.6626150177 0.3248018222 0.2994360522
0.0884832465 0.5978726924 0.8266633181 0.3979289876 -0.0048459862 0.6674869186 0.8093349211 0.4019079886 -0.0101941683 0.9915445170 -0.7180332641 0.6427726975 0.2947950073 0.2687220795
0.0503644208 0.5759423143 0.8137091354 0.3703474260 -0.0410028566 0.6480136026 0.7955112718 0.3744482880 -0.0461687748 0.9934784685 -0.7005877899 0.6222979322 0.2640425250 0.2372538941
0.0113429605 0.5533585430 0.8002452770 0.3420627472 -0.0779822497 0.6279224645 0.7811579131 0.3462872504 -0.0829603996 0.9951667744 -0.6825617288 0.6011854882 0.2325386940 0.2050257725
-0.0285881054 0.5301160915 0.7862674327 0.3130695929 -0.1157904643 0.6072084349 0.7662703548 0.3174195288 -0.1205752981 0.9966069696 -0.6639503000 0.5794301321 0.2002778336 0.1720319914
