0.3649701210 -0.3103610012 -0.0949580198 0.4954457875 0.0514123618 -0.4707988250 -0.0370360693 0.5000559585 0.2705822163 -0.1941303613 -0.1901939135 -0.1319533770 0.4615837409 0.4931425997
0.3669976580 -0.2982017976 -0.0831170862 0.4956311088 0.0645025060 -0.4569048282 -0.0257376663 0.5002653584 0.2811726687 -0.1883606884 -0.1999576549 -0.1200331920 0.4611975209 0.4928708920
0.3691404791 -0.2858881042 -0.0711741650 0.4958844163 0.0775704618 -0.4428590664 -0.0144551598 0.5005421796 0.2916829999 -0.1826415764 -0.2096483561 -0.1080023769 0.4608785407 0.4926619323
0.3713956721 -0.2734243828 -0.0591330522 0.4962036625 0.0906145626 -0.4286660977 -0.0031894246 0.5008843760 0.3021132690 -0.1769722854 -0.2192662535 -0.0958648402 0.4606248680 0.4925138162
0.3737603252 -0.2608150951 -0.0469975439 0.4965867995 0.1036331416 -0.4143304803 0.0080586648 0.5012899017 0.3124635347 -0.1713520757 -0.2288115832 -0.0836244902 0.4604345705 0.4924246390
0.3762315261 -0.2480647029 -0.0347714360 0.4970317797 0.1166245322 -0.3998567726 0.0192882335 0.5017567107 0.3227338559 -0.1657802075 -0.2382845814 -0.0712852354 0.4603057159 0.4923924963
0.3788063629 -0.2351776678 -0.0224585247 0.4975365554 0.1295870678 -0.3852495327 0.0304984071 0.5022827569 0.3329242914 -0.1602559411 -0.2476854843 -0.0588509840 0.4602363718 0.4924154836
0.3814819236 -0.2221584518 -0.0100626060 0.4980990790 0.1425190816 -0.3705133189 0.0416883106 0.5028659944 0.3430349000 -0.1547785365 -0.2570145282 -0.0463256445 0.4602246060 0.4924916963
0.3842552961 -0.2090115164 0.0024125241 0.4987173027 0.1554189071 -0.3556526894 0.0528570696 0.5035043772 0.3530657406 -0.1493472542 -0.2662719492 -0.0337131253 0.4602684861 0.4926192300
0.3871235685 -0.1957413235 0.0149630695 0.4993891789 0.1682848775 -0.3406722024 0.0640038094 0.5041958592 0.3630168719 -0.1439613542 -0.2754579836 -0.0210173348 0.4603660798 0.4927961801
0.3900838286 -0.1823523348 0.0275852342 0.5001126599 0.1811153261 -0.3255764161 0.0751276551 0.5049383945 0.3728883529 -0.1386200967 -0.2845728675 -0.0082421813 0.4605154549 0.4930206422
0.3931331644 -0.1688490120 0.0402752220 0.5008856979 0.1939085864 -0.3103698889 0.0862277323 0.5057299370 0.3826802423 -0.1333227421 -0.2936168372 0.0046084267 0.4607146789 0.4932907117
0.3962686639 -0.1552358168 0.0530292371 0.5017062454 0.2066629915 -0.2950571788 0.0973031662 0.5065684408 0.3923925991 -0.1280685505 -0.3025901289 0.0175305809 0.4609618196 0.4936044840
0.3994874151 -0.1415172111 0.0658434833 0.5025722546 0.2193768750 -0.2796428441 0.1083530821 0.5074518599 0.4020254819 -0.1228567821 -0.3114929787 0.0305203728 0.4612549446 0.4939600548
0.4027865060 -0.1276976566 0.0787141645 0.5034816779 0.2320485701 -0.2641314431 0.1193766054 0.5083781482 0.4115789497 -0.1176866972 -0.3203256229 0.0435738942 0.4615921217 0.4943555195
