0.3267250788 0.2966411025 0.2116078238 0.2745966852 0.6023593920 0.2915317031 0.2519068664 0.2725250859 0.9478690645 -0.4343474174 -0.4164931505 0.2832200511 0.2829189884 0.2697259460
0.3293131451 0.3015000217 0.2161781661 0.2772706847 0.6033554949 0.2966103236 0.2592375354 0.2751928463 0.9422556709 -0.4221727904 -0.4266734732 0.2881256995 0.2854556987 0.2722993442
0.3316919038 0.3061360338 0.2205452624 0.2797451525 0.6041004522 0.3014651651 0.2663329145 0.2776615472 0.9363368774 -0.4098865719 -0.4365606047 0.2928107447 0.2877923871 0.2746750652
0.3338544906 0.3105412022 0.2247014964 0.2820132897 0.6045876242 0.3060881917 0.2731839243 0.2799243969 0.9301100883 -0.3974893468 -0.4461437007 0.2972672545 0.2899223058 0.2768463703
0.3357940414 0.3147075902 0.2286392520 0.2840682972 0.6048103710 0.3104713676 0.2797814857 0.2819746040 0.9235727082 -0.3849817002 -0.4554119166 0.3014872966 0.2918387072 0.2788065209
0.3375036921 0.3186272612 0.2323509128 0.2859033759 0.6047620527 0.3146066567 0.2861165194 0.2838053765 0.9167221417 -0.3723642169 -0.4643544080 0.3054629389 0.2935348435 0.2805487782
0.3389765785 0.3222922784 0.2358288627 0.2875117267 0.6044360295 0.3184860234 0.2921799463 0.2854099230 0.9095557932 -0.3596374819 -0.4729603305 0.3091862491 0.2950039671 0.2820664037
0.3402058364 0.3256947052 0.2390654855 0.2888865506 0.6038256616 0.3221014317 0.2979626871 0.2867814518 0.9020710672 -0.3468020803 -0.4812188397 0.3126492951 0.2962393302 0.2833526585
0.3411846017 0.3288266050 0.2420531649 0.2900210486 0.6029243090 0.3254448458 0.3034556627 0.2879131713 0.8942653683 -0.3338585969 -0.4891190911 0.3158441446 0.2972341852 0.2844008041
0.3419060103 0.3316800410 0.2447842849 0.2909084215 0.6017253319 0.3285082297 0.3086497938 0.2887982897 0.8861361009 -0.3208076168 -0.4966502402 0.3187628655 0.2979817843 0.2852041016
0.3423631979 0.3342470767 0.2472512291 0.2915418704 0.6002220904 0.3312835477 0.3135360013 0.2894300155 0.8776806695 -0.3076497249 -0.5038014426 0.3213975255 0.2984753800 0.2857558125
0.3425493005 0.3365197753 0.2494463814 0.2919145961 0.5984079447 0.3337627638 0.3181052059 0.2898015569 0.8688964787 -0.2943855062 -0.5105618539 0.3237401925 0.2987082243 0.2860491980
0.3424574538 0.3384902002 0.2513621256 0.2920197996 0.5962762550 0.3359378421 0.3223483285 0.2899061224 0.8597809330 -0.2810155456 -0.5169206296 0.3257829343 0.2986735697 0.2860775195
0.3420807937 0.3401504148 0.2529908454 0.2918506819 0.5938203813 0.3378007469 0.3262562898 0.2897369203 0.8503314368 -0.2675404282 -0.5228669253 0.3275178186 0.2983646685 0.2858340382
0.3414124561 0.3414924823 0.2543249246 0.2914004438 0.5910336838 0.3393434422 0.3298200106 0.2892871589 0.8405453947 -0.2539607389 -0.5283898965 0.3289369132 0.2977747730 0.2853120155
