0.8267748259 0.7319535796 0.5132619817 0.6348546082 0.9915170027 0.7041607259 0.6367357829 0.6341247346 0.9771220676 0.2239170426 -0.9933376716 0.7214412818 0.5121236809 0.5216225024
0.8383570171 0.7442832629 0.5269832627 0.6468601787 0.9940144752 0.7166805374 0.6483407420 0.6461888850 0.9733789748 0.2328106028 -0.9905672656 0.7338036693 0.5229749551 0.5324911942
0.8495992433 0.7563853193 0.5405820887 0.6585607304 0.9960859645 0.7289932836 0.6598107737 0.6579498248 0.9693409247 0.2417541156 -0.9873044000 0.7459481057 0.5335250157 0.5430563926
0.8604946102 0.7682549189 0.5540549542 0.6699494145 0.9977258662 0.7410944603 0.6711430329 0.6694007233 0.9650055900 0.2507479397 -0.9835434411 0.7578699400 0.5437671540 0.5533113590
0.8710362231 0.7798872320 0.5673983534 0.6810193821 0.9989285757 0.7529795631 0.6823346746 0.6805347493 0.9603706437 0.2597924339 -0.9792787547 0.7695645213 0.5536946613 0.5632493547
0.8812171877 0.7912774287 0.5806087808 0.6917637844 0.9996884885 0.7646440876 0.6933828535 0.6913450720 0.9554337585 0.2688879571 -0.9745047069 0.7810271987 0.5633008288 0.5728636411
0.8910306095 0.8024206793 0.5936827307 0.7021757725 1.0000000000 0.7760835297 0.7042847246 0.7018248605 0.9501926073 0.2780348681 -0.9692156637 0.7922533211 0.5725789479 0.5821474796
0.9004695940 0.8133121538 0.6066166976 0.7122484977 0.9998575057 0.7872933848 0.7150374428 0.7119672837 0.9446448630 0.2872335257 -0.9634059912 0.8032382376 0.5815223099 0.5910941315
0.9095272469 0.8239470226 0.6194071757 0.7219751111 0.9992554011 0.7982691488 0.7256381630 0.7217655107 0.9387881985 0.2964842887 -0.9570700552 0.8139772972 0.5901242060 0.5996968582
0.9181966736 0.8343204557 0.6320506594 0.7313487638 0.9981880816 0.8090063173 0.7360840401 0.7312127106 0.9326202865 0.3057875160 -0.9502022219 0.8244658490 0.5983779276 0.6079489210
0.9264709796 0.8444276234 0.6445436432 0.7403626070 0.9966499427 0.8195003859 0.7463722290 0.7403020524 0.9261388000 0.3151435663 -0.9427968573 0.8346992420 0.6062767660 0.6158435812
0.9343432706 0.8542636958 0.6568826213 0.7490097918 0.9946353799 0.8297468504 0.7564998845 0.7490267052 0.9193414119 0.3245527985 -0.9348483273 0.8446728252 0.6138140124 0.6233741003
0.9418066521 0.8638238432 0.6690640882 0.7572834695 0.9921387886 0.8397412064 0.7664641615 0.7573798381 0.9122257949 0.3340155714 -0.9263509979 0.8543819477 0.6209829582 0.6305337396
0.9488542295 0.8731032356 0.6810845383 0.7651767912 0.9891545643 0.8494789496 0.7762622150 0.7653546200 0.9047896219 0.3435322438 -0.9172992353 0.8638219585 0.6277768946 0.6373157605
0.9554791085 0.8820970434 0.6929404658 0.7726829081 0.9856771025 0.8589555756 0.7858911999 0.7729442201 0.8970305658 0.3531031745 -0.9076874054 0.8729882067 0.6341891130 0.6437134242
