0.3468209194 0.4166596522 0.2515844884 0.2559270203 0.8438055271 0.4948987482 0.5573787309 0.2583175698 0.6695726970 0.6629111181 -0.8163720741 0.4031201869 0.2345240300 0.2426670768
0.3450916059 0.4175118017 0.2524951995 0.2545830809 0.8487248762 0.4951467781 0.5657572158 0.2569952321 0.6848952088 0.6780258216 -0.8229287600 0.4035984835 0.2327869687 0.2410349062
0.3436178644 0.4186371592 0.2537739068 0.2535547292 0.8537067561 0.4956103214 0.5743608369 0.2559876066 0.6998975629 0.6928455863 -0.8294878389 0.4043493738 0.2313689074 0.2397194476
0.3423900435 0.4200244327 0.2554075095 0.2528309916 0.8587420853 0.4962794755 0.5831761196 0.2552837254 0.7145764447 0.7073665881 -0.8360411348 0.4053617672 0.2302590081 0.2387098525
0.3413984916 0.4216623302 0.2573829068 0.2524008947 0.8638217819 0.4971443378 0.5921895890 0.2548726206 0.7289285393 0.7215850030 -0.8425804712 0.4066245727 0.2294464328 0.2379952729
0.3406335573 0.4235395596 0.2596869979 0.2522534653 0.8689367645 0.4981950054 0.6013877706 0.2547433242 0.7429505318 0.7354970070 -0.8490976721 0.4081266996 0.2289203435 0.2375648603
0.3400855891 0.4256448291 0.2623066821 0.2523777297 0.8740779513 0.4994215759 0.6107571896 0.2548848684 0.7566391076 0.7490987761 -0.8555845611 0.4098570570 0.2286699021 0.2374077665
0.3397449355 0.4279668466 0.2652288585 0.2527627148 0.8792362608 0.5008141464 0.6202843713 0.2552862851 0.7699909518 0.7623864862 -0.8620329622 0.4118045541 0.2286842706 0.2375131431
0.3396019451 0.4304943202 0.2684404264 0.2533974470 0.8844026112 0.5023628144 0.6299558411 0.2559366065 0.7830027496 0.7753563133 -0.8684346989 0.4139581001 0.2289526110 0.2378701420
0.3396469663 0.4332159577 0.2719282850 0.2542709530 0.8895679209 0.5040576772 0.6397581241 0.2568248645 0.7956711861 0.7880044334 -0.8747815952 0.4163066042 0.2294640851 0.2384679147
0.3398703477 0.4361204674 0.2756793335 0.2553722593 0.8947231084 0.5058888320 0.6496777458 0.2579400914 0.8079929467 0.8003270225 -0.8810654748 0.4188389756 0.2302078551 0.2392956130
0.3402624377 0.4391965570 0.2796804711 0.2566903925 0.8998590919 0.5078463763 0.6597012314 0.2592713191 0.8199647164 0.8123202565 -0.8872781615 0.4215441233 0.2311730829 0.2403423886
0.3408135850 0.4424329347 0.2839185971 0.2582143793 0.9049667898 0.5099204073 0.6698151062 0.2608075797 0.8315831806 0.8239803113 -0.8934114791 0.4244109567 0.2323489303 0.2415973932
0.3415141380 0.4458183085 0.2883806107 0.2599332462 0.9100371205 0.5121010224 0.6800058955 0.2625379054 0.8428450243 0.8353033631 -0.8994572513 0.4274283849 0.2337245595 0.2430497785
0.3423544452 0.4493413864 0.2930534111 0.2618360199 0.9150610023 0.5143783189 0.6902601246 0.2644513280 0.8537469328 0.8462855877 -0.9054073019 0.4305853171 0.2352891323 0.2446886962
