0.6141845165 0.3107145648 0.1419426000 0.9859518768 -0.2036526365 0.7448931223 -0.3490326513 0.9849380950 -0.6164200564 -0.1649716989 0.1093037306 0.2566205309 0.9798313305 0.9813086201
0.6073486256 0.3055715517 0.1435055110 0.9829256941 -0.2262155896 0.7323052162 -0.3516264217 0.9818092273 -0.6434695651 -0.1795988237 0.1397096233 0.2508467512 0.9760826586 0.9776682718
0.6004406640 0.3004599574 0.1451221519 0.9796612222 -0.2484476649 0.7196313750 -0.3539568700 0.9784446899 -0.6698331878 -0.1941911647 0.1699987732 0.2451285391 0.9720786540 0.9737638695
0.5934808813 0.2953990860 0.1468050811 0.9761733975 -0.2703092705 0.7068976749 -0.3560055279 0.9748595906 -0.6954731454 -0.2087471181 0.2001456700 0.2394860360 0.9678342020 0.9696099092
0.5864895273 0.2904082414 0.1485668571 0.9724771565 -0.2917608142 0.6941301924 -0.3577539270 0.9710690370 -0.7203516588 -0.2232650800 0.2301248032 0.2339393837 0.9633641878 0.9652208870
0.5794868517 0.2855067276 0.1504200385 0.9685874354 -0.3127627041 0.6813550039 -0.3591835989 0.9670881368 -0.7444309488 -0.2377434466 0.2599106623 0.2285087234 0.9586834967 0.9606112988
0.5724931040 0.2807138487 0.1523771838 0.9645191709 -0.3332753481 0.6685981857 -0.3602760753 0.9629319977 -0.7676732363 -0.2521806141 0.2894777368 0.2232141970 0.9538070139 0.9557956408
0.5655285341 0.2760489085 0.1544508515 0.9602872991 -0.3532591543 0.6558858144 -0.3610128877 0.9586157274 -0.7900407422 -0.2665749785 0.3188005163 0.2180759458 0.9487496246 0.9507884090
0.5586133915 0.2715312110 0.1566536001 0.9559067566 -0.3726745306 0.6432439662 -0.3613755679 0.9541544335 -0.8114956875 -0.2809249360 0.3478534902 0.2131141114 0.9435262141 0.9456040994
0.5517679260 0.2671800603 0.1589979882 0.9513924798 -0.3914818849 0.6306987176 -0.3613456473 0.9495632239 -0.8320002928 -0.2952288827 0.3766111481 0.2083488353 0.9381516677 0.9402572081
0.5450123872 0.2630147603 0.1614965742 0.9467594051 -0.4096416253 0.6182761449 -0.3609046576 0.9448572061 -0.8515167793 -0.3094852149 0.4050479796 0.2038002592 0.9326408705 0.9347622312
0.5383670249 0.2590546150 0.1641619168 0.9420224688 -0.4271141597 0.6060023247 -0.3600341305 0.9400514879 -0.8700073676 -0.3236923286 0.4331384741 0.1994885245 0.9270087078 0.9291336645
0.5318520887 0.2553189283 0.1670065744 0.9371966074 -0.4438598962 0.5939033333 -0.3587155975 0.9351611770 -0.8874342788 -0.3378486200 0.4608571212 0.1954337728 0.9212700649 0.9233860044
0.5254878283 0.2518270043 0.1700431056 0.9322967573 -0.4598392425 0.5820052470 -0.3569305903 0.9302013810 -0.9037597336 -0.3519524852 0.4881784103 0.1916561456 0.9154398270 0.9175337466
0.5192944934 0.2485981469 0.1732840688 0.9273378549 -0.4750126069 0.5703341423 -0.3546606405 0.9251872077 -0.9189459530 -0.3660023205 0.5150768311 0.1881757846 0.9095328794 0.9115913874
