0.1694692451 -0.2993728118 -0.4314223260 0.1160043678 0.0389292631 -0.1322572484 -0.4368598924 0.1108050439 0.1680921498 -0.2208983092 -0.5652648642 -0.3144821135 0.1388228507 0.1453200099
0.1425211367 -0.3177273385 -0.4451760541 0.0885835822 0.0167601526 -0.1532677268 -0.4438858525 0.0835107909 0.1626909012 -0.2235830505 -0.5434889515 -0.3324665288 0.1121316763 0.1185774068
0.1154786970 -0.3361696118 -0.4590255661 0.0611029568 -0.0056638048 -0.1744126156 -0.4509617704 0.0561538937 0.1571024384 -0.2263418728 -0.5213203581 -0.3505411527 0.0853683724 0.0917580837
0.0883599030 -0.3546828521 -0.4729555217 0.0335810773 -0.0283209171 -0.1956733058 -0.4580767681 0.0287530160 0.1513379812 -0.2291662639 -0.4987820634 -0.3686892531 0.0585502033 0.0648794449
0.0611827316 -0.3732502800 -0.4869505807 0.0060365297 -0.0511894925 -0.2170311888 -0.4652199677 0.0013268215 0.1454087493 -0.2320477113 -0.4758970468 -0.3868940983 0.0316944330 0.0379588945
0.0339651599 -0.3918551158 -0.5009954027 -0.0215121003 -0.0742478392 -0.2384676556 -0.4723804910 -0.0261060260 0.1393259624 -0.2349777025 -0.4526882877 -0.4051389560 0.0048183258 0.0110138367
0.0067251648 -0.4104805801 -0.5150746474 -0.0490462267 -0.0974742651 -0.2599640976 -0.4795474603 -0.0535268627 0.1331008403 -0.2379477254 -0.4291787653 -0.4234070944 -0.0220608544 -0.0159383244
-0.0205192768 -0.4291098933 -0.5291729746 -0.0765472636 -0.1208470784 -0.2815019058 -0.4867099974 -0.0809170248 0.1267446027 -0.2409492673 -0.4053914591 -0.4416817815 -0.0489258434 -0.0428801844
-0.0477501877 -0.4477262759 -0.5432750439 -0.1039966253 -0.1443445873 -0.3030624716 -0.4938572244 -0.1082578487 0.1202684692 -0.2439738159 -0.3813493484 -0.4599462853 -0.0757593771 -0.0697943394
-0.0749495910 -0.4663129483 -0.5573655151 -0.1313757258 -0.1679450999 -0.3246271861 -0.5009782634 -0.1355306704 0.1136836596 -0.2470128589 -0.3570754126 -0.4781838737 -0.1025441913 -0.0966633850
-0.1020995098 -0.4848531309 -0.5714290479 -0.1586659792 -0.1916269242 -0.3461774404 -0.5080622363 -0.1627168264 0.1070013936 -0.2500578837 -0.3325926311 -0.4963778149 -0.1292630220 -0.1234699172
-0.1291819670 -0.5033300443 -0.5854503020 -0.1858487997 -0.2153683684 -0.3676946259 -0.5150982652 -0.1897976528 0.1002328910 -0.2531003781 -0.3079239831 -0.5145113767 -0.1558986050 -0.1501965318
-0.1561789857 -0.5217269088 -0.5994139371 -0.2129056014 -0.2391477406 -0.3891601337 -0.5220754722 -0.2167544858 0.0933893714 -0.2561318296 -0.2830924482 -0.5325678273 -0.1824336762 -0.1768258245
-0.1830725888 -0.5400269450 -0.6133046129 -0.2398177985 -0.2629433489 -0.4105553550 -0.5289829791 -0.2435686617 0.0864820546 -0.2591437258 -0.2581210056 -0.5505304346 -0.2088509716 -0.2033403912
-0.2098447995 -0.5582133734 -0.6271069891 -0.2665668050 -0.2867335015 -0.4318616810 -0.5358099081 -0.2702215168 0.0795221602 -0.2621275543 -0.2330326347 -0.5683824666 -0.2351332269 -0.2297228278
