-0.6778451090 -0.9769893736 -0.9895354461 -0.7300498355 -0.9982894718 -0.9767212014 -0.9985397479 -0.7272099440 -0.9990754611 -0.9970538024 0.9996493003 -0.9736974231 -0.4461946464 -0.4499051746
-0.6683925162 -0.9716852208 -0.9859115530 -0.7121131402 -0.9968061087 -0.9713747056 -0.9970695164 -0.7091934635 -0.9997485913 -0.9983389454 1.0000000000 -0.9680223641 -0.4259760063 -0.4298148588
-0.6584895281 -0.9658676887 -0.9817728408 -0.6937425910 -0.9948814551 -0.9655120781 -0.9951160121 -0.6907448563 -1.0000000000 -0.9992560725 0.9998895078 -0.9618340618 -0.4055047078 -0.4094651402
-0.6481486505 -0.9595466237 -0.9771276596 -0.6749520135 -0.9925246928 -0.9591430994 -0.9926868329 -0.6718779717 -0.9998375649 -0.9998086139 0.9993245344 -0.9551426800 -0.3847926411 -0.3888680049
-0.6373823893 -0.9527318726 -0.9719843595 -0.6557552336 -0.9897450035 -0.9522775496 -0.9897895769 -0.6526066588 -0.9992691640 -1.0000000000 0.9983117908 -0.9479583824 -0.3638516962 -0.3680354385
-0.6262032502 -0.9454332817 -0.9663512904 -0.6361660769 -0.9865515690 -0.9449252091 -0.9864318420 -0.6329447670 -0.9983026751 -0.9998336612 0.9968579878 -0.9402913327 -0.3426937634 -0.3469794269
-0.6146237392 -0.9376606976 -0.9602368026 -0.6161983694 -0.9829535711 -0.9370958581 -0.9826212265 -0.6129061454 -0.9969459762 -0.9993130279 0.9949698362 -0.9321516946 -0.3213307327 -0.3257119559
-0.6026563620 -0.9294239669 -0.9536492460 -0.5958659366 -0.9789601916 -0.9287992768 -0.9783653281 -0.5925046434 -0.9952069451 -0.9984415303 0.9926540468 -0.9235496319 -0.2997744942 -0.3042450113
-0.5903136245 -0.9207329361 -0.9465969707 -0.5751826044 -0.9745806124 -0.9200452455 -0.9736717451 -0.5717541101 -0.9930934597 -0.9972225990 0.9899173304 -0.9144953081 -0.2780369381 -0.2825905790
-0.5776080325 -0.9115974518 -0.9390883268 -0.5541621985 -0.9698240151 -0.9108435445 -0.9685480754 -0.5506683949 -0.9906133978 -0.9956596643 0.9867663980 -0.9049988870 -0.2561299545 -0.2607606447
-0.5645520919 -0.9020273604 -0.9311316643 -0.5328185447 -0.9646995815 -0.9012039541 -0.9630019170 -0.5292613470 -0.9877746374 -0.9937561564 0.9832079604 -0.8950705324 -0.2340654336 -0.2387671943
-0.5511583085 -0.8920325085 -0.9227353334 -0.5111654688 -0.9592164936 -0.8911362545 -0.9570408681 -0.5075468155 -0.9845850564 -0.9915155059 0.9792487283 -0.8847204079 -0.2118552653 -0.2166222136
-0.5374391881 -0.8816227427 -0.9139076840 -0.4892167965 -0.9533839329 -0.8806502259 -0.9506725265 -0.4855386499 -0.9810525326 -0.9889411430 0.9748954126 -0.8739586771 -0.1895113399 -0.1943376884
-0.5234072366 -0.8708079095 -0.9046570663 -0.4669863536 -0.9472110814 -0.8697556487 -0.9439044903 -0.4632506993 -0.9771849439 -0.9860364982 0.9701547242 -0.8627955039 -0.1670455474 -0.1719256046
-0.5090749598 -0.8595978553 -0.8949918302 -0.4444879658 -0.9407071208 -0.8584623031 -0.9367443576 -0.4406968129 -0.9729901683 -0.9828050017 0.9650333739 -0.8512410519 -0.1444697780 -0.1493979479
