0.0120645589 -0.0217781758 -0.0018383810 0.1014597774 0.0980702879 -0.1573986907 -0.0192664006 0.1014808096 0.1401706037 -0.3413350500 -0.4660203659 -0.0336791447 0.1168451496 0.1114064612
0.0118376112 -0.0239331318 -0.0026618143 0.1019420950 0.0904183808 -0.1589827671 -0.0228895621 0.1019509085 0.1265722449 -0.3447776524 -0.4558348318 -0.0354230866 0.1174952538 0.1120719557
0.0115411897 -0.0261585424 -0.0035543094 0.1023392646 0.0826481393 -0.1606066567 -0.0265898192 0.1023358041 0.1128220014 -0.3482294803 -0.4454437275 -0.0372332904 0.1180577029 0.1126509925
0.0111815011 -0.0284470992 -0.0045093235 0.1026571922 0.0747703069 -0.1622635755 -0.0303589861 0.1026414097 0.0989342135 -0.3516828939 -0.4348598053 -0.0391027086 0.1185383239 0.1131493823
0.0107647521 -0.0307914940 -0.0055203139 0.1029017842 0.0667956269 -0.1639467398 -0.0341888772 0.1028736391 0.0849232213 -0.3551302536 -0.4240958176 -0.0410242938 0.1189429443 0.1135729359
0.0102971494 -0.0331844185 -0.0065807376 0.1030789468 0.0587348428 -0.1656493658 -0.0380713070 0.1030384055 0.0708033651 -0.3585639197 -0.4131645169 -0.0429909987 0.1192773914 0.1139274639
0.0097848996 -0.0356185645 -0.0076840520 0.1031945860 0.0505986979 -0.1673646697 -0.0419980899 0.1031416226 0.0565889853 -0.3619762526 -0.4020786555 -0.0449957758 0.1195474923 0.1142187771
0.0092342096 -0.0380866238 -0.0088237140 0.1032546083 0.0423979356 -0.1690858675 -0.0459610403 0.1031892039 0.0422944220 -0.3653596124 -0.3908509858 -0.0470315777 0.1197590744 0.1144526861
0.0086512859 -0.0405812881 -0.0099931810 0.1032649196 0.0341432993 -0.1708061756 -0.0499519724 0.1031870628 0.0279340155 -0.3687063595 -0.3794942602 -0.0490913571 0.1199179649 0.1146350017
0.0080423352 -0.0430952491 -0.0111859101 0.1032314263 0.0258455325 -0.1725188100 -0.0539627009 0.1031411129 0.0135221061 -0.3720088542 -0.3680212310 -0.0511680665 0.1200299911 0.1147715346
0.0074135644 -0.0456211986 -0.0123953584 0.1031600346 0.0175153785 -0.1742169870 -0.0579850400 0.1030572676 -0.0009269660 -0.3752594568 -0.3564446508 -0.0532546586 0.1201009804 0.1148680955
0.0067711800 -0.0481518284 -0.0136149833 0.1030566506 0.0091635806 -0.1758939227 -0.0620108042 0.1029414406 -0.0153988605 -0.3784505277 -0.3447772718 -0.0553440859 0.1201367599 0.1149304951
0.0061213888 -0.0506798301 -0.0148382417 0.1029271807 0.0008008824 -0.1775428333 -0.0660318077 0.1027995452 -0.0298792371 -0.3815744269 -0.3330318464 -0.0574293010 0.1201431570 0.1149645442
0.0054703973 -0.0531978957 -0.0160585911 0.1027775309 -0.0075619729 -0.1791569351 -0.0700398652 0.1026374951 -0.0443537558 -0.3846235152 -0.3212211271 -0.0595032567 0.1201259989 0.1149760534
0.0048244124 -0.0556987167 -0.0172694884 0.1026136074 -0.0159142418 -0.1807294441 -0.0740267910 0.1024612037 -0.0588080760 -0.3875901525 -0.3093578662 -0.0615589054 0.1200911129 0.1149708335
