0.9621395757 0.4483845181 0.3966378446 0.9994822884 0.8480205051 0.4217692767 0.3047650859 0.9993610332 0.7836478557 -0.0972575036 -0.4916310896 0.4556399314 0.9997253657 0.9997462470
0.9548534714 0.4408810451 0.3898830176 0.9983937340 0.8356871803 0.4139253767 0.2961906320 0.9981786917 0.7698123711 -0.1047623427 -0.4814448776 0.4475341011 1.0000000000 1.0000000000
0.9469751332 0.4329311396 0.3826767370 0.9967436249 0.8229512896 0.4056538936 0.2872497785 0.9964335654 0.7556370690 -0.1125214828 -0.4708771663 0.4389971796 0.9997305654 0.9997094731
0.9385157475 0.4245443158 0.3750285149 0.9945412493 0.8098217803 0.3969641159 0.2779510426 0.9941349949 0.7411301935 -0.1205280766 -0.4599368356 0.4300385284 0.9989255486 0.9988831679
0.9294865006 0.4157300880 0.3669478633 0.9917958952 0.7963075996 0.3878653321 0.2683029416 0.9912923209 0.7262999883 -0.1287752771 -0.4486327651 0.4206675091 0.9975934362 0.9975295860
0.9198985790 0.4064979704 0.3584442942 0.9885168508 0.7824176949 0.3783668306 0.2583139929 0.9879148837 0.7111546975 -0.1372562371 -0.4369738348 0.4108934831 0.9957427148 0.9956572290
0.9097631688 0.3968574772 0.3495273196 0.9847134042 0.7681610134 0.3684779000 0.2479927136 0.9840120240 0.6957025648 -0.1459641094 -0.4249689243 0.4007258119 0.9933818711 0.9932745985
0.8990914564 0.3868181227 0.3402064515 0.9803948435 0.7535465024 0.3582078288 0.2373476211 0.9795930823 0.6799518342 -0.1548920469 -0.4126269135 0.3901738571 0.9905193918 0.9903901962
0.8878946282 0.3763894211 0.3304912019 0.9755704568 0.7385831093 0.3475659054 0.2263872326 0.9746673991 0.6639107496 -0.1640332025 -0.3999566822 0.3792469802 0.9871637635 0.9870125236
0.8761838705 0.3655808866 0.3203910829 0.9702495322 0.7232797812 0.3365614184 0.2151200655 0.9692443150 0.6475875549 -0.1733807290 -0.3869671102 0.3679545426 0.9833234728 0.9831500824
0.8639703696 0.3544020334 0.3099156064 0.9644413578 0.7076454656 0.3252036561 0.2035546371 0.9633331706 0.6309904940 -0.1829277792 -0.3736670772 0.3563059059 0.9790070064 0.9788113741
0.8512653119 0.3428623758 0.2990742845 0.9581552218 0.6916891097 0.3135019072 0.1916994646 0.9569433063 0.6141278107 -0.1926675060 -0.3600654631 0.3443104315 0.9742228510 0.9740049004
0.8380798837 0.3309714280 0.2878766291 0.9514004122 0.6754196608 0.3014654601 0.1795630653 0.9500840628 0.5970077491 -0.2025930622 -0.3461711476 0.3319774810 0.9689794931 0.9687391630
0.8244252712 0.3187387042 0.2763321522 0.9441862172 0.6588460662 0.2891036033 0.1671539565 0.9427647805 0.5796385529 -0.2126976007 -0.3319930107 0.3193164159 0.9632854196 0.9630226633
0.8103126609 0.3061737186 0.2644503660 0.9365219248 0.6419772732 0.2764256252 0.1544806555 0.9349948000 0.5620284662 -0.2229742744 -0.3175399319 0.3063365977 0.9571491169 0.9568639030
