-0.1419605232 -0.2275885215 -0.1128261951 0.1116892601 -0.6188187386 -0.2305853602 -0.3823366304 0.1119074316 -0.6768774615 -0.5205733164 0.5013993809 -0.1800922088 0.1381280585 0.1446771919
-0.1322343297 -0.2174051337 -0.1014551093 0.1234295943 -0.6136021370 -0.2204149337 -0.3729598863 0.1236618325 -0.6748302332 -0.5107979876 0.4936365113 -0.1696511679 0.1497656772 0.1565120751
-0.1225667904 -0.2072439494 -0.0901070224 0.1350971016 -0.6084236536 -0.2102661872 -0.3635801419 0.1353437095 -0.6728019167 -0.5009502191 0.4858774788 -0.1592390714 0.1613212522 0.1682682765
-0.1129604116 -0.1971070912 -0.0787841466 0.1466889847 -0.6032852439 -0.2001412365 -0.3541991728 0.1469502678 -0.6707938731 -0.4910308380 0.4781240226 -0.1488581365 0.1727918902 0.1799429274
-0.1034176995 -0.1869966815 -0.0674886943 0.1582024464 -0.5981888631 -0.1900421972 -0.3448187544 0.1584787127 -0.6688074632 -0.4810406711 0.4703778816 -0.1385105802 0.1841746979 0.1915331594
-0.0939411606 -0.1769148430 -0.0562228778 0.1696346894 -0.5931364666 -0.1799711848 -0.3354406624 0.1699262493 -0.6668440482 -0.4709805452 0.4626407949 -0.1281986197 0.1954667819 0.2030361037
-0.0845333009 -0.1668636981 -0.0449889093 0.1809829163 -0.5881300098 -0.1699303152 -0.3260666723 0.1812900828 -0.6649049890 -0.4608512874 0.4549145015 -0.1179244718 0.2066652488 0.2144488919
-0.0751966269 -0.1568453694 -0.0337890012 0.1922443299 -0.5831714478 -0.1599217040 -0.3166985596 0.1925674183 -0.6629916467 -0.4506537244 0.4472007405 -0.1076903538 0.2177672054 0.2257686553
-0.0659336447 -0.1468619793 -0.0226253656 0.2034161329 -0.5782627362 -0.1499474667 -0.3073380999 0.2037554611 -0.6611053822 -0.4403886833 0.4395012509 -0.0974984827 0.2287697582 0.2369925253
-0.0567468607 -0.1369156505 -0.0115002151 0.2144955279 -0.5734058301 -0.1400097191 -0.2979870686 0.2148514162 -0.6592475565 -0.4300569909 0.4318177718 -0.0873510755 0.2396700139 0.2481176334
-0.0476387812 -0.1270085054 -0.0004157617 0.2254797178 -0.5686026849 -0.1301105768 -0.2886472414 0.2258524890 -0.6574195308 -0.4196594742 0.4241520421 -0.0772503493 0.2504650792 0.2591411109
-0.0386119123 -0.1171426666 0.0106257821 0.2363659051 -0.5638552561 -0.1202521554 -0.2793203937 0.2367558845 -0.6556226658 -0.4091969599 0.4165058010 -0.0671985212 0.2611520607 0.2700600894
-0.0296687605 -0.1073202567 0.0216222041 0.2471512926 -0.5591654988 -0.1104365707 -0.2700083011 0.2475588080 -0.6538583228 -0.3986702752 0.4088807874 -0.0571978082 0.2717280650 0.2808717001
-0.0208118319 -0.0975433980 0.0325712920 0.2578330830 -0.5545353684 -0.1006659382 -0.2607127392 0.2582584646 -0.6521278626 -0.3880802467 0.4012787404 -0.0472504274 0.2821901989 0.2915730746
-0.0120436328 -0.0878142132 0.0434708335 0.2684084790 -0.5499668203 -0.0909423736 -0.2514354834 0.2688520594 -0.6504326463 -0.3774277016 0.3937013991 -0.0373585958 0.2925355690 0.3021613442
