-0.2398140119 0.1955373920 0.7135515949 -0.3092754457 -0.0178054171 -0.2321955293 0.9095302092 -0.3061216204 0.4808561306 -0.2314023522 0.2508503589 0.3096312010 -0.3237202025 -0.3216964953
-0.2799113406 0.1512657386 0.6825185172 -0.3469970685 -0.0575213782 -0.2726395914 0.8938172652 -0.3440012951 0.4524163732 -0.2719736504 0.2905755958 0.2673438497 -0.3609696354 -0.3590321973
-0.3214401525 0.1049908170 0.6497085498 -0.3858486605 -0.0990405911 -0.3145368495 0.8767515286 -0.3830180143 0.4223402495 -0.3139883931 0.3316837022 0.2230742720 -0.3992834573 -0.3974388246
-0.3644189539 0.0566854040 0.6150964111 -0.4258439656 -0.1423879610 -0.3579061123 0.8583125808 -0.4231856103 0.3906040649 -0.3574651879 0.3741924138 0.1767953434 -0.4386743657 -0.4369291703
-0.4088662509 0.0063222763 0.5786568195 -0.4669967277 -0.1875883932 -0.4027661884 0.8384800036 -0.4645179149 0.3571841244 -0.4024226426 0.4181194664 0.1284799391 -0.4791550585 -0.4775160275
-0.4548005497 -0.0461257890 0.5403644935 -0.5093206905 -0.2346667929 -0.4491358867 0.8172333785 -0.5070287603 0.3220567335 -0.4488793648 0.4634825959 0.0781009346 -0.5207382334 -0.5192121890
-0.5022403565 -0.1006860153 0.5001941513 -0.5528295978 -0.2836480655 -0.4970340157 0.7945522872 -0.5507319784 0.2851981972 -0.4968539623 0.5102995381 0.0256312053 -0.5634365881 -0.5620304478
-0.5512041775 -0.1573856257 0.4581205114 -0.5975371935 -0.3345571163 -0.5464793842 0.7704163112 -0.5956414013 0.2465848208 -0.5463650428 0.5585880288 -0.0289563733 -0.6072628204 -0.6059835970
-0.6017105189 -0.2162518433 0.4141182921 -0.6434572215 -0.3874188504 -0.5974908010 0.7448050323 -0.6417708609 0.2061929096 -0.5974312140 0.6083658039 -0.0856889260 -0.6522296280 -0.6510844295
-0.6537778869 -0.2773118914 0.3681622119 -0.6906034254 -0.4422581733 -0.6500870747 0.7176980319 -0.6891341895 0.1639987688 -0.6500710836 0.6596505991 -0.1445935773 -0.6983497087 -0.6973457383
-0.7074247877 -0.3405929930 0.3202269892 -0.7389895493 -0.4990999903 -0.7042870140 0.6890748917 -0.7377452189 0.1199787036 -0.7043032594 0.7124601503 -0.2056974518 -0.7456357601 -0.7447803164
-0.7626697274 -0.4061223714 0.2702873423 -0.7886293368 -0.5579692065 -0.7601094276 0.6589151934 -0.7876177812 0.0741090192 -0.7601463490 0.7668121934 -0.2690276741 -0.7941004801 -0.7934009567
-0.8195312124 -0.4739272497 0.2183179896 -0.8395365318 -0.6188907273 -0.8175731244 0.6271985185 -0.8387657084 0.0263660209 -0.8176189601 0.8227244640 -0.3346113689 -0.8437565663 -0.8432204522
-0.8780277486 -0.5440348511 0.1642936495 -0.8917248781 -0.6818894580 -0.8766969129 0.5939044486 -0.8912028326 -0.0232739861 -0.8767397005 0.8802146981 -0.4024756606 -0.8946167165 -0.8942515959
-0.9381778424 -0.6164723988 0.1081890404 -0.9452081196 -0.7469903038 -0.9374996018 0.5590125654 -0.9449429858 -0.0748346966 -0.9375271779 0.9393006315 -0.4726476739 -0.9466936285 -0.9465071809
