0.4194873834 0.0812643922 0.0153272644 0.5259462065 0.3394678507 0.0760816920 -0.0402161278 0.4973953421 0.3086251937 -0.5381910625 -0.0382155601 0.0533527349 0.6490003237 0.6143707352
0.4104543566 0.0685635368 -0.0004238865 0.5143298018 0.3321813098 0.0633261177 -0.0534205617 0.4855579266 0.3016289222 -0.5565250716 -0.0266169866 0.0402909105 0.6383440478 0.6034464518
0.4015075573 0.0560561116 -0.0160292605 0.5026568990 0.3250846470 0.0507656608 -0.0663686904 0.4736755816 0.2948510133 -0.5744307629 -0.0152724778 0.0274296178 0.6275816159 0.5924300456
0.3926461292 0.0437404393 -0.0314893668 0.4909290698 0.3181754138 0.0383986305 -0.0790629213 0.4617497542 0.2882886098 -0.5919115476 -0.0041794126 0.0147671428 0.6167151306 0.5813234680
0.3838692163 0.0316148425 -0.0468047145 0.4791478857 0.3114511618 0.0262233362 -0.0915056620 0.4497818915 0.2819388541 -0.6089708366 0.0066648297 0.0023017717 0.6057466943 0.5701286705
0.3751759623 0.0196776439 -0.0619758126 0.4673149184 0.3049094425 0.0142380871 -0.1036993199 0.4377734407 0.2757988889 -0.6256120412 0.0172628704 -0.0099682096 0.5946784095 0.5588476047
0.3665655111 0.0079271662 -0.0770031700 0.4554317392 0.2985478076 0.0024411926 -0.1156463025 0.4257258488 0.2698658568 -0.6418385725 0.0276173302 -0.0220445150 0.5835123788 0.5474822220
0.3580370066 -0.0036382680 -0.0918872959 0.4434999199 0.2923638085 -0.0091690382 -0.1273490173 0.4136405629 0.2641369004 -0.6576538414 0.0377308301 -0.0339288584 0.5722507047 0.5360344740
0.3495895925 -0.0150203360 -0.1066286993 0.4315210320 0.2863549968 -0.0205942960 -0.1388098717 0.4015190302 0.2586091621 -0.6730612593 0.0476059912 -0.0456229538 0.5608954896 0.5245063122
0.3412224127 -0.0262207152 -0.1212278893 0.4194966470 0.2805189241 -0.0318362714 -0.1500312733 0.3893626977 0.2532797848 -0.6880642370 0.0572454344 -0.0571285151 0.5494488360 0.5128996880
0.3329346110 -0.0372410830 -0.1356853748 0.4074283365 0.2748531420 -0.0428966551 -0.1610156294 0.3771730126 0.2481459108 -0.7026661859 0.0666517807 -0.0684472562 0.5379128465 0.5012165531
0.3247253313 -0.0480831165 -0.1500016649 0.3953176720 0.2693552019 -0.0537771380 -0.1717653477 0.3649514220 0.2432046829 -0.7168705168 0.0758276510 -0.0795808912 0.5262896235 0.4894588588
0.3165937174 -0.0587484933 -0.1641772687 0.3831662252 0.2640226555 -0.0644794107 -0.1822828355 0.3526993729 0.2384532435 -0.7306806411 0.0847756662 -0.0905311339 0.5145812696 0.4776285567
0.3085389131 -0.0692388907 -0.1782126953 0.3709755676 0.2588530543 -0.0750051639 -0.1925705004 0.3404183124 0.2338887354 -0.7440999697 0.0934984474 -0.1012996982 0.5027898872 0.4657275982
0.3005600623 -0.0795559859 -0.1921084535 0.3587472707 0.2538439499 -0.0853560884 -0.2026307498 0.3281096878 0.2295083010 -0.7571319138 0.1019986156 -0.1118882983 0.4909175789 0.4537579350
