-0.0805068473 -0.0158863137 -0.1024889603 -0.1821353678 0.4615752684 -0.0162027185 0.1541365871 -0.1825621720 0.9855212893 0.8145459001 -0.3648456326 -0.0379005730 -0.1936901120 -0.1934658821
-0.1150085407 -0.0491714553 -0.1374626146 -0.2183598215 0.4401881084 -0.0494534540 0.1244954082 -0.2187924760 0.9897696687 0.8021280183 -0.3414709182 -0.0716256749 -0.2300808941 -0.2298545655
-0.1487279516 -0.0817787974 -0.1716203019 -0.2536231499 0.4188975572 -0.0820239460 0.0952868196 -0.2540608291 0.9932699425 0.7893944880 -0.3183353765 -0.1046388279 -0.2654884039 -0.2652604489
-0.1816719192 -0.1137136106 -0.2049690726 -0.2879347418 0.3977050956 -0.1139196221 0.0665090143 -0.2883766350 0.9960326115 0.7763521864 -0.2954380805 -0.1369457678 -0.2999223836 -0.2996932619
-0.2138472823 -0.1449811651 -0.2375159773 -0.3213039859 0.3766122043 -0.1451459100 0.0381601853 -0.3217492974 0.9980681768 0.7630079906 -0.2727781037 -0.1685522306 -0.3333925753 -0.3331627343
-0.2452608801 -0.1755867313 -0.2692680663 -0.3537402711 0.3556203639 -0.1757082375 0.0102385258 -0.3541882200 0.9993871393 0.7493687778 -0.2503545193 -0.1994639522 -0.3659087213 -0.3656785960
-0.2759195515 -0.2055355798 -0.3002323901 -0.3852529861 0.3347310552 -0.2056120321 -0.0172577712 -0.3857028065 1.0000000000 0.7354414251 -0.2281664005 -0.2296866686 -0.3974805636 -0.3972505767
-0.3058301356 -0.2348329809 -0.3304159991 -0.4158515199 0.3139457588 -0.2348627217 -0.0443305126 -0.4163024607 0.9999172599 0.7212328095 -0.2062128207 -0.2592261157 -0.4281178445 -0.4278884063
-0.3349994714 -0.2634842050 -0.3598259439 -0.4455452611 0.2932659554 -0.2634657338 -0.0709815054 -0.4459965861 0.9991494200 0.7067498084 -0.1844928532 -0.2880880294 -0.4578303061 -0.4576018144
-0.3634343979 -0.2914945226 -0.3884692747 -0.4743435986 0.2726931257 -0.2914264962 -0.0972125565 -0.4747945865 0.9977069812 0.6919992987 -0.1630055712 -0.3162781457 -0.4866276906 -0.4864005309
-0.3911417542 -0.3188692041 -0.4163530422 -0.5022559211 0.2522287504 -0.3187504366 -0.1230254729 -0.5027058656 0.9956004445 0.6769881576 -0.1417500480 -0.3438022005 -0.5145197402 -0.5142942855
-0.4181283793 -0.3456135198 -0.4434842967 -0.5292916175 0.2318743101 -0.3454429827 -0.1484220615 -0.5297398271 0.9928403108 0.6617232623 -0.1207253570 -0.3706659298 -0.5415161971 -0.5412928081
-0.4444011121 -0.3717327402 -0.4698700886 -0.5554600766 0.2116312856 -0.3715095621 -0.1734041292 -0.5559058747 0.9894370813 0.6462114898 -0.0999305713 -0.3968750694 -0.5676268034 -0.5674058285
-0.4699667919 -0.3972321357 -0.4955174685 -0.5807706871 0.1915011575 -0.3969556026 -0.1979734830 -0.5812134121 0.9854012567 0.6304597173 -0.0793647643 -0.4224353554 -0.5928613012 -0.5926430763
-0.4948322575 -0.4221169767 -0.5204334867 -0.6052328379 0.1714854065 -0.4217865318 -0.2221319298 -0.6056718430 0.9807433382 0.6144748219 -0.0590270092 -0.4473525236 -0.6172294329 -0.6170142815
