0.4566868381 0.5568782971 0.8355439038 0.9776096765 0.5857492580 0.4489820191 0.4778445177 0.9725457231 0.5941938979 -0.4231322833 -0.7817975981 0.4839925996 0.9959850099 0.9919301892
0.4262010154 0.5303119122 0.8207882032 0.9841466668 0.5648833150 0.4229556136 0.4479891357 0.9798889225 0.5742729885 -0.4301861635 -0.7694073883 0.4540894991 0.9983260289 0.9955072577
0.3961104364 0.5038922038 0.8055167270 0.9895356465 0.5445621517 0.3969694965 0.4184572733 0.9860588301 0.5549396423 -0.4374430838 -0.7571505401 0.4244670532 0.9996584908 0.9980324519
0.3664129113 0.4776214862 0.7897430383 0.9937960425 0.5247780405 0.3710299413 0.3892483537 0.9910751891 0.5361850811 -0.4448953798 -0.7450248207 0.3951260108 1.0000000000 0.9995239675
0.3371062505 0.4515020736 0.7734806998 0.9969472821 0.5055232539 0.3451432216 0.3603617999 0.9949577424 0.5180005268 -0.4525353873 -0.7330279974 0.3660671211 0.9993681612 1.0000000000
0.3081882640 0.4255362803 0.7567432745 0.9990087922 0.4867900646 0.3193156109 0.3317970351 0.9977262333 0.5003772012 -0.4603554422 -0.7211578377 0.3372911330 0.9977805788 0.9994787452
0.2796567622 0.3997264206 0.7395443252 1.0000000000 0.4685707449 0.2935533828 0.3035534825 0.9994004048 0.4833063262 -0.4683478801 -0.7094121088 0.3087987957 0.9952548574 0.9979783988
0.2515095554 0.3740748088 0.7218974147 0.9999403324 0.4508575674 0.2678628108 0.2756305653 1.0000000000 0.4667791237 -0.4765050369 -0.6977885779 0.2805908582 0.9918086014 0.9955171565
0.2237444536 0.3485837592 0.7038161059 0.9988492167 0.4336428047 0.2422501685 0.2480277065 0.9995447619 0.4507868155 -0.4848192483 -0.6862850125 0.2526680694 0.9874594156 0.9921132139
0.1963592672 0.3232555861 0.6853139617 0.9967460797 0.4169187292 0.2167217294 0.2207443294 0.9980544338 0.4353206235 -0.4932828501 -0.6748991798 0.2250311785 0.9822249043 0.9877847667
0.1693518063 0.2980926037 0.6664045450 0.9936503486 0.4006776135 0.1912837671 0.1937798570 0.9955487585 0.4203717695 -0.5018881780 -0.6636288471 0.1976809346 0.9761226720 0.9825500107
0.1427198813 0.2730971263 0.6471014185 0.9895814505 0.3849117300 0.1659425551 0.1671337126 0.9920474793 0.4059314754 -0.5106275679 -0.6524717818 0.1706180866 0.9691703234 0.9764271414
0.1164613023 0.2482714682 0.6274181453 0.9845588124 0.3696133513 0.1407043669 0.1408053193 0.9875703392 0.3919909631 -0.5194933555 -0.6414257512 0.1438433836 0.9613854630 0.9694343546
0.0905738796 0.2236179437 0.6073682880 0.9786018613 0.3547747500 0.1155754762 0.1147941003 0.9821370813 0.3785414543 -0.5284778765 -0.6304885225 0.1173575746 0.9527856952 0.9615898460
0.0650554234 0.1991388671 0.5869654096 0.9717300245 0.3403881985 0.0905621564 0.0890994786 0.9757674487 0.3655741711 -0.5375734667 -0.6196578631 0.0911614088 0.9433886247 0.9529118112
