-0.9776046900 -0.4089670570 -0.2222569618 -0.9923803765 0.1648541001 -0.3385159050 -0.0462193123 -0.9894612856 0.3257483182 0.1560281109 -0.0961538215 -0.3836550207 -0.9993378514 -0.9935444937
-0.9727801286 -0.3775339637 -0.1920112204 -0.9905805229 0.1818684962 -0.3075067483 -0.0216576250 -0.9872841429 0.3400431559 0.1770378012 -0.1177205750 -0.3523293556 -0.9996688142 -0.9945457568
-0.9674647240 -0.3451321525 -0.1610903350 -0.9885875993 0.1995423029 -0.2756434980 0.0035471469 -0.9848994102 0.3548345028 0.1984935196 -0.1398202772 -0.3200780702 -0.9998892628 -0.9954606282
-0.9616532668 -0.3117506425 -0.1294890847 -0.9864009445 0.2178848478 -0.2429171124 0.0294023007 -0.9823062480 0.3701296062 0.2204001082 -0.1624590884 -0.2868910069 -0.9999995429 -0.9962897289
-0.9553405475 -0.2773784529 -0.0972022485 -0.9840198973 0.2369054587 -0.2093185493 0.0559151337 -0.9795038164 0.3859357138 0.2427624092 -0.1856431690 -0.2527580079 -1.0000000000 -0.9970336801
-0.9485213567 -0.2420046031 -0.0642246056 -0.9814437965 0.2566134632 -0.1748387667 0.0830929430 -0.9764912758 0.4022600731 0.2655852646 -0.2093786793 -0.2176689155 -0.9998909796 -0.9976931029
-0.9411904851 -0.2056181122 -0.0305509348 -0.9786719810 0.2770181891 -0.1394687227 0.1109430260 -0.9732677865 0.4191099318 0.2888735166 -0.2336717795 -0.1816135720 -0.9996728272 -0.9982686185
-0.9333427231 -0.1682079994 0.0038239847 -0.9757037896 0.2981289639 -0.1031993752 0.1394726800 -0.9698325089 0.4364925373 0.3126320072 -0.2585286301 -0.1445818198 -0.9993458885 -0.9987608479
-0.9249728613 -0.1297632840 0.0389053739 -0.9725385611 0.3199551154 -0.0660216822 0.1686892021 -0.9661846031 0.4544151373 0.3368655786 -0.2839553912 -0.1065635011 -0.9989105089 -0.9991704125
-0.9160756904 -0.0902729852 0.0746984538 -0.9691756344 0.3425059714 -0.0279266017 0.1985998896 -0.9623232295 0.4728849792 0.3615790729 -0.3099582233 -0.0675484583 -0.9983670341 -0.9994979331
-0.9066460009 -0.0497261222 0.1112084454 -0.9656143482 0.3657908594 0.0110949083 0.2292120399 -0.9582475485 0.4919093108 0.3867773321 -0.3365432867 -0.0275265337 -0.9977158095 -0.9997440311
-0.8966785833 -0.0081117143 0.1484405695 -0.9618540415 0.3898191071 0.0510518898 0.2605329501 -0.9539567203 0.5114953794 0.4124651984 -0.3637167416 0.0135124306 -0.9969571807 -0.9999093274
-0.8861682283 0.0345812193 0.1864000472 -0.9578940530 0.4146000424 0.0919533848 0.2925699176 -0.9494499052 0.5316504328 0.4386475138 -0.3914847484 0.0555785920 -0.9960914933 -0.9999944434
-0.8751097265 0.0783636594 0.2250920994 -0.9537337216 0.4401429928 0.1338084354 0.3253302396 -0.9447262635 0.5523817184 0.4653291206 -0.4198534673 0.0986821084 -0.9951190928 -1.0000000000
-0.8634978683 0.1232465867 0.2645219470 -0.9493723861 0.4664572860 0.1766260835 0.3588212134 -0.9397849556 0.5736964838 0.4925148607 -0.4488290588 0.1428331374 -0.9940403248 -0.9999266184
