-0.4986044940 -0.5297472245 -0.4761695225 -0.4601167644 -0.5304950629 -0.5626237291 -0.5846355849 -0.4560009399 -0.6527799756 -0.8109014853 -0.1966717741 -0.5446754563 -0.4711226776 -0.4740149482
-0.4824467250 -0.5154795231 -0.4610378029 -0.4437346129 -0.5163522747 -0.5489437088 -0.5725169625 -0.4395341819 -0.6487692554 -0.8054424089 -0.2071223989 -0.5306220279 -0.4550522607 -0.4580098276
-0.4661433933 -0.5010821974 -0.4457849208 -0.4272358517 -0.5020817397 -0.5351299802 -0.5602845058 -0.4229507781 -0.6447148043 -0.7999095021 -0.2176085186 -0.5164361384 -0.4388696491 -0.4418928302
-0.4497000894 -0.4865592073 -0.4304151688 -0.4106266858 -0.4876873212 -0.5211862804 -0.5479409500 -0.4062569499 -0.6406161281 -0.7943029279 -0.2281256290 -0.5021216871 -0.4225810704 -0.4256701760
-0.4331224037 -0.4719145129 -0.4149328395 -0.3939133201 -0.4731728824 -0.5071163463 -0.5354890301 -0.3894589190 -0.6364727323 -0.7886228489 -0.2386692257 -0.4876825732 -0.4061927522 -0.4093480856
-0.4164159267 -0.4571520743 -0.3993422254 -0.3771019596 -0.4585422867 -0.4929239146 -0.5229314811 -0.3725629069 -0.6322841227 -0.7828694281 -0.2492348043 -0.4731226961 -0.3897109218 -0.3929327792
-0.3995862490 -0.4422758515 -0.3836476191 -0.3601988091 -0.4437993973 -0.4786127225 -0.5102710381 -0.3555751352 -0.6280498049 -0.7770428283 -0.2598178605 -0.4584459551 -0.3731418067 -0.3764304770
-0.3826389609 -0.4272898046 -0.3678533133 -0.3432100736 -0.4289480775 -0.4641865068 -0.4975104361 -0.3385018255 -0.6237692848 -0.7711432122 -0.2704138899 -0.4436562495 -0.3564916344 -0.3598473994
-0.3655796530 -0.4121978935 -0.3519636004 -0.3261419581 -0.4139921908 -0.4496490044 -0.4846524101 -0.3213491993 -0.6194420679 -0.7651707428 -0.2810183881 -0.4287574785 -0.3397666324 -0.3431897668
-0.3484139157 -0.3970040784 -0.3359827731 -0.3090006675 -0.3989356002 -0.4350039523 -0.4716996952 -0.3041234782 -0.6150676600 -0.7591255827 -0.2916268508 -0.4137535416 -0.3229730282 -0.3264637993
-0.3311473395 -0.3817123193 -0.3199151240 -0.2917924066 -0.3837821692 -0.4202550874 -0.4586550264 -0.2868308838 -0.6106455668 -0.7530078949 -0.3022347737 -0.3986483379 -0.3061170492 -0.3096757173
-0.3137855148 -0.3663265762 -0.3037649455 -0.2745233805 -0.3685357610 -0.4054061465 -0.4455211388 -0.2694776376 -0.6061752939 -0.7468178421 -0.3128376522 -0.3834457669 -0.2892049230 -0.2928317411
-0.2963340322 -0.3508508091 -0.2875365304 -0.2571997940 -0.3532002389 -0.3904608668 -0.4323007674 -0.2520699611 -0.6016563471 -0.7405555872 -0.3234309822 -0.3681497278 -0.2722428769 -0.2759380911
-0.2787984820 -0.3352889782 -0.2712341711 -0.2398278521 -0.3377794663 -0.3754229849 -0.4189966472 -0.2346140760 -0.5970882320 -0.7342212930 -0.3340102592 -0.3527641199 -0.2552371385 -0.2590009875
-0.2611844549 -0.3196450435 -0.2548621603 -0.2224137597 -0.3222773063 -0.3602962380 -0.4056115132 -0.2171162038 -0.5924704544 -0.7278151223 -0.3445709789 -0.3372928426 -0.2381939352 -0.2420266506
