0.4093190169 -0.1722573156 -0.1758625161 0.9886160503 -0.2717292667 -0.3103297007 -0.4905119974 0.9950864454 -0.5196381571 -0.4717290460 0.3933186869 -0.2620837408 0.9546565496 0.9422234920
0.4006437488 -0.1668757607 -0.1710742485 0.9878228648 -0.2729076313 -0.3043834568 -0.4825306835 0.9945411670 -0.5180741395 -0.4637427258 0.3845803316 -0.2563471254 0.9519067397 0.9392697620
0.3919679030 -0.1614353814 -0.1662215543 0.9870105816 -0.2741323934 -0.2983680140 -0.4744764752 0.9939717599 -0.5165530479 -0.4556858571 0.3757837752 -0.2505448283 0.9490785008 0.9362472454
0.3832930787 -0.1559356261 -0.1613037475 0.9861799747 -0.2754046124 -0.2922828150 -0.4663491341 0.9933789098 -0.5150763127 -0.4475582146 0.3669291103 -0.2446762914 0.9461720471 0.9331562957
0.3746208750 -0.1503759435 -0.1563201422 0.9853318181 -0.2767253475 -0.2861273021 -0.4581484217 0.9927633025 -0.5136453640 -0.4393595730 0.3580164290 -0.2387409565 0.9431875928 0.9299972667
0.3659528912 -0.1447557822 -0.1512700523 0.9844668857 -0.2780956580 -0.2799009177 -0.4498740996 0.9921256237 -0.5122616322 -0.4310897071 0.3490458237 -0.2327382655 0.9401253519 0.9267705120
0.3572907264 -0.1390745909 -0.1461527920 0.9835859516 -0.2795166031 -0.2736031043 -0.4415259291 0.9914665591 -0.5109265475 -0.4227483918 0.3400173869 -0.2266676604 0.9369855387 0.9234763852
0.3486359797 -0.1333318181 -0.1409676752 0.9826897897 -0.2809892422 -0.2672333044 -0.4331036719 0.9907867945 -0.5096415401 -0.4143354018 0.3309312107 -0.2205285829 0.9337683672 0.9201152402
0.3399902502 -0.1275269125 -0.1357140162 0.9817791740 -0.2825146345 -0.2607909604 -0.4246070895 0.9900870156 -0.5084080404 -0.4058505118 0.3217873876 -0.2143204751 0.9304740517 0.9166874304
0.3313551372 -0.1216593227 -0.1303911288 0.9808548785 -0.2840938392 -0.2542755147 -0.4160359433 0.9893679082 -0.5072274786 -0.3972934967 0.3125860098 -0.2080427786 0.9271028063 0.9131933097
0.3227322398 -0.1157284972 -0.1249983271 0.9799176773 -0.2857279157 -0.2476864098 -0.4073899949 0.9886301581 -0.5061012850 -0.3886641312 0.3033271698 -0.2016949356 0.9236548452 0.9096332317
0.3141231572 -0.1097338847 -0.1195349253 0.9789683442 -0.2874179232 -0.2410230882 -0.3986690058 0.9878744508 -0.5050308898 -0.3799621901 0.2940109599 -0.1952763877 0.9201303824 0.9060075500
0.3055294885 -0.1036749339 -0.1140002373 0.9780076532 -0.2891649210 -0.2342849922 -0.3898727375 0.9871014723 -0.5040177233 -0.3711874482 0.2846374724 -0.1887865769 0.9165296322 0.9023166183
0.2969528328 -0.0975510932 -0.1083935772 0.9770363785 -0.2909699684 -0.2274715644 -0.3810009515 0.9863119082 -0.5030632159 -0.3623396803 0.2752067997 -0.1822249451 0.9128528087 0.8985607904
0.2883947893 -0.0913618114 -0.1027142591 0.9760552938 -0.2928341245 -0.2205822472 -0.3720534094 0.9855064442 -0.5021687976 -0.3534186611 0.2657190341 -0.1755909342 0.9091001261 0.8947404198
