-0.2545453930 -0.3445641930 -0.4465388335 -0.2371153385 0.4292908501 -0.6066262497 -0.4789122571 -0.2392524629 0.7415403929 -0.8212864201 -0.4541729117 -0.4387320033 -0.2018927634 -0.2088309717
-0.2875133349 -0.3702289822 -0.4684487438 -0.2725549522 0.3905098081 -0.6209233975 -0.4941582346 -0.2746575037 0.7208828482 -0.8222224503 -0.4161259296 -0.4594214101 -0.2398346293 -0.2464081768
-0.3196357245 -0.3953243135 -0.4898736725 -0.3070364319 0.3523100584 -0.6349521203 -0.5091957116 -0.3091036297 0.7001387906 -0.8233066062 -0.3786321216 -0.4796921113 -0.2767242493 -0.2829445736
-0.3509193133 -0.4198535908 -0.5108162040 -0.3405679681 0.3146896323 -0.6487126332 -0.5240238587 -0.3425990485 0.6793130899 -0.8245344038 -0.3416895594 -0.4995458195 -0.3125709571 -0.3184493653
-0.3813708531 -0.4438202180 -0.5312789227 -0.3731577511 0.2776465610 -0.6622051511 -0.5386418468 -0.3751519679 0.6584106161 -0.8259013588 -0.3052963144 -0.5189842471 -0.3473840866 -0.3529317553
-0.4109970954 -0.4672275990 -0.5512644128 -0.4048139715 0.2411788757 -0.6754298893 -0.5530488467 -0.4067705955 0.6374362391 -0.8274029873 -0.2694504583 -0.5380091063 -0.3811729716 -0.3864009468
-0.4398047919 -0.4900791379 -0.5707752587 -0.4355448198 0.2052846079 -0.6883870626 -0.5672440292 -0.4374631390 0.6163948287 -0.8290348053 -0.2341500623 -0.5566221096 -0.4139469458 -0.4188661432
-0.4678006942 -0.5123782386 -0.5898140447 -0.4653584863 0.1699617888 -0.7010768862 -0.5812265650 -0.4672378060 0.5952912548 -0.8307923286 -0.1993931982 -0.5748249694 -0.4457153432 -0.4503365478
-0.4949915541 -0.5341283050 -0.6083833551 -0.4942631616 0.1352084495 -0.7134995751 -0.5949956250 -0.4961028043 0.5741303873 -0.8326710731 -0.1651779373 -0.5926193982 -0.4764874975 -0.4808213639
-0.5213841231 -0.5553327410 -0.6264857743 -0.5222670360 0.1010226216 -0.7256553443 -0.6085503800 -0.5240663414 0.5529170961 -0.8346665549 -0.1315023513 -0.6100071082 -0.5062727425 -0.5103297948
-0.5469851528 -0.5759949507 -0.6441238866 -0.5493783001 0.0674023361 -0.7375444089 -0.6218900007 -0.5511366252 0.5316562511 -0.8367742899 -0.0983645115 -0.6269898120 -0.5350804120 -0.5388710440
-0.5718013950 -0.5961183379 -0.6613002763 -0.5756051443 0.0343456244 -0.7491669840 -0.6350136581 -0.5773218632 0.5103527221 -0.8389897939 -0.0657624896 -0.6435692218 -0.5629198399 -0.5664543146
-0.5958396013 -0.6157063066 -0.6780175278 -0.6009557591 0.0018505179 -0.7605232845 -0.6479205228 -0.6026302631 0.4890113791 -0.8413085830 -0.0336943569 -0.6597470501 -0.5898003599 -0.5930888100
-0.6191065234 -0.6347622609 -0.6942782253 -0.6254383349 -0.0300849524 -0.7716135255 -0.6606097656 -0.6270700326 0.4676370920 -0.8437261730 -0.0021581851 -0.6755250094 -0.6157313059 -0.6187837335
-0.6416089128 -0.6532896045 -0.7100849533 -0.6490610621 -0.0614627550 -0.7824379221 -0.6730805574 -0.6506493794 0.4462347306 -0.8462380799 0.0288479544 -0.6909048119 -0.6407220117 -0.6435482885
