0.6510651382 0.5183907387 0.4804446499 0.8707024379 0.3536797846 0.7448529415 0.2648912610 0.8662250623 0.0563022946 0.9316437834 -0.7674814189 0.4796667786 0.9504000341 0.9500340469
0.6550736579 0.5219180763 0.4846020455 0.8741433874 0.3556823496 0.7471077897 0.2687455639 0.8696343846 0.0566853236 0.9238560842 -0.7648666514 0.4838071562 0.9537234067 0.9535931274
0.6589237225 0.5253512581 0.4886774423 0.8773305133 0.3576781144 0.7491757307 0.2726184471 0.8727921782 0.0572100661 0.9157814955 -0.7620942161 0.4878660270 0.9567576326 0.9568613141
0.6626262903 0.5287024750 0.4926823992 0.8802744824 0.3596819890 0.7510695358 0.2765228582 0.8757091712 0.0578948885 0.9074411323 -0.7591830223 0.4918549758 0.9595131597 0.9598487541
0.6661923196 0.5319839176 0.4966284754 0.8829859614 0.3617088834 0.7528019764 0.2804717453 0.8783960916 0.0587581567 0.8988561099 -0.7561519795 0.4957855870 0.9620004356 0.9625655946
0.6696327687 0.5352077769 0.5005272301 0.8854756170 0.3637737073 0.7543858238 0.2844780563 0.8808636675 0.0598182369 0.8900475435 -0.7530199972 0.4996694452 0.9642299079 0.9650219829
0.6729585957 0.5383862436 0.5043902223 0.8877541162 0.3658913708 0.7558338495 0.2885547389 0.8831226270 0.0610934954 0.8810365481 -0.7498059848 0.5035181348 0.9662120245 0.9672280661
0.6761807589 0.5415315084 0.5082290111 0.8898321255 0.3680767838 0.7571588247 0.2927147412 0.8851836982 0.0626022980 0.8718442391 -0.7465288518 0.5073432405 0.9679572329 0.9691939915
0.6793102167 0.5446557623 0.5120551556 0.8917203118 0.3703448562 0.7583735209 0.2969710110 0.8870576092 0.0643630111 0.8624917315 -0.7432075076 0.5111563467 0.9694759809 0.9709299062
0.6823579273 0.5477711959 0.5158802150 0.8934293419 0.3727104978 0.7594907095 0.3013364962 0.8887550881 0.0663940008 0.8530001406 -0.7398608619 0.5149690381 0.9707787162 0.9724459575
0.6853348489 0.5508900002 0.5197157483 0.8949698824 0.3751886187 0.7605231617 0.3058241447 0.8902868630 0.0687136331 0.8433905816 -0.7365078239 0.5187928990 0.9718758865 0.9737522926
0.6882519399 0.5540243658 0.5235733147 0.8963526003 0.3777941287 0.7614836491 0.3104469043 0.8916636618 0.0713402742 0.8336841695 -0.7331673032 0.5226395142 0.9727779394 0.9748590586
0.6911201584 0.5571864836 0.5274644732 0.8975881621 0.3805419378 0.7623849428 0.3152177230 0.8928962129 0.0742922903 0.8239020196 -0.7298582092 0.5265204680 0.9734953226 0.9757764027
0.6939504628 0.5603885444 0.5314007830 0.8986872348 0.3834469559 0.7632398144 0.3201495487 0.8939952441 0.0775880474 0.8140652471 -0.7265994514 0.5304473450 0.9740384839 0.9765144723
0.6967538112 0.5636427390 0.5353938032 0.8996604851 0.3865240929 0.7640610351 0.3252553292 0.8949714837 0.0812459116 0.8041949672 -0.7234099393 0.5344317298 0.9744178710 0.9770834144
