0.1492920684 0.0228267613 -0.0347611976 -0.0105272984 -0.1004713654 0.0608702655 -0.0356077771 -0.0154678204 -0.2404497009 -0.0058200643 0.3648396262 0.0642570392 0.0157131610 -0.0180426162
0.1798977367 0.0570800820 0.0013311194 0.0244935443 -0.0639108459 0.0941100022 -0.0003939475 0.0196917233 -0.2005491030 0.0293466382 0.3216395696 0.0968924378 0.0501409935 0.0175408964
0.2112194850 0.0922338020 0.0383928725 0.0604796784 -0.0261656812 0.1281876851 0.0358661200 0.0558240770 -0.1592014833 0.0654482006 0.2767854506 0.1304032504 0.0854821598 0.0540717036
0.2432650853 0.1282980564 0.0764349647 0.0974421990 0.0127787305 0.1631125933 0.0731849075 0.0929404347 -0.1163884166 0.1024951424 0.2302562629 0.1647995700 0.1217469811 0.0915604419
0.2760423093 0.1652829802 0.1154682989 0.1353922013 0.0529369911 0.1988940060 0.1115748972 0.1310519905 -0.0720914782 0.1404979831 0.1820309999 0.2000914900 0.1589457782 0.1300177480
0.3095589290 0.2031987085 0.1555037779 0.1743407803 0.0943237025 0.2355412025 0.1510485713 0.1701699383 -0.0262922428 0.1794672421 0.1320886551 0.2362891036 0.1970888722 0.1694542583
0.3438227164 0.2420553761 0.1965523047 0.2142990311 0.1369534666 0.2730634619 0.1916184121 0.2103054721 0.0210277144 0.2194134389 0.0804082221 0.2734025040 0.2361865843 0.2098806095
0.3788414434 0.2818631182 0.2386247821 0.2552780487 0.1808408852 0.3114700635 0.2332969017 0.2514697859 0.0698868185 0.2603470929 0.0269686944 0.3114417845 0.2762492354 0.2513074380
0.4146228818 0.3226320698 0.2817321131 0.2972889284 0.2260005603 0.3507702864 0.2760965224 0.2936740737 0.1203034944 0.3022787235 -0.0282509345 0.3504170383 0.3172871466 0.2937453803
0.4511748036 0.3643723660 0.3258852006 0.3403427651 0.2724470938 0.3909734099 0.3200297562 0.3369295294 0.1722961672 0.3452188504 -0.0852716712 0.3903383587 0.3593106390 0.3372050732
0.4885049808 0.4070941416 0.3710949475 0.3844506540 0.3201950875 0.4320887131 0.3651090855 0.3812473471 0.2258832618 0.3891779928 -0.1441145220 0.4312158388 0.4023300335 0.3816971530
0.5266211852 0.4508075318 0.4173722566 0.4296236901 0.3692591434 0.4741254753 0.4113469924 0.4266387207 0.2810832032 0.4341666702 -0.2048004936 0.4730595719 0.4463556513 0.4272322564
0.5655311887 0.4955226715 0.4647280310 0.4758729686 0.4196538633 0.5170929756 0.4587559592 0.4731148442 0.3379144165 0.4801954022 -0.2673505922 0.5158796513 0.4913978134 0.4738210199
0.6052427634 0.5412496958 0.5131731735 0.5232095844 0.4713938491 0.5610004932 0.5073484679 0.5206869115 0.3963953267 0.5272747081 -0.3317858246 0.5596861701 0.5374668408 0.5214740800
0.6457636810 0.5879987398 0.5627185870 0.5716446328 0.5244937027 0.6058573074 0.5571370009 0.5693661168 0.4565443586 0.5754151075 -0.3981271970 0.6044892217 0.5845730546 0.5702020733
