-0.5409826223 -0.4152216638 -0.3360604364 -0.4752823137 -0.7174657219 -0.4291083267 -0.3704615567 -0.4768570273 -0.6746675419 0.0965174398 0.7912708541 -0.4488608131 -0.4902963020 -0.4916248900
-0.5254669669 -0.3994425230 -0.3191440765 -0.4580040954 -0.7119293674 -0.4130768605 -0.3564071122 -0.4596720008 -0.6793788403 0.1121471589 0.7932596092 -0.4339111243 -0.4730748045 -0.4745832230
-0.5097096003 -0.3835059262 -0.3020762909 -0.4404595321 -0.7064506262 -0.3968678611 -0.3422924090 -0.4422235081 -0.6844454802 0.1276580126 0.7955290736 -0.4188151100 -0.4555770462 -0.4572723151
-0.4937113207 -0.3674140441 -0.2848594926 -0.4226492733 -0.7010336937 -0.3804832171 -0.3281209075 -0.4245122319 -0.6898747077 0.1430436553 0.7980858870 -0.4035750063 -0.4378035101 -0.4396927365
-0.4774729266 -0.3511690478 -0.2674960945 -0.4045739686 -0.6956827651 -0.3639248175 -0.3138960684 -0.4065388548 -0.6956737693 0.1582977412 0.8009366895 -0.3881930493 -0.4197546792 -0.4218450576
-0.4609952165 -0.3347731079 -0.2499885099 -0.3862342674 -0.6904020356 -0.3471945510 -0.2996213522 -0.3883040594 -0.7018499111 0.1734139242 0.8040881208 -0.3726714753 -0.4014310365 -0.4037298488
-0.4442789889 -0.3182283954 -0.2323391516 -0.3676308193 -0.6851957004 -0.3302943064 -0.2853002196 -0.3698085282 -0.7084103796 0.1883858587 0.8075468210 -0.3570125202 -0.3828330650 -0.3853476803
-0.4273250420 -0.3015370811 -0.2145504327 -0.3487642737 -0.6800679549 -0.3132259725 -0.2709361312 -0.3510529439 -0.7153624211 0.2032071988 0.8113194299 -0.3412184204 -0.3639612477 -0.3666991225
-0.4101341745 -0.2847013358 -0.1966247662 -0.3296352802 -0.6750229942 -0.2959914382 -0.2565325475 -0.3320379891 -0.7227132818 0.2178715987 0.8154125874 -0.3252914119 -0.3448160676 -0.3477847459
-0.3927071846 -0.2677233304 -0.1785645651 -0.3102444882 -0.6700650135 -0.2785925922 -0.2420929292 -0.3127643463 -0.7304702080 0.2323727124 0.8198329335 -0.3092337308 -0.3253980076 -0.3286051206
-0.3750448709 -0.2506052358 -0.1603722425 -0.2905925472 -0.6651982081 -0.2610313233 -0.2276207368 -0.2932326981 -0.7386404460 0.2467041942 0.8245871079 -0.2930476134 -0.3057075508 -0.3091608171
-0.3571480318 -0.2333492227 -0.1420502114 -0.2706801069 -0.6604267733 -0.2433095203 -0.2131194310 -0.2734437272 -0.7472312422 0.2608596982 0.8296817506 -0.2767352957 -0.2857451801 -0.2894524056
-0.3390174657 -0.2159574621 -0.1236008847 -0.2505078165 -0.6557549042 -0.2254290721 -0.1985924724 -0.2533981160 -0.7562498428 0.2748328787 0.8351235015 -0.2602990139 -0.2655113787 -0.2694804567
-0.3206539711 -0.1984321248 -0.1050266756 -0.2300763258 -0.6511867962 -0.2073918673 -0.1840433215 -0.2330965473 -0.7657034942 0.2886173897 0.8409190005 -0.2437410041 -0.2450066293 -0.2492455405
-0.3020583464 -0.1807753815 -0.0863299971 -0.2093862841 -0.6467266444 -0.1891997949 -0.1694754390 -0.2125397037 -0.7755994426 0.3022068854 0.8470748874 -0.2270635025 -0.2242314152 -0.2287482274
