0.2701125299 -0.2250611206 -0.0539182739 0.7843680209 -0.6359569569 -0.1060871324 -0.6881543328 0.7845519793 -0.7829118544 -0.5592717753 0.4272418997 -0.2681132301 0.8085294674 0.8135301411
0.2607901755 -0.2373627803 -0.0662028571 0.7781538779 -0.6477809178 -0.1174230716 -0.7002037312 0.7783439219 -0.7933659533 -0.5714456817 0.4395257367 -0.2809971581 0.8025533866 0.8076214277
0.2514327790 -0.2496306235 -0.0784785265 0.7718343338 -0.6594651433 -0.1287454199 -0.7120742847 0.7720304710 -0.8036092363 -0.5835072423 0.4517363694 -0.2938360885 0.7964678893 0.8016026054
0.2420408341 -0.2618628696 -0.0907436261 0.7654087117 -0.6710066303 -0.1400528604 -0.7237622169 0.7656109460 -0.8136379143 -0.5954537674 0.4638716213 -0.3066279107 0.7902722238 0.7954728966
0.2326148344 -0.2740577379 -0.1029965001 0.7588763341 -0.6824023757 -0.1513440763 -0.7352637518 0.7590846665 -0.8234481984 -0.6072825671 0.4759293158 -0.3193705136 0.7839656386 0.7892315237
0.2231552736 -0.2862134477 -0.1152354928 0.7522365238 -0.6936493763 -0.1626177511 -0.7465751133 0.7524509521 -0.8330362994 -0.6189909515 0.4879072762 -0.3320617866 0.7775473820 0.7828777091
0.2136626453 -0.2983282181 -0.1274589483 0.7454886037 -0.7047446291 -0.1738725678 -0.7576925250 0.7457091224 -0.8423984285 -0.6305762308 0.4998033260 -0.3446996189 0.7710167025 0.7764106751
0.2041374432 -0.3104002686 -0.1396652108 0.7386318965 -0.7156851308 -0.1851072097 -0.7686122110 0.7388584968 -0.8515307967 -0.6420357151 0.5116152886 -0.3572818996 0.7643728486 0.7698296441
0.1945801609 -0.3224278184 -0.1518526244 0.7316657249 -0.7264678785 -0.1963203602 -0.7793303949 0.7318983950 -0.8604296149 -0.6533667146 0.5233409874 -0.3698065179 0.7576150685 0.7631338385
0.1849912920 -0.3344090868 -0.1640195333 0.7245894117 -0.7370898689 -0.2075107024 -0.7898433008 0.7248281364 -0.8690910941 -0.6645665394 0.5349782458 -0.3822713630 0.7507426108 0.7563224807
0.1753713302 -0.3463422931 -0.1761642818 0.7174022797 -0.7475480989 -0.2186769197 -0.8001471523 0.7176470408 -0.8775114453 -0.6756324997 0.5465248873 -0.3946743242 0.7437547238 0.7493947930
0.1657207692 -0.3582256565 -0.1882852139 0.7101036517 -0.7578395654 -0.2298176952 -0.8102381735 0.7103544276 -0.8856868796 -0.6865619057 0.5579787351 -0.4070132906 0.7366506559 0.7423499979
0.1560401025 -0.3700573964 -0.2003806738 0.7026928503 -0.7679612653 -0.2409317122 -0.8201125880 0.7029496163 -0.8936136080 -0.6973520674 0.5693376128 -0.4192861513 0.7294296557 0.7351873177
0.1463298238 -0.3818357320 -0.2124490058 0.6951691985 -0.7779101954 -0.2520176540 -0.8297666198 0.6954319266 -0.9012878414 -0.7080002950 0.5805993437 -0.4314907957 0.7220909714 0.7279059747
0.1365904268 -0.3935588827 -0.2244885539 0.6875320189 -0.7876833527 -0.2630742038 -0.8391964927 0.6878006780 -0.9087057909 -0.7185038987 0.5917617513 -0.4436251129 0.7146338516 0.7205051914
