0.9798931312 0.9972057210 0.9974580118 0.9975655955 0.9101407118 0.9928934399 0.9998059415 0.9978279288 0.7220668984 -0.3448017513 -0.9879071842 0.9927782410 0.9993763481 0.9989438382
0.9775994308 0.9961859422 0.9982329599 0.9982354223 0.9048154369 0.9913382249 0.9995423214 0.9984593157 0.7119893834 -0.3429811994 -0.9892803073 0.9911792451 0.9996898646 0.9993646941
0.9751837000 0.9950094644 0.9988667998 0.9987989427 0.8993518027 0.9896329061 0.9991694304 0.9989837638 0.7017888723 -0.3411454503 -0.9905640465 0.9894236737 0.9998979392 0.9996813532
0.9726462127 0.9936768898 0.9993599777 0.9992555296 0.8937510704 0.9877783464 0.9986886108 0.9994006648 0.6914684957 -0.3392935562 -0.9917596913 0.9875122738 1.0000000000 0.9998932005
0.9699872433 0.9921888204 0.9997129397 0.9996045559 0.8880145015 0.9857754091 0.9981012049 0.9997094102 0.6810313840 -0.3374245692 -0.9928685315 0.9854457930 0.9999954754 0.9999996211
0.9672070658 0.9905458582 0.9999261317 0.9998453944 0.8821433572 0.9836249571 0.9974085551 0.9999093914 0.6704806681 -0.3355375417 -0.9938918565 0.9832249783 0.9998837936 1.0000000000
0.9643059543 0.9887486054 1.0000000000 0.9999774182 0.8761388988 0.9813278536 0.9966120037 1.0000000000 0.6598194784 -0.3336315259 -0.9948309562 0.9808505772 0.9996643829 0.9998937222
0.9612841831 0.9867976640 0.9999349906 1.0000000000 0.8700023875 0.9788849615 0.9957128929 0.9999806275 0.6490509456 -0.3317055740 -0.9956871202 0.9783233368 0.9993366716 0.9996801728
0.9581420263 0.9846936360 0.9997315496 0.9999125128 0.8637350848 0.9762971441 0.9947125651 0.9998506654 0.6381782003 -0.3297587383 -0.9964616380 0.9756440045 0.9989000879 0.9993587369
0.9548797580 0.9824371236 0.9993901230 0.9997143294 0.8573382519 0.9735652644 0.9936123625 0.9996095053 0.6272043730 -0.3277900709 -0.9971557993 0.9728133276 0.9983540602 0.9989287994
0.9514976523 0.9800287288 0.9989111570 0.9994048227 0.8508131501 0.9706901854 0.9924136276 0.9992565386 0.6161325945 -0.3257986243 -0.9977708938 0.9698320532 0.9976980167 0.9983897454
0.9479959837 0.9774690540 0.9982950979 0.9989833656 0.8441610411 0.9676727709 0.9911177029 0.9987911569 0.6049659960 -0.3237834496 -0.9983082107 0.9667009291 0.9969313857 0.9977409600
0.9443750256 0.9747587003 0.9975423911 0.9984493311 0.8373831851 0.9645138821 0.9897259297 0.9982127516 0.5937077058 -0.3217436019 -0.9987690408 0.9634207016 0.9960535954 0.9969818281
0.9406350528 0.9718982707 0.9966534833 0.9978020919 0.8304808445 0.9612143839 0.9882396513 0.9975207143 0.5823608569 -0.3196781307 -0.9991546726 0.9599921188 0.9950640742 0.9961117350
0.9367763392 0.9688883671 0.9956288205 0.9970410210 0.8234552801 0.9577751387 0.9866602098 0.9967144364 0.5709285791 -0.3175860891 -0.9994663961 0.9564159278 0.9939622503 0.9951300655
