0.0212638012 -0.3567408953 -0.6064921796 0.0250059334 -0.1776154935 -0.4201743813 -0.8702209074 0.0191552453 -0.3717269317 -1.0000000000 0.9641154669 -0.3702233613 0.0694646318 0.0736662324
0.0178357826 -0.3591485819 -0.6161390629 0.0092500121 -0.1733494110 -0.4230013701 -0.8721353729 0.0034389136 -0.3613407247 -0.9996640936 0.9704835323 -0.3737949474 0.0540627200 0.0586223901
0.0148072933 -0.3611050799 -0.6251277098 -0.0058286046 -0.1688224713 -0.4253555327 -0.8735132118 -0.0115999091 -0.3507975196 -0.9989648576 0.9762070591 -0.3768865242 0.0393220176 0.0442310358
0.0121729070 -0.3626164269 -0.6334659314 -0.0202375904 -0.1640390580 -0.4272431125 -0.8743613904 -0.0259689007 -0.3401009376 -0.9979063864 0.9812938380 -0.3795043688 0.0252350001 0.0304847171
0.0099271972 -0.3636886605 -0.6411615391 -0.0339846193 -0.1590035546 -0.4286703526 -0.8746868745 -0.0396757396 -0.3292545995 -0.9964927744 0.9857516594 -0.3816547585 0.0117941432 0.0173759812
0.0080647374 -0.3643278184 -0.6482223440 -0.0470773649 -0.1537203446 -0.4296434964 -0.8744966301 -0.0527281039 -0.3182621266 -0.9947281160 0.9895883137 -0.3833439702 -0.0010080774 0.0048973755
0.0065801012 -0.3645399380 -0.6546561576 -0.0595235013 -0.1481938114 -0.4301687870 -0.8737976234 -0.0651336718 -0.3071271397 -0.9926165057 0.9928115915 -0.3845782811 -0.0131791862 -0.0069585527
0.0054678623 -0.3643310571 -0.6604707909 -0.0713307021 -0.1424283386 -0.4302524678 -0.8725968204 -0.0769001214 -0.2958532599 -0.9901620379 0.9954292833 -0.3853639685 -0.0247267076 -0.0181992560
0.0047225941 -0.3637072132 -0.6656740553 -0.0825066412 -0.1364283096 -0.4299007819 -0.8709011869 -0.0880351308 -0.2844441083 -0.9873688071 0.9974491795 -0.3857073094 -0.0356581659 -0.0288321871
0.0043388702 -0.3626744440 -0.6702737620 -0.0930589925 -0.1301981079 -0.4291199727 -0.8687176892 -0.0985463784 -0.2729033059 -0.9842409076 0.9988790707 -0.3856145810 -0.0459810855 -0.0388647985
0.0043112643 -0.3612387870 -0.6742777224 -0.1029954297 -0.1237421171 -0.4279162833 -0.8660532932 -0.1084415422 -0.2612344738 -0.9807824339 0.9997267474 -0.3850920604 -0.0557029908 -0.0483045430
0.0046343498 -0.3594062798 -0.6776937475 -0.1123236268 -0.1170647206 -0.4262959571 -0.8629149650 -0.1177283005 -0.2494412329 -0.9769974805 1.0000000000 -0.3841460247 -0.0648314062 -0.0571588733
0.0053027004 -0.3571829601 -0.6805296488 -0.1210512575 -0.1101703019 -0.4242652372 -0.8593096705 -0.1264143313 -0.2375272043 -0.9728901417 0.9997066190 -0.3827827512 -0.0733738561 -0.0654352418
0.0063108896 -0.3545748654 -0.6827932374 -0.1291859956 -0.1030632445 -0.4218303670 -0.8552443759 -0.1345073129 -0.2254960091 -0.9684645121 0.9988543950 -0.3810085169 -0.0813378648 -0.0731411014
0.0076534910 -0.3515880334 -0.6844923247 -0.1367355151 -0.0957479318 -0.4189975896 -0.8507260470 -0.1420149235 -0.2133512683 -0.9637246859 0.9974511184 -0.3788295990 -0.0887309568 -0.0802839046
