0.9577963292 0.8012782785 0.7665022097 0.9574784331 0.0457285927 0.7057848512 0.0414433290 0.9565534181 -0.9082114747 -0.8788596794 -0.3422700543 0.7464474077 0.9666815677 0.9648318113
0.9615324381 0.8083130180 0.7742292987 0.9611148059 0.0557970478 0.7142886472 0.0560390732 0.9602187726 -0.8953536159 -0.8654005978 -0.3491687702 0.7548026238 0.9699996215 0.9682419898
0.9651175225 0.8153344689 0.7819532871 0.9646133814 0.0662288453 0.7228265645 0.0709865396 0.9637480337 -0.8817689523 -0.8513346390 -0.3562908628 0.7631458343 0.9731618101 0.9714971618
0.9685481690 0.8223351949 0.7896663418 0.9679704719 0.0770086940 0.7313897777 0.0862690529 0.9671374654 -0.8674787464 -0.8366770888 -0.3636246687 0.7714692418 0.9761649634 0.9745941084
0.9718209645 0.8293077597 0.7973606298 0.9711823893 0.0881213029 0.7399694615 0.1018699376 0.9703833315 -0.8525042606 -0.8214432330 -0.3711585246 0.7797650492 0.9790059115 0.9775296108
0.9749324961 0.8362447267 0.8050283178 0.9742454459 0.0995513807 0.7485567906 0.1177725184 0.9734818959 -0.8368667575 -0.8056483571 -0.3788807669 0.7880254593 0.9816814847 0.9803004500
0.9778793506 0.8431386596 0.8126615728 0.9771559539 0.1112836364 0.7571429397 0.1339601198 0.9764294224 -0.8205874994 -0.7893077470 -0.3867797324 0.7962426749 0.9841885129 0.9829034073
0.9806581148 0.8499821221 0.8202525618 0.9799102253 0.1233027788 0.7657190835 0.1504160666 0.9792221748 -0.8036877490 -0.7724366884 -0.3948437576 0.8044088988 0.9865238264 0.9853352637
0.9832653757 0.8567676776 0.8277934516 0.9825045724 0.1355935167 0.7742763967 0.1671236833 0.9818564171 -0.7861887687 -0.7550504670 -0.4030611791 0.8125163338 0.9886842553 0.9875928003
0.9856977201 0.8634878899 0.8352764092 0.9849353073 0.1481405591 0.7828060540 0.1840662945 0.9843284131 -0.7681118209 -0.7371643686 -0.4114203336 0.8205571827 0.9906666296 0.9896727984
0.9879517350 0.8701353226 0.8426936014 0.9871987422 0.1609286147 0.7912992301 0.2012272249 0.9866344267 -0.7494781682 -0.7187936788 -0.4199095576 0.8285236483 0.9924677795 0.9915720388
0.9900240073 0.8767025391 0.8500371951 0.9892911892 0.1739423925 0.7997470997 0.2185897991 0.9887707216 -0.7303090730 -0.6999536833 -0.4285171878 0.8364079335 0.9940845352 0.9932873029
0.9919111237 0.8831821032 0.8572993573 0.9912089604 0.1871666013 0.8081408374 0.2361373416 0.9907335618 -0.7106257979 -0.6806596680 -0.4372315608 0.8442022409 0.9955137266 0.9948153718
0.9936096713 0.8895665784 0.8644722548 0.9929483681 0.2005859500 0.8164716181 0.2538531772 0.9925192110 -0.6904496052 -0.6609269185 -0.4460410132 0.8518987735 0.9967521840 0.9961530264
0.9951162370 0.8958485284 0.8715480546 0.9945057244 0.2141851474 0.8247306162 0.2717206304 0.9941239333 -0.6698017576 -0.6407707205 -0.4549338815 0.8594897340 0.9977967375 0.9972970481
