0.3992257340 -0.2071104407 -0.4053406849 -0.0426840237 0.2687026900 -0.2476944003 -0.4138024651 -0.0433778041 0.0336191440 -0.5817506824 0.5094122198 -0.2128737347 0.0156669559 0.0339994035
0.4108992904 -0.1984661607 -0.3976760196 -0.0328598208 0.2789772971 -0.2392304051 -0.4062840298 -0.0335587011 0.0414458198 -0.5762629648 0.5033823449 -0.2042227643 0.0258805050 0.0442700381
0.4225128655 -0.1897960829 -0.3899624457 -0.0230299558 0.2892235100 -0.2307359386 -0.3987153854 -0.0237338512 0.0492790651 -0.5706968060 0.4972844609 -0.1955454244 0.0360926669 0.0545372205
0.4340646621 -0.1811005788 -0.3821999665 -0.0131952169 0.2994402591 -0.2222113032 -0.3910964887 -0.0139040406 0.0571185829 -0.5650516174 0.4911181338 -0.1868420865 0.0463025141 0.0647999996
0.4455528831 -0.1723800202 -0.3743885852 -0.0033563921 0.3096264742 -0.2136568009 -0.3834272966 -0.0040700555 0.0649640767 -0.5593268103 0.4848829297 -0.1781131218 0.0565091192 0.0750574245
0.4569757315 -0.1636347786 -0.3665283051 0.0064857306 0.3197810857 -0.2050727340 -0.3757077663 0.0057673178 0.0728152495 -0.5535217960 0.4785784144 -0.1693589018 0.0667115548 0.0853085441
0.4683314099 -0.1548652257 -0.3586191294 0.0163303630 0.3299030236 -0.1964594048 -0.3679378545 0.0156072930 0.0806718047 -0.5476359856 0.4722041540 -0.1605797979 0.0769088934 0.0955524075
0.4796181213 -0.1460717332 -0.3506610614 0.0261767171 0.3399912181 -0.1878171155 -0.3601175183 0.0254490839 0.0885334454 -0.5416687906 0.4657597145 -0.1517761813 0.0871002077 0.1057880635
0.4908340686 -0.1372546727 -0.3426541044 0.0360240048 0.3500445991 -0.1791461683 -0.3522467146 0.0352919042 0.0963998749 -0.5356196222 0.4592446618 -0.1429484234 0.0972845701 0.1160145612
0.5019774545 -0.1284144159 -0.3345982615 0.0458714380 0.3600620969 -0.1704468654 -0.3443254003 0.0451349676 0.1042707965 -0.5294878916 0.4526585619 -0.1340968957 0.1074610533 0.1262309496
0.5130464820 -0.1195513344 -0.3264935361 0.0557182288 0.3700426416 -0.1617195092 -0.3363535324 0.0549774878 0.1121459133 -0.5232730102 0.4460009809 -0.1252219695 0.1176287298 0.1364362777
0.5240393538 -0.1106657999 -0.3183399314 0.0655635890 0.3799851633 -0.1529644018 -0.3283310678 0.0648186787 0.1200249286 -0.5169743893 0.4392714847 -0.1163240162 0.1277866722 0.1466295944
0.5349542729 -0.1017581839 -0.3101374507 0.0754067305 0.3898885922 -0.1441818454 -0.3202579636 0.0746577539 0.1279075456 -0.5105914402 0.4324696393 -0.1074034070 0.1379339531 0.1568099488
0.5457894421 -0.0928288582 -0.3018860972 0.0852468654 0.3997518582 -0.1353721423 -0.3121341765 0.0844939272 0.1357934676 -0.5041235740 0.4255950106 -0.0984605135 0.1480696450 0.1669763897
0.5565430642 -0.0838781945 -0.2935858741 0.0950832054 0.4095738916 -0.1265355947 -0.3039596637 0.0943264123 0.1436823977 -0.4975702022 0.4186471648 -0.0894957069 0.1581928206 0.1771279663
