0.5456695518 0.2739065041 0.3544625370 0.5567961965 -0.5135040779 0.5605488114 -0.1775890346 0.5589607046 -0.4227078622 -0.1870908096 -0.5225251034 0.2312676162 0.5564653400 0.5607371674
0.5345104220 0.2677136706 0.3465644487 0.5424602539 -0.4962493558 0.5486606541 -0.1756522651 0.5446456354 -0.4030046852 -0.1835050368 -0.5067572768 0.2252382366 0.5419478278 0.5463246602
0.5234648446 0.2616704924 0.3388076391 0.5282068912 -0.4787763765 0.5368886313 -0.1735046518 0.5304109345 -0.3832599007 -0.1800702744 -0.4910368518 0.2193703176 0.5275018650 0.5319834047
0.5125496938 0.2557908597 0.3312070716 0.5140538508 -0.4610895834 0.5252501503 -0.1711371644 0.5162742823 -0.3634899331 -0.1767986340 -0.4753811694 0.2136777790 0.5131449793 0.5177308859
0.5017818440 0.2500886625 0.3237777093 0.5000188752 -0.4431934195 0.5137626186 -0.1685407724 0.5022533591 -0.3437112069 -0.1737022272 -0.4598075706 0.2081745407 0.4988946983 0.5035845893
0.4911781694 0.2445777910 0.3165345156 0.4861197070 -0.4250923281 0.5024434435 -0.1657064455 0.4883658453 -0.3239401463 -0.1707931656 -0.4443333964 0.2028745224 0.4847685497 0.4895620000
0.4807555445 0.2392721354 0.3094924537 0.4723740887 -0.4067907522 0.4913100322 -0.1626251532 0.4746294214 -0.3041931758 -0.1680835607 -0.4289759880 0.1977916442 0.4707840612 0.4756806034
0.4705308434 0.2341855858 0.3026664867 0.4587997628 -0.3882931352 0.4803797921 -0.1592878653 0.4610617677 -0.2844867198 -0.1655855243 -0.4137526863 0.1929398258 0.4569587604 0.4619578847
0.4605209405 0.2293320323 0.2960715780 0.4454144720 -0.3696039202 0.4696701305 -0.1556855513 0.4476805646 -0.2648372027 -0.1633111678 -0.3986808324 0.1883329870 0.4433101749 0.4484113292
0.4507427102 0.2247253652 0.2897226908 0.4322359586 -0.3507275504 0.4591984548 -0.1518091808 0.4345034926 -0.2452610489 -0.1612726029 -0.3837777673 0.1839850477 0.4298558324 0.4350584222
0.4412130266 0.2203794745 0.2836347883 0.4192819653 -0.3316684689 0.4489821723 -0.1476497234 0.4215482319 -0.2257746827 -0.1594819412 -0.3690608321 0.1799099278 0.4166132606 0.4219166490
0.4319487642 0.2163082504 0.2778228338 0.4065702345 -0.3124311190 0.4390386903 -0.1431981488 0.4088324630 -0.2063945286 -0.1579512942 -0.3545473678 0.1761215471 0.4035999872 0.4090034948
0.4229667972 0.2125255830 0.2723017904 0.3941185089 -0.2930199438 0.4293854162 -0.1384454266 0.3963738663 -0.1871370110 -0.1566927736 -0.3402547154 0.1726338254 0.3908335397 0.3963364449
0.4142839999 0.2090453626 0.2670866215 0.3819445309 -0.2734393865 0.4200397573 -0.1333825264 0.3841901221 -0.1680185542 -0.1557184909 -0.3262002161 0.1694606826 0.3783314458 0.3839329846
0.4059172467 0.2058814791 0.2621922902 0.3700660430 -0.2536938903 0.4110191209 -0.1280004178 0.3722989109 -0.1490555826 -0.1550405578 -0.3124012108 0.1666160385 0.3661112333 0.3718105992
