0.9990456959 0.9686478368 0.9034310472 0.9992335183 0.8643866793 0.9554879397 0.9467327217 0.9990335385 0.5136442663 0.5927783716 -0.9913596838 0.9772824964 0.9999124806 0.9999627636
0.9980744720 0.9725227609 0.9095918288 0.9997505878 0.8573306010 0.9601042399 0.9519185762 0.9996246390 0.5070671286 0.6028573996 -0.9936057093 0.9806258467 0.9995456554 1.0000000000
0.9967694138 0.9761545784 0.9155703610 1.0000000000 0.8498877981 0.9644832061 0.9568570281 0.9999476584 0.5001949574 0.6128502562 -0.9955209178 0.9837136271 0.9988968608 0.9997656178
0.9951271813 0.9795405520 0.9213644271 0.9999791746 0.8420543904 0.9686220572 0.9615450248 1.0000000000 0.4930247666 0.6227552924 -0.9971014607 0.9865429997 0.9979634332 0.9992570457
0.9931444348 0.9826779443 0.9269718102 0.9996855311 0.8338264974 0.9725180123 0.9659795133 0.9997790670 0.4855535701 0.6325708592 -0.9983434890 0.9891111268 0.9967427089 0.9984717127
0.9908178343 0.9855640179 0.9323902934 0.9991164892 0.8252002388 0.9761682906 0.9701574411 0.9992822626 0.4777783816 0.6422953073 -0.9992431542 0.9914151708 0.9952320242 0.9974070473
0.9881440401 0.9881960354 0.9376176598 0.9982694686 0.8161717343 0.9795701112 0.9740757553 0.9985069900 0.4696962151 0.6519269878 -0.9997966074 0.9934522938 0.9934287155 0.9960604784
0.9851197123 0.9905712594 0.9426516924 0.9971418887 0.8067371035 0.9827206930 0.9777314032 0.9974506526 0.4613040842 0.6614642515 -1.0000000000 0.9952196582 0.9913301193 0.9944294349
0.9817415110 0.9926869525 0.9474901745 0.9957311692 0.7968924661 0.9856172553 0.9811213320 0.9961106536 0.4525990029 0.6709054493 -0.9998494831 0.9967144262 0.9889335717 0.9925113453
0.9780060964 0.9945403774 0.9521308891 0.9940347298 0.7866339418 0.9882570170 0.9842424889 0.9944843961 0.4435779850 0.6802489323 -0.9993412081 0.9979337601 0.9862364092 0.9903036386
0.9739101287 0.9961287967 0.9565716193 0.9920499900 0.7759576502 0.9906371974 0.9870918213 0.9925692835 0.4342380443 0.6894930512 -0.9984713261 0.9988748221 0.9832359682 0.9878037434
0.9694502680 0.9974494729 0.9608101483 0.9897743694 0.7648597109 0.9927550154 0.9896662763 0.9903627190 0.4245761946 0.6986361569 -0.9972359885 0.9995347746 0.9799295850 0.9850090886
0.9646231744 0.9984996688 0.9648442591 0.9872052877 0.7533362436 0.9946076902 0.9919628011 0.9878621059 0.4145894498 0.7076766005 -0.9956313465 0.9999107798 0.9763145959 0.9819171029
0.9594255082 0.9992766468 0.9686717349 0.9843401644 0.7413833680 0.9961924408 0.9939783431 0.9850648473 0.4042748237 0.7166127328 -0.9936535513 1.0000000000 0.9723883374 0.9785252152
0.9538539294 0.9997776697 0.9722903587 0.9811764192 0.7289972038 0.9975064864 0.9957098495 0.9819683465 0.3936293301 0.7254429047 -0.9912987543 0.9997995974 0.9681481457 0.9748308541
