-0.1595148676 -0.1692651730 -0.3013742439 -0.1400989010 0.1667273422 -0.0709695023 -0.0740311624 -0.1426918631 0.4942732346 0.5112179419 -0.3297821847 -0.1450462195 -0.1511351998 -0.1563101555
-0.1506323883 -0.1564163622 -0.2863638990 -0.1323469684 0.1762138535 -0.0609018000 -0.0557755926 -0.1349674181 0.5050561573 0.5271693883 -0.3363127968 -0.1331677365 -0.1438769038 -0.1490956643
-0.1418338793 -0.1436694561 -0.2714393138 -0.1246772950 0.1855466717 -0.0509421225 -0.0376685590 -0.1273245643 0.5156119187 0.5428642424 -0.3426712361 -0.1213912337 -0.1366961310 -0.1419574182
-0.1331300821 -0.1310374825 -0.2566145920 -0.1170999929 0.1947142674 -0.0411020172 -0.0197263513 -0.1197733941 0.5259277989 0.5582867651 -0.3488474683 -0.1097292090 -0.1296026924 -0.1349051962
-0.1245317383 -0.1185334691 -0.2419038373 -0.1096251742 0.2037051115 -0.0313930315 -0.0019652595 -0.1123240005 0.5359910778 0.5734212174 -0.3548314589 -0.0981941600 -0.1226063993 -0.1279487770
-0.1160495894 -0.1061704436 -0.2273211533 -0.1022629512 0.2125076747 -0.0218267128 0.0155984267 -0.1049864762 0.5457890355 0.5882518603 -0.3606131738 -0.0867985845 -0.1157170628 -0.1210979396
-0.1076943768 -0.0939614338 -0.2128806437 -0.0950234360 0.2211104279 -0.0124146083 0.0329484174 -0.0977709139 0.5553089518 0.6027629548 -0.3661825785 -0.0755549802 -0.1089444943 -0.1143624628
-0.0994768421 -0.0819194676 -0.1985964120 -0.0879167408 0.2295018419 -0.0031682654 0.0500684228 -0.0906874063 0.5645381067 0.6169387619 -0.3715296388 -0.0644758448 -0.1022985047 -0.1077521255
-0.0914077268 -0.0700575725 -0.1844825620 -0.0809529777 0.2376703874 0.0059007685 0.0669421531 -0.0837460462 0.5734637801 0.6307635425 -0.3766443203 -0.0535736761 -0.0957889054 -0.1012767065
-0.0834977723 -0.0583887765 -0.1705531972 -0.0741422588 0.2456045352 0.0147809460 0.0835533184 -0.0769569264 0.5820732522 0.6442215577 -0.3815165887 -0.0428609717 -0.0894255076 -0.0949459847
-0.0757577203 -0.0469261072 -0.1568224213 -0.0674946964 0.2532927561 0.0234607199 0.0998856288 -0.0703301396 0.5903538026 0.6572970685 -0.3861364097 -0.0323502295 -0.0832181224 -0.0887697390
-0.0681983121 -0.0356825923 -0.1433043380 -0.0610204026 0.2607235210 0.0319285428 0.1159227947 -0.0638757785 0.5982927116 0.6699743358 -0.3904937488 -0.0220539471 -0.0771765609 -0.0827577481
-0.0608302894 -0.0246712598 -0.1300130508 -0.0547294895 0.2678853005 0.0401728674 0.1316485261 -0.0576039359 0.6058772589 0.6822376205 -0.3945785719 -0.0119846222 -0.0713106345 -0.0769197910
-0.0536643936 -0.0139051372 -0.1169626635 -0.0486320693 0.2747665655 0.0481821462 0.1470465332 -0.0515247045 0.6130947247 0.6940711838 -0.3983808446 -0.0021547527 -0.0656301543 -0.0712656465
-0.0467113663 -0.0033972524 -0.1041672797 -0.0427382543 0.2813557867 0.0559448320 0.1621005261 -0.0456481772 0.6199323887 0.7054592866 -0.4018905326 0.0074231639 -0.0601449315 -0.0658050935
