-0.8233607694 -0.8367576963 -0.8455440071 -0.8437110729 -0.8132429708 -0.8340886606 -0.8607686632 -0.8418773476 -0.8113819657 -0.9495809353 0.8760977438 -0.8313807684 -0.8407258097 -0.8427159782
-0.8310969533 -0.8445845071 -0.8532464586 -0.8510829316 -0.8213718687 -0.8419915711 -0.8676066508 -0.8492854798 -0.8196661978 -0.9527532242 0.8825064933 -0.8392854378 -0.8481029123 -0.8500690045
-0.8386415252 -0.8522072415 -0.8607405326 -0.8582572104 -0.8293071442 -0.8496905662 -0.8742674847 -0.8564965215 -0.8277580071 -0.9558250698 0.8887401138 -0.8469884105 -0.8552845721 -0.8572256912
-0.8459957249 -0.8596267885 -0.8680271226 -0.8652353298 -0.8370496610 -0.8571864741 -0.8807515533 -0.8635118736 -0.8356578351 -0.9587962018 0.8947990136 -0.8544905639 -0.8622722521 -0.8641875022
-0.8531607920 -0.8668440370 -0.8751071221 -0.8720187105 -0.8446002828 -0.8644801231 -0.8870592448 -0.8703329367 -0.8433661231 -0.9616663496 0.9006836009 -0.8617927751 -0.8690674155 -0.8709559016
-0.8601379662 -0.8738598760 -0.8819814247 -0.8786087734 -0.8519598732 -0.8715723415 -0.8931909478 -0.8769611115 -0.8508833127 -0.9644352427 0.9063942841 -0.8688959214 -0.8756715255 -0.8775323532
-0.8669284869 -0.8806751943 -0.8886509238 -0.8850069389 -0.8591292960 -0.8784639575 -0.8991470504 -0.8833977989 -0.8582098452 -0.9671026106 0.9119314715 -0.8758008803 -0.8820860453 -0.8839183212
-0.8735335940 -0.8872908809 -0.8951165131 -0.8912146279 -0.8661094148 -0.8851557995 -0.9049279412 -0.8896443994 -0.8653461621 -0.9696681830 0.9172955715 -0.8825085288 -0.8883124380 -0.8901152695
-0.8799545269 -0.8937078248 -0.9013790861 -0.8972332609 -0.8729010933 -0.8916486957 -0.9105340084 -0.8957023138 -0.8722927049 -0.9721316893 0.9224869923 -0.8890197445 -0.8943521669 -0.8961246621
-0.8861925254 -0.8999269149 -0.9074395362 -0.9030642588 -0.8795051952 -0.8979434744 -0.9159656403 -0.9015729429 -0.8790499148 -0.9744928590 0.9275061423 -0.8953354045 -0.9002066950 -0.9019479630
-0.8922488291 -0.9059490402 -0.9132987571 -0.9087090421 -0.8859225842 -0.9040409639 -0.9212232255 -0.9072576873 -0.8856182335 -0.9767514217 0.9323534299 -0.9014563861 -0.9058774855 -0.9075866363
-0.8981246775 -0.9117750895 -0.9189576422 -0.9141690315 -0.8921541239 -0.9099419925 -0.9263071521 -0.9127579478 -0.8919981022 -0.9789071069 0.9370292632 -0.9073835666 -0.9113660016 -0.9130421458
-0.9038213103 -0.9174059518 -0.9244170851 -0.9194456477 -0.8982006781 -0.9156473885 -0.9312178086 -0.9180751251 -0.8981899625 -0.9809596441 0.9415340507 -0.9131178234 -0.9166737065 -0.9183159556
-0.9093399671 -0.9228425162 -0.9296779793 -0.9245403115 -0.9040631104 -0.9211579801 -0.9359555834 -0.9232106199 -0.9041942557 -0.9829087629 0.9458682008 -0.9186600336 -0.9218020633 -0.9234095297
-0.9146818877 -0.9280856714 -0.9347412184 -0.9294544434 -0.9097422845 -0.9264745957 -0.9405208647 -0.9281658329 -0.9100114234 -0.9847541927 0.9500321216 -0.9240110747 -0.9267525353 -0.9283243321
