0.0780269863 -0.3313934603 -0.3971605089 -0.2184719605 -0.2608980754 -0.2984833722 -0.5101924780 -0.2229058465 -0.2594300460 -0.8007419382 0.6545303901 -0.3003799310 -0.1380730495 -0.1430817241
0.0723249814 -0.3369829918 -0.4022661866 -0.2243870538 -0.2727422018 -0.3041487120 -0.5164823650 -0.2288342457 -0.2728465172 -0.8063475878 0.6625746505 -0.3060718311 -0.1437718821 -0.1488533555
0.0665442006 -0.3426055046 -0.4073955529 -0.2303489836 -0.2846531180 -0.3098509917 -0.5227883504 -0.2348090458 -0.2862998416 -0.8119343241 0.6706207588 -0.3118005717 -0.1495255531 -0.1546795734
0.0606886756 -0.3482572733 -0.4125450732 -0.2363538502 -0.2966251491 -0.3155864411 -0.5291066143 -0.2408263462 -0.2997845433 -0.8174987286 0.6786645607 -0.3175623755 -0.1553301752 -0.1605564717
0.0547624383 -0.3539345725 -0.4177112130 -0.2423977542 -0.3086526199 -0.3213512896 -0.5354333371 -0.2468822461 -0.3132951464 -0.8230373831 0.6867019017 -0.3233534654 -0.1611818611 -0.1664801444
0.0487695204 -0.3596336766 -0.4228904377 -0.2484767960 -0.3207298555 -0.3271417670 -0.5417646992 -0.2529728449 -0.3268261750 -0.8285468692 0.6947286274 -0.3291700641 -0.1670767237 -0.1724466855
0.0427139539 -0.3653508601 -0.4280792128 -0.2545870759 -0.3328511808 -0.3329541027 -0.5480968808 -0.2590942420 -0.3403721531 -0.8340237683 0.7027405835 -0.3350083943 -0.1730108757 -0.1784521889
0.0365997706 -0.3710823977 -0.4332740038 -0.2607246945 -0.3450109207 -0.3387845265 -0.5544260623 -0.2652425366 -0.3539276050 -0.8394646622 0.7107336156 -0.3408646789 -0.1789804300 -0.1844927487
0.0304310021 -0.3768245639 -0.4384712760 -0.2668857522 -0.3572034002 -0.3446292679 -0.5607484240 -0.2714138282 -0.3674870546 -0.8448661325 0.7187035693 -0.3467351407 -0.1849814994 -0.1905644587
0.0242116804 -0.3825736332 -0.4436674950 -0.2730663494 -0.3694229443 -0.3504845564 -0.5670601463 -0.2776042160 -0.3810450260 -0.8502247607 0.7266462901 -0.3526160023 -0.1910101965 -0.1966634129
0.0179458373 -0.3883258801 -0.4488591261 -0.2792625866 -0.3816638777 -0.3563466218 -0.5733574094 -0.2838097994 -0.3945960434 -0.8555371284 0.7345576238 -0.3585034867 -0.1970626342 -0.2027857054
0.0116375046 -0.3940775792 -0.4540426349 -0.2854705641 -0.3939205257 -0.3622116936 -0.5796363938 -0.2900266778 -0.4081346309 -0.8607998173 0.7424334159 -0.3643938166 -0.2031349254 -0.2089274301
0.0052907142 -0.3998250050 -0.4592144867 -0.2916863825 -0.4061872129 -0.3680760013 -0.5858932796 -0.2962509504 -0.4216553125 -0.8660094090 0.7502695120 -0.3702832147 -0.2092231827 -0.2150846809
-0.0010905023 -0.4055644320 -0.4643711470 -0.2979061422 -0.4184582645 -0.3739357747 -0.5921242473 -0.3024787166 -0.4351526124 -0.8711624851 0.7580617578 -0.3761679039 -0.2153235189 -0.2212535519
-0.0075021129 -0.4112921348 -0.4695090813 -0.3041259436 -0.4307280054 -0.3797872433 -0.5983254772 -0.3087060758 -0.4486210546 -0.8762556272 0.7658059988 -0.3820441069 -0.2214320470 -0.2274301370
