-0.9940127406 -0.9993335046 -0.9991595990 -0.9981593556 -0.9970701046 -0.9968750214 -0.9985439828 -0.9981162793 -0.9454172797 -0.9993589850 0.7317402945 -0.9982899242 -0.9988118814 -0.9984315856
-0.9965318683 -1.0000000000 -0.9998824280 -0.9994360370 -0.9987308255 -0.9986147666 -0.9996219119 -0.9994143251 -0.9466212707 -1.0000000000 0.7330495891 -0.9994937386 -0.9997650916 -0.9995733342
-0.9983626233 -0.9999625983 -1.0000000000 -1.0000000000 -0.9997035994 -0.9996528191 -1.0000000000 -1.0000000000 -0.9471536894 -0.9999254804 0.7337699087 -1.0000000000 -1.0000000000 -1.0000000000
-0.9995152519 -0.9992319721 -0.9995207868 -0.9998622540 -1.0000000000 -1.0000000000 -0.9996886870 -0.9998842975 -0.9470263417 -0.9991472498 0.7339118273 -0.9998190542 -0.9995278395 -0.9997226841
-1.0000000000 -0.9978187939 -0.9984532600 -0.9990338083 -0.9996316012 -0.9996671301 -0.9986984127 -0.9990782112 -0.9462510334 -0.9976771320 0.7334859192 -0.9989612467 -0.9983598434 -0.9987524876
-0.9998271138 -0.9957337364 -0.9968058916 -0.9975256722 -0.9986099768 -0.9986650304 -0.9970396170 -0.9975927347 -0.9448395703 -0.9955269506 0.7325027586 -0.9974369234 -0.9965072447 -0.9971005116
-0.9990068392 -0.9929874720 -0.9945871532 -0.9953488552 -0.9969467005 -0.9970045219 -0.9947227397 -0.9954388616 -0.9428037580 -0.9927085292 0.7309729197 -0.9952564298 -0.9939812766 -0.9947778570
-0.9975494225 -0.9895906733 -0.9918055166 -0.9925143665 -0.9946533462 -0.9946964254 -0.9917582207 -0.9926275855 -0.9401554025 -0.9892336915 0.7289069767 -0.9924301116 -0.9907931721 -0.9917956250
-0.9954651097 -0.9855540129 -0.9884694536 -0.9890332155 -0.9917414877 -0.9917515620 -0.9881564998 -0.9891698998 -0.9369063094 -0.9851142612 0.7263155037 -0.9889683144 -0.9869541645 -0.9881649166
-0.9927641468 -0.9808881634 -0.9845874360 -0.9849164115 -0.9882226988 -0.9881807525 -0.9839280168 -0.9850767983 -0.9330682845 -0.9803620619 0.7232090751 -0.9848813841 -0.9824754868 -0.9838968330
-0.9894567799 -0.9756037974 -0.9801679355 -0.9801749639 -0.9841085532 -0.9839948179 -0.9790832116 -0.9803592745 -0.9286531337 -0.9749889173 0.7195982648 -0.9801796661 -0.9773683722 -0.9790024751
-0.9855532551 -0.9697115873 -0.9752194238 -0.9748198821 -0.9794106247 -0.9792045792 -0.9736325241 -0.9750283219 -0.9236726627 -0.9690066510 0.7154936473 -0.9748735063 -0.9716440538 -0.9734929440
-0.9810638185 -0.9632222057 -0.9697503728 -0.9688621753 -0.9741404873 -0.9738208572 -0.9675863941 -0.9690949342 -0.9181386772 -0.9624270867 0.7109057966 -0.9689732501 -0.9653137648 -0.9673793409
-0.9759987162 -0.9561463253 -0.9637692543 -0.9623128529 -0.9683097145 -0.9678544730 -0.9609552614 -0.9625701049 -0.9120629831 -0.9552620480 0.7058452870 -0.9624892435 -0.9583887381 -0.9606727667
-0.9703681941 -0.9484946186 -0.9572845398 -0.9551829243 -0.9619298803 -0.9613162474 -0.9537495658 -0.9554648276 -0.9054573861 -0.9475233586 0.7003226927 -0.9554318319 -0.9508802071 -0.9533843225
