-0.4291489768 -0.9702266660 -0.8775036628 0.1690805855 -0.9958299915 -0.9574516195 -0.9326314854 0.1754183487 -0.9834803849 -0.6018824895 0.7559776675 -0.9644577100 0.2106922133 0.2178983983
-0.4351580909 -0.9634654780 -0.8676559795 0.1635676408 -0.9928604633 -0.9496125612 -0.9234968162 0.1698493974 -0.9782923954 -0.5923408492 0.7476042905 -0.9574330829 0.2049744818 0.2123253561
-0.4412517021 -0.9559799225 -0.8574039953 0.1576881749 -0.9890790508 -0.9410709445 -0.9137263805 0.1639123063 -0.9723601204 -0.5823267153 0.7386625203 -0.9497419246 0.1988759603 0.2063650264
-0.4474320172 -0.9477609011 -0.8467451564 0.1514355219 -0.9844724808 -0.9318177605 -0.9033107688 0.1576004015 -0.9656711352 -0.5718329977 0.7291434541 -0.9413763243 0.1923898258 0.2000104440
-0.4537012427 -0.9387993151 -0.8356769092 0.1448030162 -0.9790274803 -0.9218440004 -0.8922405720 0.1509070090 -0.9582130150 -0.5608526065 0.7190381888 -0.9323283714 0.1855092550 0.1932546433
-0.4600615855 -0.9290860663 -0.8241966998 0.1377839917 -0.9727307762 -0.9111406553 -0.8805063804 0.1438254549 -0.9499733352 -0.5493784515 0.7083378213 -0.9225901552 0.1782274248 0.1860906589
-0.4665152524 -0.9186120560 -0.8123019743 0.1303717828 -0.9655690956 -0.8996987163 -0.8680987849 0.1363490652 -0.9409396709 -0.5374034429 0.6970334488 -0.9121537650 0.1705375120 0.1785115253
-0.4730644499 -0.9073681858 -0.7999901792 0.1225597236 -0.9575291653 -0.8875091745 -0.8550083759 0.1284711660 -0.9310995973 -0.5249204906 0.6851161681 -0.9010112901 0.1624326935 0.1705102770
-0.4797113850 -0.8953453572 -0.7872587605 0.1143411483 -0.9485977122 -0.8745630210 -0.8412257441 0.1201850835 -0.9204406897 -0.5119225046 0.6725770762 -0.8891548198 0.1539061459 0.1620799486
-0.4864582643 -0.8825344718 -0.7741051645 0.1057093910 -0.9387614634 -0.8608512470 -0.8267414802 0.1114841435 -0.9089505233 -0.4984023949 0.6594072703 -0.8765764435 0.1449510463 0.1532135746
-0.4933072946 -0.8689264310 -0.7605268374 0.0966577860 -0.9280071458 -0.8463648435 -0.8115461747 0.1023616723 -0.8966166734 -0.4843530715 0.6455978471 -0.8632682505 0.1355605714 0.1439041896
-0.5002606825 -0.8545121363 -0.7465212255 0.0871796675 -0.9163214864 -0.8310948017 -0.7956304183 0.0928109958 -0.8834267153 -0.4697674443 0.6311399038 -0.8492223301 0.1257278981 0.1341448280
-0.5073206349 -0.8392824894 -0.7320857749 0.0772683695 -0.9036912120 -0.8150321127 -0.7789848016 0.0828254402 -0.8693682240 -0.4546384234 0.6160245374 -0.8344307716 0.1154462031 0.1239285245
-0.5144893584 -0.8232283916 -0.7172179319 0.0669172264 -0.8901030497 -0.7981677675 -0.7615999153 0.0723983314 -0.8544287749 -0.4389589187 0.6002428448 -0.8188856643 0.1047086632 0.1132483135
-0.5217690599 -0.8063407446 -0.7019151427 0.0561195722 -0.8755437263 -0.7804927574 -0.7434663498 0.0615229956 -0.8385959433 -0.4227218403 0.5837859230 -0.8025790976 0.0935084555 0.1020972296
