-0.3695224412 -0.5677590978 -0.6287447154 -0.3079695449 -0.5610843132 -0.6694946527 -0.6588569278 -0.3083770647 -0.4810379737 -0.7705246072 0.3927470917 -0.5775958677 -0.2745694371 -0.2812609944
-0.3591943253 -0.5566824626 -0.6171226244 -0.2977402396 -0.5445987946 -0.6588565312 -0.6461664865 -0.2980928252 -0.4600332406 -0.7615196780 0.3692329357 -0.5660969291 -0.2644869240 -0.2711429950
-0.3492840397 -0.5460064687 -0.6059023732 -0.2879367055 -0.5285979918 -0.6485923904 -0.6338623316 -0.2882354241 -0.4394710548 -0.7527322120 0.3463299738 -0.5550058551 -0.2548325426 -0.2614527843
-0.3397870566 -0.5357267902 -0.5950796507 -0.2785543337 -0.5130770900 -0.6386981436 -0.6219404280 -0.2788002447 -0.4193475641 -0.7441598003 0.3240326092 -0.5443182701 -0.2456016543 -0.2521857289
-0.3306988484 -0.5258391017 -0.5846501457 -0.2695885151 -0.4980312741 -0.6291697040 -0.6103967404 -0.2697826704 -0.3996589164 -0.7358000342 0.3023352450 -0.5340297985 -0.2367896204 -0.2433371950
-0.3220148873 -0.5163390774 -0.5746095472 -0.2610346407 -0.4834557293 -0.6200029850 -0.5992272338 -0.2611780844 -0.3804012593 -0.7276505048 0.2812322846 -0.5241360648 -0.2283918025 -0.2349025491
-0.3137306455 -0.5072223918 -0.5649535441 -0.2528881018 -0.4693456406 -0.6111938997 -0.5884278731 -0.2529818702 -0.3615707406 -0.7197088033 0.2607181311 -0.5146326932 -0.2204035620 -0.2268771575
-0.3058415952 -0.4984847192 -0.5556778254 -0.2451442891 -0.4556961931 -0.6027383615 -0.5779946231 -0.2451894110 -0.3431635081 -0.7119725210 0.2407871878 -0.5055153082 -0.2128202602 -0.2192563866
-0.2983432087 -0.4901217340 -0.5467780798 -0.2377985939 -0.4425025719 -0.5946322837 -0.5679234486 -0.2377960903 -0.3251757097 -0.7044392491 0.2214338579 -0.4967795342 -0.2056372586 -0.2120356028
-0.2912309583 -0.4821291105 -0.5382499964 -0.2308464071 -0.4297599620 -0.5868715794 -0.5582103146 -0.2307972913 -0.3076034930 -0.6971065787 0.2026525446 -0.4884209956 -0.1988499186 -0.2052101724
-0.2845003161 -0.4745025231 -0.5300892641 -0.2242831198 -0.4174635486 -0.5794521621 -0.5488511859 -0.2241883974 -0.2904430059 -0.6899721011 0.1844376512 -0.4804353169 -0.1924536016 -0.1987754619
-0.2781467544 -0.4672376462 -0.5222915718 -0.2181041230 -0.4056085166 -0.5723699450 -0.5398420274 -0.2179647919 -0.2736903961 -0.6830334075 0.1667835808 -0.4728181223 -0.1864436691 -0.1927268376
-0.2721657455 -0.4603301542 -0.5148526083 -0.2123048078 -0.3941900512 -0.5656208413 -0.5311788038 -0.2121218582 -0.2573418114 -0.6762880890 0.1496847367 -0.4655650364 -0.1808154825 -0.1870596659
-0.2665527616 -0.4537757213 -0.5077680627 -0.2068805651 -0.3832033374 -0.5592007643 -0.5228574802 -0.2066549796 -0.2413933996 -0.6697337369 0.1331355221 -0.4586716835 -0.1755644032 -0.1817693131
-0.2613032749 -0.4475700220 -0.5010336238 -0.2018267860 -0.3726435603 -0.5531056274 -0.5148740214 -0.2015595394 -0.2258413084 -0.6633679423 0.1171303403 -0.4521336880 -0.1706857926 -0.1768511456
