0.0252009481 -0.0938533513 -0.1374594558 -0.1484274762 0.5462860055 -0.0760736337 -0.0325161756 -0.1502336276 0.9873327246 -0.2004281244 -0.0600396663 -0.0625290302 -0.1555519637 -0.1653936259
0.0215922496 -0.0965923991 -0.1400027281 -0.1521672617 0.5433263563 -0.0785045852 -0.0344184552 -0.1539718070 0.9853559236 -0.2013673301 -0.0582246276 -0.0650258038 -0.1595882048 -0.1693767472
0.0179235736 -0.0993778557 -0.1425879876 -0.1559534849 0.5402672360 -0.0809820162 -0.0363683971 -0.1577562701 0.9832470176 -0.2023362374 -0.0563547865 -0.0675704527 -0.1636716278 -0.1734060125
0.0141970380 -0.1022078464 -0.1452134225 -0.1597840853 0.5371108803 -0.0835041088 -0.0383642745 -0.1615849574 0.9810082253 -0.2033334068 -0.0544318967 -0.0701611384 -0.1678001126 -0.1774793178
0.0104147608 -0.1050804968 -0.1478772215 -0.1636570022 0.5338595250 -0.0860690453 -0.0404043606 -0.1654558096 0.9786417656 -0.2043573986 -0.0524577119 -0.0727960224 -0.1719715391 -0.1815945592
0.0065788599 -0.1079939322 -0.1505775729 -0.1675701750 0.5305154060 -0.0886750078 -0.0424869286 -0.1693667672 0.9761498573 -0.2054067734 -0.0504339856 -0.0754732664 -0.1761837870 -0.1857496326
0.0026914533 -0.1109462781 -0.1533126652 -0.1715215431 0.5270807589 -0.0913201786 -0.0446102518 -0.1733157711 0.9735347194 -0.2064800916 -0.0483624716 -0.0781910318 -0.1804347363 -0.1899424341
-0.0012453410 -0.1139356597 -0.1560806868 -0.1755090460 0.5235578195 -0.0940027397 -0.0467726033 -0.1773007617 0.9707985707 -0.2075759137 -0.0462449236 -0.0809474802 -0.1847222669 -0.1941708596
-0.0052294052 -0.1169602027 -0.1588798262 -0.1795306231 0.5199488237 -0.0967208735 -0.0489722565 -0.1813196797 0.9679436299 -0.2086928000 -0.0440830951 -0.0837407732 -0.1890442586 -0.1984328051
-0.0092586211 -0.1200180323 -0.1617082718 -0.1835842137 0.5162560072 -0.0994727621 -0.0512074845 -0.1853704658 0.9649721160 -0.2098293111 -0.0418787400 -0.0865690723 -0.1933985913 -0.2027261667
-0.0133308710 -0.1231072740 -0.1645642121 -0.1876677574 0.5124816058 -0.1022565877 -0.0534765606 -0.1894510607 0.9618862478 -0.2109840074 -0.0396336117 -0.0894305391 -0.1977831448 -0.2070488403
-0.0174440367 -0.1262260531 -0.1674458355 -0.1917791934 0.5086278553 -0.1050705326 -0.0557777579 -0.1935594048 0.9586882441 -0.2121554494 -0.0373494640 -0.0923233350 -0.2021957991 -0.2113987219
-0.0215960004 -0.1293724952 -0.1703513305 -0.1959164613 0.5046969914 -0.1079127788 -0.0581093498 -0.1976934390 0.9553803238 -0.2133421974 -0.0350280506 -0.0952456218 -0.2066344340 -0.2157737075
-0.0257846441 -0.1325447256 -0.1732788855 -0.2000775003 0.5006912500 -0.1107815086 -0.0604696094 -0.2018511037 0.9519647058 -0.2145428120 -0.0326711252 -0.0981955608 -0.2110969293 -0.2201716932
-0.0300078498 -0.1357408697 -0.1762266890 -0.2042602500 0.4966128667 -0.1136749042 -0.0628568099 -0.2060303397 0.9484436088 -0.2157558536 -0.0302804413 -0.1011713137 -0.2155811650 -0.2245905749
