-0.8716712621 -0.8760638741 -0.8537437724 -0.8086700704 -0.9424411668 -0.8801169600 -0.9371984248 -0.8066762521 -0.9950720528 -0.9757676252 0.9383923802 -0.8741417096 -0.8024741400 -0.8006308558
-0.8662439968 -0.8704914790 -0.8476063072 -0.8018392007 -0.9388545780 -0.8746436073 -0.9338234634 -0.7998004621 -0.9941224627 -0.9743393596 0.9352366588 -0.8685503609 -0.7955500375 -0.7936643405
-0.8607258574 -0.8648139937 -0.8413621249 -0.7949169830 -0.9351707037 -0.8690650532 -0.9303677146 -0.7928331606 -0.9930908501 -0.9728695706 0.9320084523 -0.8628555499 -0.7885362790 -0.7866079446
-0.8551181947 -0.8590325664 -0.8350124268 -0.7879049506 -0.9313905284 -0.8633824306 -0.9268317585 -0.7857758841 -0.9919775789 -0.9713582064 0.9287082263 -0.8570584529 -0.7814344360 -0.7794632417
-0.8494223596 -0.8531483456 -0.8285584140 -0.7808046365 -0.9275150366 -0.8575968720 -0.9232161750 -0.7786301695 -0.9907830128 -0.9698052151 0.9253364461 -0.8511602465 -0.7742460800 -0.7722318055
-0.8436397029 -0.8471624794 -0.8220012877 -0.7736175742 -0.9235452130 -0.8517095100 -0.9195215441 -0.7713975533 -0.9895075157 -0.9682105449 0.9218935772 -0.8451621071 -0.7669727826 -0.7649152097
-0.8377715753 -0.8410761161 -0.8153422492 -0.7663452967 -0.9194820422 -0.8457214775 -0.9157484457 -0.7640795721 -0.9881514515 -0.9665741439 0.9183800850 -0.8390652112 -0.7596161155 -0.7575150280
-0.8318193278 -0.8348904041 -0.8085824997 -0.7589893373 -0.9153265086 -0.8396339070 -0.9118974598 -0.7566777626 -0.9867151840 -0.9648959603 0.9147964349 -0.8328707353 -0.7521776502 -0.7500328341
-0.8257843112 -0.8286064917 -0.8017232404 -0.7515512292 -0.9110795969 -0.8334479312 -0.9079691665 -0.7491936615 -0.9851990770 -0.9631759423 0.9111430924 -0.8265798558 -0.7446589582 -0.7424702017
-0.8196678763 -0.8222255271 -0.7947656724 -0.7440325056 -0.9067422916 -0.8271646827 -0.9039641457 -0.7416288053 -0.9836034943 -0.9614140379 0.9074205228 -0.8201937493 -0.7370616111 -0.7348287046
-0.8134713739 -0.8157486586 -0.7877109970 -0.7364346997 -0.9023155772 -0.8207852943 -0.8998829773 -0.7339847307 -0.9819287999 -0.9596101955 0.9036291917 -0.8137135923 -0.7293871806 -0.7271099163
-0.8071961548 -0.8091770346 -0.7805604153 -0.7287593447 -0.8978004385 -0.8143108986 -0.8957262413 -0.7262629744 -0.9801753575 -0.9577643631 0.8997695643 -0.8071405611 -0.7216372382 -0.7193154107
-0.8008435699 -0.8025118033 -0.7733151287 -0.7210079739 -0.8931978598 -0.8077426282 -0.8914945178 -0.7184650729 -0.9783435311 -0.9558764888 0.8958421062 -0.8004758324 -0.7138133554 -0.7114467614
-0.7944149700 -0.7957541130 -0.7659763383 -0.7131821204 -0.8885088258 -0.8010816159 -0.8871883866 -0.7105925630 -0.9764336843 -0.9539465209 0.8918472828 -0.7937205825 -0.7059171039 -0.7035055420
-0.7879117059 -0.7889051120 -0.7585452452 -0.7052833175 -0.8837343210 -0.7943289942 -0.8828084278 -0.7026469812 -0.9744461812 -0.9519744075 0.8877855595 -0.7868759880 -0.6979500552 -0.6954933264
