0.9994576515 0.9473314239 0.8367295181 0.9701827500 0.7193040885 0.9327566019 0.8100092126 0.9691940524 0.4834423025 -0.3833585345 -0.7867896406 0.9480711923 0.9783427042 0.9792826347
0.9985901922 0.9531819614 0.8459246213 0.9746712104 0.7135172750 0.9392859103 0.8196128438 0.9737478264 0.4753946039 -0.3721835251 -0.7973223238 0.9539154122 0.9822124714 0.9830616819
0.9973186857 0.9587109601 0.8548924201 0.9788108926 0.7074655129 0.9455079994 0.8290085420 0.9779546071 0.4671681009 -0.3608958550 -0.8076362423 0.9594338316 0.9857164176 0.9864741587
0.9956382389 0.9639139180 0.8636292210 0.9825971380 0.7011459517 0.9514184533 0.8381928421 0.9818097526 0.4587611627 -0.3494952074 -0.8177274318 0.9646218710 0.9888497225 0.9895152531
0.9935439590 0.9687863334 0.8721313306 0.9860252878 0.6945557407 0.9570128561 0.8471622786 0.9853086206 0.4501721589 -0.3379812656 -0.8275919282 0.9694749509 0.9916075660 0.9921801531
0.9910309531 0.9733237043 0.8803950556 0.9890906834 0.6876920293 0.9622867921 0.8559133863 0.9884465691 0.4413994589 -0.3263537128 -0.8372257673 0.9739884917 0.9939851277 0.9944640468
0.9880943281 0.9775215288 0.8884167025 0.9917886659 0.6805519668 0.9672358453 0.8644426998 0.9912189559 0.4324414319 -0.3146122323 -0.8466249850 0.9781579140 0.9959775873 0.9963621221
0.9847291913 0.9813753051 0.8961925780 0.9941145768 0.6731327025 0.9718555999 0.8727467540 0.9936211390 0.4232964473 -0.3027565074 -0.8557856170 0.9819786383 0.9975801246 0.9978695671
0.9809306495 0.9848805313 0.9037189887 0.9960637572 0.6654313858 0.9761416401 0.8808220835 0.9956484762 0.4139628747 -0.2907862214 -0.8647036993 0.9854460851 0.9987879194 0.9989815697
0.9766938100 0.9880327055 0.9109922411 0.9976315484 0.6574451661 0.9800895501 0.8886652230 0.9972963254 0.4044390832 -0.2787010574 -0.8733752676 0.9885556748 0.9995961512 0.9996933180
0.9720137798 0.9908273257 0.9180086419 0.9988132918 0.6491711926 0.9836949139 0.8962727073 0.9985600445 0.3947234424 -0.2665006988 -0.8817963578 0.9913028280 1.0000000000 1.0000000000
0.9668856659 0.9932598902 0.9247644977 0.9996043285 0.6406066149 0.9869533158 0.9036410710 0.9994349914 0.3848143216 -0.2541848289 -0.8899630058 0.9936829652 0.9999946454 0.9998968037
0.9613045754 0.9953258970 0.9312561150 1.0000000000 0.6317485821 0.9898603399 0.9107668488 0.9999165239 0.3747100901 -0.2417531309 -0.8978712472 0.9956915069 0.9995752671 0.9993789171
0.9552656154 0.9970208442 0.9374798005 0.9999956474 0.6225942436 0.9924115704 0.9176465755 1.0000000000 0.3644091175 -0.2292052880 -0.9055171181 0.9973238736 0.9987370448 0.9984415281
0.9487638930 0.9983402300 0.9434318608 0.9995866121 0.6131407489 0.9946025915 0.9242767857 0.9996807775 0.3539097730 -0.2165409835 -0.9128966542 0.9985754857 0.9974751584 0.9970798250
