0.5816156414 0.4650170136 0.5432965439 0.5532934486 0.4565748407 0.4119526636 0.2925447018 0.5621496352 -0.2950688222 -0.3292547825 -0.7455101909 0.4445417614 0.5131302665 0.5057887839
0.5960256675 0.4797170824 0.5576780932 0.5649037797 0.4712206639 0.4267580869 0.3064933487 0.5738143670 -0.2873376781 -0.3194623825 -0.7493999835 0.4593248948 0.5241066796 0.5166938966
0.6102290565 0.4942972928 0.5719103726 0.5762398099 0.4857508464 0.4414617921 0.3203835224 0.5852037862 -0.2795316620 -0.3096064099 -0.7530414962 0.4739948331 0.5348029562 0.5273190070
0.6242202179 0.5087536846 0.5859890894 0.5872953343 0.5001615248 0.4560600424 0.3342124878 0.5963116711 -0.2716502795 -0.2996870274 -0.7564302249 0.4885476768 0.5452128689 0.5376578949
0.6379935613 0.5230822978 0.5999099510 0.5980641478 0.5144488359 0.4705491007 0.3479775099 0.6071318001 -0.2636930362 -0.2897043979 -0.7595616650 0.5029795267 0.5553301902 0.5477043400
0.6515434963 0.5372791724 0.6136686649 0.6085400456 0.5286089164 0.4849252302 0.3616758537 0.6176579518 -0.2556594380 -0.2796586841 -0.7624313124 0.5172864835 0.5651486926 0.5574521219
0.6648644322 0.5513403484 0.6272609385 0.6187168228 0.5426379029 0.4991846939 0.3753047841 0.6278839045 -0.2475489904 -0.2695500489 -0.7650346625 0.5314646478 0.5746621486 0.5668950203
0.6779507788 0.5652618657 0.6406824792 0.6285882743 0.5565319321 0.5133237549 0.3888615661 0.6378034367 -0.2393611992 -0.2593786552 -0.7673672110 0.5455101204 0.5838643308 0.5760268149
0.6907969455 0.5790397643 0.6539289944 0.6381481954 0.5702871409 0.5273386763 0.4023434647 0.6474103268 -0.2310955701 -0.2491446656 -0.7694244537 0.5594190019 0.5927490117 0.5848412855
0.7033973417 0.5926700840 0.6669961916 0.6473903810 0.5838996658 0.5412257212 0.4157477448 0.6566983532 -0.2227516087 -0.2388482432 -0.7712018860 0.5731873930 0.6013099637 0.5933322117
0.7157463772 0.6061488649 0.6798797782 0.6563086262 0.5973656436 0.5549811527 0.4290716713 0.6656612944 -0.2143288208 -0.2284895506 -0.7726950037 0.5868113945 0.6095409595 0.6014933732
0.7278384613 0.6194721470 0.6925754615 0.6648967262 0.6106812110 0.5686012337 0.4423125093 0.6742929288 -0.2058267121 -0.2180687507 -0.7738993024 0.6002871070 0.6174357716 0.6093185497
0.7396680036 0.6326359701 0.7050789491 0.6731484759 0.6238425047 0.5820822274 0.4554675238 0.6825870349 -0.1972447882 -0.2075860063 -0.7748102777 0.6136106311 0.6249881724 0.6168015210
0.7512294137 0.6456363743 0.7173859482 0.6810576704 0.6368456614 0.5954203969 0.4685339795 0.6905373911 -0.1885825549 -0.1970414802 -0.7754234253 0.6267780677 0.6321919345 0.6239360666
0.7625171010 0.6584693994 0.7294921665 0.6886181048 0.6496868178 0.6086120053 0.4815091416 0.6981377758 -0.1798395178 -0.1864353353 -0.7757342407 0.6397855174 0.6390408305 0.6307159664
