-0.0809469792 0.1791789998 0.0905750175 -0.3914194391 0.5977808918 0.0845157310 0.2735082918 -0.3920897504 0.5468158502 -0.3228043837 -0.2050569001 0.1784083614 -0.4436754818 -0.4444615724
-0.0960393139 0.1698645101 0.0800323256 -0.4097299876 0.6036536745 0.0850494444 0.2746635682 -0.4104316254 0.5677064958 -0.3057790194 -0.1855933547 0.1697499308 -0.4623049830 -0.4632864663
-0.1107983016 0.1609501344 0.0698974630 -0.4276442138 0.6095535995 0.0860283887 0.2761429991 -0.4283780060 0.5882727415 -0.2884825602 -0.1659610750 0.1615191163 -0.4805196249 -0.4817036321
-0.1252102527 0.1524497956 0.0601846962 -0.4451467890 0.6154829532 0.0874642462 0.2779559151 -0.4459135730 0.6085012386 -0.2709130044 -0.1461625806 0.1537302247 -0.4983037017 -0.4996974581
-0.1392614777 0.1443774164 0.0509082917 -0.4622223845 0.6214440219 0.0893686992 0.2801116466 -0.4630230073 0.6283786384 -0.2530683504 -0.1262003912 0.1463975626 -0.5156415075 -0.5172523324
-0.1529382871 0.1367469194 0.0420825159 -0.4788556717 0.6274390919 0.0917534299 0.2826195242 -0.4796909897 0.6478915921 -0.2349465965 -0.1060770267 0.1395354370 -0.5325173366 -0.5343526435
-0.1662269914 0.1295722274 0.0337216353 -0.4950313218 0.6334704496 0.0946301208 0.2854888785 -0.4959022012 0.6670267512 -0.2165457410 -0.0857950066 0.1331581545 -0.5489154833 -0.5509827795
-0.1791139011 0.1228672632 0.0258399162 -0.5107340061 0.6395403813 0.0980104540 0.2887290399 -0.5116413226 0.6857707669 -0.1978637822 -0.0653568508 0.1272800220 -0.5648202418 -0.5671271288
-0.1915853266 0.1166459494 0.0184516252 -0.5259483960 0.6456511733 0.1019061119 0.2923493390 -0.5268930347 0.7041102905 -0.1788987185 -0.0447650789 0.1219153462 -0.5802159062 -0.5827700797
-0.2036275784 0.1109222089 0.0115710287 -0.5406591628 0.6518051120 0.1063287766 0.2963591065 -0.5416420185 0.7220319733 -0.1596485482 -0.0240222107 0.1170784339 -0.5950867709 -0.5978960204
-0.2152269670 0.1057099642 0.0052123932 -0.5548509777 0.6580044836 0.1112901306 0.3007676726 -0.5558729548 0.7395224666 -0.1401112695 -0.0031307658 0.1127835919 -0.6094171300 -0.6124893392
-0.2263698029 0.1010231382 -0.0006100150 -0.5685085122 0.6642515745 0.1168018561 0.3055843682 -0.5695705245 0.7565684216 -0.1202848808 0.0179067359 0.1090451271 -0.6231912777 -0.6265344245
-0.2370423966 0.0968756536 -0.0058819294 -0.5816164374 0.6705486710 0.1228756354 0.3108185235 -0.5827194084 0.7731564898 -0.1001673805 0.0390877748 0.1058773461 -0.6363935084 -0.6400156644
-0.2472310585 0.0932814331 -0.0105890834 -0.5941594248 0.6768980595 0.1295231508 0.3164794693 -0.5953042875 0.7892733223 -0.0797567669 0.0604098311 0.1032945557 -0.6490081162 -0.6529174473
-0.2569220991 0.0902543995 -0.0147172107 -0.6061221456 0.6833020262 0.1367560846 0.3225765361 -0.6073098425 0.8049055706 -0.0590510382 0.0818703852 0.1013110628 -0.6610193954 -0.6652241615
