-0.5435120817 -0.5147991704 -0.5096284997 -0.5534090527 -0.4681712548 -0.4869553705 -0.3890186014 -0.5539846206 0.0438287408 -0.0335739254 0.4024448154 -0.5184343178 -0.5575762582 -0.5568315165
-0.5231384886 -0.4944284248 -0.4892706235 -0.5330466498 -0.4493628353 -0.4665982213 -0.3702563352 -0.5336240826 0.0553594247 -0.0182258860 0.3861189442 -0.4980712192 -0.5372178554 -0.5364723046
-0.5022454797 -0.4735629142 -0.4684221928 -0.5121559623 -0.4300424415 -0.4457691011 -0.3510450826 -0.5127347340 0.0672449715 -0.0025966886 0.3692457343 -0.4772102364 -0.5163273984 -0.5155817213
-0.4808285272 -0.4521983131 -0.4470788965 -0.4907323815 -0.4102052586 -0.4244639231 -0.3313808083 -0.4913119582 0.0794892334 0.0133160756 0.3518195887 -0.4558469937 -0.4949002487 -0.4941551331
-0.4588831033 -0.4303302956 -0.4252364234 -0.4687712982 -0.3898464716 -0.4026786006 -0.3112594773 -0.4693511385 0.0920960625 0.0295148155 0.3338349108 -0.4339771155 -0.4729317675 -0.4721879063
-0.4364046802 -0.4079545363 -0.4028904626 -0.4462681035 -0.3689612655 -0.3804090469 -0.2906770544 -0.4468476583 0.1050693112 0.0460019397 0.3152861037 -0.4115962264 -0.4504173165 -0.4496754072
-0.4133887303 -0.3850667095 -0.3800367029 -0.4232181885 -0.3475448255 -0.3576511752 -0.2696295044 -0.4237969008 0.1184128316 0.0627798572 0.2961675707 -0.3886999505 -0.4273522569 -0.4266130023
-0.3898307257 -0.3616624895 -0.3566708332 -0.3996169442 -0.3255923366 -0.3344008989 -0.2481127923 -0.4001942494 0.1321304760 0.0798509767 0.2764737151 -0.3652839125 -0.4037319502 -0.4029960579
-0.3657261387 -0.3377375508 -0.3327885425 -0.3754597616 -0.3030989838 -0.3106541311 -0.2261228829 -0.3760350874 0.1462260966 0.0972177071 0.2561989399 -0.3413437365 -0.3795517578 -0.3788199404
-0.3410704415 -0.3132875676 -0.3083855196 -0.3507420318 -0.2800599523 -0.2864067852 -0.2036557411 -0.3513147983 0.1607035456 0.1148824570 0.2353376485 -0.3168750472 -0.3548070412 -0.3540800162
-0.3158591064 -0.2883082143 -0.2834574536 -0.3254591459 -0.2564704271 -0.2616547745 -0.1807073317 -0.3260287653 0.1755666752 0.1328476354 0.2138842441 -0.2918734688 -0.3294931617 -0.3287716516
-0.2900876056 -0.2627951654 -0.2580000333 -0.2996064947 -0.2323255934 -0.2363940121 -0.1572736196 -0.3001723717 0.1908193377 0.1511156510 0.1918331299 -0.2663346258 -0.3036054808 -0.3028902131
-0.2637514113 -0.2367440952 -0.2320089476 -0.2731794694 -0.2076206360 -0.2106204115 -0.1333505697 -0.2737410010 0.2064653853 0.1696889126 0.1691787091 -0.2402541425 -0.2771393600 -0.2764310669
-0.2368459958 -0.2101506780 -0.2054798854 -0.2461734611 -0.1823507403 -0.1843298859 -0.1089341468 -0.2467300364 0.2225086701 0.1885698290 0.1459153850 -0.2136276434 -0.2500901605 -0.2493895795
-0.2093668314 -0.1830105883 -0.1784085357 -0.2185838607 -0.1565110911 -0.1575183486 -0.0840203158 -0.2191348613 0.2389530445 0.2077608090 0.1220375607 -0.1864507529 -0.2224532439 -0.2217611173
