0.0339846202 -0.0800194967 -0.1154553959 0.0736568056 0.8809558215 -0.0356644899 -0.1775589473 0.0743061687 0.9233757372 -0.3374948734 -0.9694955108 -0.0354991380 0.1130917022 0.1088365267
0.0295972034 -0.0812562567 -0.1152046842 0.0689545384 0.8773342828 -0.0373865117 -0.1745012559 0.0696379626 0.9295521291 -0.3264479961 -0.9746001314 -0.0368601482 0.1080267641 0.1037402015
0.0251004926 -0.0825566605 -0.1150012324 0.0641304665 0.8733686922 -0.0391867402 -0.1714612464 0.0648479164 0.9355515212 -0.3153393450 -0.9792321957 -0.0382978524 0.1028273709 0.0985104816
0.0205076848 -0.0839102870 -0.1148358938 0.0591981202 0.8690732964 -0.0410542738 -0.1684321675 0.0599495340 0.9413619511 -0.3041689530 -0.9833936935 -0.0398016412 0.0975074242 0.0931612856
0.0158319770 -0.0853067151 -0.1146995214 0.0541710295 0.8644623423 -0.0429782112 -0.1654072676 0.0549563192 0.9469714565 -0.2929368529 -0.9870866145 -0.0413609052 0.0920808254 0.0877065322
0.0110865663 -0.0867355238 -0.1145829686 0.0490627246 0.8595500768 -0.0449476508 -0.1623797954 0.0498817759 0.9523680748 -0.2816430777 -0.9903129487 -0.0429650349 0.0865614762 0.0821601400
0.0062846496 -0.0881862920 -0.1144770886 0.0438867358 0.8543507466 -0.0469516912 -0.1593429992 0.0447394080 0.9575398437 -0.2702876600 -0.9930746858 -0.0446034207 0.0809632782 0.0765360275
0.0014394240 -0.0896485985 -0.1143727346 0.0386565931 0.8488785986 -0.0489794309 -0.1562901277 0.0395427193 0.9624748008 -0.2588706329 -0.9953738157 -0.0462654533 0.0753001330 0.0708481134
-0.0034359136 -0.0911120223 -0.1142607597 0.0333858267 0.8431478797 -0.0510199685 -0.1532144293 0.0343052138 0.9671609835 -0.2473920290 -0.9972123281 -0.0479405232 0.0695859421 0.0651103163
-0.0083281662 -0.0925661423 -0.1141320173 0.0280879669 0.8371728367 -0.0530624025 -0.1501091526 0.0290403952 0.9715864296 -0.2358518814 -0.9985922129 -0.0496180208 0.0638346071 0.0593365547
-0.0132241367 -0.0940005375 -0.1139773605 0.0227765437 0.8309677164 -0.0550958314 -0.1469675462 0.0237617675 0.9757391766 -0.2242502228 -0.9995154600 -0.0512873368 0.0580600295 0.0535407473
-0.0181106281 -0.0954047868 -0.1137876426 0.0174650873 0.8245467658 -0.0571093538 -0.1437828584 0.0184828344 0.9796072620 -0.2125870861 -0.9999840591 -0.0529378616 0.0522761111 0.0477368127
-0.0229744435 -0.0967684690 -0.1135537167 0.0121671280 0.8179242315 -0.0590920682 -0.1405483380 0.0132171000 0.9831787235 -0.2008625042 -1.0000000000 -0.0545589858 0.0464967533 0.0419386695
-0.0278023859 -0.0980811631 -0.1132664361 0.0068961958 0.8111143606 -0.0610330731 -0.1372572334 0.0079780680 0.9864415986 -0.1890765098 -0.9995652726 -0.0561400999 0.0407358577 0.0361602363
-0.0325812581 -0.0993324480 -0.1129166541 0.0016658209 0.8041313998 -0.0629214672 -0.1339027930 0.0027792423 0.9893839250 -0.1772291359 -0.9986818667 -0.0576705944 0.0350073260 0.0304154317
