0.2522567220 0.0486293166 0.0266489199 0.3618518782 0.0652349946 0.2263800395 -0.0307211688 0.3598890926 -0.0168962284 0.0456484452 -0.3417075731 0.0665366601 0.3855379379 0.3806639986
0.2244354249 0.0130356795 -0.0096052880 0.3382147066 0.0303259727 0.1976044900 -0.0691280597 0.3361860144 -0.0549587460 0.0100625381 -0.3171036735 0.0317335557 0.3627594362 0.3576845311
0.1972739108 -0.0217323608 -0.0450014695 0.3151481514 -0.0037668380 0.1695125190 -0.1066252004 0.3130558850 -0.0921378833 -0.0246854483 -0.2930706808 -0.0022498173 0.3405285646 0.3352554464
0.1707659198 -0.0556822528 -0.0795474217 0.2926465913 -0.0370508518 0.1420976742 -0.1432205095 0.2904930604 -0.1284412758 -0.0586031299 -0.2696031004 -0.0354209350 0.3188398961 0.3133713076
0.1449051922 -0.0888214453 -0.1132509416 0.2707044053 -0.0695334830 0.1153535036 -0.1789219059 0.2684918970 -0.1638765590 -0.0916981227 -0.2466954376 -0.0677872735 0.2976880038 0.2920266778
0.1196854680 -0.1211573867 -0.1461198262 0.2493159720 -0.1012221460 0.0892735549 -0.2137373083 0.2470467509 -0.1984513684 -0.1239780425 -0.2243421977 -0.0993563090 0.2770674610 0.2712161201
0.0951004876 -0.1526975256 -0.1781618728 0.2284756704 -0.1321242549 0.0638513759 -0.2476746355 0.2261519784 -0.2321733396 -0.1554505054 -0.2025378861 -0.1301355175 0.2569728406 0.2509341976
0.0711439909 -0.1834493106 -0.2093848782 0.2081778791 -0.1622472243 0.0390805146 -0.2807418064 0.2058019358 -0.2650501080 -0.1861231272 -0.1812770081 -0.1601323752 0.2373987159 0.2311754734
0.0478097183 -0.2134201904 -0.2397966397 0.1884169771 -0.1915984683 0.0149545187 -0.3129467395 0.1859909791 -0.2970893092 -0.2160035240 -0.1605540691 -0.1893543582 0.2183396599 0.2119345105
0.0250914098 -0.2426176134 -0.2694049542 0.1691873431 -0.2201854013 -0.0085330640 -0.3442973538 0.1667134647 -0.3282985788 -0.2450993116 -0.1403635743 -0.2178089426 0.1997902459 0.1932058722
0.0029828056 -0.2710490284 -0.2982176189 0.1504833559 -0.2480154376 -0.0313886856 -0.3748015681 0.1479637488 -0.3586855521 -0.2734181059 -0.1207000293 -0.2455036045 0.1817450468 0.1749841214
-0.0185223541 -0.2987218838 -0.3262424308 0.1322993944 -0.2750959916 -0.0536187983 -0.4044673009 0.1297361877 -0.3882578648 -0.3009675230 -0.1015579392 -0.2724458200 0.1641986359 0.1572638213
-0.0394303291 -0.3256436282 -0.3534871869 0.1146298373 -0.3014344775 -0.0752298542 -0.4333024713 0.1120251374 -0.4170231523 -0.3277551786 -0.0829318095 -0.2986430652 0.1471455862 0.1400395350
-0.0597473793 -0.3518217103 -0.3799596844 0.0974690635 -0.3270383096 -0.0962283056 -0.4613149978 0.0948249543 -0.4449890503 -0.3537886889 -0.0648161454 -0.3241028163 0.1305804709 0.1233058255
-0.0794797645 -0.3772635786 -0.4056677204 0.0808114517 -0.3519149023 -0.1166206047 -0.4885127993 0.0781299947 -0.4721631941 -0.3790756696 -0.0472054524 -0.3488325494 0.1144978631 0.1070572561
