-0.2109338961 -0.5353255415 -0.5115863042 -0.0360314927 -0.4921461651 -0.2411424377 -0.5247016867 -0.0361904437 -0.5690889639 -0.5000578063 0.1332748440 -0.4715529896 -0.0132540640 -0.0259356221
-0.2036842284 -0.5247714970 -0.5002091856 -0.0305578251 -0.4817288279 -0.2333854227 -0.5105556911 -0.0306613664 -0.5558056871 -0.4891377490 0.1279914447 -0.4610097718 -0.0082834803 -0.0209249766
-0.1964570996 -0.5142037514 -0.4888239212 -0.0251262511 -0.4713034398 -0.2256481160 -0.4963630913 -0.0251745117 -0.5424713015 -0.4782099079 0.1227360562 -0.4504617189 -0.0033567960 -0.0159565707
-0.1892587695 -0.5036297534 -0.4774383081 -0.0197423921 -0.4608774153 -0.2179369698 -0.4821318063 -0.0197355234 -0.5290934426 -0.4672818989 0.1175141731 -0.4399163070 0.0015205622 -0.0110358414
-0.1820954980 -0.4930569514 -0.4660601433 -0.0144118692 -0.4504581687 -0.2102584364 -0.4678697547 -0.0143500453 -0.5156797459 -0.4563613380 0.1123312902 -0.4293810122 0.0063431672 -0.0061682256
-0.1749735449 -0.4824927941 -0.4546972239 -0.0091403036 -0.4400531142 -0.2026189677 -0.4535848553 -0.0090237211 -0.5022378469 -0.4454558411 0.1071929019 -0.4188633107 0.0111055922 -0.0013591601
-0.1678991700 -0.4719447301 -0.4433573470 -0.0039333165 -0.4296696663 -0.1950250162 -0.4392850269 -0.0037621947 -0.4887753812 -0.4345730241 0.1021045030 -0.4083706785 0.0158024104 0.0033859181
-0.1608786332 -0.4614202080 -0.4320483096 0.0012034709 -0.4193152391 -0.1874830338 -0.4249781883 0.0014288903 -0.4752999843 -0.4237205031 0.0970715882 -0.3979105918 0.0204281948 0.0080615721
-0.1539181942 -0.4509266763 -0.4207779089 0.0062644374 -0.4089972470 -0.1799994728 -0.4106722583 0.0065438900 -0.4618192916 -0.4129058938 0.0920996522 -0.3874905267 0.0249775187 0.0126623651
-0.1470241130 -0.4404715836 -0.4095539418 0.0112439618 -0.3987231044 -0.1725807853 -0.3963751555 0.0115771606 -0.4483409387 -0.4021368123 0.0871941894 -0.3771179592 0.0294449550 0.0171828601
-0.1402026494 -0.4300623786 -0.3983842055 0.0161364229 -0.3885002255 -0.1652334236 -0.3820947988 0.0165230585 -0.4348725612 -0.3914208744 0.0823606947 -0.3668003656 0.0338250770 0.0216176202
-0.1334600631 -0.4197065097 -0.3872764970 0.0209361995 -0.3783360246 -0.1579638398 -0.3678391069 0.0213759397 -0.4214217945 -0.3807656962 0.0776046627 -0.3565452219 0.0381124578 0.0259612085
-0.1268026141 -0.4094114256 -0.3762386134 0.0256376705 -0.3682379162 -0.1507784860 -0.3536159987 0.0261301606 -0.4079962742 -0.3701788935 0.0729315880 -0.3463600042 0.0423016705 0.0302081881
-0.1202365621 -0.3991845749 -0.3652783518 0.0302352146 -0.3582133144 -0.1436838145 -0.3394333929 0.0307800774 -0.3946036357 -0.3596680823 0.0683469654 -0.3362521886 0.0463872882 0.0343531221
-0.1137681670 -0.3890334061 -0.3544035092 0.0347232106 -0.3482696337 -0.1366862774 -0.3252992083 0.0353200463 -0.3812515147 -0.3492408785 0.0638562893 -0.3262292513 0.0503638840 0.0383905737
