0.4245783867 0.3384410248 0.6262210642 0.5387194311 -0.0849524668 0.1308078740 0.0573030236 0.5368069923 -0.3060661519 -0.2973922096 0.2026890061 0.3303477180 0.5457290310 0.5436170352
0.3975471228 0.3118944590 0.5994577219 0.5115520100 -0.1062191053 0.1071413278 0.0337201850 0.5096358734 -0.3237394361 -0.3148491676 0.2217209334 0.3049321879 0.5185841180 0.5164657822
0.3697872905 0.2847219351 0.5716553589 0.4834948081 -0.1277547343 0.0830098721 0.0097742893 0.4815779520 -0.3415379847 -0.3324538497 0.2409606477 0.2788470446 0.4905382987 0.4884169715
0.3412920165 0.2569178202 0.5428030835 0.4545388965 -0.1495609836 0.0584095562 -0.0145370903 0.4526243405 -0.3594619258 -0.3502068241 0.2604093041 0.2520858124 0.4615824641 0.4594615465
0.3120544274 0.2284764816 0.5128900037 0.4246753461 -0.1716394826 0.0333364292 -0.0392163809 0.4227661511 -0.3775113869 -0.3681086589 0.2800680577 0.2246420154 0.4317075055 0.4295904504
0.2820676500 0.1993922867 0.4819052280 0.3938952281 -0.1939918611 0.0077865405 -0.0642660096 0.3919944960 -0.3956864961 -0.3861599222 0.2999380637 0.1965091778 0.4009043137 0.3987946264
0.2513248109 0.1696596027 0.4498378643 0.3621896133 -0.2166197486 -0.0182440607 -0.0896884033 0.3603004874 -0.4139873810 -0.4043611822 0.3200204773 0.1676808237 0.3691637800 0.3670650179
0.2198190368 0.1392727969 0.4166770210 0.3295495729 -0.2395247747 -0.0447593252 -0.1154859890 0.3276752375 -0.4324141694 -0.4227130069 0.3403164534 0.1381504773 0.3364767955 0.3343925680
0.1875434543 0.1082262366 0.3824118063 0.2959661779 -0.2627085691 -0.0717632036 -0.1416611938 0.2941098588 -0.4509669893 -0.4412159646 0.3608271473 0.1079116628 0.3028342511 0.3007682200
0.1544911900 0.0765142892 0.3470313284 0.2614304993 -0.2861727613 -0.0992596467 -0.1682164446 0.2595954632 -0.4696459683 -0.4598706233 0.3815537140 0.0769579043 0.2682270381 0.2661829172
0.1206553708 0.0441313218 0.3105246954 0.2259336082 -0.3099189810 -0.1272526053 -0.1951541685 0.2241231632 -0.4884512344 -0.4786775512 0.4024973087 0.0452827261 0.2326460475 0.2306276029
0.0860291232 0.0110717019 0.2728810156 0.1894665755 -0.3339488578 -0.1557460301 -0.2224767924 0.1876840709 -0.5073829152 -0.4976373164 0.4236590865 0.0128796521 0.1960821704 0.1940932202
0.0506055738 -0.0226702034 0.2340893973 0.1520204723 -0.3582640212 -0.1847438717 -0.2501867434 0.1502692986 -0.5264411387 -0.5167504870 0.4450402026 -0.0202577933 0.1585262978 0.1565707124
0.0143778494 -0.0571000267 0.1941389485 0.1135863696 -0.3828661009 -0.2142500811 -0.2782864485 0.1118699585 -0.5456260326 -0.5360176311 0.4666418120 -0.0541360861 0.1199693209 0.1180510228
-0.0226609233 -0.0922234007 0.1530187776 0.0741553384 -0.4077567264 -0.2442686088 -0.3067783347 0.0724771629 -0.5649377247 -0.5554393170 0.4884650698 -0.0887617020 0.0804021308 0.0785250947
