0.3185239499 0.1281103453 0.2849272326 0.4006144347 0.0416140675 0.1752103321 0.1248540469 0.3961084673 0.3240553902 -0.1414083614 -0.4707322383 0.1546566043 0.4167473560 0.4113196462
0.3364187040 0.1442836434 0.3010499910 0.4178345343 0.0524760783 0.1915054116 0.1400309916 0.4133177568 0.3180681521 -0.1284767871 -0.4867214821 0.1709305064 0.4341236873 0.4287354506
0.3542056601 0.1604239550 0.3170963444 0.4349212968 0.0631083189 0.2077537770 0.1551828622 0.4303959186 0.3118739951 -0.1154812893 -0.5025656732 0.1871634672 0.4513565394 0.4460097254
0.3718788912 0.1765274607 0.3330620931 0.4518689217 0.0735037479 0.2239514067 0.1703065911 0.4473371975 0.3054698216 -0.1024226463 -0.5182596618 0.2033515292 0.4684398203 0.4631363825
0.3894324704 0.1925903410 0.3489430372 0.4686716088 0.0836553241 0.2400942793 0.1853991108 0.4641358383 0.2988525335 -0.0893016365 -0.5337982984 0.2194907348 0.4853674385 0.4801093336
0.4068604708 0.2086087764 0.3647349770 0.4853235578 0.0935560061 0.2561783731 0.2004573541 0.4807860858 0.2920190330 -0.0761190384 -0.5491764333 0.2355771265 0.5021333020 0.4969224908
0.4241569655 0.2245789475 0.3804337128 0.5018189684 0.1031987529 0.2721996666 0.2154782534 0.4972821846 0.2849662223 -0.0628756302 -0.5643889167 0.2516067467 0.5187313192 0.5135697657
0.4413160275 0.2404970348 0.3960350446 0.5181520404 0.1125765230 0.2881541383 0.2304587414 0.5136183796 0.2776910034 -0.0495721905 -0.5794305992 0.2675756379 0.5351553982 0.5300450703
0.4583317300 0.2563592189 0.4115347728 0.5343169734 0.1216822752 0.3040377665 0.2453957505 0.5297889155 0.2701902786 -0.0362094975 -0.5942963308 0.2834798425 0.5513994473 0.5463423164
0.4751981460 0.2721616803 0.4269286976 0.5503079671 0.1305089682 0.3198465297 0.2602862134 0.5457880371 0.2624609498 -0.0227883298 -0.6089809622 0.2993154031 0.5674573748 0.5624554159
0.4919093486 0.2879005995 0.4422126191 0.5661192212 0.1390495608 0.3355764064 0.2751270627 0.5616099891 0.2544999193 -0.0093094656 -0.6234793434 0.3150783619 0.5833230888 0.5783782806
0.5084594109 0.3035721571 0.4573823377 0.5817449355 0.1472970117 0.3512233750 0.2899152308 0.5772490163 0.2463040892 0.0042263167 -0.6377863250 0.3307647616 0.5989904976 0.5941048224
0.5248424060 0.3191725337 0.4724336536 0.5971793097 0.1552442795 0.3667834139 0.3046476504 0.5926993634 0.2378703616 0.0178182386 -0.6518967572 0.3463706446 0.6144535095 0.6096289531
0.5410524069 0.3346979097 0.4873623668 0.6124165434 0.1628843231 0.3822525016 0.3193212540 0.6079552753 0.2291956387 0.0314655217 -0.6658054903 0.3618920532 0.6297060326 0.6249445845
0.5570834867 0.3501444657 0.5021642778 0.6274508364 0.1702101012 0.3976266165 0.3339329743 0.6230109966 0.2202768225 0.0451673877 -0.6795073747 0.3773250300 0.6447419752 0.6400456286
