-0.5059746333 -0.9752738228 -0.9241533086 -0.3825698017 -0.6728854595 -0.9786801464 -0.9941260049 -0.3840976770 -0.6598527773 -0.9903204904 0.9560582028 -0.9707947052 -0.2953410072 -0.2936238160
-0.5040699969 -0.9737092113 -0.9214210377 -0.3798300986 -0.6789358190 -0.9771674184 -0.9947857145 -0.3813469652 -0.6655018807 -0.9910692663 0.9578816791 -0.9691054286 -0.2926922686 -0.2910322758
-0.5021516326 -0.9720990919 -0.9186467999 -0.3770800517 -0.6849488674 -0.9756045397 -0.9954073101 -0.3785858682 -0.6711291160 -0.9917906162 0.9596719660 -0.9673715870 -0.2900355592 -0.2884328100
-0.5002199991 -0.9704436873 -0.9158309358 -0.3743201867 -0.6909240206 -0.9739916797 -0.9959905605 -0.3758149127 -0.6767337635 -0.9924841859 0.9614286924 -0.9655934220 -0.2873713972 -0.2858259321
-0.4982755536 -0.9687432176 -0.9129737846 -0.3715510293 -0.6968606922 -0.9723290040 -0.9965352338 -0.3730346254 -0.6823151023 -0.9931496180 0.9631514880 -0.9637711732 -0.2847003007 -0.2832121556
-0.4963187539 -0.9669979041 -0.9100756859 -0.3687731053 -0.7027582963 -0.9706166792 -0.9970410981 -0.3702455328 -0.6878724116 -0.9937865556 0.9648399824 -0.9619050808 -0.2820227881 -0.2805919942
-0.4943500576 -0.9652079674 -0.9071369794 -0.3659869404 -0.7086162468 -0.9688548718 -0.9975079217 -0.3674481616 -0.6934049708 -0.9943946421 0.9664938052 -0.9599953849 -0.2793393774 -0.2779659612
-0.4923699222 -0.9633736287 -0.9041580047 -0.3631930604 -0.7144339580 -0.9670437484 -0.9979354727 -0.3646430385 -0.6989120593 -0.9949735207 0.9681125858 -0.9580423256 -0.2766505870 -0.2753345702
-0.4903788055 -0.9614951087 -0.9011391014 -0.3603919908 -0.7202108439 -0.9651834754 -0.9983235194 -0.3618306900 -0.7043929563 -0.9955228348 0.9696959539 -0.9560461431 -0.2739569349 -0.2726983348
-0.4883771650 -0.9595726285 -0.8980806092 -0.3575842576 -0.7259463185 -0.9632742194 -0.9986718300 -0.3590116427 -0.7098469413 -0.9960422276 0.9712435390 -0.9540070775 -0.2712589394 -0.2700577684
-0.4863654585 -0.9576064090 -0.8949828676 -0.3547703864 -0.7316397961 -0.9613161470 -0.9989801727 -0.3561864234 -0.7152732935 -0.9965313424 0.9727549707 -0.9519253690 -0.2685571186 -0.2674133846
-0.4843441436 -0.9555966712 -0.8918462162 -0.3519509029 -0.7372906906 -0.9593094247 -0.9992483157 -0.3533555586 -0.7206712924 -0.9969898225 0.9742298784 -0.9498012576 -0.2658519909 -0.2647656969
-0.4823136778 -0.9535436359 -0.8886709948 -0.3491263329 -0.7428984162 -0.9572542190 -0.9994760272 -0.3505195750 -0.7260402172 -0.9974173112 0.9756678917 -0.9476349835 -0.2631440743 -0.2621152189
-0.4802745190 -0.9514475241 -0.8854575428 -0.3462972020 -0.7484623869 -0.9551506965 -0.9996630755 -0.3476789992 -0.7313793472 -0.9978134517 0.9770686403 -0.9454267868 -0.2604338871 -0.2594624640
-0.4782271246 -0.9493085567 -0.8822062000 -0.3434640361 -0.7539820168 -0.9529990238 -0.9998092286 -0.3448343578 -0.7366879619 -0.9981778874 0.9784317536 -0.9431769077 -0.2577219475 -0.2568079458
