0.1128312461 -0.0646984334 -0.1561127638 0.1703615069 0.0833268660 -0.0773037278 -0.1695174735 0.1664872793 -0.1463933545 -0.3949138246 0.0949582301 -0.0414525761 0.2518293182 0.2942663058
0.1343442954 -0.0429726729 -0.1378070495 0.1815585364 0.1114033574 -0.0557579963 -0.1471430846 0.1776906036 -0.1291960478 -0.3755730514 0.0705306828 -0.0199878156 0.2622981535 0.3049847104
0.1558011516 -0.0212288302 -0.1194593638 0.1927296089 0.1393796114 -0.0341891551 -0.1247015075 0.1888687141 -0.1120597573 -0.3560849515 0.0460654803 0.0014851410 0.2727271304 0.3156541930
0.1771927808 0.0005239436 -0.1010753203 0.2038738362 0.1672345969 -0.0126061478 -0.1022030418 0.2000207217 -0.0950000647 -0.3364574970 0.0215756985 0.0229574913 0.2831157232 0.3262740529
0.1985101494 0.0222764973 -0.0826605328 0.2149903299 0.1949472827 0.0089820816 -0.0796579871 0.2111457372 -0.0780325517 -0.3166986602 -0.0029255867 0.0444204333 0.2934634065 0.3368435890
0.2197442236 0.0440196798 -0.0642206148 0.2260782019 0.2224966379 0.0305665895 -0.0570766432 0.2222428717 -0.0611728000 -0.2968164133 -0.0274252995 0.0658651649 0.3037696548 0.3473621005
0.2408859698 0.0657443398 -0.0457611802 0.2371365638 0.2498616312 0.0521384320 -0.0344693095 0.2333112360 -0.0444363914 -0.2768187283 -0.0519103639 0.0872828839 0.3140339426 0.3578288864
0.2619263541 0.0874413263 -0.0272878426 0.2481645275 0.2770212316 0.0736886655 -0.0118462858 0.2443499410 -0.0278389075 -0.2567135776 -0.0763677040 0.1086647882 0.3242557444 0.3682432457
0.2828563430 0.1091014882 -0.0088062157 0.2591612047 0.3039544080 0.0952083460 0.0107821284 0.2553580978 -0.0113959300 -0.2365089333 -0.1007842440 0.1300020757 0.3344345347 0.3786044775
0.3036669026 0.1307156741 0.0096780868 0.2701257072 0.3306401294 0.1166885299 0.0334056335 0.2663348171 0.0048769593 -0.2162127675 -0.1251469079 0.1512859442 0.3445697880 0.3889118809
0.3243489992 0.1522747332 0.0281594511 0.2810571467 0.3570573645 0.1381202733 0.0560139298 0.2772792100 0.0209641788 -0.1958330525 -0.1494426198 0.1725075916 0.3546609789 0.3991647550
0.3448935992 0.1737695140 0.0466322637 0.2919546350 0.3831850823 0.1594946325 0.0785967176 0.2881903874 0.0368501467 -0.1753777604 -0.1736583039 0.1936582158 0.3647075817 0.4093623989
0.3652916687 0.1951908656 0.0650909107 0.3028172837 0.4090022517 0.1808026637 0.1011436975 0.2990674601 0.0525192813 -0.1548548634 -0.1977808842 0.2147290147 0.3747090711 0.4195041115
0.3855341742 0.2165296368 0.0835297785 0.3136442048 0.4344878416 0.2020354231 0.1236445697 0.3099095392 0.0679560009 -0.1342723338 -0.2217972849 0.2357111861 0.3846649216 0.4295891919
0.4056120818 0.2377766764 0.1019432534 0.3244345099 0.4596208209 0.2231839669 0.1460890346 0.3207157354 0.0831447239 -0.1136381437 -0.2456944300 0.2565959278 0.3945746075 0.4396169393
