-0.9758563788 -0.9838826944 -0.9799492893 -0.9524508529 -0.9609990565 -0.9859172987 -0.9927274260 -0.9520260813 -0.4283015252 -0.9806565056 0.4975956803 -0.9877440502 -0.9467813000 -0.9479689504
-0.9703126271 -0.9798903765 -0.9752306864 -0.9424872656 -0.9667016965 -0.9823728237 -0.9948353978 -0.9419831341 -0.4452354144 -0.9832870291 0.5022810812 -0.9844762875 -0.9357449264 -0.9371570209
-0.9645372578 -0.9756485237 -0.9702822412 -0.9323777769 -0.9719364349 -0.9785918010 -0.9965801242 -0.9317961141 -0.4615617168 -0.9857198898 0.5065754993 -0.9809433726 -0.9245827255 -0.9262149686
-0.9585331532 -0.9711600291 -0.9651066584 -0.9221246800 -0.9767080372 -0.9745768438 -0.9979652764 -0.9214672994 -0.4772860009 -0.9879564709 0.5104830762 -0.9771483219 -0.9132968619 -0.9151449865
-0.9523031954 -0.9664277859 -0.9597066429 -0.9117302684 -0.9810212690 -0.9703305651 -0.9989945256 -0.9109989678 -0.4924138347 -0.9899981556 0.5140079536 -0.9730941519 -0.9018895000 -0.9039492677
-0.9458502666 -0.9614546872 -0.9540848995 -0.9011968353 -0.9848808959 -0.9658555781 -0.9996715431 -0.9003933972 -0.5069507865 -0.9918463271 0.5171542729 -0.9687838793 -0.8903628045 -0.8926300052
-0.9391772488 -0.9562436261 -0.9482441330 -0.8905266741 -0.9882916833 -0.9611544958 -1.0000000000 -0.8896528656 -0.5209024246 -0.9935023686 0.5199261757 -0.9642205205 -0.8787189398 -0.8811893921
-0.9322870242 -0.9507974957 -0.9421870483 -0.8797220781 -0.9912583970 -0.9562299314 -0.9999835677 -0.8787796509 -0.5342743171 -0.9949676632 0.5223278038 -0.9594070922 -0.8669600704 -0.8696296214
-0.9251824749 -0.9451191893 -0.9359163501 -0.8687853407 -0.9937858024 -0.9510844980 -0.9996259173 -0.8677760310 -0.5470720321 -0.9962435941 0.5243632986 -0.9543466107 -0.8550883610 -0.8579528861
-0.9178664831 -0.9392115999 -0.9294347433 -0.8577187553 -0.9958786651 -0.9457208086 -0.9989307201 -0.8566442838 -0.5593011381 -0.9973315444 0.5260368017 -0.9490420928 -0.8431059760 -0.8461613794
-0.9103419310 -0.9330776207 -0.9227449326 -0.8465246151 -0.9975417507 -0.9401414765 -0.9979016473 -0.8453866872 -0.5709672031 -0.9982328975 0.5273524547 -0.9434965548 -0.8310150800 -0.8342572941
-0.9026117006 -0.9267201448 -0.9158496229 -0.8352052136 -0.9987798246 -0.9343491147 -0.9965423702 -0.8340055192 -0.5820757953 -0.9989490364 0.5283143993 -0.9377130134 -0.8188178375 -0.8222428234
-0.8946786742 -0.9201420654 -0.9087515191 -0.8237628440 -0.9995976525 -0.9283463362 -0.9948565599 -0.8225030577 -0.5926324831 -0.9994813443 0.5289267769 -0.9316944851 -0.8065164131 -0.8101201603
-0.8865457337 -0.9133462757 -0.9014533259 -0.8121997997 -1.0000000000 -0.9221357543 -0.9928478878 -0.8108815805 -0.6026428345 -0.9998312045 0.5291937292 -0.9254439865 -0.7941129712 -0.7978914978
-0.8782157615 -0.9063356686 -0.8939577481 -0.8005183741 -0.9999916325 -0.9157199820 -0.9905200250 -0.7991433656 -0.6121124178 -1.0000000000 0.5291193978 -0.9189645340 -0.7816096764 -0.7855590290
