-0.4691536143 -0.5800434884 -0.6092511772 -0.4804088009 -0.6141896133 -0.5620887391 -0.6512872793 -0.4818917972 -0.5921919275 -0.8150752504 0.6781925674 -0.5755911879 -0.4659296380 -0.4707583292
-0.4874297981 -0.5976720481 -0.6267087259 -0.4987764506 -0.6308721951 -0.5798670428 -0.6681716283 -0.5002442416 -0.6053495111 -0.8293436214 0.6931735464 -0.5931976724 -0.4843647777 -0.4891549428
-0.5053708534 -0.6148891628 -0.6437325251 -0.5168017637 -0.6471215479 -0.5972468239 -0.6845908285 -0.5182533565 -0.6180146187 -0.8429883946 0.7076583668 -0.6103962027 -0.5024671459 -0.5072155852
-0.5229775787 -0.6316970035 -0.6603249880 -0.5344853896 -0.6629418669 -0.6142299710 -0.7005483404 -0.5359198246 -0.6301944965 -0.8560159157 0.7216536685 -0.6271890150 -0.5202372258 -0.5249408267
-0.5402507723 -0.6480977409 -0.6764885274 -0.5518279779 -0.6783373473 -0.6308183730 -0.7160476247 -0.5532443284 -0.6418963908 -0.8684325307 0.7351660913 -0.6435783455 -0.5376755004 -0.5423312376
-0.5571912328 -0.6640935459 -0.6922255565 -0.5688301781 -0.6933121843 -0.6470139187 -0.7310921419 -0.5702275506 -0.6531275480 -0.8802445854 0.7482022752 -0.6595664304 -0.5547824525 -0.5593873883
-0.5737997585 -0.6796865894 -0.7075384883 -0.5854926397 -0.7078705732 -0.6628184968 -0.7456853527 -0.5868701737 -0.6638952144 -0.8914584255 0.7607688601 -0.6751555056 -0.5715585653 -0.5761098492
-0.5900771478 -0.6948790422 -0.7224297357 -0.6018160122 -0.7220167092 -0.6782339963 -0.7598307176 -0.6031728803 -0.6742066362 -0.9020803970 0.7728724858 -0.6903478075 -0.5880043217 -0.5924991905
-0.6060241994 -0.7096730751 -0.7369017119 -0.6178009451 -0.7357547876 -0.6932623058 -0.7735316973 -0.6191363530 -0.6840690598 -0.9121168457 0.7845197922 -0.7051455721 -0.6041202047 -0.6085559827
-0.6216417115 -0.7240708590 -0.7509568298 -0.6334480878 -0.7490890035 -0.7079053142 -0.7867917524 -0.6347612745 -0.6934897314 -0.9215741174 0.7957174193 -0.7195510356 -0.6199066973 -0.6242807961
-0.6369304826 -0.7380745648 -0.7645975024 -0.6487580900 -0.7620235522 -0.7221649102 -0.7996143434 -0.6500483272 -0.7024758974 -0.9304585580 0.8064720069 -0.7335664342 -0.6353642825 -0.6396742009
-0.6518913111 -0.7516863632 -0.7778261428 -0.6637316011 -0.7745626291 -0.7360429828 -0.8120029309 -0.6649981938 -0.7110348041 -0.9387765132 0.8167901950 -0.7471940038 -0.6504934433 -0.6547367677
-0.6665249955 -0.7649084251 -0.7906451640 -0.6783692705 -0.7867104291 -0.7495414206 -0.8239609756 -0.6796115569 -0.7191736978 -0.9465343290 0.8266786234 -0.7604359808 -0.6652946627 -0.6694690666
-0.6808323342 -0.7777429214 -0.8030569790 -0.6926717478 -0.7984711478 -0.7626621124 -0.8354919380 -0.6938890991 -0.7268998248 -0.9537383512 0.8361439320 -0.7732946013 -0.6797684237 -0.6838716681
-0.6948141257 -0.7901920229 -0.8150640009 -0.7066396826 -0.8098489801 -0.7754069472 -0.8465992788 -0.7078315030 -0.7342204313 -0.9603949256 0.8451927608 -0.7857721013 -0.6939152093 -0.6979451425
