-0.5643158838 -0.3761938694 -0.3827917875 -0.4962396198 -0.2749385078 -0.3690178135 -0.2050225633 -0.4941474702 -0.3114332693 0.0637833589 -0.1406549585 -0.3508425459 -0.5141404529 -0.5087358102
-0.5474447364 -0.3592207740 -0.3658481616 -0.4792903231 -0.2649347250 -0.3520290811 -0.1883499302 -0.4771961358 -0.3089614408 0.0791548855 -0.1560759134 -0.3338826742 -0.4972250810 -0.4918147847
-0.5301972318 -0.3419775880 -0.3486305786 -0.4620057056 -0.2549350350 -0.3347742382 -0.1714905976 -0.4599106841 -0.3066777866 0.0946016291 -0.1715317352 -0.3166657795 -0.4799638598 -0.4745510697
-0.5125704156 -0.3244627261 -0.3311373590 -0.4443832486 -0.2449411958 -0.3172517807 -0.1544441548 -0.4422886123 -0.3045856132 0.1101227924 -0.1870208767 -0.2991904756 -0.4623541131 -0.4569420280
-0.4945613332 -0.3066746030 -0.3133668231 -0.4264204333 -0.2349549655 -0.2994602043 -0.1372101908 -0.4243274176 -0.3026882272 0.1257175783 -0.2025417911 -0.2814553761 -0.4443931647 -0.4389850225
-0.4761670302 -0.2886116336 -0.2953172912 -0.4081147413 -0.2249781024 -0.2813980047 -0.1197882949 -0.4060245974 -0.3009889353 0.1413851895 -0.2180929315 -0.2634590947 -0.4260783387 -0.4206774160
-0.4573845518 -0.2702722326 -0.2769870835 -0.3894636538 -0.2150123644 -0.2630636777 -0.1021780560 -0.3873776488 -0.2994910440 0.1571248289 -0.2336727507 -0.2452002450 -0.4074069587 -0.4020165714
-0.4382109436 -0.2516548146 -0.2583745205 -0.3704646521 -0.2050595098 -0.2444557191 -0.0843790635 -0.3683840692 -0.2981978598 0.1729356993 -0.2492797020 -0.2266774407 -0.3883763486 -0.3829998516
-0.4186432511 -0.2327577946 -0.2394779225 -0.3511152177 -0.1951212965 -0.2255726246 -0.0663909063 -0.3490413556 -0.2971126894 0.1888170034 -0.2649122382 -0.2078892955 -0.3689838323 -0.3636246193
-0.3986785196 -0.2135795871 -0.2202956098 -0.3314128319 -0.1851994828 -0.2064128901 -0.0482131736 -0.3293470055 -0.2962388393 0.2047679442 -0.2805688125 -0.1888344230 -0.3492267337 -0.3438882376
-0.3783137947 -0.1941186071 -0.2008259027 -0.3113549759 -0.1752958268 -0.1869750113 -0.0298454546 -0.3092985159 -0.2955796161 0.2207877242 -0.2962478778 -0.1695114369 -0.3291023765 -0.3237880691
-0.3575461218 -0.1743732691 -0.1810671215 -0.2909391313 -0.1654120866 -0.1672574839 -0.0112873384 -0.2888933843 -0.2951383264 0.2368755465 -0.3119478873 -0.1499189508 -0.3086080847 -0.3033214768
-0.3363725464 -0.1543419880 -0.1610175866 -0.2701627793 -0.1555500202 -0.1472588038 0.0074615860 -0.2681291077 -0.2949182767 0.2530306137 -0.3276672939 -0.1300555785 -0.2877411821 -0.2824858236
-0.3147901139 -0.1340231785 -0.1406756184 -0.2490234012 -0.1457113859 -0.1269774667 0.0264017292 -0.2470031835 -0.2949227736 0.2692521287 -0.3434045506 -0.1099199335 -0.2664989925 -0.2612784723
-0.2927958697 -0.1134152554 -0.1200395370 -0.2275184784 -0.1358979417 -0.1064119683 0.0455335023 -0.2255131088 -0.2951551238 0.2855392943 -0.3591581105 -0.0895106295 -0.2448788398 -0.2396967857
