-0.0606554209 -0.0143869675 -0.0751135878 -0.0903782843 0.0640267949 -0.0112678022 0.0285746130 -0.0918351268 0.0645430527 0.4205902178 -0.2115300617 -0.0213369377 -0.0891612220 -0.0962571579
-0.0809530867 -0.0349006666 -0.0942837364 -0.1099288862 0.0401103907 -0.0317698342 0.0080033411 -0.1113532273 0.0373794493 0.4381919518 -0.1876907575 -0.0416654654 -0.1087950901 -0.1157063061
-0.1018513170 -0.0560896626 -0.1140912548 -0.1300665661 0.0155643691 -0.0529536898 -0.0133207355 -0.1314575113 0.0097625026 0.4558719341 -0.1629401288 -0.0626667316 -0.1290135989 -0.1357372367
-0.1233569762 -0.0779618921 -0.1345437593 -0.1507981230 -0.0096179097 -0.0748274049 -0.0354066959 -0.1521547703 -0.0183103828 0.4736295798 -0.1372673312 -0.0843486687 -0.1498234962 -0.1563566885
-0.1454769283 -0.1005252918 -0.1556488659 -0.1721303562 -0.0354430857 -0.0973990153 -0.0582636194 -0.1734517961 -0.0468418024 0.4914643039 -0.1106615203 -0.1067192089 -0.1712315297 -0.1775714001
-0.1682180376 -0.1237877985 -0.1774141910 -0.1940700645 -0.0619177987 -0.1206765569 -0.0819005851 -0.1953553803 -0.0758343516 0.5093755213 -0.0831118517 -0.1297862843 -0.1932444471 -0.1993881102
-0.1915871680 -0.1477573487 -0.1998473508 -0.2166240471 -0.0890486886 -0.1446680656 -0.1063266724 -0.2178723145 -0.1052906261 0.5273626472 -0.0546074809 -0.1535578271 -0.2158689960 -0.2218135575
-0.2155911839 -0.1724418791 -0.2229559613 -0.2397991031 -0.1168423952 -0.1693815772 -0.1315509602 -0.2410093904 -0.1352132213 0.5454250965 -0.0251375634 -0.1780417696 -0.2391119243 -0.2448544807
-0.2402369494 -0.1978493264 -0.2467476389 -0.2636020314 -0.1453055583 -0.1948251277 -0.1575825280 -0.2647733996 -0.1656047326 0.5635622843 0.0053087451 -0.2032460439 -0.2629799795 -0.2685176185
-0.2655313286 -0.2239876272 -0.2712299998 -0.2880396312 -0.1744448179 -0.2210067528 -0.1844304548 -0.2891711337 -0.1964677557 0.5817736257 0.0367422892 -0.2291785822 -0.2874799093 -0.2928097096
-0.2914811857 -0.2508647183 -0.2964106600 -0.3131187014 -0.2042668138 -0.2479344885 -0.2121038199 -0.3142093845 -0.2278048859 0.6000585356 0.0691739132 -0.2558473168 -0.3126184615 -0.3177374927
-0.3180933849 -0.2784885362 -0.3222972360 -0.3388460413 -0.2347781858 -0.2756163705 -0.2406117025 -0.3398949436 -0.2596187188 0.6184164291 0.1026144617 -0.2832601798 -0.3384023838 -0.3433077064
-0.3453747902 -0.3068670177 -0.3488973438 -0.3652284498 -0.2659855739 -0.3040604349 -0.2699631818 -0.3662346026 -0.2919118498 0.6368467212 0.1370747790 -0.3114251035 -0.3648384239 -0.3695270895
-0.3733322659 -0.3360080993 -0.3762185997 -0.3922727259 -0.2978956178 -0.3332747175 -0.3001673370 -0.3932351531 -0.3246868745 0.6553488270 0.1725657096 -0.3403500200 -0.3919333294 -0.3964023806
-0.4019726762 -0.3659197179 -0.4042686199 -0.4199856688 -0.3305149574 -0.3632672540 -0.3312332472 -0.4209033869 -0.3579463884 0.6739221614 0.2090980979 -0.3700428615 -0.4196938481 -0.4239403184
