-0.9996633928 -1.0000000000 -0.9993878928 -0.9947710841 -0.9637962044 -0.9995431054 -0.9942473463 -0.9947782890 -0.5091544774 -0.8887991523 0.9497969583 -1.0000000000 -0.9939676972 -0.9939865247
-0.9985597760 -0.9996303398 -0.9979902002 -0.9914160495 -0.9700179095 -1.0000000000 -0.9967369225 -0.9914249179 -0.5265949202 -0.8990288439 0.9555803301 -0.9997198942 -0.9904072975 -0.9904290303
-0.9967075507 -0.9985148479 -0.9958248614 -0.9872827053 -0.9756171538 -0.9997316559 -0.9985159574 -0.9872931709 -0.5437486378 -0.9087158992 0.9607547376 -0.9986957452 -0.9860672617 -0.9860910928
-0.9941251180 -0.9966709041 -0.9929098154 -0.9823914578 -0.9806058725 -0.9987551262 -0.9995988501 -0.9824034484 -0.5606139912 -0.9178677744 0.9653330944 -0.9969448774 -0.9809682363 -0.9809933156
-0.9908308788 -0.9941158885 -0.9892630014 -0.9767627133 -0.9849960007 -0.9970874636 -1.0000000000 -0.9767761513 -0.5771893418 -0.9264919257 0.9693283139 -0.9944846151 -0.9751308680 -0.9751563024
-0.9868432343 -0.9908671809 -0.9849023584 -0.9704168780 -0.9887994738 -0.9947457214 -0.9997338064 -0.9704316800 -0.5934730506 -0.9345958093 0.9727533097 -0.9913322826 -0.9685758035 -0.9686006565
-0.9821805853 -0.9869421611 -0.9798458256 -0.9633743584 -0.9920282269 -0.9917469522 -0.9988146687 -0.9633904353 -0.6094634790 -0.9421868814 0.9756209954 -0.9875052044 -0.9613236896 -0.9613469815
-0.9768613329 -0.9823582091 -0.9741113421 -0.9556555607 -0.9946941953 -0.9881082092 -0.9972569861 -0.9556728179 -0.6251589882 -0.9492725982 0.9779442844 -0.9830207049 -0.9533951728 -0.9534158810
-0.9709038783 -0.9771327048 -0.9677168468 -0.9472808913 -0.9968093143 -0.9838465453 -0.9950751579 -0.9472992283 -0.6405579392 -0.9558604159 0.9797360904 -0.9778961083 -0.9448108998 -0.9448279585
-0.9643266223 -0.9712830281 -0.9606802791 -0.9382707563 -0.9983855190 -0.9789790134 -0.9922835835 -0.9382900671 -0.6556586933 -0.9619577907 0.9810093268 -0.9721487390 -0.9355915174 -0.9356038175
-0.9571479660 -0.9648265588 -0.9530195779 -0.9286455622 -0.9994347447 -0.9735226665 -0.9888966621 -0.9286657352 -0.6704596118 -0.9675721787 0.9817769072 -0.9657959214 -0.9257576722 -0.9257640614
-0.9493863105 -0.9577806769 -0.9447526823 -0.9184257153 -0.9999689266 -0.9674945575 -0.9849287931 -0.9184466330 -0.6849590558 -0.9727110362 0.9820517451 -0.9588549799 -0.9153300109 -0.9153292939
-0.9410600568 -0.9501627623 -0.9358975315 -0.9076316218 -1.0000000000 -0.9609117394 -0.9803943759 -0.9076531613 -0.6991553865 -0.9773818194 0.9818467541 -0.9513432387 -0.9043291802 -0.9043201185
-0.9321876058 -0.9419901948 -0.9264720646 -0.8962836881 -0.9995399001 -0.9537912651 -0.9753078096 -0.8963057206 -0.7130469652 -0.9815919845 0.9811748477 -0.9432780223 -0.8927758267 -0.8927571386
-0.9227873587 -0.9332803543 -0.9164942206 -0.8844023204 -0.9986005621 -0.9461501877 -0.9696834936 -0.8844247117 -0.7266321530 -0.9853489876 0.9800489394 -0.9346766551 -0.8806905971 -0.8806609578
