-0.8324213101 0.0803502391 0.4565443755 -0.9992936725 -0.6022240733 -0.1483184811 0.5466391647 -0.9991860261 -0.4701497966 0.2994282221 0.6470310272 -0.1293405993 -1.0000000000 -0.9995905928
-0.8378849862 0.0870404141 0.4684198968 -0.9985099180 -0.6145275270 -0.1446327171 0.5570249294 -0.9983467138 -0.4845163509 0.3179874472 0.6580046485 -0.1248856188 -0.9999766049 -0.9989658934
-0.8431750554 0.0940096039 0.4806001440 -0.9974354605 -0.6268436559 -0.1406936743 0.5676363735 -0.9972155301 -0.4990173166 0.3367509978 0.6689852900 -0.1201666227 -0.9996826268 -0.9980576618
-0.8482894848 0.1012602851 0.4930875958 -0.9960675685 -0.6391720120 -0.1364989833 0.5784753278 -0.9957897340 -0.5136533899 0.3557199487 0.6799726152 -0.1151811821 -0.9991155171 -0.9968632467
-0.8532262417 0.1087949343 0.5058847312 -0.9944035101 -0.6515121476 -0.1320462748 0.5895436225 -0.9940665847 -0.5284252667 0.3748953748 0.6909662877 -0.1099268685 -0.9982727274 -0.9953799969
-0.8579832934 0.1166160283 0.5189940289 -0.9924405535 -0.6638636147 -0.1273331793 0.6008430883 -0.9920433411 -0.5433336431 0.3942783510 0.7019659709 -0.1044012528 -0.9971517094 -0.9936052610
-0.8625586070 0.1247260436 0.5324179677 -0.9901759670 -0.6762259655 -0.1223573275 0.6123755557 -0.9897172624 -0.5583792152 0.4138699519 0.7129713283 -0.0986019065 -0.9957499144 -0.9915363879
-0.8669501500 0.1331274570 0.5461590264 -0.9876070188 -0.6885987520 -0.1171163498 0.6241428551 -0.9870856076 -0.5735626789 0.4336712525 0.7239820236 -0.0925264005 -0.9940647940 -0.9891707263
-0.8711558894 0.1418227450 0.5602196839 -0.9847309772 -0.7009815264 -0.1116078771 0.6361468172 -0.9841456359 -0.5888847304 0.4536833275 0.7349977202 -0.0861723063 -0.9920937998 -0.9865056248
-0.8751737925 0.1508143843 0.5746024190 -0.9815451104 -0.7133738408 -0.1058295398 0.6483892722 -0.9808946063 -0.6043460657 0.4739072518 0.7460180816 -0.0795371949 -0.9898343833 -0.9835384322
-0.8790018265 0.1601048515 0.5893097105 -0.9780466866 -0.7257752474 -0.0997789685 0.6608720509 -0.9773297778 -0.6199473808 0.4943441002 0.7570427715 -0.0726186376 -0.9872839961 -0.9802664973
-0.8826379588 0.1696966234 0.6043440371 -0.9742329742 -0.7381852983 -0.0934537940 0.6735969837 -0.9734484096 -0.6356893717 0.5149949476 0.7680714532 -0.0654142056 -0.9844400896 -0.9766871688
-0.8860801565 0.1795921765 0.6197078777 -0.9701012412 -0.7506035455 -0.0868516467 0.6865659011 -0.9692477608 -0.6515727346 0.5358608686 0.7791037903 -0.0579214701 -0.9813001155 -0.9727977954
-0.8893263869 0.1897939875 0.6354037111 -0.9656487561 -0.7630295413 -0.0799701573 0.6997806336 -0.9647250904 -0.6675981654 0.5569429383 0.7901394464 -0.0501380024 -0.9778615252 -0.9685957258
-0.8923746172 0.2003045330 0.6514340162 -0.9608727869 -0.7754628377 -0.0728069564 0.7132430118 -0.9598776575 -0.6837663602 0.5782422313 0.8011780850 -0.0420613735 -0.9741217702 -0.9640783088
