0.0824189490 0.1142640331 -0.0016289267 0.1336446883 0.0984522158 0.0981009164 0.0478029280 0.1346097233 0.1065650765 -0.3936924993 -0.0218746733 0.0813324428 0.1568854549 0.1267113831
0.0641524152 0.0962819521 -0.0176539547 0.1160177599 0.0804151800 0.0798833191 0.0306873491 0.1169913330 0.0886327682 -0.4028816009 -0.0063843496 0.0629262147 0.1396223387 0.1090343228
0.0460712784 0.0784656580 -0.0335362786 0.0985506128 0.0625564645 0.0618385487 0.0137286638 0.0995321265 0.0708748380 -0.4120024604 0.0089782363 0.0447019109 0.1225098776 0.0915217067
0.0281748072 0.0608146864 -0.0492762104 0.0812427542 0.0448753809 0.0439661051 -0.0030735147 0.0822316193 0.0532906320 -0.4210550331 0.0242132985 0.0266589338 0.1055476168 0.0741729723
0.0104622700 0.0433285733 -0.0648740621 0.0640936915 0.0273712408 0.0262654881 -0.0197195730 0.0650893268 0.0358794961 -0.4300392739 0.0393210510 0.0087966857 0.0887351017 0.0569875571
-0.0070670644 0.0260068544 -0.0803301456 0.0471029321 0.0100433559 0.0087361973 -0.0362098977 0.0481047647 0.0186407763 -0.4389551380 0.0543017076 -0.0088854308 0.0720718773 0.0399648984
-0.0244139275 0.0088490657 -0.0956447729 0.0302699834 -0.0071089623 -0.0086222674 -0.0525448756 0.0312774484 0.0015738188 -0.4478025805 0.0691554825 -0.0263880135 0.0555574890 0.0231044336
-0.0415790507 -0.0081452571 -0.1108182559 0.0135943526 -0.0240864021 -0.0258104063 -0.0687248932 0.0146068935 -0.0153220305 -0.4565815564 0.0838825896 -0.0437116601 0.0391914818 0.0064056003
-0.0585631654 -0.0249765781 -0.1258509065 -0.0029244528 -0.0408896521 -0.0428287197 -0.0847503373 -0.0019073846 -0.0320474255 -0.4652920208 0.0984832428 -0.0608569680 0.0229734010 -0.0101321641
-0.0753670031 -0.0416453614 -0.1407430367 -0.0192869254 -0.0575194004 -0.0596777078 -0.1006215944 -0.0182658704 -0.0486030203 -0.4739339289 0.1129576561 -0.0778245351 0.0069027918 -0.0265094223
-0.0919912951 -0.0581520713 -0.1554949585 -0.0354935580 -0.0739763357 -0.0763578708 -0.1163390512 -0.0344690482 -0.0649894688 -0.4825072358 0.1273060436 -0.0946149588 -0.0090208007 -0.0427267368
-0.1084367729 -0.0744971720 -0.1701069837 -0.0515448431 -0.0902611462 -0.0928697090 -0.1319030945 -0.0505174027 -0.0812074249 -0.4910118964 0.1415286192 -0.1112288368 -0.0247978311 -0.0587846701
-0.1247041678 -0.0906811274 -0.1845794244 -0.0674412734 -0.1063745204 -0.1092137227 -0.1473141107 -0.0664114183 -0.0972575427 -0.4994478660 0.1556255969 -0.1276667668 -0.0404287543 -0.0746837849
-0.1407942114 -0.1067044019 -0.1989125925 -0.0831833415 -0.1223171466 -0.1253904120 -0.1625724867 -0.0821515794 -0.1131404762 -0.5078150996 0.1695971907 -0.1439293464 -0.0559140252 -0.0904246436
-0.1567076350 -0.1225674596 -0.2131067998 -0.0987715400 -0.1380897133 -0.1414002773 -0.1776786090 -0.0977383706 -0.1288568792 -0.5161135522 0.1834436145 -0.1600171732 -0.0712540984 -0.1060078089
