-0.2907610986 -0.3494236015 -0.1258842800 -0.0547355004 -0.8599265125 -0.4026375135 -0.4689011910 -0.0549800043 -0.9566802355 -0.8005239431 0.9815506545 -0.3119684908 -0.0377989703 -0.0357757914
-0.2841098139 -0.3398282158 -0.1170170744 -0.0512731865 -0.8505929191 -0.3943776869 -0.4540097338 -0.0515647894 -0.9481158638 -0.7841462136 0.9795066256 -0.3028576269 -0.0350993781 -0.0330078733
-0.2776952617 -0.3303403224 -0.1083844183 -0.0482486783 -0.8409420949 -0.3862463429 -0.4389549204 -0.0485887746 -0.9387349526 -0.7670594403 0.9773615048 -0.2938894684 -0.0328680974 -0.0307068932
-0.2715242810 -0.3209651918 -0.0999933622 -0.0456713649 -0.8309725590 -0.3782489090 -0.4237385576 -0.0460613633 -0.9285270010 -0.7492567460 0.9751162187 -0.2850697514 -0.0311148703 -0.0288825807
-0.2656037110 -0.3117080943 -0.0918509565 -0.0435506348 -0.8206828309 -0.3703908130 -0.4083624523 -0.0439919594 -0.9174815080 -0.7307312537 0.9727716942 -0.2764042118 -0.0298494390 -0.0275446658
-0.2599403905 -0.3025743004 -0.0839642517 -0.0418958770 -0.8100714298 -0.3626774825 -0.3928284116 -0.0423899666 -0.9055879726 -0.7114760861 0.9703288579 -0.2678985855 -0.0290815457 -0.0267028782
-0.2545411586 -0.2935690804 -0.0763402982 -0.0407164803 -0.7991368751 -0.3551143454 -0.3771382423 -0.0412647885 -0.8928358939 -0.6914843661 0.9677886365 -0.2595586085 -0.0288209326 -0.0263669477
-0.2494128544 -0.2846977049 -0.0689861464 -0.0400218334 -0.7878776861 -0.3477068292 -0.3612937514 -0.0406258289 -0.8792147709 -0.6707492167 0.9651519568 -0.2513900166 -0.0290773418 -0.0265466041
-0.2445623168 -0.2759654441 -0.0619088468 -0.0398213251 -0.7762923821 -0.3404603616 -0.3452967459 -0.0404824915 -0.8647141026 -0.6492637607 0.9624197454 -0.2433985459 -0.0298605155 -0.0272515771
-0.2399963850 -0.2673775686 -0.0551154499 -0.0401243442 -0.7643794823 -0.3333803704 -0.3291490326 -0.0408441798 -0.8493233881 -0.6270211209 0.9595929292 -0.2355899322 -0.0311801958 -0.0284915965
-0.2357218978 -0.2589393488 -0.0486130060 -0.0409402796 -0.7521375063 -0.3264722832 -0.3128524185 -0.0417202977 -0.8330321263 -0.6040144203 0.9566724347 -0.2279699116 -0.0330461251 -0.0302763922
-0.2317456945 -0.2506560549 -0.0424085657 -0.0422785201 -0.7395649732 -0.3197415277 -0.2964087106 -0.0431202489 -0.8158298162 -0.5802367817 0.9536591888 -0.2205442198 -0.0354680453 -0.0326156938
-0.2280746139 -0.2425329576 -0.0365091794 -0.0441484543 -0.7266604023 -0.3131935316 -0.2798197157 -0.0450534369 -0.7977059571 -0.5556813280 0.9505541181 -0.2133185929 -0.0384556987 -0.0355192313
-0.2247154951 -0.2345753271 -0.0309218975 -0.0465594713 -0.7134223130 -0.3068337227 -0.2630872409 -0.0475292657 -0.7786500477 -0.5303411820 0.9473581493 -0.2062987669 -0.0420188276 -0.0389967344
-0.2216751771 -0.2267884340 -0.0256537705 -0.0495209596 -0.6998492246 -0.3006675285 -0.2462130930 -0.0505571387 -0.7586515872 -0.5042094666 0.9440722092 -0.1994904775 -0.0461671739 -0.0430579328
