-0.4334259961 -0.5238844521 -0.3056809686 -0.1714813840 -0.9714960571 -0.5574529541 -0.6953115233 -0.1711240691 -0.9875194641 -0.9771255762 0.9999340941 -0.4831289980 -0.1459035266 -0.1448437412
-0.4237966297 -0.5132680703 -0.2939051395 -0.1620128571 -0.9673288441 -0.5478393619 -0.6834735850 -0.1616812205 -0.9912296139 -0.9717493911 0.9997504154 -0.4724697387 -0.1367331919 -0.1356265353
-0.4142877324 -0.5026695838 -0.2822440023 -0.1528225265 -0.9628695719 -0.5382619814 -0.6714415726 -0.1525177090 -0.9943017408 -0.9657810733 0.9994498906 -0.4618556740 -0.1278655518 -0.1267108611
-0.4049061433 -0.4920942630 -0.2707046075 -0.1439197809 -0.9581167597 -0.5287262404 -0.6592172927 -0.1436429383 -0.9967253438 -0.9592137458 0.9990334464 -0.4512925398 -0.1193103483 -0.1181064482
-0.3956587012 -0.4815473783 -0.2592940056 -0.1353140092 -0.9530689270 -0.5192375665 -0.6468025525 -0.1350663121 -0.9984899220 -0.9520405314 0.9985020096 -0.4407860721 -0.1110773237 -0.1098230264
-0.3865522452 -0.4710342002 -0.2480192469 -0.1270146001 -0.9477245929 -0.5098013874 -0.6341991588 -0.1267972341 -0.9995849744 -0.9442545530 0.9978565068 -0.4303420067 -0.1031762202 -0.1018703256
-0.3775936145 -0.4605599989 -0.2368873819 -0.1190309425 -0.9420822768 -0.5004231308 -0.6214089186 -0.1188451081 -1.0000000000 -0.9358489334 0.9970978648 -0.4199660797 -0.0956167799 -0.0942580756
-0.3687896479 -0.4501300450 -0.2259054611 -0.1113724251 -0.9361404980 -0.4911082244 -0.6084336388 -0.1112193376 -0.9997244978 -0.9268167956 0.9962270103 -0.4096640270 -0.0884087450 -0.0869960060
-0.3601471845 -0.4397496089 -0.2150805348 -0.1040484368 -0.9298977759 -0.4818620959 -0.5952751264 -0.1039293264 -0.9987479670 -0.9171512623 0.9952448700 -0.3994415845 -0.0815618576 -0.0800938467
-0.3516730634 -0.4294239610 -0.2044196537 -0.0970683662 -0.9233526297 -0.4726901730 -0.5819351883 -0.0969844783 -0.9970599064 -0.9068454565 0.9941523706 -0.3893044881 -0.0750858600 -0.0735613276
-0.3433741236 -0.4191583716 -0.1939298680 -0.0904416024 -0.9165035788 -0.4635978833 -0.5684156314 -0.0903941968 -0.9946498151 -0.8958925010 0.9929504388 -0.3792584739 -0.0689904943 -0.0674081782
-0.3352572040 -0.4089581113 -0.1836182283 -0.0841775339 -0.9093491425 -0.4545906546 -0.5547182628 -0.0841678857 -0.9915071922 -0.8842855187 0.9916400014 -0.3693092776 -0.0632855027 -0.0616441286
-0.3273291438 -0.3988284503 -0.1734917850 -0.0782855497 -0.9018878401 -0.4456739146 -0.5408448892 -0.0783149487 -0.9876215367 -0.8720176325 0.9902219851 -0.3594626353 -0.0579806273 -0.0562789084
-0.3195967820 -0.3887746592 -0.1635575885 -0.0727750386 -0.8941181909 -0.4368530909 -0.5267973177 -0.0728447895 -0.9829823475 -0.8590819653 0.9886973166 -0.3497242829 -0.0530856103 -0.0513222474
-0.3120669575 -0.3788020084 -0.1538226893 -0.0676553893 -0.8860387142 -0.4281336113 -0.5125773551 -0.0677668117 -0.9775791238 -0.8454716398 0.9870669225 -0.3400999563 -0.0486101940 -0.0467838754
