-0.9602055418 -0.9664309201 -0.9652630163 -0.9562402709 -0.9675734107 -0.9705588764 -0.9709661124 -0.9564909334 -0.9768206265 -0.9861940376 0.9628215374 -0.9652883066 -0.9547776429 -0.9545945097
-0.9211899677 -0.9334916555 -0.9311751876 -0.9132732365 -0.9357158685 -0.9416869148 -0.9424542414 -0.9137688030 -0.9539523853 -0.9726357716 0.9261780391 -0.9312288783 -0.9103788393 -0.9100187961
-0.8829465847 -0.9011767619 -0.8977309493 -0.8710924810 -0.9044225996 -0.9133789938 -0.9144598413 -0.8718272402 -0.9313928391 -0.9593225164 0.8900657325 -0.8978161064 -0.8667969352 -0.8662661443
-0.8454687003 -0.8694807948 -0.8649247367 -0.8296915888 -0.8736888303 -0.8856299921 -0.8869783667 -0.8306598764 -0.9091395508 -0.9462515867 0.8544808454 -0.8650443823 -0.8240252768 -0.8233298395
-0.8087496214 -0.8383983098 -0.8327509854 -0.7890641444 -0.8435097868 -0.8584347882 -0.8600052720 -0.7902603431 -0.8871900832 -0.9334202968 0.8194196051 -0.8329080973 -0.7820572103 -0.7812031668
-0.7727826555 -0.8079238625 -0.8012041306 -0.7492037321 -0.8138806953 -0.8317882607 -0.8335360118 -0.7506222718 -0.8655419991 -0.9208259613 0.7848782393 -0.8014016429 -0.7408860816 -0.7398794112
-0.7375611097 -0.7780520086 -0.7702786078 -0.7101039364 -0.7847967821 -0.8056852884 -0.8075660404 -0.7117392937 -0.8441928611 -0.9084658948 0.7508529756 -0.7705194103 -0.7005052370 -0.6993518579
-0.7030782912 -0.7487773035 -0.7399688523 -0.6717583415 -0.7562532735 -0.7801207498 -0.7820908125 -0.6736050404 -0.8231402323 -0.8963374116 0.7173400414 -0.7402557909 -0.6609080225 -0.6596137919
-0.6693275073 -0.7200943029 -0.7102692996 -0.6341605320 -0.7282453956 -0.7550895236 -0.7571057825 -0.6362131433 -0.8023816753 -0.8844378264 0.6843356644 -0.7106051761 -0.6220877844 -0.6206584984
-0.6363020651 -0.6919975624 -0.6811743849 -0.5973040921 -0.7007683748 -0.7305864884 -0.7326064048 -0.5995572338 -0.7819147529 -0.8727644537 0.6518360721 -0.6815619573 -0.5840378686 -0.5824792625
-0.6039952718 -0.6644816375 -0.6526785439 -0.5611826063 -0.6738174373 -0.7066065228 -0.7085881340 -0.5636309434 -0.7617370279 -0.8613146078 0.6198374921 -0.6531205257 -0.5467516214 -0.5450693693
-0.5724004348 -0.6375410839 -0.6247762117 -0.5257896589 -0.6473878093 -0.6831445054 -0.6850464245 -0.5284279034 -0.7418460632 -0.8500856035 0.5883361519 -0.6252752728 -0.5102223889 -0.5084221039
-0.5415108611 -0.6111704571 -0.5974618239 -0.4911188344 -0.6214747170 -0.6601953149 -0.6619767308 -0.4939417454 -0.7222394215 -0.8390747550 0.5573282791 -0.5980205900 -0.4744435171 -0.4725307514
-0.5113198581 -0.5853643127 -0.5707298157 -0.4571637171 -0.5960733868 -0.6377538299 -0.6393745074 -0.4601661007 -0.7029146656 -0.8282793771 0.5268101012 -0.5713508684 -0.4394083522 -0.4373885969
-0.4818207330 -0.5601172064 -0.5445746226 -0.4239178914 -0.5711790449 -0.6158149290 -0.6172352089 -0.4270946008 -0.6838693583 -0.8176967841 0.4967778458 -0.5452604996 -0.4051102403 -0.4029889255
