-0.3944430305 -0.4138194171 -0.3357029183 -0.1464902110 -0.7361728775 -0.3798684077 -0.5087889692 -0.1465970069 -0.9993867371 -0.4181958324 0.3210405223 -0.4218898871 -0.1198128548 -0.1171284744
-0.3735427842 -0.3937539222 -0.3141612294 -0.1199373933 -0.7218118022 -0.3583697816 -0.4906921452 -0.1200464076 -0.9979027080 -0.3969817832 0.2969045467 -0.4019729780 -0.0926558028 -0.0898765655
-0.3528162898 -0.3738657494 -0.2928972426 -0.0938165187 -0.7071981148 -0.3370444311 -0.4726621181 -0.0939276266 -0.9955632172 -0.3758677202 0.2729316082 -0.3822228168 -0.0659587772 -0.0630853990
-0.3322631920 -0.3541542156 -0.2719089009 -0.0681240695 -0.6923381930 -0.3158922499 -0.4546997281 -0.0682371478 -0.9923835697 -0.3548551260 0.2491234780 -0.3626388719 -0.0397179211 -0.0367511285
-0.3118831357 -0.3346186377 -0.2511941468 -0.0428565278 -0.6772384148 -0.2949131320 -0.4368058153 -0.0429714548 -0.9883790702 -0.3339454829 0.2254819272 -0.3432206114 -0.0139293779 -0.0108699074
-0.2916757657 -0.3152583327 -0.2307509230 -0.0180103757 -0.6619051579 -0.2741069712 -0.4189812197 -0.0181270315 -0.9835650234 -0.3131402732 0.2020087267 -0.3239675036 0.0114107092 0.0145621108
-0.2716407267 -0.2960726176 -0.2105771724 0.0064179045 -0.6463448004 -0.2534736615 -0.4012267814 0.0062996383 -0.9779567343 -0.2924409794 0.1787056475 -0.3048790169 0.0363061967 0.0395487727
-0.2517776636 -0.2770608093 -0.1906708376 0.0304318308 -0.6305637201 -0.2330130968 -0.3835433405 0.0303120710 -0.9715695074 -0.2718490839 0.1555744609 -0.2859546194 0.0607609415 0.0640939249
-0.2320862211 -0.2582222247 -0.1710298612 0.0540349209 -0.6145682949 -0.2127251708 -0.3659317372 0.0539137826 -0.9644186478 -0.2513660691 0.1326169377 -0.2671937795 0.0847788003 0.0882014138
-0.2125660440 -0.2395561809 -0.1516521861 0.0772306928 -0.5983649026 -0.1926097776 -0.3483928114 0.0771082895 -0.9565194600 -0.2309934173 0.1098348491 -0.2485959654 0.1083636297 0.1118750861
-0.1932167772 -0.2210619947 -0.1325357549 0.1000226643 -0.5819599212 -0.1726668110 -0.3309274033 0.0998991079 -0.9478872489 -0.2107326109 0.0872299661 -0.2301606454 0.1315192864 0.1351187882
-0.1740380654 -0.2027389830 -0.1136785104 0.1224143532 -0.5653597285 -0.1528961649 -0.3135363529 0.1222897540 -0.9385373193 -0.1905851324 0.0648040597 -0.2118872878 0.1542496272 0.1579363667
-0.1550295534 -0.1845864630 -0.0950783952 0.1444092773 -0.5485707023 -0.1332977332 -0.2962205004 0.1442837441 -0.9284849760 -0.1705524641 0.0425589010 -0.1937753607 0.1765585087 0.1803316682
-0.1361908861 -0.1666037514 -0.0767333520 0.1660109546 -0.5315992207 -0.1138714098 -0.2789806859 0.1658845943 -0.9177455237 -0.1506360884 0.0204962610 -0.1758243326 0.1984497877 0.2023085391
-0.1175217081 -0.1487901653 -0.0586413237 0.1872229028 -0.5144516615 -0.0946170885 -0.2618177494 0.1870958209 -0.9063342672 -0.1308374877 -0.0013820892 -0.1580336716 0.2199273209 0.2238708262
