0.2040723338 0.1357541947 0.2812539062 0.2272394983 -0.3524548070 0.0871558570 0.2095960078 0.2253573946 -0.4467360490 -0.3762162765 0.3255502143 0.1072114629 0.2312965763 0.2328464072
0.1826460964 0.1172376104 0.2607304148 0.2042523595 -0.3585429028 0.0686132393 0.2046248943 0.2024154097 -0.4184503212 -0.3672431569 0.3385470373 0.0892742290 0.2080474546 0.2095657635
0.1599604493 0.0974336281 0.2387769902 0.1800494391 -0.3653440556 0.0488879106 0.1987420373 0.1782589532 -0.3893724727 -0.3584341903 0.3521803899 0.0700757306 0.1835895158 0.1850748877
0.1359958546 0.0763214243 0.2153708400 0.1546123996 -0.3728720140 0.0279609221 0.1919305601 0.1528696989 -0.3594964219 -0.3497964596 0.3664609757 0.0495954537 0.1579046177 0.1593556205
0.1107327747 0.0538801751 0.1904891717 0.1279229036 -0.3811405269 0.0058133248 0.1841735854 0.1262293202 -0.3288160867 -0.3413370476 0.3813994982 0.0278128841 0.1309746177 0.1323898029
0.0841516716 0.0300890570 0.1641091932 0.0999626137 -0.3901633428 -0.0175738301 0.1754542365 0.0983194910 -0.2973253854 -0.3330630370 0.3970066610 0.0047075078 0.1027813736 0.1041592757
0.0562330077 0.0049272463 0.1362081119 0.0707131922 -0.3999542107 -0.0422194917 0.1657556362 0.0691218849 -0.2650182360 -0.3249815106 0.4132931678 -0.0197411892 0.0733067429 0.0746458798
0.0269572450 -0.0216260807 0.1067631357 0.0401563017 -0.4105268792 -0.0681426086 0.1550609077 0.0386181757 -0.2318885568 -0.3170995512 0.4302697221 -0.0455537208 0.0425325832 0.0438314560
-0.0036951541 -0.0495917477 0.0757514722 0.0082736048 -0.4218950971 -0.0953621300 0.1433531738 0.0067900369 -0.1979302657 -0.3094242415 0.4479470275 -0.0727506013 0.0104407520 0.0116978453
-0.0357437276 -0.0789905783 0.0431503290 -0.0249532360 -0.4340726131 -0.1238970046 0.1306155577 -0.0263808577 -0.1631372811 -0.3019626643 0.4663357876 -0.1013523445 -0.0229868929 -0.0217731116
-0.0692080131 -0.1098433962 0.0089369137 -0.0595425583 -0.4470731761 -0.1537661815 0.1168311824 -0.0609128344 -0.1275035209 -0.2947219023 0.4854467060 -0.1313794645 -0.0577684941 -0.0565995737
-0.1041075485 -0.1421710250 -0.0269115659 -0.0955126994 -0.4609105347 -0.1849886094 0.1019831708 -0.0968242196 -0.0910229033 -0.2877090384 0.5052904862 -0.1628524753 -0.0939221939 -0.0927997001
-0.1404618715 -0.1759942884 -0.0644179022 -0.1328819970 -0.4755984378 -0.2175832373 0.0860546460 -0.1341333396 -0.0536893466 -0.2809311553 0.5258778319 -0.1957918911 -0.1314661348 -0.1303916502
-0.1782905200 -0.2113340102 -0.1036048876 -0.1716687884 -0.4911506339 -0.2515690141 0.0690287309 -0.1728585207 -0.0154967687 -0.2743953358 0.5472194466 -0.2302182257 -0.1704184590 -0.1693935828
-0.2176130318 -0.2482110139 -0.1444953143 -0.2118914111 -0.5075808721 -0.2869648887 0.0508885487 -0.2130180892 0.0235609122 -0.2681086626 0.5693260340 -0.2661519933 -0.2107973092 -0.2098236573
