-0.2827237551 -0.3487298026 -0.3080670113 -0.1144004129 -0.5475793853 -0.3535422082 -0.4661397252 -0.1106123812 -0.7937227924 -0.7547948785 0.4439386729 -0.3559100482 -0.0968096248 -0.1025706633
-0.3047396981 -0.3709401097 -0.3308601074 -0.1378765448 -0.5659703789 -0.3758238257 -0.4872589277 -0.1341417119 -0.8076043489 -0.7669731711 0.4651432700 -0.3780393057 -0.1203783273 -0.1260301913
-0.3265670515 -0.3929155081 -0.3534440854 -0.1612676360 -0.5840050672 -0.3978665600 -0.5080609179 -0.1575882949 -0.8209524138 -0.7789199499 0.4860481541 -0.3999289325 -0.1438725728 -0.1494117651
-0.3481976753 -0.4146472488 -0.3758091547 -0.1845627975 -0.6016817979 -0.4196614829 -0.5285384751 -0.1809411405 -0.8337723315 -0.7906285820 0.5066461350 -0.4215703150 -0.1672812817 -0.1727045090
-0.3696234300 -0.4361265825 -0.3979455247 -0.2077511404 -0.6189989190 -0.4411996663 -0.5486843784 -0.2041892590 -0.8460694461 -0.8020924343 0.5269300225 -0.4429548396 -0.1905933744 -0.1958975476
-0.3908361759 -0.4573447604 -0.4198434047 -0.2308217758 -0.6359547783 -0.4624721821 -0.5684914070 -0.2273216610 -0.8578491020 -0.8133048739 0.5468926265 -0.4640738928 -0.2137977714 -0.2189800050
-0.4118277732 -0.4782930332 -0.4414930042 -0.2537638148 -0.6525477235 -0.4834701023 -0.5879523400 -0.2503273566 -0.8691166434 -0.8242592677 0.5665267566 -0.4849188611 -0.2368833931 -0.2419410058
-0.4325900823 -0.4989626519 -0.4628845326 -0.2765663685 -0.6687761026 -0.5041844986 -0.6070599566 -0.2731953564 -0.8798774147 -0.8349489826 0.5858252228 -0.5054811310 -0.2598391598 -0.2647696744
-0.4531149634 -0.5193448674 -0.4840081993 -0.2992185479 -0.6846382632 -0.5246064429 -0.6258070359 -0.2959146708 -0.8901367601 -0.8453673857 0.6047808348 -0.5257520889 -0.2826539922 -0.2874551350
-0.4733942770 -0.5394309306 -0.5048542136 -0.3217094643 -0.7001325533 -0.5447270072 -0.6441863571 -0.3184743100 -0.8999000239 -0.8555078440 0.6233864024 -0.5457231213 -0.3053168105 -0.3099865122
-0.4934198832 -0.5592120925 -0.5254127850 -0.3440282286 -0.7152573207 -0.5645372633 -0.6621906993 -0.3408632845 -0.9091725503 -0.8653637244 0.6416347354 -0.5653856146 -0.3278165352 -0.3323529303
-0.5131836425 -0.5786796040 -0.5456741229 -0.3661639521 -0.7300109132 -0.5840282831 -0.6798128418 -0.3630706047 -0.9179596837 -0.8749283939 0.6595186437 -0.5847309554 -0.3501420868 -0.3545435137
-0.5326774150 -0.5978247159 -0.5656284366 -0.3881057456 -0.7443916786 -0.6031911385 -0.6970455636 -0.3850852810 -0.9262667683 -0.8841952194 0.6770309370 -0.6037505300 -0.3722823857 -0.3765473868
-0.5518930612 -0.6166386793 -0.5852659355 -0.4098427205 -0.7583979648 -0.6220169013 -0.7138816440 -0.4068963236 -0.9340991484 -0.8931575680 0.6941644252 -0.6224357251 -0.3942263523 -0.3983536739
-0.5708224413 -0.6351127449 -0.6045768291 -0.4313639877 -0.7720281195 -0.6404966435 -0.7303138621 -0.4284927431 -0.9414621683 -0.9018088067 0.7109119179 -0.6407779270 -0.4159629070 -0.4199514995
