-0.6600566870 -0.8842051843 -0.8431752679 -0.5449262751 -0.6857358055 -0.8858039896 -0.9309120088 -0.5458009484 -0.3420138249 -0.6518909626 0.6530650594 -0.8790167190 -0.5483129830 -0.5410784692
-0.6748025839 -0.8896408293 -0.8503606897 -0.5659556180 -0.6823490668 -0.8907006807 -0.9305547086 -0.5668297575 -0.3337978426 -0.6477905616 0.6489760870 -0.8844707276 -0.5692738211 -0.5620699343
-0.6891924322 -0.8949489351 -0.8573751142 -0.5864259923 -0.6790896493 -0.8954984609 -0.9302249433 -0.5872987347 -0.3258290368 -0.6438210859 0.6450174561 -0.8898034545 -0.5896724134 -0.5825062298
-0.7032281839 -0.9001292672 -0.8642187246 -0.6063417629 -0.6759549710 -0.9001967494 -0.9299209932 -0.6072122477 -0.3181039964 -0.6399800272 0.6411866646 -0.8950145736 -0.6095133326 -0.6023918242
-0.7169117912 -0.9051815914 -0.8708917042 -0.6257072944 -0.6729424493 -0.9047949657 -0.9296411382 -0.6265746640 -0.3106193105 -0.6362648774 0.6374812103 -0.9001037593 -0.6288011513 -0.6217311865
-0.7302452061 -0.9101056731 -0.8773942363 -0.6445269515 -0.6700495021 -0.9092925294 -0.9293836587 -0.6453903511 -0.3033715682 -0.6326731280 0.6338985912 -0.9050706855 -0.6475404423 -0.6405287854
-0.7432303807 -0.9149012779 -0.8837265043 -0.6628050989 -0.6672735469 -0.9136888598 -0.9291468348 -0.6636636767 -0.2963573584 -0.6292022710 0.6304363051 -0.9099150265 -0.6657357781 -0.6587890896
-0.7558692671 -0.9195681715 -0.8898886914 -0.6805461014 -0.6646120015 -0.9179833766 -0.9289289466 -0.6813990083 -0.2895732702 -0.6258497980 0.6270918499 -0.9146364563 -0.6833917313 -0.6765165680
-0.7681638173 -0.9241061195 -0.8958809810 -0.6977543237 -0.6620622836 -0.9221754991 -0.9287282743 -0.6986007135 -0.2830158927 -0.6226132008 0.6238627234 -0.9192346491 -0.7005128748 -0.6937156892
-0.7801159834 -0.9285148873 -0.9017035564 -0.7144341305 -0.6596218109 -0.9262646468 -0.9285430980 -0.7152731599 -0.2766818150 -0.6194899711 0.6207464237 -0.9237092789 -0.7171037810 -0.7103909222
-0.7917277175 -0.9327942407 -0.9073566009 -0.7305898865 -0.6572880009 -0.9302502392 -0.9283716979 -0.7314207150 -0.2705676259 -0.6164776006 0.6177404486 -0.9280600200 -0.7331690227 -0.7265467356
-0.8030009717 -0.9369439452 -0.9128402978 -0.7462259564 -0.6550582715 -0.9341316957 -0.9282123542 -0.7470477464 -0.2646699147 -0.6135735812 0.6148422958 -0.9322865464 -0.7487131725 -0.7421875982
-0.8139376980 -0.9409637664 -0.9181548304 -0.7613467049 -0.6529300403 -0.9379084359 -0.9280633471 -0.7621586218 -0.2589852703 -0.6107754045 0.6120494635 -0.9363885323 -0.7637408030 -0.7573179788
-0.8245398486 -0.9448534699 -0.9233003820 -0.7759564968 -0.6509007250 -0.9415798792 -0.9279229566 -0.7767577086 -0.2535102818 -0.6080805623 0.6093594493 -0.9403656517 -0.7782564869 -0.7719423461
-0.8348093754 -0.9486128213 -0.9282771359 -0.7900596967 -0.6489677432 -0.9451454451 -0.9277894629 -0.7908493745 -0.2482415383 -0.6054865463 0.6067697513 -0.9442175789 -0.7922647969 -0.7860651691
