-0.9900049146 -0.6432169263 -0.6738646349 -0.9993566469 -0.8011817252 -0.6016802033 -0.4735101646 -0.9990320361 -0.6145403755 -0.2904912992 0.3792640684 -0.6275213008 -0.9944225053 -0.9939371604
-0.9880629835 -0.6310782710 -0.6617014655 -0.9986968084 -0.7964433061 -0.5890457579 -0.4606004692 -0.9982555040 -0.6089875862 -0.2779330170 0.3662564065 -0.6149835272 -0.9958253013 -0.9954068250
-0.9859436274 -0.6187134419 -0.6492871494 -0.9978089919 -0.7916531617 -0.5761900301 -0.4475150072 -0.9972488378 -0.6034147038 -0.2652498612 0.3531025863 -0.6022140103 -0.9970290279 -0.9966766711
-0.9836456438 -0.6061213397 -0.6366202143 -0.9966912954 -0.7868114359 -0.5631119546 -0.4342531082 -0.9960101200 -0.5978221867 -0.2524414632 0.3398022696 -0.5892116117 -0.9980319244 -0.9977449207
-0.9811678304 -0.5933008653 -0.6236991879 -0.9953418163 -0.7819182726 -0.5498104663 -0.4208141023 -0.9945374336 -0.5922104933 -0.2395074544 0.3263551183 -0.5759751933 -0.9988322303 -0.9986097962
-0.9785089846 -0.5802509194 -0.6105225978 -0.9937586523 -0.7769738157 -0.5362845001 -0.4071973189 -0.9928288612 -0.5865800819 -0.2264474661 0.3127607940 -0.5625036167 -0.9994281853 -0.9992695196
-0.9756679041 -0.5669704028 -0.5970889717 -0.9919399011 -0.7719782092 -0.5225329908 -0.3934020881 -0.9908824855 -0.5809314110 -0.2132611298 0.2990189586 -0.5487957437 -0.9998180287 -0.9997223133
-0.9726433864 -0.5534582162 -0.5833968373 -0.9898836604 -0.7669315968 -0.5085548732 -0.3794277395 -0.9886963894 -0.5752649388 -0.1999480769 0.2851292739 -0.5348504361 -1.0000000000 -0.9999663994
-0.9694342291 -0.5397132605 -0.5694447221 -0.9875880278 -0.7618341225 -0.4943490823 -0.3652736028 -0.9862686554 -0.5695811239 -0.1865079387 0.2710914018 -0.5206665554 -0.9999723388 -1.0000000000
-0.9660392297 -0.5257344364 -0.5552311539 -0.9850511010 -0.7566859303 -0.4799145528 -0.3509390079 -0.9835973663 -0.5638804246 -0.1729403466 0.2569050039 -0.5062429636 -0.9997332844 -0.9998213374
-0.9624571859 -0.5115206446 -0.5407546603 -0.9822709776 -0.7514871639 -0.4652502196 -0.3364232846 -0.9806806050 -0.5581632992 -0.1592449320 0.2425697421 -0.4915785222 -0.9992810765 -0.9994286337
-0.9586868952 -0.4970707861 -0.5260137690 -0.9792457553 -0.7462379673 -0.4503550176 -0.3217257625 -0.9775164540 -0.5524302062 -0.1454213264 0.2280852783 -0.4766720931 -0.9986139545 -0.9988201112
-0.9547271552 -0.4823837614 -0.5110070076 -0.9759735317 -0.7409384844 -0.4352278816 -0.3068457715 -0.9741029962 -0.5466816039 -0.1314691610 0.2134512741 -0.4615225379 -0.9977301579 -0.9979939920
-0.9505767634 -0.4674584715 -0.4957329038 -0.9724524045 -0.7355888591 -0.4198677464 -0.2917826414 -0.9704383142 -0.5409179507 -0.1173880673 0.1986673914 -0.4461287184 -0.9966279262 -0.9969484983
-0.9462345174 -0.4522938170 -0.4801899853 -0.9686804714 -0.7301892353 -0.4042735470 -0.2765357018 -0.9665204909 -0.5351397050 -0.1031776767 0.1837332921 -0.4304894963 -0.9953054989 -0.9956818523
