-0.2953935951 -0.4413414261 -0.4280396458 -0.0781919425 -0.6690183067 -0.4725250678 -0.5421255775 -0.0792995436 -0.8514505527 -0.7722237182 0.6229430217 -0.4760875551 -0.0299632504 -0.0088961802
-0.2832783538 -0.4277661116 -0.4141857788 -0.0658531677 -0.6592729393 -0.4592597255 -0.5294084082 -0.0669402393 -0.8448811641 -0.7634076737 0.6114707325 -0.4629223336 -0.0181844285 0.0027928677
-0.2711758100 -0.4141704004 -0.4003096198 -0.0535501296 -0.6494858030 -0.4459628404 -0.5166256368 -0.0546165965 -0.8382178961 -0.7544520677 0.5999170999 -0.4497271718 -0.0064452723 0.0144402321
-0.2590918198 -0.4005601436 -0.3864170325 -0.0412888111 -0.6396617061 -0.4326400138 -0.5037821624 -0.0423346039 -0.8314639931 -0.7453584967 0.5882865205 -0.4365076826 0.0052483946 0.0260401116
-0.2470322393 -0.3869411921 -0.3725138805 -0.0290751950 -0.6298054568 -0.4192968470 -0.4908828843 -0.0301002505 -0.8246226995 -0.7361285571 0.5765833913 -0.4232694791 0.0168907484 0.0375867043
-0.2350029245 -0.3733193966 -0.3586060274 -0.0169152643 -0.6199218634 -0.4059389413 -0.4779327017 -0.0179195251 -0.8176972597 -0.7267638454 0.5648121090 -0.4100181741 0.0284759656 0.0490742086
-0.2230097314 -0.3597006081 -0.3446993368 -0.0048150017 -0.6100157341 -0.3925718981 -0.4649365138 -0.0057984168 -0.8106909179 -0.7172659582 0.5529770704 -0.3967593806 0.0399982225 0.0604968227
-0.2110585163 -0.3460906775 -0.3307996725 0.0072196097 -0.6000918772 -0.3792013186 -0.4518992199 0.0062570857 -0.8036069186 -0.7076364920 0.5410826722 -0.3834987115 0.0514516954 0.0718487451
-0.1991551350 -0.3324954557 -0.3169128979 0.0191825871 -0.5901551009 -0.3658328042 -0.4388257190 0.0182409934 -0.7964485060 -0.6978770432 0.5291333113 -0.3702417799 0.0628305607 0.0831241739
-0.1873054438 -0.3189207936 -0.3030448769 0.0310679477 -0.5802102134 -0.3524719561 -0.4257209105 0.0301473174 -0.7892189244 -0.6879892084 0.5171333845 -0.3569941986 0.0741289947 0.0943173074
-0.1755152986 -0.3053725420 -0.2892014729 0.0428697085 -0.5702620231 -0.3391243758 -0.4125896936 0.0419700689 -0.7819214184 -0.6779745840 0.5050872885 -0.3437615806 0.0853411738 0.1054223441
-0.1637905556 -0.2918565519 -0.2753885496 0.0545818866 -0.5603153382 -0.3257956644 -0.3994369675 0.0537032589 -0.7745592321 -0.6678347665 0.4929994201 -0.3305495388 0.0964612742 0.1164334821
-0.1521370708 -0.2783786741 -0.2616119707 0.0661984993 -0.5503749669 -0.3124914234 -0.3862676313 0.0653408986 -0.7671356100 -0.6575713525 0.4808741761 -0.3173636863 0.1074834724 0.1273449198
-0.1405607003 -0.2649447596 -0.2478775998 0.0777135635 -0.5404457175 -0.2992172540 -0.3730865844 0.0768769989 -0.7596537963 -0.6471859384 0.4687159533 -0.3042096359 0.1184019447 0.1381508555
-0.1290673002 -0.2515606591 -0.2341913004 0.0891210965 -0.5305323982 -0.2859787576 -0.3598987259 0.0883055712 -0.7521170355 -0.6366801207 0.4565291485 -0.2910930006 0.1292108673 0.1488454875
