-0.2630153823 -0.1632646535 -0.5653549460 -0.6232723442 0.1693195562 -0.0824763457 -0.0436644199 -0.6205215392 0.3468943045 0.1577648918 -0.0807477297 -0.2129605036 -0.6280564328 -0.6144493170
-0.2763102023 -0.1755057760 -0.5749668632 -0.6346175502 0.1555953867 -0.0962179458 -0.0550010638 -0.6318923731 0.3330694268 0.1430153445 -0.0668850969 -0.2250375542 -0.6396993110 -0.6258526255
-0.2897266616 -0.1879815147 -0.5845752419 -0.6458581902 0.1414177626 -0.1102112977 -0.0666964437 -0.6431600288 0.3186524170 0.1278539675 -0.0526441413 -0.2373147040 -0.6512243972 -0.6371565809
-0.3032660496 -0.2006956480 -0.5941804776 -0.6569921299 0.1267794384 -0.1244599190 -0.0787569753 -0.6543223880 0.3036335101 0.1122746774 -0.0380190567 -0.2497951575 -0.6626291987 -0.6483591226
-0.3169296555 -0.2136519542 -0.6037829657 -0.6680172350 0.1116731689 -0.1389673276 -0.0911890743 -0.6653773319 0.2880029412 0.0962713907 -0.0230040369 -0.2624821195 -0.6739112226 -0.6594581903
-0.3307187686 -0.2268542116 -0.6133831018 -0.6789313712 0.0960917087 -0.1537370414 -0.1039991561 -0.6763227419 0.2717509455 0.0798380241 -0.0075932758 -0.2753787946 -0.6850679763 -0.6704517233
-0.3446346781 -0.2403061987 -0.6229812813 -0.6897324040 0.0800278123 -0.1687725779 -0.1171936366 -0.6871564996 0.2548677580 0.0629684941 0.0082190329 -0.2884883874 -0.6960969671 -0.6813376613
-0.3586786733 -0.2540116937 -0.6325778997 -0.7004181991 0.0634742345 -0.1840774552 -0.1307789313 -0.6978764862 0.2373436138 0.0456567172 0.0244386953 -0.3018141026 -0.7069957022 -0.6921139435
-0.3728520435 -0.2679744750 -0.6421733525 -0.7109866223 0.0464237298 -0.1996551909 -0.1447614558 -0.7084805833 0.2191687480 0.0278966101 0.0410715176 -0.3153591449 -0.7177616889 -0.7027785096
-0.3871560780 -0.2821983210 -0.6517680352 -0.7214355391 0.0288690529 -0.2155093028 -0.1591476259 -0.7189666722 0.2003333958 0.0096820893 0.0581233059 -0.3291267189 -0.7283924345 -0.7133292991
-0.4015920660 -0.2966870100 -0.6613623433 -0.7317628152 0.0108029583 -0.2316433088 -0.1739438571 -0.7293326343 0.1808277922 -0.0089929286 0.0755998665 -0.3431200293 -0.7388854462 -0.7237642513
-0.4161612969 -0.3114443204 -0.6709566722 -0.7419663163 -0.0077817992 -0.2480607267 -0.1891565651 -0.7395763510 0.1606421723 -0.0281345270 0.0935070055 -0.3573422808 -0.7492382312 -0.7340813059
-0.4308650598 -0.3264740304 -0.6805514174 -0.7520439080 -0.0268924651 -0.2647650741 -0.2047921655 -0.7496957038 0.1397667712 -0.0477487895 0.1118505291 -0.3717966779 -0.7594482970 -0.7442784023
-0.4457046440 -0.3417799186 -0.6901469744 -0.7619934560 -0.0465362847 -0.2817598689 -0.2208570740 -0.7596885740 0.1181918240 -0.0678417993 0.1306362435 -0.3864864254 -0.7695131507 -0.7543534800
-0.4606813388 -0.3573657631 -0.6997437387 -0.7718128259 -0.0667205034 -0.2990486290 -0.2373577062 -0.7695528431 0.0959075658 -0.0884196400 0.1498699549 -0.4014147279 -0.7794302996 -0.7643044785
