0.2947559901 -0.0649421526 -0.0821159486 0.3509584824 -0.4231284749 -0.2698965182 -0.6822771508 0.3475989462 -0.8695287702 -0.9717073021 0.8301613691 -0.1394294787 0.3557281345 0.3662587384
0.3132314354 -0.0410926959 -0.0568051969 0.3674326887 -0.3982869855 -0.2407286617 -0.6548672070 0.3641687397 -0.8571080361 -0.9689075418 0.8145902831 -0.1123201510 0.3724419572 0.3825072251
0.3314416037 -0.0175342461 -0.0318237273 0.3836834027 -0.3736531561 -0.2119384573 -0.6277009597 0.3805133523 -0.8446019335 -0.9660693692 0.7990029850 -0.0855739753 0.3889220390 0.3985328611
0.3493872919 0.0057339049 -0.0071704936 0.3997110783 -0.3492272865 -0.1835245727 -0.6007779562 0.3966332509 -0.8320122894 -0.9631926777 0.7834007801 -0.0591896413 0.4051689365 0.4143361098
0.3670692967 0.0287124651 0.0171555507 0.4155161699 -0.3250096767 -0.1554856757 -0.5740977436 0.4125289025 -0.8193409307 -0.9602773604 0.7677849739 -0.0331658386 0.4211832068 0.4299174345
0.3844884146 0.0514021423 0.0411554518 0.4310991314 -0.3010006265 -0.1278204340 -0.5476598692 0.4282007739 -0.8065896845 -0.9573233106 0.7521568714 -0.0075012571 0.4369654066 0.4452772987
0.4016454425 0.0738036446 0.0648302561 0.4464604171 -0.2772004357 -0.1005275153 -0.5214638802 0.4436493319 -0.7937603777 -0.9543304213 0.7365177782 0.0178054136 0.4525160928 0.4604161656
0.4185411769 0.0959176800 0.0881810099 0.4616004810 -0.2536094042 -0.0736055875 -0.4955093238 0.4588750434 -0.7808548374 -0.9512985860 0.7208689995 0.0427554838 0.4678358223 0.4753344986
0.4351764147 0.1177449563 0.1112087595 0.4765197773 -0.2302278319 -0.0470533183 -0.4697957472 0.4738783753 -0.7678748906 -0.9482276978 0.7052118406 0.0673502638 0.4829251520 0.4900327612
0.4515519525 0.1392861816 0.1339145514 0.4912187601 -0.2070560185 -0.0208693753 -0.4443226976 0.4886597946 -0.7548223642 -0.9451176498 0.6895476068 0.0915910638 0.4977846386 0.5045114166
0.4676685869 0.1605420639 0.1562994318 0.5056978836 -0.1840942641 0.0049475736 -0.4190897223 0.5032197679 -0.7416990853 -0.9419683354 0.6738776034 0.1154791943 0.5124148392 0.5187709284
0.4835271148 0.1815133110 0.1783644470 0.5199576018 -0.1613428683 0.0303988607 -0.3940963685 0.5175587623 -0.7285068808 -0.9387796477 0.6582031358 0.1390159654 0.5268163104 0.5328117597
0.4991283327 0.2022006310 0.2001106434 0.5339983689 -0.1388021311 0.0554858183 -0.3693421833 0.5316772446 -0.7152475778 -0.9355514800 0.6425255092 0.1622026875 0.5409896092 0.5466343741
0.5144730375 0.2226047318 0.2215390673 0.5478206390 -0.1164723523 0.0802097786 -0.3448267141 0.5455756817 -0.7019230032 -0.9322837254 0.6268460290 0.1850406708 0.5549352924 0.5602392348
0.5295620257 0.2427263214 0.2426507651 0.5614248663 -0.0943538319 0.1045720738 -0.3205495080 0.5592545404 -0.6885349840 -0.9289762772 0.6111660005 0.2075312257 0.5686539170 0.5736268053
