-0.1922559866 -0.6036506001 -0.9179539966 0.1290420494 -0.4231897680 -0.6685414768 -0.7973666121 0.1363104499 -0.5846879229 -0.6382675524 0.6553967008 -0.6569036104 0.1664859995 0.1616062608
-0.1968279976 -0.6212377780 -0.9247886786 0.1333230172 -0.4437430879 -0.6840918960 -0.8078580129 0.1406047757 -0.6007495841 -0.6431928413 0.6639684030 -0.6728484288 0.1710685866 0.1664776051
-0.2013763754 -0.6385464141 -0.9313441948 0.1375640890 -0.4641349030 -0.6993811922 -0.8181747068 0.1448579846 -0.6166757733 -0.6479930471 0.6724079593 -0.6885143393 0.1756047193 0.1713029697
-0.2059033270 -0.6555674098 -0.9376179915 0.1417585987 -0.4843519400 -0.7144003564 -0.8283072844 0.1490634028 -0.6324540657 -0.6526610795 0.6807064669 -0.7038934314 0.1800875743 0.1760753893
-0.2104110590 -0.6722916668 -0.9436075148 0.1458998807 -0.5043809261 -0.7291403798 -0.8382463363 0.1532143561 -0.6480720365 -0.6571898487 0.6888550226 -0.7189777943 0.1845103286 0.1807878983
-0.2149017781 -0.6887100864 -0.9493102110 0.1499812691 -0.5242085881 -0.7435922535 -0.8479824531 0.1573041708 -0.6635172610 -0.6615722646 0.6968447235 -0.7337595173 0.1888661589 0.1854335314
-0.2193776912 -0.7048135703 -0.9547235263 0.1539960981 -0.5438216530 -0.7577469685 -0.8575062254 0.1613261729 -0.6787773145 -0.6658012372 0.7046666666 -0.7482306898 0.1931482421 0.1900053229
-0.2238410049 -0.7205930199 -0.9598449070 0.1579377018 -0.5632068478 -0.7715955161 -0.8668082439 0.1652736884 -0.6938397721 -0.6698696765 0.7123119489 -0.7623834011 0.1973497549 0.1944963075
-0.2282939259 -0.7360393368 -0.9646717992 0.1617994145 -0.5823508993 -0.7851288874 -0.8758790991 0.1691400434 -0.7086922092 -0.6737704925 0.7197716674 -0.7762097405 0.2014638743 0.1988995198
-0.2327386611 -0.7511434224 -0.9692016491 0.1655745703 -0.6012405346 -0.7983380733 -0.8847093818 0.1729185639 -0.7233222008 -0.6774965951 0.7270369190 -0.7897017972 0.2054837771 0.2032079941
-0.2371774171 -0.7658961784 -0.9734319031 0.1692565035 -0.6198624806 -0.8112140652 -0.8932896825 0.1766025761 -0.7377173224 -0.6810408945 0.7340988008 -0.8028516608 0.2094026400 0.2074147652
-0.2416124007 -0.7802885061 -0.9773600073 0.1728385481 -0.6382034643 -0.8237478540 -0.9016105918 0.1801854060 -0.7518651490 -0.6843963005 0.7409484098 -0.8156514203 0.2132136400 0.2115128674
-0.2460458186 -0.7943113072 -0.9809834079 0.1763140384 -0.6562502125 -0.8359304309 -0.9096627004 0.1836603796 -0.7657532560 -0.6875557232 0.7475768429 -0.8280931653 0.2169099537 0.2154953354
-0.2504798775 -0.8079554831 -0.9842995512 0.1796763086 -0.6739894523 -0.8477527870 -0.9174365988 0.1870208231 -0.7793692186 -0.6905120725 0.7539751971 -0.8401689849 0.2204847582 0.2193552037
-0.2549167843 -0.8212119354 -0.9873058834 0.1829186928 -0.6914079106 -0.8592059135 -0.9249228778 0.1902600624 -0.7927006120 -0.6932582584 0.7601345695 -0.8518709685 0.2239312301 0.2230855068
