0.4799778142 0.5300961424 0.5581918561 0.4817891057 0.7030934272 0.5288389307 0.6123602929 0.4827847352 -0.2173681725 0.7705904769 0.0050667295 0.5377716786 0.4823652040 0.4805658891
0.5104555417 0.5582490037 0.5849437190 0.5120325371 0.7185733920 0.5569077189 0.6363897029 0.5129719820 -0.2654329551 0.7865937056 0.0321035357 0.5653558049 0.5124420929 0.5107548904
0.5419061294 0.5871927498 0.6123983580 0.5432636375 0.7348775459 0.5857922203 0.6609550517 0.5441447057 -0.3146556559 0.8026560142 0.0594497330 0.5937332136 0.5435244562 0.5419518227
0.5743427746 0.6169378020 0.6405649201 0.5754959370 0.7520201359 0.6155033364 0.6860630907 0.5763164103 -0.3650482372 0.8187773700 0.0871033315 0.6229145143 0.5756261956 0.5741706046
0.6077786740 0.6474945812 0.6694525519 0.6087429658 0.7700154088 0.6460519686 0.7117205715 0.6095005995 -0.4166226614 0.8349577400 0.1150623415 0.6529103164 0.6087612126 0.6074251547
0.6422270249 0.6788735086 0.6990704003 0.6430182540 0.7888776113 0.6774490184 0.7379342455 0.6437107772 -0.4693908911 0.8511970916 0.1433247730 0.6837312295 0.6429434088 0.6417293917
0.6777010242 0.7110850052 0.7294276121 0.6783353318 0.8086209904 0.7097053873 0.7647108642 0.6789604474 -0.5233648886 0.8674953917 0.1718886364 0.7153878629 0.6781866858 0.6770972340
0.7142138688 0.7441394921 0.7605333339 0.7147077294 0.8292597929 0.7428319767 0.7920571791 0.7152631139 -0.5785566163 0.8838526075 0.2007519417 0.7478908261 0.7145049452 0.7135426003
0.7517787558 0.7780473904 0.7923967127 0.7521489769 0.8508082656 0.7768396881 0.8199799417 0.7526322805 -0.6349780366 0.9002687063 0.2299126992 0.7812507287 0.7519120886 0.7510794093
0.7904088821 0.8128191211 0.8250268951 0.7906726046 0.8732806554 0.8117394229 0.8484859033 0.7910814512 -0.6926411121 0.9167436551 0.2593689190 0.8154781801 0.7904220174 0.7897215795
0.8301174449 0.8484651055 0.8584330280 0.8302921425 0.8966912091 0.8475420827 0.8775818156 0.8306241297 -0.7515578050 0.9332774211 0.2891186113 0.8505837897 0.8300486334 0.8294830295
0.8709176411 0.8849957644 0.8926242582 0.8710211208 0.9210541736 0.8842585688 0.9072744299 0.8712738200 -0.8117400778 0.9498699714 0.3191597863 0.8865781670 0.8708058381 0.8703776780
0.9128226677 0.9224215191 0.9276097324 0.9128730697 0.9463837957 0.9218997828 0.9375704978 0.9130440259 -0.8731998930 0.9665212733 0.3494904542 0.9234719215 0.9127075330 0.9124194435
0.9558457216 0.9607527906 0.9633985974 0.9558615194 0.9726943222 0.9604766260 0.9684767706 0.9559482513 -0.9359492129 0.9832312937 0.3801086251 0.9612756627 0.9557676198 0.9556222446
1.0000000000 1.0000000000 1.0000000000 1.0000000000 1.0000000000 1.0000000000 1.0000000000 1.0000000000 -1.0000000000 1.0000000000 0.4110123093 1.0000000000 1.0000000000 1.0000000000
