0.2927680353 0.2958536173 0.2895172395 0.2730661594 0.3125253208 0.2997419424 0.1016875156 0.2749822175 0.2960864213 -0.4844380850 -0.0519494875 0.2999516085 0.2736036509 0.2722477860
0.2682589229 0.2712652526 0.2647361117 0.2480348558 0.2884416562 0.2752439373 0.0812789768 0.2500004292 0.2730118725 -0.4940505055 -0.0320628985 0.2754841140 0.2486102481 0.2472126691
0.2440294359 0.2469440791 0.2402268022 0.2233020006 0.2646129356 0.2510086560 0.0610751650 0.2253151823 0.2501610881 -0.5035816866 -0.0123804295 0.2512806039 0.2239161730 0.2224778357
0.2200783347 0.2228892077 0.2159884176 0.1988661731 0.2410382953 0.2270352700 0.0410756918 0.2009250761 0.2275336268 -0.5130313578 0.0070983277 0.2273402010 0.1995199625 0.1980418216
0.1964043795 0.1990997496 0.1920200644 0.1747259528 0.2177168716 0.2033229512 0.0212801689 0.1768287100 0.2051290470 -0.5223992486 0.0263737815 0.2036620280 0.1754201534 0.1739031629
0.1730063308 0.1755748158 0.1683208489 0.1508799189 0.1946478008 0.1798708711 0.0016882079 0.1530246831 0.1829469073 -0.5316850886 0.0454463403 0.1802452076 0.1516152826 0.1500603956
0.1498829490 0.1523135173 0.1448898777 0.1273266508 0.1718302192 0.1566782017 -0.0177005795 0.1295115949 0.1609867663 -0.5408886073 0.0643164123 0.1570888624 0.1281038868 0.1265120557
0.1270329945 0.1293149653 0.1217262573 0.1040647277 0.1492632632 0.1337441145 -0.0368865817 0.1062880444 0.1392481826 -0.5500095342 0.0829844059 0.1341921152 0.1048845029 0.1032566793
0.1044552275 0.1065782708 0.0988290940 0.0810927289 0.1269460690 0.1110677813 -0.0558701870 0.0833526311 0.1177307148 -0.5590475988 0.1014507293 0.1115540888 0.0819556678 0.0802928023
0.0821484086 0.0841025448 0.0761974944 0.0584092339 0.1048777730 0.0886483738 -0.0746517838 0.0607039543 0.0964339213 -0.5680025307 0.1197157910 0.0891739057 0.0593159182 0.0576189606
0.0601112980 0.0618868984 0.0538305650 0.0360128219 0.0830575115 0.0664850637 -0.0932317605 0.0383406131 0.0753573608 -0.5768740594 0.1377799992 0.0670506888 0.0369637910 0.0352336904
0.0383426561 0.0399304427 0.0317274121 0.0139020722 0.0614844208 0.0445770227 -0.1116105055 0.0162612069 0.0545005919 -0.5856619143 0.1556437623 0.0451835607 0.0148978231 0.0131355277
0.0168412433 0.0182322887 0.0098871423 -0.0079244359 0.0401576373 0.0229234226 -0.1297884069 -0.0055356651 0.0338631731 -0.5943658251 0.1733074886 0.0235716441 -0.0068834487 -0.0086769916
-0.0043941800 -0.0032084525 -0.0116911380 -0.0294681230 0.0190762971 0.0015234350 -0.1477658533 -0.0270514035 0.0134446629 -0.6029855213 0.1907715864 0.0022140617 -0.0283814877 -0.0302053315
-0.0253648534 -0.0243926698 -0.0330083222 -0.0507304098 -0.0017604632 -0.0196237683 -0.1655432330 -0.0482874091 -0.0067553799 -0.6115207323 0.2080364640 -0.0188900636 -0.0495977569 -0.0514509560
