-0.5018571045 -0.3349670789 -0.0280545857 -0.4066846866 -0.2112141398 -0.3400440246 0.2104074160 -0.4047806380 -0.0223363057 -0.0144684247 0.1356865611 -0.3365154582 -0.4129185929 -0.4127889614
-0.5151619032 -0.3512116234 -0.0410689319 -0.4214012846 -0.2291742044 -0.3559503826 0.1972059977 -0.4195283402 -0.0431324865 -0.0353341435 0.1546580953 -0.3517384372 -0.4274804921 -0.4273543513
-0.5284670002 -0.3675297033 -0.0541397899 -0.4361710159 -0.2472816246 -0.3719383604 0.1838982153 -0.4343301107 -0.0641808369 -0.0564582749 0.1738235065 -0.3670130593 -0.4420947250 -0.4419720798
-0.5417714890 -0.3839208497 -0.0672666543 -0.4509934933 -0.2655367221 -0.3880077371 0.1704841449 -0.4491855700 -0.0854825580 -0.0778421192 0.1931836361 -0.3823386930 -0.4567609288 -0.4566417832
-0.5550744627 -0.4003845938 -0.0804490194 -0.4658683292 -0.2839398184 -0.4041582915 0.1569638629 -0.4640943381 -0.1070388511 -0.0994869768 0.2127393258 -0.3977147070 -0.4714787406 -0.4713630978
-0.5683750146 -0.4169204668 -0.0936863797 -0.4807951363 -0.3024912349 -0.4203898028 0.1433374452 -0.4790560355 -0.1288509174 -0.1213941482 0.2324914172 -0.4131404699 -0.4862477975 -0.4861356599
-0.5816722380 -0.4335279998 -0.1069782297 -0.4957735271 -0.3211912932 -0.4367020498 0.1296049681 -0.4940702824 -0.1509199582 -0.1435649338 0.2524407518 -0.4286153503 -0.5010677365 -0.5009591060
-0.5949652261 -0.4502067240 -0.1203240638 -0.5108031143 -0.3400403147 -0.4530948117 0.1157665078 -0.5091366990 -0.1732471748 -0.1660006340 0.2725881712 -0.4441387169 -0.5159381948 -0.5158330723
-0.6082530722 -0.4669561706 -0.1337233765 -0.5258835104 -0.3590386212 -0.4695678674 0.1018221405 -0.5242549056 -0.1958337683 -0.1887025491 0.2929345171 -0.4597099382 -0.5308588096 -0.5307571953
-0.6215348695 -0.4837758706 -0.1471756622 -0.5410143280 -0.3781865339 -0.4861209959 0.0877719422 -0.5394245225 -0.2186809399 -0.2116719797 0.3134806310 -0.4753283829 -0.5458292177 -0.5457311112
-0.6348097114 -0.5006653554 -0.1606804154 -0.5561951798 -0.3974843745 -0.5027539762 0.0736159893 -0.5546451700 -0.2417898911 -0.2349102261 0.3342273546 -0.4909934196 -0.5608490565 -0.5607544564
-0.6480766910 -0.5176241559 -0.1742371305 -0.5714256782 -0.4169324645 -0.5194665874 0.0593543578 -0.5699164683 -0.2651618228 -0.2584185886 0.3551755293 -0.5067044170 -0.5759179630 -0.5758268673
-0.6613349017 -0.5346518034 -0.1878453020 -0.5867054359 -0.4365311254 -0.5362586083 0.0449871239 -0.5852380377 -0.2887979365 -0.2821983678 0.3763259969 -0.5224607436 -0.5910355743 -0.5909479802
-0.6745834367 -0.5517478290 -0.2015044243 -0.6020340656 -0.4562806788 -0.5531298181 0.0305143639 -0.6006094985 -0.3126994334 -0.3062508641 0.3976795990 -0.5382617680 -0.6062015274 -0.6061174314
-0.6878213892 -0.5689117640 -0.2152139919 -0.6174111797 -0.4761814461 -0.5700799956 0.0159361539 -0.6160304709 -0.3368675146 -0.3305773777 0.4192371770 -0.5541068590 -0.6214154596 -0.6213348574
