-0.7515932642 -0.9970114794 -0.9898268499 -0.9064169912 -0.9783269966 -0.9970608733 -0.9757215579 -0.9046606993 -0.9552360621 -0.9516781820 0.9570251874 -0.9980655749 -0.6647829736 -0.6663927202
-0.7485208703 -0.9986359085 -0.9930320911 -0.8947649530 -0.9828552993 -0.9986708168 -0.9806432473 -0.8929099808 -0.9615843267 -0.9576470860 0.9634336357 -0.9993422030 -0.6485236629 -0.6503501300
-0.7448480111 -0.9996287999 -0.9956223124 -0.8825131517 -0.9868321301 -0.9996472656 -0.9849904875 -0.8805609446 -0.9674163351 -0.9632068096 0.9693003620 -0.9999836235 -0.6318690125 -0.6339043073
-0.7405871924 -1.0000000000 -0.9976058639 -0.8696754131 -0.9902666706 -1.0000000000 -0.9887708764 -0.8676274400 -0.9727399652 -0.9683607831 0.9746320772 -1.0000000000 -0.6148309124 -0.6170672380
-0.7357509200 -0.9997593554 -0.9989910956 -0.8562655629 -0.9931681028 -0.9997388001 -0.9919920122 -0.8541233162 -0.9775630948 -0.9731124369 0.9794354921 -0.9994014963 -0.5974212528 -0.5998509078
-0.7303516997 -0.9989167126 -0.9997863576 -0.8422974269 -0.9955456083 -0.9988734463 -0.9946614929 -0.8400624224 -0.9818936018 -0.9774652014 0.9837173175 -0.9981982761 -0.5796519237 -0.5822673026
-0.7244020375 -0.9974819182 -1.0000000000 -0.8277848308 -0.9974083690 -0.9974137188 -0.9967869164 -0.8254586079 -0.9857393641 -0.9814225069 0.9874842643 -0.9964005031 -0.5615348153 -0.5643284082
-0.7179144391 -0.9954648187 -0.9996403728 -0.8127416004 -0.9987655667 -0.9953693979 -0.9983758809 -0.8103257219 -0.9891082596 -0.9849877838 0.9907430432 -0.9940183410 -0.5430818178 -0.5460462105
-0.7109014104 -0.9928752606 -0.9987158262 -0.7971815615 -0.9996263831 -0.9927502639 -0.9994359843 -0.7946776138 -0.9920081662 -0.9881644625 0.9935003652 -0.9910619534 -0.5243048212 -0.5274326952
-0.7033754572 -0.9897230906 -0.9972347101 -0.7811185398 -1.0000000000 -0.9895660969 -0.9999748246 -0.7785281327 -0.9944469618 -0.9909559734 0.9957629411 -0.9875415042 -0.5052157156 -0.5084998481
-0.6953490854 -0.9860181550 -0.9952053747 -0.7645663610 -0.9998955992 -0.9858266774 -1.0000000000 -0.7618911278 -0.9964325242 -0.9933657467 0.9975374817 -0.9834671569 -0.4858263912 -0.4892596551
-0.6868348007 -0.9817703005 -0.9926361700 -0.7475388510 -0.9993223626 -0.9815417854 -0.9995191084 -0.7447804485 -0.9979727313 -0.9953972129 0.9988306978 -0.9788490753 -0.4661487381 -0.4697241020
-0.6778451090 -0.9769893736 -0.9895354461 -0.7300498355 -0.9982894718 -0.9767212014 -0.9985397479 -0.7272099440 -0.9990754611 -0.9970538024 0.9996493003 -0.9736974231 -0.4461946464 -0.4499051746
-0.6683925162 -0.9716852208 -0.9859115530 -0.7121131402 -0.9968061087 -0.9713747056 -0.9970695164 -0.7091934635 -0.9997485913 -0.9983389454 1.0000000000 -0.9680223641 -0.4259760063 -0.4298148588
-0.6584895281 -0.9658676887 -0.9817728408 -0.6937425910 -0.9948814551 -0.9655120781 -0.9951160121 -0.6907448563 -1.0000000000 -0.9992560725 0.9998895078 -0.9618340618 -0.4055047078 -0.4094651402
