-0.5198771038 -0.6162353297 -0.6500790299 -0.4809191872 -0.0593724107 -0.5999800632 -0.9492230818 -0.4827790534 0.4635930215 0.4177426540 -0.2716403556 -0.6154995982 -0.4753974803 -0.4698914847
-0.4669185323 -0.5723424734 -0.6107914063 -0.4240900740 -0.0962511062 -0.5538743114 -0.9605938324 -0.4261378139 0.4081929270 0.3675695253 -0.2399228807 -0.5716358496 -0.4180613273 -0.4119107375
-0.4154633302 -0.5293260557 -0.5724532687 -0.3689754477 -0.1309155969 -0.5086112514 -0.9704699087 -0.3712016206 0.3552512956 0.3198561591 -0.2100803910 -0.5286736164 -0.3624781582 -0.3556926798
-0.3654920555 -0.4871771598 -0.5350526297 -0.3155525884 -0.1634043577 -0.4641839081 -0.9788780777 -0.3179478954 0.3047289478 0.2745618364 -0.1820794178 -0.4866034330 -0.3086245907 -0.3012139307
-0.3169852664 -0.4458868687 -0.4985775019 -0.2637987764 -0.1937558634 -0.4205853062 -0.9858451067 -0.2663540604 0.2565867039 0.2316458383 -0.1558864923 -0.4454158341 -0.2564772427 -0.2484511090
-0.2699235210 -0.4054462655 -0.4630158979 -0.2136912919 -0.2220085889 -0.3778084708 -0.9913977626 -0.2163975373 0.2107853845 0.1910674459 -0.1314681460 -0.4051013539 -0.2060127317 -0.1973808340
-0.2242873773 -0.3658464333 -0.4283558304 -0.1652074150 -0.2482010090 -0.3358464267 -0.9955628128 -0.1680557483 0.1672858100 0.1527859402 -0.1087909100 -0.3656505272 -0.1572076755 -0.1479797245
-0.1800573935 -0.3270784552 -0.3945853120 -0.1183244260 -0.2723715986 -0.2946921986 -0.9983670243 -0.1213061152 0.1260488007 0.1167606021 -0.0878213156 -0.3270538883 -0.1100386919 -0.1002243997
-0.1372141277 -0.2891334143 -0.3616923552 -0.0730196049 -0.2945588325 -0.2543388115 -0.9998371643 -0.0761260600 0.0870351771 0.0829507129 -0.0685258941 -0.2893019718 -0.0644823985 -0.0540914785
-0.0957381380 -0.2520023936 -0.3296649727 -0.0292702320 -0.3148011855 -0.2147792902 -1.0000000000 -0.0324930047 0.0502057597 0.0513155534 -0.0508711769 -0.2523853122 -0.0205154131 -0.0095575801
-0.0556099824 -0.2156764763 -0.2984911771 0.0129464125 -0.3331371325 -0.1760066597 -0.9988822985 0.0096156290 0.0155213688 0.0218144047 -0.0348236950 -0.2162944439 0.0218856467 0.0334006767
-0.0168102191 -0.1801467455 -0.2681589810 0.0536530485 -0.3496051484 -0.1380139446 -0.9965108269 0.0502224188 -0.0170571751 -0.0055934520 -0.0203499799 -0.1810199015 0.0627441631 0.0748066726
0.0206805938 -0.1454042842 -0.2386563971 0.0928723958 -0.3642437080 -0.1007941700 -0.9929123525 0.0893499431 -0.0475690516 -0.0309487359 -0.0074165629 -0.1465522195 0.1020835183 0.1146837888
0.0568818982 -0.1114401755 -0.2099714380 0.1306271741 -0.3770912861 -0.0643403606 -0.9881136423 0.1270207797 -0.0760534403 -0.0542921658 0.0040100249 -0.1128819323 0.1399270947 0.1530554062
0.0918131361 -0.0782455026 -0.1820921162 0.1669401034 -0.3881863577 -0.0286455414 -0.9821414635 0.1632575068 -0.1025495207 -0.0756644606 0.0139632521 -0.0799995745 0.1762982746 0.1899449057
