0.9610055613 0.8751697749 0.8895052926 0.9593695745 0.6895416062 0.8573204648 0.5464709052 0.9591929007 -0.0357023052 -0.7320779282 -0.0881313745 0.8891895029 0.9638916498 0.9625787452
0.9649745451 0.8828119215 0.8969111263 0.9632380428 0.7013927504 0.8661872886 0.5600604857 0.9630782110 -0.0213932463 -0.7267844278 -0.1023647824 0.8968289359 0.9675666540 0.9662763561
0.9687260537 0.8902055391 0.9040504578 0.9669102664 0.7130182432 0.8747563957 0.5734335367 0.9667663530 -0.0071084387 -0.7214461082 -0.1165360837 0.9041838347 0.9710413288 0.9697789185
0.9722608839 0.8973513358 0.9109243336 0.9703866994 0.7244177849 0.8830291183 0.5865905111 0.9702577935 0.0071502906 -0.7160628626 -0.1306439730 0.9112555097 0.9743162311 0.9730868959
0.9755798323 0.9042500196 0.9175338000 0.9736677959 0.7355910754 0.8910067887 0.5995318615 0.9735529993 0.0213811144 -0.7106345842 -0.1446871451 0.9180452710 0.9773919177 0.9762007515
0.9786836957 0.9109022983 0.9238799032 0.9767540100 0.7465378151 0.8986907391 0.6122580409 0.9766524374 0.0355822059 -0.7051611662 -0.1586642946 0.9245544290 0.9802689455 0.9791209488
0.9815732707 0.9173088799 0.9299636897 0.9796457958 0.7572577040 0.9060823018 0.6247695019 0.9795565746 0.0497517381 -0.6996425018 -0.1725741161 0.9307842940 0.9829478713 0.9818479511
0.9842493540 0.9234704724 0.9357862057 0.9823436075 0.7677504422 0.9131828090 0.6370666973 0.9822658777 0.0638878839 -0.6940784842 -0.1864153045 0.9367361763 0.9854292520 0.9843822219
0.9867127423 0.9293877839 0.9413484976 0.9848478992 0.7780157300 0.9199935930 0.6491500801 0.9847808138 0.0779888163 -0.6884690067 -0.2001865544 0.9424113861 0.9877136444 0.9867242244
0.9889642324 0.9350615221 0.9466516118 0.9871591251 0.7880532675 0.9265159861 0.6610201028 0.9871018495 0.0920527083 -0.6828139625 -0.2138865604 0.9478112339 0.9898016055 0.9888744221
0.9910046208 0.9404923952 0.9516965945 0.9892777392 0.7978627547 0.9327513205 0.6726772183 0.9892294519 0.1060777330 -0.6771132447 -0.2275140173 0.9529370298 0.9916936921 0.9908332782
0.9928347044 0.9456811110 0.9564844921 0.9912041957 0.8074438920 0.9387009284 0.6841218795 0.9911640877 0.1200620634 -0.6713667467 -0.2410676198 0.9577900842 0.9933904610 0.9926012563
0.9944552797 0.9506283776 0.9610163509 0.9929389487 0.8167963793 0.9443661422 0.6953545390 0.9929062239 0.1340038724 -0.6655743615 -0.2545460625 0.9623717073 0.9948924692 0.9941788196
0.9958671436 0.9553349029 0.9652932173 0.9944824524 0.8259199168 0.9497482940 0.7063756497 0.9944563274 0.1479013330 -0.6597359825 -0.2679480401 0.9666832095 0.9962002734 0.9955664316
0.9970710926 0.9598013948 0.9693161375 0.9958351608 0.8348142047 0.9548487162 0.7171856643 0.9958148649 0.1617526183 -0.6538515029 -0.2812722473 0.9707259011 0.9973144305 0.9967645555
