-0.8972854508 -0.8759216698 -0.8717550978 -0.9042578930 -0.7860737743 -0.8544471704 -0.7239574155 -0.9046383670 -0.1403756834 -0.3329442835 0.6490770557 -0.8784980257 -0.9071865560 -0.9066694721
-0.8884257324 -0.8665142178 -0.8622599830 -0.8956046885 -0.7784998595 -0.8445611126 -0.7151083928 -0.8959976785 -0.1364645982 -0.3238423356 0.6446157021 -0.8691599640 -0.8986219701 -0.8980886164
-0.8791597921 -0.8567201417 -0.8523820908 -0.8865384236 -0.7705343437 -0.8343052519 -0.7059112620 -0.8869435959 -0.1322949558 -0.3145194496 0.6397469292 -0.8594334079 -0.8896412945 -0.8890922299
-0.8694831021 -0.8465351157 -0.8421171100 -0.8770544894 -0.7621724119 -0.8236755015 -0.6963619879 -0.8774715027 -0.1278629039 -0.3049732167 0.6344651401 -0.8493139820 -0.8802398905 -0.8796756790
-0.8593911348 -0.8359548144 -0.8314607296 -0.8671482769 -0.7534092492 -0.8126677747 -0.6864565354 -0.8675767820 -0.1231645902 -0.2952012281 0.6287647380 -0.8387973106 -0.8704131197 -0.8698343302
-0.8488793623 -0.8249749121 -0.8204086384 -0.8568151772 -0.7442400406 -0.8012779847 -0.6761908694 -0.8572548174 -0.1181961626 -0.2852010751 0.6226401263 -0.8278790181 -0.8601563433 -0.8595635497
-0.8379432569 -0.8135910830 -0.8089565255 -0.8460505812 -0.7346599713 -0.7895020449 -0.6655609547 -0.8465009921 -0.1129537689 -0.2749703488 0.6160857080 -0.8165547289 -0.8494649230 -0.8488587039
-0.8265782908 -0.8017990017 -0.7971000798 -0.8348498800 -0.7246642263 -0.7773358684 -0.6545627562 -0.8353106894 -0.1074335567 -0.2645066404 0.6090958865 -0.8048200674 -0.8383342200 -0.8377151593
-0.8147799364 -0.7895943424 -0.7848349900 -0.8232084647 -0.7142479907 -0.7647753687 -0.6431922388 -0.8236792927 -0.1016316740 -0.2538075411 0.6016650650 -0.7926706580 -0.8267595959 -0.8261282822
-0.8025436657 -0.7769727795 -0.7721569453 -0.8111217263 -0.7034064495 -0.7518164589 -0.6314453674 -0.8116021853 -0.0955442684 -0.2428706422 0.5937876466 -0.7801021252 -0.8147364119 -0.8140934389
-0.7898649511 -0.7639299874 -0.7590616344 -0.7985850558 -0.6921347879 -0.7384550523 -0.6193181067 -0.7990747507 -0.0891674877 -0.2316935348 0.5854580347 -0.7671100933 -0.8022600296 -0.8016059959
-0.7767392647 -0.7504616405 -0.7455447463 -0.7855938442 -0.6804281908 -0.7246870623 -0.6068064217 -0.7860923720 -0.0824974798 -0.2202738101 0.5766706323 -0.7536901867 -0.7893258104 -0.7886613195
-0.7631620789 -0.7365634131 -0.7316019699 -0.7721434827 -0.6682818434 -0.7105084020 -0.5939062773 -0.7726504326 -0.0755303923 -0.2086090594 0.5674198429 -0.7398380298 -0.7759291156 -0.7752547762
-0.7491288659 -0.7222309796 -0.7172289941 -0.7582293622 -0.6556909308 -0.6959149848 -0.5806136382 -0.7587443160 -0.0682623732 -0.1966968738 0.5577000695 -0.7255492470 -0.7620653067 -0.7613817322
-0.7346350979 -0.7074600144 -0.7024215079 -0.7438468737 -0.6426506379 -0.6809027240 -0.5669244694 -0.7443694054 -0.0606895701 -0.1845348446 0.5475057153 -0.7108194628 -0.7477297452 -0.7470375539
