-0.8349858840 -0.8712133956 -0.8576220251 -0.8661395660 -0.8419382361 -0.8775241046 -0.9063536286 -0.8671853242 -0.8756399687 -0.9435880823 0.9011859474 -0.8753709689 -0.8646747129 -0.8598797242
-0.8409731843 -0.8760841431 -0.8629485180 -0.8724390622 -0.8478233568 -0.8822919951 -0.9103934400 -0.8734574729 -0.8807637581 -0.9463441231 0.9061815422 -0.8804510845 -0.8714369975 -0.8666716431
-0.8468693448 -0.8808815173 -0.8681932007 -0.8785913587 -0.8536150965 -0.8869845288 -0.9143608681 -0.8795824781 -0.8857949963 -0.9490471428 0.9110542280 -0.8854414308 -0.8780261575 -0.8732962165
-0.8526732066 -0.8856042319 -0.8733548568 -0.8845961072 -0.8593123430 -0.8916004626 -0.9182547192 -0.8855599941 -0.8907326556 -0.9516958222 0.9158034579 -0.8903409433 -0.8844421800 -0.8797533389
-0.8583836108 -0.8902510010 -0.8784322698 -0.8904529590 -0.8649139837 -0.8961385537 -0.9220737996 -0.8913896752 -0.8955757080 -0.9542888422 0.9204286850 -0.8951485576 -0.8906850520 -0.8860429047
-0.8639993984 -0.8948205384 -0.8834242234 -0.8961615656 -0.8704189064 -0.9005975591 -0.9258169157 -0.8970711754 -0.9003231258 -0.9568248837 0.9249293624 -0.8998632092 -0.8967547604 -0.8921648085
-0.8695194105 -0.8993115581 -0.8883295011 -0.9017215785 -0.8758259986 -0.9049762358 -0.9294828737 -0.9026041492 -0.9049738811 -0.9593026276 0.9293049432 -0.9044838336 -0.9026512920 -0.8981189446
-0.8749424881 -0.9037227740 -0.8931468865 -0.9071326493 -0.8811341480 -0.9092733410 -0.9330704799 -0.9079882508 -0.9095269462 -0.9617207548 0.9335548806 -0.9090093665 -0.9083746339 -0.9039052075
-0.8802674722 -0.9080529000 -0.8978751631 -0.9123944293 -0.8863422422 -0.9134876318 -0.9365785405 -0.9132231343 -0.9139812931 -0.9640779461 0.9376786277 -0.9134387433 -0.9139247730 -0.9095234916
-0.8854932040 -0.9123006500 -0.9025131146 -0.9175065700 -0.8914491688 -0.9176178650 -0.9400058620 -0.9183084540 -0.9183358941 -0.9663728825 0.9416756375 -0.9177708997 -0.9193016963 -0.9149736915
-0.8906185245 -0.9164647380 -0.9070595245 -0.9224687230 -0.8964538154 -0.9216627980 -0.9433512506 -0.9232438642 -0.9225897213 -0.9686042449 0.9455453632 -0.9220047711 -0.9245053906 -0.9202557015
-0.8956422747 -0.9205438778 -0.9115131763 -0.9272805397 -0.9013550697 -0.9256211876 -0.9466135126 -0.9280290191 -0.9267417469 -0.9707707140 0.9492872580 -0.9261392931 -0.9295358429 -0.9253694161
-0.9005632957 -0.9245367834 -0.9158728538 -0.9319416716 -0.9061518193 -0.9294917911 -0.9497914543 -0.9326635730 -0.9307909431 -0.9728709709 0.9529007749 -0.9301734013 -0.9343930402 -0.9303147299
-0.9053804286 -0.9284421686 -0.9201373404 -0.9364517701 -0.9108429517 -0.9332733653 -0.9528838820 -0.9371471800 -0.9347362821 -0.9749036964 0.9563853671 -0.9341060313 -0.9390769694 -0.9350915371
-0.9100925144 -0.9322587475 -0.9243054197 -0.9408104868 -0.9154273547 -0.9369646675 -0.9558896020 -0.9414794945 -0.9385767360 -0.9768675714 0.9597404876 -0.9379361185 -0.9435876175 -0.9396997324
