-0.6189093273 -0.7547896282 -0.8356239814 -0.7699066238 -0.7542082020 -0.7228308513 -0.7403529243 -0.7748102678 -0.8303253071 -0.7948492832 0.9273290769 -0.6652214824 -0.7591661145 -0.8148284344
-0.6128418938 -0.7509987192 -0.8323396852 -0.7672953989 -0.7563567135 -0.7181058239 -0.7397727797 -0.7722992919 -0.8370702936 -0.7913146066 0.9375078741 -0.6619443353 -0.7555945855 -0.8113223666
-0.6064158886 -0.7467736218 -0.8285874864 -0.7642292566 -0.7579922669 -0.7129696934 -0.7387205783 -0.7693304292 -0.8432158082 -0.7873289649 0.9469989074 -0.6582560631 -0.7515844908 -0.8073582854
-0.5996235398 -0.7421042010 -0.8243564823 -0.7606971018 -0.7591002602 -0.7074131808 -0.7371838379 -0.7658924856 -0.8487434257 -0.7828818388 0.9557811704 -0.6541465726 -0.7471255094 -0.8029255542
-0.5924570753 -0.7369803218 -0.8196357699 -0.7566878393 -0.7596660917 -0.7014270067 -0.7351500764 -0.7619742672 -0.8536347212 -0.7779627089 0.9638336564 -0.6496057705 -0.7422073203 -0.7980135364
-0.5849087235 -0.7313918492 -0.8144144464 -0.7521903741 -0.7596751594 -0.6950018920 -0.7326068116 -0.7575645800 -0.8578712697 -0.7725610556 0.9711353590 -0.6446235637 -0.7368196023 -0.7926115956
-0.5769707122 -0.7253286482 -0.8086816088 -0.7471936111 -0.7591128614 -0.6881285575 -0.7295415613 -0.7526522300 -0.8614346462 -0.7666663594 0.9776652718 -0.6391898589 -0.7309520346 -0.7867090952
-0.5686352696 -0.7187805837 -0.8024263542 -0.7416864553 -0.7579645958 -0.6807977240 -0.7259418432 -0.7472260233 -0.8643064258 -0.7602681011 0.9834023882 -0.6332945628 -0.7245942960 -0.7802953985
-0.5598946237 -0.7117375207 -0.7956377797 -0.7356578114 -0.7562157607 -0.6730001123 -0.7217951751 -0.7412747657 -0.8664681833 -0.7533557610 0.9883257018 -0.6269275823 -0.7177360654 -0.7733598692
-0.5507410027 -0.7041893243 -0.7883049824 -0.7290965846 -0.7538517543 -0.6647264432 -0.7170890750 -0.7347872635 -0.8679014938 -0.7459188197 0.9924142060 -0.6200788240 -0.7103670218 -0.7658918705
-0.5411666347 -0.6961258593 -0.7804170594 -0.7219916795 -0.7508579746 -0.6559674375 -0.7118110605 -0.7277523225 -0.8685879324 -0.7379467579 0.9956468945 -0.6127381949 -0.7024768443 -0.7578807661
-0.5311637476 -0.6875369907 -0.7719631078 -0.7143320012 -0.7472198198 -0.6467138160 -0.7059486495 -0.7201587489 -0.8685090739 -0.7294290559 0.9980027606 -0.6048956015 -0.6940552116 -0.7493159193
-0.5207245697 -0.6784125836 -0.7629322247 -0.7061064546 -0.7429226879 -0.6369562995 -0.6994893598 -0.7119953485 -0.8676464935 -0.7203551944 0.9994607979 -0.5965409507 -0.6850918029 -0.7401866935
-0.5098413289 -0.6687425029 -0.7533135072 -0.6973039446 -0.7379519771 -0.6266856088 -0.6924207091 -0.7032509275 -0.8659817661 -0.7107146539 1.0000000000 -0.5876641493 -0.6755762970 -0.7304824523
-0.4985062534 -0.6585166136 -0.7430960523 -0.6879133762 -0.7322930855 -0.6158924647 -0.6847302153 -0.6939142918 -0.8634964667 -0.7004969150 0.9995993603 -0.5782551039 -0.6654983728 -0.7201925591
