0.9881445886 0.9409571472 0.9930426992 0.9692215451 0.5270089403 0.9334184647 0.7888582070 0.9690955551 -0.0522810375 -0.6359812224 -0.5742602646 0.9619119396 0.9623710428 0.9615791851
0.9828680531 0.9301655495 0.9884475526 0.9765387740 0.5080533147 0.9213028911 0.7711981368 0.9764279148 -0.0718357677 -0.6463771709 -0.5582090125 0.9529356412 0.9704154967 0.9697078296
0.9766679801 0.9185556625 0.9827546703 0.9828305511 0.4888739861 0.9082798370 0.7529765638 0.9827350552 -0.0912666874 -0.6567660329 -0.5419672884 0.9430846298 0.9774561540 0.9768339959
0.9695636326 0.9061472679 0.9759882248 0.9881138991 0.4694801501 0.8943730650 0.7342109384 0.9880339710 -0.1105710320 -0.6671402438 -0.5255412700 0.9323791269 0.9835092713 0.9829737821
0.9615742738 0.8929601477 0.9681723886 0.9924058408 0.4498810023 0.8796063375 0.7149187109 0.9923416572 -0.1297460372 -0.6774922395 -0.5089371349 0.9208393539 0.9885911052 0.9881432860
0.9527191665 0.8790140837 0.9593313341 0.9957233990 0.4300857386 0.8640034170 0.6951173316 0.9956751084 -0.1487889387 -0.6878144553 -0.4921610607 0.9084855323 0.9927179120 0.9923586055
0.9430175738 0.8643288578 0.9494892340 0.9980835965 0.4101035546 0.8475880659 0.6748242510 0.9980513194 -0.1676969719 -0.6980993268 -0.4752192250 0.8953378836 0.9959059484 0.9956358388
0.9324887586 0.8489242520 0.9386702607 0.9995034559 0.3899436459 0.8303840467 0.6540569193 0.9994872850 -0.1864673725 -0.7083392897 -0.4581178056 0.8814166293 0.9981714708 0.9979910837
0.9211519840 0.8328200481 0.9268985866 1.0000000000 0.3696152082 0.8124151219 0.6328327871 1.0000000000 -0.2050973761 -0.7185267796 -0.4408629800 0.8667419907 0.9995307359 0.9994404381
0.9090265130 0.8160360279 0.9141983843 0.9995902516 0.3491274373 0.7937050539 0.6111693045 0.9996064592 -0.2235842183 -0.7286542319 -0.4234609258 0.8513341894 1.0000000000 1.0000000000
0.8961316085 0.7985919734 0.9005938263 0.9982912335 0.3284895287 0.7742776053 0.5890839220 0.9983236573 -0.2419251347 -0.7387140823 -0.4059178208 0.8352134469 0.9995955198 0.9996858674
0.8824865336 0.7805076665 0.8861090850 0.9961199683 0.3077106783 0.7541565385 0.5665940900 0.9961685891 -0.2601173608 -0.7486987663 -0.3882398424 0.8183999845 0.9983335517 0.9985141382
0.8681105512 0.7618028891 0.8707683330 0.9930934790 0.2868000815 0.7333656159 0.5437172588 0.9931582495 -0.2781581323 -0.7586007196 -0.3704331685 0.8009140238 0.9962303522 0.9965009104
0.8530229244 0.7424974230 0.8545957428 0.9892287881 0.2657669343 0.7119286000 0.5204708788 0.9893096331 -0.2960446848 -0.7684123776 -0.3525039765 0.7827757863 0.9933021780 0.9936622819
0.8372429162 0.7226110501 0.8376154868 0.9845429184 0.2446204321 0.6898692533 0.4968724003 0.9846397348 -0.3137742539 -0.7781261760 -0.3344584442 0.7640054933 0.9895652854 0.9900143507
