0.6324371116 0.5677055768 0.5688312944 0.7258828593 0.4853200893 0.4983828272 0.4366402016 0.7268680460 0.4417711362 -0.1829446008 -0.6667428445 0.5559130462 0.7496791697 0.7449454953
0.6442018613 0.5801229296 0.5809849752 0.7358815342 0.5007743974 0.5109660676 0.4511878619 0.7368373934 0.4573499148 -0.1715167673 -0.6784404258 0.5686018645 0.7592281136 0.7545881284
0.6558293144 0.5924194955 0.5930222819 0.7457325624 0.5160866157 0.5234513779 0.4656288499 0.7466592402 0.4728235490 -0.1600683179 -0.6899988669 0.5811697179 0.7686258246 0.7640801755
0.6673165888 0.6045923814 0.6049405097 0.7554336508 0.5312519785 0.5358361450 0.4799594941 0.7563313085 0.4881864706 -0.1486006358 -0.7014140260 0.5936135900 0.7778701382 0.7734194435
0.6786608024 0.6166386941 0.6167369538 0.7649825059 0.5462657204 0.5481177559 0.4941761235 0.7658513203 0.5034331114 -0.1371151042 -0.7126817618 0.6059304640 0.7869588899 0.7826037392
0.6898590730 0.6285555405 0.6284089094 0.7743768344 0.5611230758 0.5602935974 0.5082750667 0.7752169978 0.5185579031 -0.1256131062 -0.7237979325 0.6181173237 0.7958899150 0.7916308698
0.7009085184 0.6403400274 0.6399536717 0.7836143429 0.5758192790 0.5723610564 0.5222526526 0.7844260629 0.5335552775 -0.1140960250 -0.7347583966 0.6301711523 0.8046610491 0.8004986422
0.7118062567 0.6519892617 0.6513685358 0.7926927382 0.5903495646 0.5843175197 0.5361052099 0.7934762379 0.5484196665 -0.1025652439 -0.7455590126 0.6420889333 0.8132701276 0.8092048633
0.7225494055 0.6635003504 0.6626507969 0.8016097268 0.6047091670 0.5961603744 0.5498290674 0.8023652448 0.5631455018 -0.0910221459 -0.7561956387 0.6538676503 0.8217149860 0.8177473401
0.7331350828 0.6748704001 0.6737977503 0.8103630154 0.6188933206 0.6078870073 0.5634205538 0.8110908056 0.5777272151 -0.0794681143 -0.7666641335 0.6655042867 0.8299934598 0.8261238795
0.7435604065 0.6860965178 0.6848066911 0.8189503107 0.6328972599 0.6194948052 0.5768759979 0.8196506425 0.5921592384 -0.0679045323 -0.7769603553 0.6769958258 0.8381033844 0.8343322886
0.7538224943 0.6971758104 0.6956749144 0.8273693193 0.6467162193 0.6309811551 0.5901917284 0.8280424775 0.6064360034 -0.0563327829 -0.7870801626 0.6883392513 0.8460425953 0.8423703742
0.7639184642 0.7081053847 0.7063997156 0.8356177479 0.6603454333 0.6423434439 0.6033640743 0.8362640328 0.6205519418 -0.0447542495 -0.7970194138 0.6995315465 0.8538089279 0.8502359433
0.7738454339 0.7188823476 0.7169783896 0.8436933031 0.6737801363 0.6535790584 0.6163893641 0.8443130303 0.6345014856 -0.0331703151 -0.8067739673 0.7105696949 0.8614002178 0.8579268030
0.7836005215 0.7295038059 0.7274082318 0.8515936916 0.6870155627 0.6646853855 0.6292639267 0.8521871923 0.6482790663 -0.0215823630 -0.8163396815 0.7214506799 0.8688143004 0.8654407601
