0.9334573116 0.8613620058 0.5806903803 0.9316272218 0.9316658402 0.9322386007 0.8700427460 0.9316595278 0.9326865158 0.9304438144 -0.9402676928 0.8697093781 0.9311477863 0.9314282877
0.8682484986 0.7962103701 0.5258962586 0.8646607506 0.8647487766 0.8658606134 0.8051856589 0.8647240220 0.8667883677 0.8623480538 -0.8817905351 0.8050521912 0.8637215615 0.8642710254
0.8043633148 0.7324243306 0.4722326433 0.7990895773 0.7992372356 0.8008552171 0.7416756832 0.7991824891 0.8022937499 0.7957008945 -0.8245579526 0.7417339887 0.7977100923 0.7985171120
0.7417915142 0.6699932146 0.4196910627 0.7349026923 0.7351196432 0.7372115908 0.6795023791 0.7350239356 0.7391908567 0.7304905128 -0.7685593714 0.6797444248 0.7331021458 0.7341554463
0.6805228507 0.6089063497 0.3682630451 0.6720890864 0.6723844257 0.6749189137 0.6186553066 0.6722373677 0.6774678822 0.6667050851 -0.7137842170 0.6190731541 0.6698864888 0.6711749274
0.6205470782 0.5491530633 0.3179401186 0.6106377502 0.6110200094 0.6139663648 0.5591240260 0.6108117921 0.6171130207 0.6043327877 -0.6602219154 0.5597098307 0.6080518881 0.6095644542
0.5618539507 0.4907226827 0.2687138116 0.5505376744 0.5510148203 0.5543431231 0.5008980973 0.5507362150 0.5581144665 0.5433617970 -0.6078618922 0.5016441090 0.5475871107 0.5493129256
0.5044332221 0.4336045355 0.2205756522 0.4917778496 0.4923572847 0.4960383677 0.4439670809 0.4919996428 0.5004604137 0.4837802893 -0.5566935734 0.4448656433 0.4884809234 0.4904092405
0.4482746463 0.3777879490 0.1735171686 0.4343472665 0.4350358289 0.4390412777 0.3883205367 0.4345910821 0.4441390566 0.4255764410 -0.5067063848 0.3893640881 0.4307220930 0.4328422979
0.3933679772 0.3232622507 0.1275298892 0.3782349158 0.3790388789 0.3833410321 0.3339480250 0.3784995393 0.3891385894 0.3687384284 -0.4578897521 0.3351290975 0.3742993865 0.3766009967
0.3397029688 0.2700167681 0.0826053422 0.3234297880 0.3243548610 0.3289268100 0.2808391060 0.3237140206 0.3354472063 0.3132544278 -0.4102331011 0.2821503260 0.3192015707 0.3216742358
0.2872693750 0.2180408285 0.0387350557 0.2699208739 0.2709722015 0.2757877904 0.2289833397 0.2702235327 0.2830531015 0.2591126156 -0.3637258577 0.2304174279 0.2654174125 0.2680509142
0.2360569496 0.1673237594 -0.0040894419 0.2176971641 0.2188793265 0.2239131524 0.1783702863 0.2180170818 0.2319444693 0.2063011682 -0.3183574476 0.1799200574 0.2129356788 0.2157199309
0.1860554467 0.1178548882 -0.0458766225 0.1667476493 0.1680646622 0.1732920751 0.1289895060 0.1670836745 0.1821095039 0.1548082618 -0.2741172966 0.1306478690 0.1617451365 0.1646701846
0.1372546202 0.0696235425 -0.0866349578 0.1170613201 0.1185166348 0.1239137375 0.0808305590 0.1174123171 0.1335363995 0.1046220728 -0.2309948306 0.0825905169 0.1118345523 0.1148905745
