-0.0437259485 0.0882299022 0.1697362539 0.1359479094 -0.2023913427 0.0773113306 -0.2330488425 0.1429953259 -0.5005330357 -0.5771740893 0.2820477481 0.0773542130 0.1349102375 0.1421438069
-0.0362357003 0.0985349758 0.1804804100 0.1438581711 -0.1939786720 0.0876178795 -0.2243186727 0.1509485700 -0.4928703734 -0.5710088219 0.2737755604 0.0873442190 0.1425151338 0.1498031028
-0.0287991167 0.1088222721 0.1912027542 0.1516957271 -0.1855740643 0.0979084345 -0.2155697729 0.1588289052 -0.4851646195 -0.5647964839 0.2654806883 0.0973118041 0.1500415275 0.1573838934
-0.0214175483 0.1190906429 0.2019020853 0.1594590443 -0.1771785041 0.1081818630 -0.2068027230 0.1666347950 -0.4774161377 -0.5585370236 0.2571635972 0.1072557917 0.1574878472 0.1648846052
-0.0140923461 0.1293389399 0.2125772020 0.1671465894 -0.1687929761 0.1184370324 -0.1980181030 0.1743647027 -0.4696252920 -0.5522303890 0.2488247524 0.1171750054 0.1648525211 0.1723036643
-0.0068248609 0.1395660148 0.2232269033 0.1747568292 -0.1604184647 0.1286728099 -0.1892164929 0.1820170917 -0.4617924462 -0.5458765284 0.2404646195 0.1270682686 0.1721339777 0.1796394971
0.0003835565 0.1497707193 0.2338499878 0.1822882306 -0.1520559546 0.1388880630 -0.1803984727 0.1895904253 -0.4539179641 -0.5394753898 0.2320836638 0.1369344049 0.1793306455 0.1868905299
0.0075315552 0.1599519050 0.2444452544 0.1897392602 -0.1437064302 0.1490816588 -0.1715646223 0.1970831668 -0.4460022095 -0.5330269216 0.2236823508 0.1467722378 0.1864409528 0.1940551890
0.0146177845 0.1701084238 0.2550115019 0.1971083850 -0.1353708762 0.1592524649 -0.1627155217 0.2044937798 -0.4380455464 -0.5265310717 0.2152611459 0.1565805908 0.1934633282 0.2011319006
0.0216408934 0.1802391273 0.2655475290 0.2043940716 -0.1270502772 0.1693993484 -0.1538517509 0.2118207275 -0.4300483385 -0.5199877883 0.2068205146 0.1663582874 0.2003962000 0.2081190912
0.0285995313 0.1903428672 0.2760521346 0.2115947869 -0.1187456176 0.1795211768 -0.1449738899 0.2190624732 -0.4220109497 -0.5133970197 0.1983609222 0.1761041512 0.2072379966 0.2150151869
0.0354923471 0.2004184953 0.2865241175 0.2187089977 -0.1104578821 0.1896168174 -0.1360825186 0.2262174804 -0.4139337438 -0.5067587140 0.1898828341 0.1858170057 0.2139871465 0.2218186141
0.0423179902 0.2104648631 0.2969622764 0.2257351707 -0.1021880552 0.1996851375 -0.1271782170 0.2332842124 -0.4058170846 -0.5000728193 0.1813867159 0.1954956744 0.2206420780 0.2285277990
0.0490751097 0.2204808226 0.3073654101 0.2326717728 -0.0939371215 0.2097250044 -0.1182615651 0.2402611325 -0.3976613361 -0.4933392838 0.1728730329 0.2051389808 0.2272012197 0.2351411681
0.0557623547 0.2304652252 0.3177323175 0.2395172707 -0.0857060656 0.2197352855 -0.1093331429 0.2471467042 -0.3894668620 -0.4865580557 0.1643422506 0.2147457484 0.2336629999 0.2416571475
