0.6060498697 0.4803962090 0.4374308865 0.8265518140 0.3328905575 0.7140412049 0.2289022403 0.8224522333 0.0562017366 0.9853390398 -0.7807992067 0.4368241344 0.9057542156 0.9032378105
0.6119776068 0.4853195344 0.4428464319 0.8327571804 0.3356252700 0.7185529301 0.2331719768 0.8286080783 0.0561358186 0.9810835299 -0.7804543767 0.4422193757 0.9121500536 0.9098715598
0.6176482645 0.4900389869 0.4480759466 0.8386127222 0.3382189931 0.7227628057 0.2373437624 0.8344158417 0.0560463191 0.9763510939 -0.7797816935 0.4474288495 0.9181627158 0.9161230905
0.6230728010 0.4945667572 0.4531309894 0.8441291064 0.3406866367 0.7266836030 0.2414305451 0.8398862517 0.0559516042 0.9711628469 -0.7788000667 0.4524641404 0.9238026498 0.9220025496
0.6282621746 0.4989150362 0.4580231196 0.8493169996 0.3430431107 0.7303280936 0.2454452727 0.8450300363 0.0558700400 0.9655399041 -0.7775284056 0.4573368329 0.9290803034 0.9275200845
0.6332273436 0.5030960146 0.4627638963 0.8541870686 0.3453033251 0.7337090486 0.2494008931 0.8498579237 0.0558199927 0.9595033805 -0.7759856199 0.4620585116 0.9340061243 0.9326858423
0.6379792662 0.5071218833 0.4673648786 0.8587499801 0.3474821898 0.7368392396 0.2533103543 0.8543806419 0.0558198284 0.9530743915 -0.7741906188 0.4666407610 0.9385905601 0.9375099703
0.6425289006 0.5110048330 0.4718376256 0.8630164010 0.3495946147 0.7397314378 0.2571866041 0.8586089190 0.0558879131 0.9462740522 -0.7721623120 0.4710951656 0.9428440585 0.9420026156
0.6468872052 0.5147570545 0.4761936963 0.8669969980 0.3516555096 0.7423984146 0.2610425904 0.8625534831 0.0560426132 0.9391234778 -0.7699196089 0.4754333100 0.9467770673 0.9461739254
0.6510651382 0.5183907387 0.4804446499 0.8707024379 0.3536797846 0.7448529415 0.2648912610 0.8662250623 0.0563022946 0.9316437834 -0.7674814189 0.4796667786 0.9504000341 0.9500340469
0.6550736579 0.5219180763 0.4846020455 0.8741433874 0.3556823496 0.7471077897 0.2687455639 0.8696343846 0.0566853236 0.9238560842 -0.7648666514 0.4838071562 0.9537234067 0.9535931274
0.6589237225 0.5253512581 0.4886774423 0.8773305133 0.3576781144 0.7491757307 0.2726184471 0.8727921782 0.0572100661 0.9157814955 -0.7620942161 0.4878660270 0.9567576326 0.9568613141
0.6626262903 0.5287024750 0.4926823992 0.8802744824 0.3596819890 0.7510695358 0.2765228582 0.8757091712 0.0578948885 0.9074411323 -0.7591830223 0.4918549758 0.9595131597 0.9598487541
0.6661923196 0.5319839176 0.4966284754 0.8829859614 0.3617088834 0.7528019764 0.2804717453 0.8783960916 0.0587581567 0.8988561099 -0.7561519795 0.4957855870 0.9620004356 0.9625655946
0.6696327687 0.5352077769 0.5005272301 0.8854756170 0.3637737073 0.7543858238 0.2844780563 0.8808636675 0.0598182369 0.8900475435 -0.7530199972 0.4996694452 0.9642299079 0.9650219829
