-0.9501134405 -0.9990667030 -0.9960092885 -0.8809706467 -0.1007980090 -0.3480428471 -0.9969533208 -0.8852600248 0.2088300021 0.4590368310 -0.5473482527 -0.9993288504 -0.8911970917 -0.9211943571
-0.9543030708 -1.0000000000 -0.9986064740 -0.8890053534 -0.0956439867 -0.3489967494 -0.9936885737 -0.8932944263 0.2184785193 0.4618753373 -0.5511484288 -1.0000000000 -0.8992199701 -0.9293412720
-0.9569942687 -0.9996014165 -0.9999283463 -0.8955577933 -0.0897744403 -0.3488697789 -0.9892952137 -0.8998424375 0.2284737632 0.4651774956 -0.5553079331 -0.9993406916 -0.9057503726 -0.9359711676
-0.9582184099 -0.9978988411 -1.0000000000 -0.9006579423 -0.0832085459 -0.3476865914 -0.9837974848 -0.9049341143 0.2388024774 0.4689290787 -0.5598143082 -0.9973789426 -0.9108184779 -0.9411146506
-0.9580068698 -0.9949201622 -0.9988465296 -0.9043357765 -0.0759654796 -0.3454718421 -0.9772196313 -0.9085995129 0.2494514057 0.4731158596 -0.5646550969 -0.9941427705 -0.9144544647 -0.9448023272
-0.9563910241 -0.9906932684 -0.9964930296 -0.9066212718 -0.0680644174 -0.3422501867 -0.9695858971 -0.9108686894 0.2604072915 0.4777236112 -0.5698178419 -0.9896601928 -0.9166885117 -0.9470648040
-0.9534022485 -0.9852460482 -0.9929645946 -0.9075444040 -0.0595245353 -0.3380462806 -0.9609205264 -0.9117716998 0.2716568787 0.4827381064 -0.5752900859 -0.9839592267 -0.9175507976 -0.9479326874
-0.9490719183 -0.9786063902 -0.9882863191 -0.9071351491 -0.0503650095 -0.3328847792 -0.9512477633 -0.9113386003 0.2831869109 0.4881451181 -0.5810593715 -0.9770678898 -0.9170715012 -0.9474365839
-0.9434314094 -0.9708021827 -0.9824832978 -0.9054234830 -0.0406050158 -0.3267903382 -0.9405918518 -0.9095994469 0.2949841317 0.4939304192 -0.5871132415 -0.9690141994 -0.9152808012 -0.9456070998
-0.9365120972 -0.9618613144 -0.9755806250 -0.9024393817 -0.0302637304 -0.3197876129 -0.9289770361 -0.9065842957 0.3070352848 0.5000797827 -0.5934392387 -0.9598261730 -0.9122088762 -0.9424748418
-0.9283453573 -0.9518116738 -0.9676033955 -0.8982128210 -0.0193603293 -0.3119012588 -0.9164275601 -0.9023232027 0.3193271139 0.5065789814 -0.6000249056 -0.9495318280 -0.9078859051 -0.9380704161
-0.9189625653 -0.9406811494 -0.9585767037 -0.8927737770 -0.0079139886 -0.3031559314 -0.9029676681 -0.8968462242 0.3318463625 0.5134137882 -0.6068577850 -0.9381591818 -0.9023420665 -0.9324244293
-0.9083950968 -0.9284976297 -0.9485256442 -0.8861522255 0.0040561157 -0.2935762863 -0.8886216042 -0.8901834161 0.3445797744 0.5205699760 -0.6139254197 -0.9257362519 -0.8956075392 -0.9255674877
-0.8966743275 -0.9152890032 -0.9374753115 -0.8783781425 0.0165308075 -0.2831869788 -0.8734136123 -0.8823648346 0.3575140933 0.5280333178 -0.6212153522 -0.9122910557 -0.8877125018 -0.9175301979
-0.8838316328 -0.9010831585 -0.9254508003 -0.8694815038 0.0294909109 -0.2720126645 -0.8573679366 -0.8734205357 0.3706360627 0.5357895865 -0.6287151254 -0.8978516105 -0.8786871331 -0.9083431664
