-0.7716604513 -0.6847373105 -0.6993060341 -0.9921165706 -0.1650275420 -0.6451782899 -0.4440314988 -0.9910593213 0.0340158848 -0.2491212030 0.1946705898 -0.6884792813 -0.9999529663 -0.9997412528
-0.7690656329 -0.6785849019 -0.6921883955 -0.9909838764 -0.1593573119 -0.6394742230 -0.4352357911 -0.9898557953 0.0410062539 -0.2387593641 0.1896959218 -0.6822790185 -0.9998240013 -0.9994903068
-0.7664839684 -0.6724851548 -0.6850727261 -0.9897826444 -0.1538276466 -0.6338328931 -0.4265339319 -0.9885843385 0.0478113521 -0.2285338583 0.1848505070 -0.6761268960 -0.9996140854 -0.9991586955
-0.7639182980 -0.6664422094 -0.6779624991 -0.9885142634 -0.1484435006 -0.6282584783 -0.4179310252 -0.9872463633 0.0544254180 -0.2184506122 0.1801389985 -0.6700269898 -0.9993241991 -0.9987474286
-0.7613714624 -0.6604602062 -0.6708611875 -0.9871801224 -0.1432098287 -0.6227551566 -0.4094321746 -0.9858432823 0.0608426903 -0.2085155521 0.1755660497 -0.6639833759 -0.9989553231 -0.9982575160
-0.7588463018 -0.6545432856 -0.6637722645 -0.9857816104 -0.1381315855 -0.6173271061 -0.4010424839 -0.9843765078 0.0670574076 -0.1987346046 0.1711363137 -0.6580001304 -0.9985084379 -0.9976899676
-0.7563456567 -0.6486955878 -0.6566992032 -0.9843201162 -0.1332137256 -0.6119785048 -0.3927670569 -0.9828474526 0.0730638083 -0.1891136961 0.1668544438 -0.6520813293 -0.9979845239 -0.9970457931
-0.7538723676 -0.6429212534 -0.6496454768 -0.9827970288 -0.1284612038 -0.6067135308 -0.3846109974 -0.9812575290 0.0788561313 -0.1796587529 0.1627250931 -0.6462310487 -0.9973845618 -0.9963260024
-0.7514292749 -0.6372244228 -0.6426145585 -0.9812137372 -0.1238789747 -0.6015363622 -0.3765794091 -0.9796081495 0.0844286149 -0.1703757017 0.1587529149 -0.6404533647 -0.9967095321 -0.9955316053
-0.7490192189 -0.6316092362 -0.6356099213 -0.9795716303 -0.1194719930 -0.5964511770 -0.3686773959 -0.9779007267 0.0897754979 -0.1612704689 0.1549425623 -0.6347523531 -0.9959604153 -0.9946636118
-0.7466450402 -0.6260798340 -0.6286350384 -0.9778720971 -0.1152452132 -0.5914621533 -0.3609100615 -0.9761366731 0.0948910189 -0.1523489809 0.1512986886 -0.6291320902 -0.9951381919 -0.9937230315
-0.7443095792 -0.6206403568 -0.6216933829 -0.9761165265 -0.1112035902 -0.5865734690 -0.3532825096 -0.9743174011 0.0997694164 -0.1436171641 0.1478259470 -0.6235966520 -0.9942438425 -0.9927108744
-0.7420156763 -0.6152949448 -0.6147884280 -0.9743063074 -0.1073520785 -0.5817893024 -0.3457998440 -0.9724443234 0.1044049291 -0.1350809452 0.1445289907 -0.6181501145 -0.9932783477 -0.9916281502
-0.7397661718 -0.6100477384 -0.6079236468 -0.9724428288 -0.1036956328 -0.5771138314 -0.3384671686 -0.9705188523 0.1087917955 -0.1267462504 0.1414124729 -0.6127965537 -0.9922426880 -0.9904758689
-0.7375639064 -0.6049028781 -0.6011025124 -0.9705274797 -0.1002392078 -0.5725512341 -0.3312895871 -0.9685424005 0.1129242543 -0.1186190063 0.1384810469 -0.6075400457 -0.9911378438 -0.9892550403
