-0.9803494783 -0.9999756584 -0.9999880135 -0.9906292216 -0.5170195121 -0.9990470986 -0.9837169027 -0.9911143338 0.5746321615 -0.7115515429 0.8032617680 -0.9999606353 -0.9813469939 -0.9813035221
-0.9819389916 -1.0000000000 -0.9999357532 -0.9917463093 -0.5120465324 -0.9987824829 -0.9827534373 -0.9922005165 0.5799475618 -0.7102887121 0.8016018618 -0.9998853230 -0.9829517670 -0.9829171536
-0.9834606792 -0.9999915253 -0.9998431567 -0.9927916993 -0.5070573606 -0.9984851150 -0.9817609280 -0.9932150734 0.5852318579 -0.7090145381 0.7999255671 -0.9997727999 -0.9844832237 -0.9844567906
-0.9849146507 -0.9999500890 -0.9997101615 -0.9937655721 -0.5020521490 -0.9981548695 -0.9807392641 -0.9941581862 0.5904850051 -0.7077288146 0.7982327353 -0.9996229730 -0.9859415290 -0.9859226045
-0.9863010159 -0.9998755456 -0.9995367052 -0.9946681082 -0.4970310501 -0.9977916212 -0.9796883352 -0.9950300370 0.5957069585 -0.7064313351 0.7965232181 -0.9994357493 -0.9873268481 -0.9873147668
-0.9876198845 -0.9997677498 -0.9993227253 -0.9954994882 -0.4919942166 -0.9973952444 -0.9786080306 -0.9958308075 0.6008976732 -0.7051218933 0.7947968671 -0.9992110358 -0.9886393458 -0.9886334487
-0.9888713664 -0.9996265560 -0.9990681593 -0.9962598927 -0.4869418007 -0.9969656138 -0.9774982396 -0.9965606796 0.6060571044 -0.7038002829 0.7930535338 -0.9989487393 -0.9898791873 -0.9898788219
-0.9900555711 -0.9994518191 -0.9987729448 -0.9969495021 -0.4818739551 -0.9965026040 -0.9763588516 -0.9972198352 0.6111852072 -0.7024662975 0.7912930698 -0.9986487669 -0.9910465376 -0.9910510575
-0.9911726085 -0.9992433935 -0.9984370194 -0.9975684970 -0.4767908322 -0.9960060896 -0.9751897561 -0.9978084562 0.6162819369 -0.7011197307 0.7895153267 -0.9983110254 -0.9921415617 -0.9921503271
-0.9922225883 -0.9990011339 -0.9980603205 -0.9981170580 -0.4716925845 -0.9954759451 -0.9739908424 -0.9983267243 0.6213472485 -0.6997603762 0.7877201561 -0.9979354219 -0.9931644247 -0.9931768021
-0.9932056203 -0.9987248948 -0.9976427857 -0.9985953656 -0.4665793644 -0.9949120450 -0.9727620000 -0.9987748215 0.6263810973 -0.6983880275 0.7859074096 -0.9975218633 -0.9941152915 -0.9941306538
-0.9941218142 -0.9984145310 -0.9971843526 -0.9990036003 -0.4614513246 -0.9943142641 -0.9715031181 -0.9991529297 0.6313834384 -0.6970024784 0.7840769388 -0.9970702566 -0.9949943272 -0.9950120536
-0.9949712797 -0.9980698970 -0.9966849586 -0.9993419427 -0.4563086173 -0.9936824768 -0.9702140862 -0.9994612307 0.6363542269 -0.6956035224 0.7822285952 -0.9965805086 -0.9958016968 -0.9958211731
-0.9957541266 -0.9976908474 -0.9961445414 -0.9996105734 -0.4511513953 -0.9930165577 -0.9688947937 -0.9996999063 0.6412934180 -0.6941909532 0.7803622305 -0.9960525264 -0.9965375654 -0.9965581835
-0.9964704646 -0.9972772368 -0.9955630384 -0.9998096728 -0.4459798108 -0.9923163814 -0.9675451300 -0.9998691385 0.6462009669 -0.6927645645 0.7784776962 -0.9954862169 -0.9972020979 -0.9972232563
