0.9173490323 0.4943780530 0.4716155493 0.5762548809 0.9405763012 0.3968448094 0.3045775504 0.5732425330 0.8358515652 -0.1956623483 -0.4453950004 0.5028459097 0.6116984592 0.6061936092
0.9227782575 0.4954138668 0.4731829944 0.5770087607 0.9341783427 0.3973924626 0.3034761580 0.5739412737 0.8254951119 -0.1974549335 -0.4425497608 0.5035692367 0.6129018305 0.6075231280
0.9280121840 0.4963085324 0.4746160412 0.5776085524 0.9274829481 0.3978086513 0.3022442045 0.5744859465 0.8148753637 -0.1993158075 -0.4395429486 0.5041481067 0.6139494870 0.6086985475
0.9330519592 0.4970649112 0.4759173509 0.5780573050 0.9204943964 0.3980962812 0.3008850251 0.5748796152 0.8039971822 -0.2012419966 -0.4363786330 0.5045854928 0.6148443729 0.6097227644
0.9378987311 0.4976858642 0.4770895846 0.5783580677 0.9132169665 0.3982582585 0.2994019550 0.5751253434 0.7928654288 -0.2032305274 -0.4330608828 0.5048843679 0.6155894325 0.6105986753
0.9425536472 0.4981742527 0.4781354036 0.5785138898 0.9056549372 0.3982974888 0.2977983296 0.5752261947 0.7814849650 -0.2052784260 -0.4295937672 0.5050477052 0.6161876100 0.6113291768
0.9470178553 0.4985329379 0.4790574690 0.5785278203 0.8978125876 0.3982168782 0.2960774841 0.5751852327 0.7698606524 -0.2073827189 -0.4259813551 0.5050784774 0.6166418496 0.6119171657
0.9512925032 0.4987647809 0.4798584419 0.5784029086 0.8896941966 0.3980193326 0.2942427537 0.5750055210 0.7579973524 -0.2095404325 -0.4222277156 0.5049796578 0.6169550955 0.6123655385
0.9553787384 0.4988726430 0.4805409836 0.5781422038 0.8813040430 0.3977077578 0.2922974737 0.5746901234 0.7458999266 -0.2117485930 -0.4183369176 0.5047542193 0.6171302920 0.6126771918
0.9592777087 0.4988593854 0.4811077551 0.5777487550 0.8726464059 0.3972850598 0.2902449794 0.5742421033 0.7335732364 -0.2140042270 -0.4143130301 0.5044051349 0.6171703833 0.6128550225
0.9629905619 0.4987278693 0.4815614178 0.5772256114 0.8637255641 0.3967541444 0.2880886060 0.5736645244 0.7210221433 -0.2163043606 -0.4101601222 0.5039353776 0.6170783137 0.6129019270
0.9665184456 0.4984809558 0.4819046326 0.5765758223 0.8545457966 0.3961179176 0.2858316887 0.5729604504 0.7082515089 -0.2186460204 -0.4058822629 0.5033479204 0.6168570273 0.6128208020
0.9698625075 0.4981215062 0.4821400609 0.5758024368 0.8451113823 0.3953792853 0.2834775629 0.5721329449 0.6952661946 -0.2210262326 -0.4014835212 0.5026457364 0.6165094684 0.6126145442
0.9730238954 0.4976523817 0.4822703638 0.5749085041 0.8354266002 0.3945411533 0.2810295638 0.5711850715 0.6820710620 -0.2234420236 -0.3969679661 0.5018317985 0.6160385812 0.6122860502
0.9760037569 0.4970764434 0.4822982024 0.5738970734 0.8254957292 0.3936064277 0.2784910267 0.5701198938 0.6686709725 -0.2258904198 -0.3923396666 0.5009090798 0.6154473100 0.6118382167
