0.0213066277 0.1350983441 0.0933820659 0.0024822042 0.3067444918 0.1301311653 0.3789979527 -0.0004829436 0.6145052570 0.7870436424 -0.3493896445 0.1251219707 -0.0217013072 -0.0272796849
0.0179382860 0.1330863028 0.0933112741 -0.0014304596 0.3004756288 0.1263010224 0.3778058786 -0.0043797832 0.6055441377 0.7795688124 -0.3406330230 0.1225711251 -0.0256666355 -0.0312099094
0.0140455721 0.1304382189 0.0925764733 -0.0058399811 0.2935803749 0.1218894134 0.3757973853 -0.0087720165 0.5958343355 0.7711920904 -0.3312928212 0.1194058925 -0.0301117457 -0.0356173122
0.0096177444 0.1271410645 0.0911635598 -0.0107564724 0.2860472010 0.1168847910 0.3729561829 -0.0136697362 0.5853631305 0.7618977376 -0.3213590050 0.1156137749 -0.0350464491 -0.0405116723
0.0046440616 0.1231818119 0.0890584299 -0.0161900458 0.2778645777 0.1112756077 0.3692659817 -0.0190830350 0.5741178025 0.7516700150 -0.3108215399 0.1111822748 -0.0404805569 -0.0459027684
-0.0008862180 0.1185474334 0.0862469800 -0.0221508133 0.2690209760 0.1050503162 0.3647104917 -0.0250220058 0.5620856315 0.7404931834 -0.2996703915 0.1060988944 -0.0464238802 -0.0518003794
-0.0069838359 0.1132249012 0.0827151065 -0.0286488872 0.2595048666 0.0981973692 0.3592734231 -0.0314967412 0.5492538975 0.7283515040 -0.2878955257 0.1003511360 -0.0528862302 -0.0582142842
-0.0136595335 0.1072011875 0.0784487057 -0.0356943796 0.2493047202 0.0907052194 0.3529384862 -0.0385173339 0.5356098805 0.7152292377 -0.2754869080 0.0939265018 -0.0598774182 -0.0651542616
-0.0209240524 0.1004632647 0.0734336740 -0.0432974027 0.2384090078 0.0825623193 0.3456893911 -0.0460938769 0.5211408604 0.7011106454 -0.2624345041 0.0868124940 -0.0674072553 -0.0726300906
-0.0287881340 0.0929981049 0.0676559077 -0.0514680685 0.2268062000 0.0737571217 0.3375098479 -0.0542364627 0.5058341171 0.6859799883 -0.2487282797 0.0789966151 -0.0754855527 -0.0806515499
-0.0372625200 0.0847926803 0.0611013033 -0.0602164894 0.2144847676 0.0642780791 0.3283835668 -0.0629551841 0.4896769307 0.6698215272 -0.2343582005 0.0704663672 -0.0841221216 -0.0892284184
-0.0463579517 0.0758339633 0.0537557570 -0.0695527774 0.2014331815 0.0541136443 0.3182942580 -0.0722601339 0.4726565810 0.6526195231 -0.2193142321 0.0612092527 -0.0933267732 -0.0983704749
-0.0560851707 0.0661089261 0.0456051652 -0.0794870447 0.1876399124 0.0432522699 0.3072256317 -0.0821614049 0.4547603481 0.6343582371 -0.2035863403 0.0512127737 -0.1031093187 -0.1080874984
-0.0664549186 0.0556045409 0.0366354243 -0.0900294034 0.1730934312 0.0316824085 0.2951613980 -0.0926690897 0.4359755119 0.6150219301 -0.1871644906 0.0404644326 -0.1134795693 -0.1183892677
-0.0774779368 0.0443077800 0.0268324306 -0.1011899658 0.1577822085 0.0193925129 0.2820852671 -0.1037932811 0.4162893523 0.5945948631 -0.1700386488 0.0289517317 -0.1244473362 -0.1292855617
