0.2930938233 0.7245177368 0.7220685250 0.1706378106 0.7779771547 0.9465122606 0.9186713929 0.1709827280 0.9799080654 0.5326662858 -0.4780606598 0.6938896521 0.1447220415 0.1464671740
0.2608593179 0.7065275583 0.7042002872 0.1399669072 0.7616113660 0.9396477688 0.9097822251 0.1403074116 0.9755155399 0.5479524418 -0.4558941242 0.6748240357 0.1144481982 0.1161634282
0.2278011953 0.6879067952 0.6857151271 0.1086459603 0.7446049827 0.9323443949 0.9003999926 0.1089815786 0.9706710924 0.5632998271 -0.4330083515 0.6551179810 0.0835569623 0.0852402336
0.1939129135 0.6686500139 0.6666077956 0.0766702453 0.7269522040 0.9245980725 0.8905200966 0.0770004973 0.9653700758 0.5787082163 -0.4093970026 0.6347660453 0.0520439225 0.0536931672
0.1591879303 0.6487517806 0.6468730433 0.0440350375 0.7086472294 0.9164047352 0.8801379380 0.0443594364 0.9596078429 0.5941773839 -0.3850537383 0.6137627858 0.0199046673 0.0215178057
0.1236197039 0.6282066614 0.6265056208 0.0107356123 0.6896842584 0.9077603165 0.8692489177 0.0110536643 0.9533797465 0.6097071044 -0.3599722197 0.5921027598 -0.0128652146 -0.0112902741
0.0872016921 0.6070092226 0.6055002789 -0.0232327551 0.6700574902 0.8986607501 0.8578484367 -0.0229215503 0.9466811394 0.6252971523 -0.3341461077 0.5697805247 -0.0462701347 -0.0447354954
0.0499273530 0.5851540303 0.5838517683 -0.0578747892 0.6497611244 0.8891019696 0.8459318961 -0.0575709390 0.9395073744 0.6409473021 -0.3075690631 0.5467906376 -0.0803145042 -0.0788222814
0.0117901444 0.5626356508 0.5615548395 -0.0931952149 0.6287893604 0.8790799085 0.8334946968 -0.0928992331 0.9318538042 0.6566573283 -0.2802347470 0.5231276559 -0.1150027346 -0.1135550553
-0.0272164755 0.5394486502 0.5386042434 -0.1291987568 0.6071363974 0.8685905005 0.8205322398 -0.1289111642 0.9237157817 0.6724270055 -0.2521368202 0.4987861369 -0.1503392373 -0.1489382403
-0.0670990490 0.5155875948 0.5149947306 -0.1658901395 0.5847964350 0.8576296792 0.8070399261 -0.1656114637 0.9150886597 0.6882561082 -0.2232689438 0.4737606378 -0.1863284237 -0.1849762596
-0.1078641179 0.4910470506 0.4907210518 -0.2032740877 0.5617636726 0.8461933781 0.7930131566 -0.2030048632 0.9059677910 0.7041444108 -0.1936247785 0.4480457160 -0.2229747051 -0.2216735364
-0.1495182243 0.4658215841 0.4657779576 -0.2413553262 0.5380323095 0.8342775308 0.7784473324 -0.2410960939 0.8963485284 0.7200916879 -0.1631979853 0.4216359286 -0.2602824929 -0.2590344939
-0.1920679103 0.4399057612 0.4401601989 -0.2801385796 0.5135965452 0.8218780710 0.7633378544 -0.2798898875 0.8862262246 0.7360977141 -0.1319822252 0.3945258331 -0.2982561985 -0.2970635553
-0.2355197178 0.4132941483 0.4138625262 -0.3196285725 0.4884505790 0.8089909323 0.7476801236 -0.3193909754 0.8755962325 0.7521622637 -0.0999711591 0.3667099866 -0.3369002333 -0.3357651438
