0.7889528155 0.4513729243 0.3797572738 0.8071008225 -0.2438985072 0.5942450502 -0.3133010479 0.8060372787 -0.9481850793 -0.9760264727 0.7116990427 0.4608804756 0.8160564444 0.8179426637
0.6886109499 0.3689506187 0.3018522994 0.7154799078 -0.2826393450 0.5055101803 -0.3523135611 0.7139169731 -0.9237340717 -0.9647312472 0.7236926899 0.3788504403 0.7286994493 0.7314861866
0.5916662445 0.2893291618 0.2265744491 0.6270235728 -0.3202239649 0.4197395923 -0.3900353472 0.6249824587 -0.9002338704 -0.9538853362 0.7354437763 0.2995769158 0.6443666189 0.6480258977
0.4980757060 0.2124743778 0.1538921918 0.5416909153 -0.3566632110 0.3368971642 -0.4264796359 0.5391925514 -0.8776693539 -0.9434799564 0.7469514879 0.2230266071 0.5630186853 0.5675228422
0.4077963409 0.1383520912 0.0837739965 0.4594410330 -0.3919679273 0.2569467741 -0.4616596567 0.4565060672 -0.8560254004 -0.9335063246 0.7582150108 0.1491662191 0.4846163808 0.4899380658
0.3207851561 0.0669281261 0.0161883321 0.3802330239 -0.4261489579 0.1798523003 -0.4955886392 0.3768818218 -0.8352868884 -0.9239556575 0.7692335308 0.0779624567 0.4091204374 0.4152326138
0.2369991582 -0.0018316931 -0.0488963324 0.3040259856 -0.4592171469 0.1055776207 -0.5282798128 0.3002786314 -0.8154386962 -0.9148191719 0.7800062342 0.0093820248 0.3364915873 0.3433675318
0.1563953540 -0.0679615423 -0.1115115281 0.2307790160 -0.4911833383 0.0340866134 -0.5597464073 0.2266553116 -0.7964657022 -0.9060880846 0.7905323067 -0.0566083715 0.2666905627 0.2743038652
0.0789307501 -0.1314955970 -0.1716887860 0.1604512129 -0.5220583762 -0.0346568433 -0.5900016521 0.1559706784 -0.7783527848 -0.8977536123 0.8008109346 -0.1200420274 0.1996780958 0.2080026595
0.0045623533 -0.1924680330 -0.2294596371 0.0930016740 -0.5518531048 -0.1006888714 -0.6190587768 0.0881835478 -0.7610848224 -0.8898069717 0.8108413037 -0.1809522380 0.1354149186 0.1444249601
-0.0667528297 -0.2509130261 -0.2848556125 0.0283894971 -0.5805783679 -0.1640455929 -0.6469310109 0.0232527356 -0.7446466932 -0.8822393796 0.8206226000 -0.2393722983 0.0738617634 0.0835318126
-0.1350577923 -0.3068647519 -0.3379082433 -0.0334262199 -0.6082450099 -0.2247631295 -0.6736315840 -0.0388629423 -0.7290232757 -0.8750420529 0.8301540097 -0.2953355033 0.0149793623 0.0252842623
-0.2003955277 -0.3603573862 -0.3886490604 -0.0924863793 -0.6348638746 -0.2828776032 -0.6991737257 -0.0982046700 -0.7141994483 -0.8682062081 0.8394347186 -0.3488751482 -0.0412715525 -0.0303566452
-0.2628090292 -0.4114251048 -0.4371095949 -0.1488318833 -0.6604458061 -0.3384251359 -0.7235706655 -0.1548136316 -0.7001600894 -0.8617230622 0.8484639129 -0.4000245280 -0.0949302488 -0.0834298644
-0.3223412901 -0.4601020832 -0.4833213779 -0.2025036341 -0.6850016486 -0.3914418494 -0.7468356330 -0.2087310111 -0.6868900772 -0.8555838317 0.8572407784 -0.4488169378 -0.1460359946 -0.1339743500
