0.1790819113 0.4084645511 0.5675742455 0.2870974630 0.5382383791 0.3803970560 0.7558771414 0.2895134688 0.7505211787 0.7557425468 -0.6144462004 0.3798370424 0.2744518442 0.2747399040
0.1670904711 0.3967882957 0.5582784668 0.2757513164 0.5276280702 0.3691327994 0.7484220250 0.2781747860 0.7413710105 0.7467118080 -0.6045458178 0.3682546463 0.2631829401 0.2634688400
0.1550506754 0.3850136564 0.5488993821 0.2643315037 0.5168874461 0.3577752100 0.7408565074 0.2667619092 0.7320323383 0.7374915782 -0.5944961628 0.3565871442 0.2518424687 0.2521261640
0.1429634309 0.3731411019 0.5394374972 0.2528384124 0.5060161854 0.3463245087 0.7331806646 0.2552752179 0.7225039611 0.7280805572 -0.5842963939 0.3448351674 0.2404307929 0.2407122397
0.1308296443 0.3611711010 0.5298933174 0.2412724299 0.4950139667 0.3347809167 0.7253945728 0.2437150921 0.7127846774 0.7184774445 -0.5739456695 0.3329993472 0.2289482756 0.2292274307
0.1186502224 0.3491041226 0.5202673483 0.2296339435 0.4838804682 0.3231446548 0.7174983082 0.2320819112 0.7028732862 0.7086809397 -0.5634431479 0.3210803151 0.2173952797 0.2176721005
0.1064260719 0.3369406355 0.5105600956 0.2179233407 0.4726153686 0.3114159441 0.7094919470 0.2203760552 0.6927685862 0.6986897423 -0.5527879876 0.3090787024 0.2057721681 0.2060466130
0.0941580996 0.3246811086 0.5007720647 0.2061410090 0.4612183463 0.2995950055 0.7013755654 0.2085979038 0.6824693760 0.6885025520 -0.5419793471 0.2969951406 0.1940793037 0.1943513317
0.0818472121 0.3123260108 0.4909037612 0.1942873356 0.4496890797 0.2876820602 0.6931492395 0.1967478366 0.6719744546 0.6781180684 -0.5310163846 0.2848302609 0.1823170493 0.1825866203
0.0694943163 0.2998758108 0.4809556907 0.1823627080 0.4380272475 0.2756773290 0.6848130455 0.1848262334 0.6612826206 0.6675349910 -0.5198982586 0.2725846948 0.1704857679 0.1707528424
0.0571003188 0.2873309775 0.4709283586 0.1703675137 0.4262325279 0.2635810330 0.6763670596 0.1728334740 0.6503926727 0.6567520195 -0.5086241275 0.2602590736 0.1585858224 0.1588503617
0.0446661265 0.2746919798 0.4608222706 0.1583021399 0.4143045996 0.2513933931 0.6678113580 0.1607699380 0.6393034099 0.6457678534 -0.4971931498 0.2478540288 0.1466175756 0.1468795419
0.0321926460 0.2619592865 0.4506379321 0.1461669743 0.4022431410 0.2391146305 0.6591460168 0.1486360052 0.6280136308 0.6345811923 -0.4856044837 0.2353701917 0.1345813905 0.1348407465
0.0196807840 0.2491333664 0.4403758488 0.1339624040 0.3900478306 0.2267449660 0.6503711122 0.1364320553 0.6165221342 0.6231907359 -0.4738572878 0.2228081937 0.1224776300 0.1227343393
0.0071314474 0.2362146883 0.4300365262 0.1216888166 0.3777183468 0.2142846207 0.6414867203 0.1241584681 0.6048277188 0.6115951836 -0.4619507204 0.2101686661 0.1103066569 0.1105606839
