-0.6085156654 0.0807054511 0.1259684872 -0.7057339916 -0.3354892069 0.1801239970 0.7012956381 -0.6997743198 0.7531979485 0.4017255094 -0.5503316946 0.0552493759 -0.7367565181 -0.7351900709
-0.6174088464 0.0816200085 0.1307003946 -0.7105161231 -0.3505779653 0.1818601221 0.7113357830 -0.7044874276 0.7411807525 0.4184123583 -0.5637514258 0.0556742076 -0.7424277385 -0.7408825905
-0.6265024333 0.0824007700 0.1353539009 -0.7154465500 -0.3660029288 0.1834660516 0.7213383268 -0.7093483180 0.7288485798 0.4352245309 -0.5772139938 0.0559600248 -0.7482510611 -0.7467288667
-0.6357979383 0.0830464093 0.1399279738 -0.7205265537 -0.3817664320 0.1849404637 0.7313024773 -0.7143582707 0.7161994627 0.4521624575 -0.5907191950 0.0561054769 -0.7542277602 -0.7527301871
-0.6452968739 0.0835556003 0.1444215812 -0.7257574155 -0.3978708096 0.1862820367 0.7412274420 -0.7195185651 0.7032314333 0.4692265685 -0.6042668256 0.0561092134 -0.7603591105 -0.7588878390
-0.6550007524 0.0839270169 0.1488336910 -0.7311404168 -0.4143183964 0.1874894491 0.7511124287 -0.7248304808 0.6899425236 0.4864172944 -0.6178566820 0.0559698840 -0.7666463866 -0.7652031101
-0.6649110862 0.0841593328 0.1531632710 -0.7366768389 -0.4311115271 0.1885613791 0.7609566448 -0.7302952971 0.6763307658 0.5037350655 -0.6314885607 0.0556861381 -0.7730908629 -0.7716772877
-0.6750293875 0.0842512218 0.1574092891 -0.7423679632 -0.4482525365 0.1894965052 0.7707592980 -0.7359142936 0.6623941921 0.5211803122 -0.6451622578 0.0552566254 -0.7796938141 -0.7783116596
-0.6853571687 0.0842013579 0.1615707131 -0.7482150709 -0.4657437592 0.1902935056 0.7805195960 -0.7416887499 0.6481308345 0.5387534650 -0.6588775698 0.0546799952 -0.7864565147 -0.7851075130
-0.6958959422 0.0840084149 0.1656465110 -0.7542194436 -0.4835875301 0.1909510587 0.7902367464 -0.7476199453 0.6335387253 0.5564549543 -0.6726342930 0.0539548972 -0.7933802392 -0.7920661356
-0.7066472204 0.0836710665 0.1696356506 -0.7603823624 -0.5017861837 0.1914678429 0.7999099568 -0.7537091594 0.6186158965 0.5742852104 -0.6864322237 0.0530799810 -0.8004662623 -0.7991888148
-0.7176125155 0.0831879866 0.1735370997 -0.7667051087 -0.5203420550 0.1918425365 0.8095384348 -0.7599576717 0.6033603802 0.5922446638 -0.7002711584 0.0520538960 -0.8077158584 -0.8064768382
-0.7287933399 0.0825578491 0.1773498262 -0.7731889639 -0.5392574785 0.1920738178 0.8191213881 -0.7663667617 0.5877702087 0.6103337448 -0.7141508932 0.0508752918 -0.8151303022 -0.8139314933
-0.7401912060 0.0817793277 0.1810727980 -0.7798352093 -0.5585347891 0.1921603652 0.8286580242 -0.7729377089 0.5718434140 0.6285528839 -0.7280712246 0.0495428179 -0.8227108682 -0.8215540675
-0.7518076261 0.0808510963 0.1847049829 -0.7866451263 -0.5781763213 0.1921008570 0.8381475509 -0.7796717927 0.5555780282 0.6469025115 -0.7420319488 0.0480551239 -0.8304588309 -0.8293458484
