-0.1034185152 -0.4528534004 -0.4179228579 0.1327551582 0.2713882821 -0.4889043858 -0.5860561614 0.1311803879 -0.0036419581 -0.6355093154 0.3858741492 -0.4366875926 0.1813328331 0.1943992832
-0.1038342892 -0.4516368331 -0.4184042684 0.1278543911 0.2898341288 -0.4872293439 -0.5817950089 0.1262883273 0.0103711889 -0.6306588775 0.3785142413 -0.4354331952 0.1758486654 0.1887272981
-0.1044125021 -0.4505679129 -0.4190061570 0.1228426902 0.3080046258 -0.4857056850 -0.5776762170 0.1212853730 0.0242986893 -0.6258965036 0.3713340390 -0.4343292969 0.1702580381 0.1829506162
-0.1051512749 -0.4496449395 -0.4197269893 0.1177216662 0.3259012249 -0.4843316938 -0.5736983086 0.1161731349 0.0381402600 -0.6212212841 0.3643319409 -0.4333741750 0.1645625450 0.1770708230
-0.1060487288 -0.4488662126 -0.4205652314 0.1124929292 0.3435253783 -0.4831056553 -0.5698598069 0.1109532228 0.0518956183 -0.6166323095 0.3575063453 -0.4325661068 0.1587637797 0.1710895045
-0.1071029849 -0.4482300319 -0.4215193488 0.1071580898 0.3608785379 -0.4820258542 -0.5661592350 0.1056272463 0.0655644810 -0.6121286702 0.3508556510 -0.4319033697 0.1528633360 0.1650082461
-0.1083121642 -0.4477346972 -0.4225878075 0.1017187584 0.3779621558 -0.4810905756 -0.5625951162 0.1001968152 0.0791465654 -0.6077094567 0.3443782563 -0.4313842410 0.1468628075 0.1588286337
-0.1096743880 -0.4473785081 -0.4237690732 0.0961765452 0.3947776840 -0.4802981043 -0.5591659734 0.0946635393 0.0926415884 -0.6033737595 0.3380725598 -0.4310069982 0.1407637881 0.1525522529
-0.1111877772 -0.4471597643 -0.4250616118 0.0905330607 0.4113265744 -0.4796467252 -0.5558703298 0.0890290283 0.1060492670 -0.5991206690 0.3319369600 -0.4307699184 0.1345678713 0.1461806895
-0.1128504531 -0.4470767656 -0.4264638889 0.0847899152 0.4276102792 -0.4791347232 -0.5527067087 0.0832948921 0.1193693185 -0.5949492758 0.3259698554 -0.4306712792 0.1282766510 0.1397155291
-0.1146605366 -0.4471278117 -0.4279743706 0.0789487192 0.4436302504 -0.4787603832 -0.5496736330 0.0774627403 0.1326014597 -0.5908586703 0.3201696445 -0.4307093578 0.1218917208 0.1331583575
-0.1166161491 -0.4473112023 -0.4295915224 0.0730110831 0.4593879399 -0.4785219900 -0.5467696259 0.0715341827 0.1457454078 -0.5868479429 0.3145347258 -0.4308824316 0.1154146745 0.1265107603
-0.1187154114 -0.4476252371 -0.4313138104 0.0669786171 0.4748847998 -0.4784178285 -0.5439932105 0.0655108291 0.1588008798 -0.5829161842 0.3090634979 -0.4311887779 0.1088471058 0.1197743233
-0.1209564449 -0.4480682159 -0.4331397001 0.0608529318 0.4901222820 -0.4784461837 -0.5413429101 0.0593942892 0.1717675928 -0.5790624847 0.3037543592 -0.4316266741 0.1021906083 0.1129506321
-0.1233373705 -0.4486384382 -0.4350676575 0.0546356375 0.5051018387 -0.4786053405 -0.5388172476 0.0531861727 0.1846452638 -0.5752859347 0.2986057083 -0.4321943976 0.0954467759 0.1060412726
