0.0441766271 -0.0939961279 -0.2339723571 0.0518826443 0.0538192941 -0.0953840379 -0.3057813429 0.0496901408 0.0548325345 -0.5705567108 0.2882671152 -0.0453778473 0.0845040139 0.0746303600
0.0416331914 -0.0946597689 -0.2338268124 0.0498591354 0.0486224153 -0.0962101040 -0.3052745480 0.0477104730 0.0476136605 -0.5543890307 0.2900823195 -0.0465012622 0.0819797006 0.0722044318
0.0387251946 -0.0956689739 -0.2339833564 0.0474561830 0.0431154552 -0.0973775319 -0.3050463467 0.0453513530 0.0401289982 -0.5379026129 0.2921324225 -0.0479813873 0.0790727199 0.0693979889
0.0354454394 -0.0970311812 -0.2344490044 0.0446662225 0.0372927693 -0.0988936517 -0.3051035045 0.0426052040 0.0323741275 -0.5210963957 0.2944228903 -0.0498256990 0.0757755989 0.0662035631
0.0317867283 -0.0987538290 -0.2352307716 0.0414816895 0.0311487127 -0.1007657938 -0.3054527869 0.0394644492 0.0243446283 -0.5039693174 0.2969591890 -0.0520416735 0.0720808646 0.0626136861
0.0277418637 -0.1008443555 -0.2363356734 0.0378950194 0.0246776407 -0.1030012884 -0.3061009595 0.0359215116 0.0160360805 -0.4865203164 0.2997467847 -0.0546367872 0.0679810441 0.0586208896
0.0233036482 -0.1033101990 -0.2377707250 0.0338986478 0.0178739086 -0.1056074657 -0.3070547877 0.0319688145 0.0074440640 -0.4687483310 0.3027911434 -0.0576185165 0.0634686644 0.0542177055
0.0184648844 -0.1061587978 -0.2395429417 0.0294850102 0.0107318716 -0.1085916561 -0.3083210370 0.0275987811 -0.0014358411 -0.4506522995 0.3060977314 -0.0609943377 0.0585362526 0.0493966655
0.0132183747 -0.1093975902 -0.2416593389 0.0246465421 0.0032458850 -0.1119611898 -0.3099064730 0.0228038343 -0.0106080550 -0.4322311602 0.3096720147 -0.0647717270 0.0531763358 0.0441503012
0.0075569217 -0.1130340143 -0.2441269318 0.0193756789 -0.0045896960 -0.1157233971 -0.3118178612 0.0175763975 -0.0200769977 -0.4134838516 0.3135194594 -0.0689581610 0.0473814410 0.0384711445
0.0014733279 -0.1170755084 -0.2469527358 0.0136648562 -0.0127805160 -0.1198856082 -0.3140619670 0.0119088938 -0.0298470893 -0.3944093120 0.3176455315 -0.0735611158 0.0411440952 0.0323517270
-0.0050396041 -0.1215295109 -0.2501437661 0.0075065095 -0.0213322199 -0.1244551534 -0.3166455560 0.0057937462 -0.0399227499 -0.3750064796 0.3220556973 -0.0785880678 0.0344568257 0.0257845806
-0.0119890719 -0.1264034599 -0.2537070379 0.0008930743 -0.0302504522 -0.1294393631 -0.3195753937 -0.0007766219 -0.0503083995 -0.3552742929 0.3267554228 -0.0840464934 0.0273121593 0.0187622370
-0.0193822728 -0.1317047937 -0.2576495667 -0.0061830140 -0.0395408579 -0.1348455673 -0.3228582455 -0.0078097876 -0.0610084582 -0.3352116901 0.3317501740 -0.0899438689 0.0197026233 0.0112772279
-0.0272264045 -0.1374409506 -0.2619783677 -0.0137293197 -0.0492090816 -0.1406810965 -0.3265008771 -0.0153133276 -0.0720273461 -0.3148176096 0.3370454172 -0.0962876706 0.0116207446 0.0033220850
