0.5847491107 0.6730557103 0.6118866783 0.3094799957 0.8383339122 0.6784009798 0.7836441203 0.3123179064 0.9395862489 0.6100902913 -0.6593854132 0.6968609892 0.2492482267 0.2634638976
0.5652677163 0.6568450751 0.5943433866 0.2836177366 0.8266871823 0.6624296663 0.7709335112 0.2865459290 0.9325937979 0.6023152714 -0.6415067814 0.6814523534 0.2221275106 0.2366272471
0.5455442954 0.6404324574 0.5766406850 0.2576079291 0.8147259975 0.6462615950 0.7580018324 0.2606273888 0.9252593357 0.5944184010 -0.6233303003 0.6658443896 0.1948802781 0.2096584053
0.5255936656 0.6238324285 0.5587948687 0.2314704445 0.8024597521 0.6299113815 0.7448616170 0.2345821495 0.9175891884 0.5864110612 -0.6048685803 0.6500514050 0.1675274325 0.1825780184
0.5054306440 0.6070595593 0.5408222332 0.2052251543 0.7898978400 0.6133936412 0.7315253983 0.2084300747 0.9095896824 0.5783046330 -0.5861342318 0.6340877072 0.1400898767 0.1554067324
0.4850700482 0.5901284210 0.5227390739 0.1788919301 0.7770496555 0.5967229897 0.7180057097 0.1821910280 0.9012671441 0.5701104975 -0.5671398654 0.6179676033 0.1125885139 0.1281651934
0.4645266956 0.5730535848 0.5045616859 0.1524906432 0.7639245928 0.5799140426 0.7043150842 0.1558848730 0.8926278997 0.5618400357 -0.5478980913 0.6017054008 0.0850442470 0.1008740474
0.4438154035 0.5558496217 0.4863063648 0.1260411651 0.7505320459 0.5629814152 0.6904660553 0.1295314734 0.8836782755 0.5535046289 -0.5284215201 0.5853154070 0.0574779792 0.0735539405
0.4229509892 0.5385311028 0.4679894059 0.0995633674 0.7368814090 0.5459397231 0.6764711562 0.1031506927 0.8744245978 0.5451156580 -0.5087227622 0.5688119293 0.0299106136 0.0462255188
0.4019482703 0.5211125994 0.4496271045 0.0730771215 0.7229820763 0.5288035819 0.6623429200 0.0767623945 0.8648731929 0.5366845042 -0.4888144280 0.5522092749 0.0023630532 0.0189094283
0.3808220641 0.5036086824 0.4312357560 0.0466022989 0.7088434419 0.5115876070 0.6480938801 0.0503864424 0.8550303872 0.5282225484 -0.4687091280 0.5355217513 -0.0251437989 -0.0083736849
0.3595871879 0.4860339230 0.4128316558 0.0201587710 0.6944748999 0.4943064139 0.6337365697 0.0240427001 0.8449025069 0.5197411719 -0.4484194726 0.5187636657 -0.0525890396 -0.0356031748
0.3382584592 0.4684028924 0.3944310992 -0.0062335907 0.6798858446 0.4769746183 0.6192835221 -0.0022489688 0.8344958784 0.5112517557 -0.4279580723 0.5019493256 -0.0799517660 -0.0627583953
0.3168506954 0.4507301616 0.3760503815 -0.0325549146 0.6650856700 0.4596068355 0.6047472705 -0.0284687007 0.8238168278 0.5027656808 -0.4073375375 0.4850930382 -0.1072110748 -0.0898187003
0.2953787138 0.4330303017 0.3577057981 -0.0587853294 0.6500837703 0.4422176811 0.5901403482 -0.0545966321 0.8128716817 0.4942943284 -0.3865704786 0.4682091110 -0.1343460630 -0.1167634438
