-0.1423527652 -0.3733817913 -0.5468633837 -0.0923947870 -0.2407173870 -0.2669165757 -0.6096858483 -0.0911636840 -0.4274516420 -0.7055921997 0.0657156039 -0.3660542999 -0.0776129082 -0.0734130707
-0.1351171223 -0.3638868432 -0.5354034618 -0.0854278283 -0.2343481307 -0.2591941326 -0.5978792043 -0.0841820892 -0.4215504041 -0.6957412146 0.0610901766 -0.3565933008 -0.0709099466 -0.0667091501
-0.1278599172 -0.3543484546 -0.5238835496 -0.0784439394 -0.2279488209 -0.2514386608 -0.5859965534 -0.0771836687 -0.4156024629 -0.6858118244 0.0564512832 -0.3470895380 -0.0641915085 -0.0599901317
-0.1205849352 -0.3447710412 -0.5123086091 -0.0714468287 -0.2215230172 -0.2436540876 -0.5740427489 -0.0701721348 -0.4096112671 -0.6758084713 0.0518019966 -0.3375474175 -0.0574612295 -0.0532596511
-0.1132959616 -0.3351590189 -0.5006836021 -0.0644402044 -0.2150742789 -0.2358443408 -0.5620226438 -0.0631511996 -0.4035802657 -0.6657355987 0.0471453898 -0.3279713454 -0.0507227454 -0.0465213440
-0.1059967815 -0.3255168032 -0.4890134904 -0.0574277749 -0.2086061652 -0.2280133474 -0.5499410909 -0.0561245753 -0.3975129070 -0.6555976458 0.0424845360 -0.3183657275 -0.0439796918 -0.0397788460
-0.0986911803 -0.3158488104 -0.4773032360 -0.0504132487 -0.2021222359 -0.2201650354 -0.5378029436 -0.0490959743 -0.3914126403 -0.6453990579 0.0378225080 -0.3087349701 -0.0372357046 -0.0330357927
-0.0913829433 -0.3061594560 -0.4655578008 -0.0434003340 -0.1956260502 -0.2123033321 -0.5256130548 -0.0420691086 -0.3852829143 -0.6351442763 0.0331623789 -0.2990834791 -0.0304944194 -0.0262958197
-0.0840758557 -0.2964531559 -0.4537821467 -0.0363927392 -0.1891211675 -0.2044321651 -0.5133762777 -0.0350476905 -0.3791271778 -0.6248377434 0.0285072216 -0.2894156605 -0.0237594720 -0.0195625626
-0.0767737027 -0.2867343260 -0.4419812355 -0.0293941727 -0.1826111474 -0.1965554618 -0.5010974653 -0.0280354322 -0.3729488796 -0.6144839015 0.0238601093 -0.2797359204 -0.0170344980 -0.0128396571
-0.0694802698 -0.2770073820 -0.4301600291 -0.0224083429 -0.1760995491 -0.1886771498 -0.4887814707 -0.0210360460 -0.3667514685 -0.6040871928 0.0192241149 -0.2700486646 -0.0103231333 -0.0061307389
-0.0621993420 -0.2672767397 -0.4183234894 -0.0154389580 -0.1695899321 -0.1808011565 -0.4764331469 -0.0140532440 -0.3605383933 -0.5936520596 0.0146023114 -0.2603582993 -0.0036290135 0.0005605566
-0.0549347047 -0.2575468151 -0.4064765784 -0.0084897265 -0.1630858558 -0.1729314095 -0.4640573470 -0.0070907384 -0.3543131028 -0.5831829443 0.0099977718 -0.2506692305 0.0030442257 0.0072305936
-0.0476901432 -0.2478220238 -0.3946242577 -0.0015643568 -0.1565908797 -0.1650718363 -0.4516589241 -0.0001522415 -0.3480790458 -0.5726842892 0.0054135692 -0.2409858642 0.0096929484 0.0138757365
-0.0404694427 -0.2381067818 -0.3827714895 0.0053334429 -0.1501085631 -0.1572263644 -0.4392427313 0.0067585345 -0.3418396712 -0.5621605365 0.0008527765 -0.2313126063 0.0163135191 0.0204923497
