-0.5330779679 -0.2330775597 -0.1783912683 -0.5311587983 -0.3561942797 -0.2107509515 -0.1361509399 -0.5293423302 -0.1625730663 -0.1686336932 0.1206348226 -0.2592468637 -0.5754716399 -0.5644348101
-0.5259321108 -0.2202984433 -0.1648975632 -0.5247556832 -0.3449964214 -0.1974031226 -0.1208750429 -0.5228283203 -0.1470535304 -0.1538576704 0.1054515151 -0.2467717489 -0.5698606271 -0.5586752479
-0.5187793462 -0.2074477026 -0.1513286170 -0.5183666699 -0.3337336296 -0.1839747927 -0.1054798572 -0.5163259270 -0.1314073450 -0.1389409034 0.0901539188 -0.2342256540 -0.5642721832 -0.5529374815
-0.5116209138 -0.1945262266 -0.1376853233 -0.5119931789 -0.3224067681 -0.1704667901 -0.0899657712 -0.5098365512 -0.1156349516 -0.1238831217 0.0747424419 -0.2216094562 -0.5587077715 -0.5472229749
-0.5044580532 -0.1815349041 -0.1239685755 -0.5056366309 -0.3110167004 -0.1568799429 -0.0743331734 -0.5033615935 -0.0997367916 -0.1086840549 0.0592174927 -0.2089240328 -0.5531688550 -0.5415331920
-0.4972920041 -0.1684746241 -0.1101792672 -0.4992984468 -0.2995642903 -0.1432150795 -0.0585824520 -0.4969024548 -0.0837133065 -0.0933434325 0.0435794797 -0.1961702612 -0.5476568970 -0.5358695969
-0.4901240059 -0.1553462756 -0.0963182919 -0.4929800471 -0.2880504015 -0.1294730282 -0.0427139954 -0.4904605356 -0.0675649376 -0.0778609840 0.0278288111 -0.1833490186 -0.5421733606 -0.5302336535
-0.4829552985 -0.1421507475 -0.0823865432 -0.4866828525 -0.2764758977 -0.1156546173 -0.0267281920 -0.4840372368 -0.0512921264 -0.0622364390 0.0119658953 -0.1704611823 -0.5367197089 -0.5246268258
-0.4757871214 -0.1288889287 -0.0683849147 -0.4804082837 -0.2648416425 -0.1017606750 -0.0106254301 -0.4776339590 -0.0348953144 -0.0464695269 -0.0040088595 -0.1575076295 -0.5312974053 -0.5190505779
-0.4686207143 -0.1155617082 -0.0543142997 -0.4741577613 -0.2531484996 -0.0877920296 0.0055939019 -0.4712521030 -0.0183749429 -0.0305599772 -0.0200950449 -0.1444892377 -0.5259079127 -0.5135063738
-0.4614573166 -0.1021699749 -0.0401755920 -0.4679327062 -0.2413973327 -0.0737495095 0.0219294157 -0.4648930694 -0.0017314534 -0.0145075196 -0.0362922526 -0.1314068841 -0.5205526944 -0.5079956773
-0.4542981682 -0.0887146177 -0.0259696849 -0.4617345389 -0.2295890056 -0.0596339428 0.0383807228 -0.4585582591 0.0150347126 0.0016881165 -0.0526000742 -0.1182614459 -0.5152332136 -0.5025199526
-0.4471445086 -0.0751965256 -0.0116974721 -0.4555646801 -0.2177243818 -0.0454461579 0.0549474351 -0.4522490727 0.0319231138 0.0180272015 -0.0690181014 -0.1050538005 -0.5099509333 -0.4970806636
-0.4399975775 -0.0616165876 0.0026401530 -0.4494245506 -0.2058043250 -0.0311869831 0.0716291640 -0.4459669109 0.0489333087 0.0345100060 -0.0855459260 -0.0917848252 -0.5047073169 -0.4916792744
-0.4328586144 -0.0479756926 0.0170422967 -0.4433155709 -0.1938296990 -0.0168572467 0.0884255212 -0.4397131744 0.0660648558 0.0511368004 -0.1021831395 -0.0784553972 -0.4995038274 -0.4863172488
