0.1189614385 -0.1257856359 -0.1078466920 0.3532651022 -0.5596847430 -0.2016993807 -0.3699365143 0.3524702945 -0.8875610748 -0.9573206996 0.1253885137 -0.1429836013 0.3925984900 0.3845446727
0.1295991503 -0.1168033926 -0.1011045291 0.3607071898 -0.5386891110 -0.1933691918 -0.3607294577 0.3598765869 -0.8710771824 -0.9543990270 0.1058395104 -0.1325784885 0.4001473945 0.3919910914
0.1400437348 -0.1079347601 -0.0945156449 0.3678115216 -0.5173879513 -0.1851299358 -0.3515298020 0.3669449458 -0.8536359861 -0.9513270548 0.0862634254 -0.1222593421 0.4073434821 0.3990866219
0.1502993458 -0.0991757604 -0.0880738415 0.3745868876 -0.4957945846 -0.1769775596 -0.3423354982 0.3736841891 -0.8352698752 -0.9481009949 0.0666666728 -0.1120236349 0.4141957201 0.4058402705
0.1603701374 -0.0905224155 -0.0817729211 0.3810420779 -0.4739223314 -0.1689080102 -0.3331444972 0.3801031347 -0.8160112387 -0.9447170592 0.0470556667 -0.1018688396 0.4207130756 0.4122610433
0.1702602635 -0.0819707472 -0.0756066858 0.3871858825 -0.4517845123 -0.1609172346 -0.3239547500 0.3862106005 -0.7958924656 -0.9411714597 0.0274368213 -0.0917924290 0.4269045156 0.4183579466
0.1799738780 -0.0735167775 -0.0695689377 0.3930270915 -0.4293944481 -0.1530011798 -0.3147642073 0.3920154045 -0.7749459451 -0.9374604084 0.0078165507 -0.0817918759 0.4327790074 0.4241399866
0.1895151350 -0.0651565284 -0.0636534788 0.3985744950 -0.4067654593 -0.1451557927 -0.3055708201 0.3975263645 -0.7532040661 -0.9335801173 -0.0117987308 -0.0718646532 0.4383455181 0.4296161696
0.1988881883 -0.0568860216 -0.0578541113 0.4038368829 -0.3839108666 -0.1373770204 -0.2963725392 0.4027522985 -0.7306992179 -0.9295267983 -0.0314026093 -0.0620082336 0.4436130148 0.4347955017
0.2080971920 -0.0487012793 -0.0521646373 0.4088230454 -0.3608439905 -0.1296608097 -0.2871673156 0.4077020243 -0.7074637895 -0.9252966635 -0.0509886705 -0.0522200898 0.4485904647 0.4396869891
0.2171462999 -0.0405983233 -0.0465788589 0.4135417726 -0.3375781517 -0.1220031077 -0.2779531002 0.4123843599 -0.6835301699 -0.9208859247 -0.0705505003 -0.0424976948 0.4532868349 0.4442996381
0.2260396662 -0.0325731755 -0.0410905781 0.4180018544 -0.3141266708 -0.1143998614 -0.2687278438 0.4168081233 -0.6589307483 -0.9162907940 -0.0900816845 -0.0328385212 0.4577110925 0.4486424550
0.2347814446 -0.0246218579 -0.0356935972 0.4222120809 -0.2905028685 -0.1068470176 -0.2594894974 0.4209821323 -0.6336979137 -0.9115074833 -0.1095758091 -0.0232400419 0.4618722047 0.4527244458
0.2433757892 -0.0167403923 -0.0303817181 0.4261812422 -0.2667200653 -0.0993405235 -0.2502360118 0.4249152048 -0.6078640552 -0.9065322047 -0.1290264598 -0.0136997296 0.4657791386 0.4565546169
0.2518268540 -0.0089248008 -0.0251487431 0.4299181283 -0.2427915819 -0.0918763260 -0.2409653380 0.4286161587 -0.5814615619 -0.9013611700 -0.1484272225 -0.0042150572 0.4694408614 0.4601419745
