-0.3078706547 -0.5209698361 -0.5381919791 -0.2006261050 -0.8022807457 -0.6436614785 -0.7514748394 -0.1980329884 -0.9951293887 -0.8627990881 0.8523736971 -0.6035038872 -0.1252904262 -0.1322911664
-0.2885299545 -0.5048011804 -0.5226561329 -0.1799117017 -0.7896574807 -0.6302112604 -0.7394116250 -0.1772991703 -0.9969921205 -0.8538237645 0.8418206903 -0.5888673347 -0.1035204814 -0.1106378464
-0.2690728798 -0.4884306932 -0.5069144127 -0.1591237336 -0.7766655450 -0.6165158422 -0.7270503563 -0.1564928662 -0.9984154174 -0.8445122877 0.8309227864 -0.5739970157 -0.0817063422 -0.0889376764
-0.2495061822 -0.4718617785 -0.4909694027 -0.1382703912 -0.7633069074 -0.6025754390 -0.7143902040 -0.1356222837 -0.9993944096 -0.8348601735 0.8196819140 -0.5588946425 -0.0598573423 -0.0671998600
-0.2298366134 -0.4550978401 -0.4748236874 -0.1173598650 -0.7495835367 -0.5883902658 -0.7014303389 -0.1146956306 -0.9999242271 -0.8248629378 0.8081000015 -0.5435619276 -0.0379828154 -0.0454336003
-0.2100709250 -0.4381422821 -0.4584798509 -0.0964003454 -0.7354974015 -0.5739605376 -0.6881699319 -0.0937211144 -1.0000000000 -0.8145160965 0.7961789774 -0.5280005833 -0.0160920955 -0.0236481007
-0.1902158686 -0.4209985084 -0.4419404777 -0.0754000229 -0.7210504705 -0.5592864696 -0.6746081536 -0.0727069430 -0.9996168585 -0.8038151658 0.7839207702 -0.5122123220 0.0058054837 -0.0018525645
-0.1702781960 -0.4036699229 -0.4252081520 -0.0543670879 -0.7062447125 -0.5443682766 -0.6607441751 -0.0516613239 -0.9987699326 -0.7927556613 0.7713273084 -0.4961988562 0.0277005884 0.0199438050
-0.1502646587 -0.3861599296 -0.4082854583 -0.0333097309 -0.6910820962 -0.5292061739 -0.6465771669 -0.0305924649 -0.9974543526 -0.7813330991 0.7584005205 -0.4799618982 0.0495838847 0.0417318044
-0.1301820084 -0.3684719325 -0.3911749807 -0.0122361424 -0.6755645903 -0.5138003764 -0.6321063000 -0.0095085735 -0.9956652484 -0.7695429952 0.7451423350 -0.4635031604 0.0714460389 0.0635022304
-0.1100369967 -0.3506093354 -0.3738793038 0.0088454873 -0.6596941635 -0.4981510991 -0.6173307451 0.0115821424 -0.9933977503 -0.7573808654 0.7315546804 -0.4468243552 0.0932777171 0.0852458797
-0.0898363754 -0.3325755424 -0.3564010117 0.0299269676 -0.6434727845 -0.4822585572 -0.6022496731 0.0326714753 -0.9906469882 -0.7448422257 0.7176394851 -0.4299271951 0.1150695856 0.1069535490
-0.0695868960 -0.3143739573 -0.3387426888 0.0510001080 -0.6269024221 -0.4661229657 -0.5868622546 0.0537512175 -0.9874080924 -0.7319225921 0.7033986777 -0.4128133924 0.1368123105 0.1286160350
-0.0492953101 -0.2960079842 -0.3209069195 0.0720567182 -0.6099850450 -0.4497445395 -0.5711676606 0.0748131612 -0.9836761930 -0.7186174804 0.6888341866 -0.3954846595 0.1584965579 0.1502241343
-0.0289683696 -0.2774810270 -0.3028962880 0.0930886077 -0.5927226219 -0.4331234938 -0.5551650618 0.0958490989 -0.9794464200 -0.7049224066 0.6739479404 -0.3779427089 0.1801129942 0.1717686437
