-0.1131054629 -0.3629084425 -0.2893293068 0.0420335197 -0.7947649489 -0.2835491523 -0.5596670655 0.0394450313 -0.9068346336 -0.9580442390 0.3169351623 -0.3892331554 0.0678078012 0.0692450416
-0.0946056103 -0.3422749786 -0.2657103738 0.0586117373 -0.7834948309 -0.2657709025 -0.5410708413 0.0560089910 -0.9157824939 -0.9527262742 0.3113712588 -0.3690358884 0.0840732119 0.0855340037
-0.0761538242 -0.3216378453 -0.2421082490 0.0751110973 -0.7720853472 -0.2480005315 -0.5223399873 0.0724947107 -0.9243153094 -0.9471333308 0.3057802624 -0.3488280160 0.1002546348 0.1017386000
-0.0577696424 -0.3010178661 -0.2185457247 0.0915132620 -0.7605502465 -0.2302569883 -0.5034913807 0.0888838641 -0.9324269982 -0.9412724917 0.3001728768 -0.3286300523 0.1163339276 0.1178406713
-0.0394726026 -0.2804358648 -0.1950455934 0.1077998940 -0.7489032775 -0.2125592217 -0.4845418983 0.1051581248 -0.9401114785 -0.9351508395 0.2945598054 -0.3084625114 0.1322929478 0.1338220585
-0.0212822426 -0.2599126650 -0.1716306473 0.1239526559 -0.7371581890 -0.1949261807 -0.4655084172 0.1212991666 -0.9473626684 -0.9287754570 0.2889517520 -0.2883459072 0.1481135530 0.1496646024
-0.0032181003 -0.2394690903 -0.1483236787 0.1399532100 -0.7253287298 -0.1773768141 -0.4464078143 0.1372886631 -0.9541744860 -0.9221534270 0.2833594200 -0.2683007538 0.1637776008 0.1653501440
0.0147002866 -0.2191259645 -0.1251474801 0.1557832191 -0.7134286486 -0.1599300710 -0.4272569667 0.1531082880 -0.9605408495 -0.9152918324 0.2777935130 -0.2483475652 0.1792669488 0.1808605240
0.0324533803 -0.1989041112 -0.1021248437 0.1714243455 -0.7014716942 -0.1426049001 -0.4080727513 0.1687397150 -0.9664556770 -0.9081977557 0.2722647348 -0.2285068554 0.1945634545 0.1961775833
0.0500216430 -0.1788243541 -0.0792785619 0.1868582518 -0.6894716153 -0.1254202504 -0.3888720452 0.1841646177 -0.9719128867 -0.9008782799 0.2667837887 -0.2087991385 0.2096489757 0.2112831629
0.0673855368 -0.1589075168 -0.0566314271 0.2020666005 -0.6774421606 -0.1083950707 -0.3696717252 0.1993646700 -0.9769063966 -0.8933404877 0.2613613785 -0.1892449285 0.2245053698 0.2261591035
0.0845255240 -0.1391744231 -0.0342062315 0.2170310542 -0.6653970790 -0.0915483101 -0.3504886684 0.2143215453 -0.9814301250 -0.8855914618 0.2560082078 -0.1698647394 0.2391144946 0.2407872461
0.1014220669 -0.1196458966 -0.0120257675 0.2317332753 -0.6533501191 -0.0748989173 -0.3313397517 0.2290169175 -0.9854779898 -0.8776382851 0.2507349800 -0.1506790853 0.2534582074 0.2551494314
0.1180556275 -0.1003427609 0.0098871725 0.2461549263 -0.6413150297 -0.0584658414 -0.3122418522 0.2434324602 -0.9890439094 -0.8694880402 0.2455523988 -0.1317084801 0.2675183661 0.2692275005
0.1344066682 -0.0812858397 0.0315097962 0.2602776699 -0.6293055597 -0.0422680311 -0.2932118469 0.2575498471 -0.9921218017 -0.8611478100 0.2404711678 -0.1129734380 0.2812768280 0.2830032940
