0.8729544023 0.7379796022 0.8332300294 0.9996046702 0.5359305528 0.7521189717 0.5624285207 0.9996258540 0.4454435606 0.5771229222 -0.6325245631 0.7496300043 0.9973520825 0.9969196123
0.8682613721 0.7290787466 0.8259778026 0.9997779656 0.5229774529 0.7442451593 0.5486986669 0.9997934464 0.4307001812 0.5650011457 -0.6217523741 0.7403695469 0.9978375507 0.9974391429
0.8634923275 0.7200639081 0.8185970562 0.9999020705 0.5099148289 0.7362756478 0.5348342370 0.9999121218 0.4158531310 0.5527684572 -0.6108727321 0.7309788902 0.9982759839 0.9979131072
0.8586477623 0.7109368676 0.8110894459 0.9999763077 0.4967456840 0.7282117541 0.5208390073 0.9999811998 0.4009061990 0.5404275465 -0.5998878138 0.7214601451 0.9986666306 0.9983407278
0.8537281700 0.7016994058 0.8034566276 1.0000000000 0.4834730212 0.7200547949 0.5067167540 1.0000000000 0.3858631741 0.5279811035 -0.5887997957 0.7118154223 0.9990087391 0.9987212269
0.8487340444 0.6923533033 0.7957002571 0.9999724701 0.4700998438 0.7118060869 0.4924712532 0.9999678419 0.3707278454 0.5154318181 -0.5776108546 0.7020468326 0.9993015579 0.9990538269
0.8436658791 0.6829003409 0.7878219903 0.9998930408 0.4566291548 0.7034669469 0.4781062810 0.9998840451 0.3555040018 0.5027823800 -0.5663231669 0.6921564868 0.9995443353 0.9993377503
0.8385241677 0.6733422992 0.7798234829 0.9997610348 0.4430639574 0.6950386916 0.4636256137 0.9997479291 0.3401954325 0.4900354793 -0.5549389093 0.6821464958 0.9997363198 0.9995722194
0.8333094039 0.6636809591 0.7717063907 0.9995757750 0.4294072546 0.6865226378 0.4490330273 0.9995588135 0.3248059263 0.4771938057 -0.5434602583 0.6720189703 0.9998767598 0.9997564565
0.8280220812 0.6539181011 0.7634723697 0.9993365841 0.4156620496 0.6779201022 0.4343322981 0.9993160179 0.3093392722 0.4642600490 -0.5318893906 0.6617760212 0.9999649037 0.9998896840
0.8226626934 0.6440555061 0.7551230757 0.9990427848 0.4018313456 0.6692324016 0.4195272021 0.9990188618 0.2937992593 0.4512368992 -0.5202284826 0.6514197593 1.0000000000 0.9999711244
0.8172317341 0.6340949547 0.7466601644 0.9986936999 0.3879181457 0.6604608527 0.4046215155 0.9986666648 0.2781896766 0.4381270460 -0.5084797112 0.6409522953 0.9999812970 1.0000000000
0.8117296969 0.6240382277 0.7380852917 0.9982886522 0.3739254529 0.6516067723 0.3896190146 0.9982587464 0.2625143130 0.4249331793 -0.4966452527 0.6303757401 0.9999080432 0.9999755332
0.8061570754 0.6138871057 0.7294001134 0.9978269644 0.3598562704 0.6426714770 0.3745234754 0.9977944262 0.2467769575 0.4116579890 -0.4847272838 0.6196922045 0.9997794869 0.9998969463
0.8005143634 0.6036433695 0.7206062853 0.9973079594 0.3457136014 0.6336562838 0.3593386741 0.9972730237 0.2309813993 0.3983041650 -0.4727279812 0.6089037992 0.9995948766 0.9997634617
