-0.3785365591 0.0008028708 0.1008334901 -0.2482079995 -0.4194813917 0.0667931686 0.1278464256 -0.2366548530 -0.4069105558 0.0068584472 -0.0469510912 -0.0185001246 -0.3510570789 -0.3588646541
-0.3737420384 0.0115100763 0.1132247349 -0.2401090269 -0.4146961660 0.0777876328 0.1401163191 -0.2283754751 -0.4017093182 0.0195039990 -0.0596690042 -0.0091753231 -0.3436514537 -0.3524252298
-0.3689756937 0.0222475328 0.1256675957 -0.2319941233 -0.4099336323 0.0888088524 0.1524302027 -0.2200783834 -0.3965246637 0.0322309061 -0.0724521726 0.0001568950 -0.3362279745 -0.3459856309
-0.3642382564 0.0330147762 0.1381617607 -0.2238637814 -0.4051944787 0.0998563270 0.1647876899 -0.2117640625 -0.3913572463 0.0450392134 -0.0853003824 0.0094959321 -0.3287870961 -0.3395464200
-0.3595304578 0.0438113423 0.1507069178 -0.2157184938 -0.4004793939 0.1109295565 0.1771883939 -0.2034329969 -0.3862077200 0.0579289658 -0.0982134197 0.0188411905 -0.3213292733 -0.3331081596
-0.3548530295 0.0546367669 0.1633027551 -0.2075587531 -0.3957890661 0.1220280406 0.1896319282 -0.1950856710 -0.3810767387 0.0709002083 -0.1111910704 0.0281920726 -0.3138549608 -0.3266714124
-0.3502067027 0.0654905859 0.1759489607 -0.1993850520 -0.3911241837 0.1331512791 0.2021179061 -0.1867225693 -0.3759649566 0.0839529858 -0.1242331206 0.0375479807 -0.3063646136 -0.3202367408
-0.3455922089 0.0763723351 0.1886452225 -0.1911978831 -0.3864854352 0.1442987717 0.2146459408 -0.1783441763 -0.3708730274 0.0970873431 -0.1373393563 0.0469083173 -0.2988586864 -0.3138047075
-0.3410102796 0.0872815504 0.2013912288 -0.1829977391 -0.3818735090 0.1554700182 0.2272156459 -0.1699509766 -0.3658016053 0.1103033252 -0.1505095636 0.0562724848 -0.2913376339 -0.3073758750
-0.3364616462 0.0982177675 0.2141866674 -0.1747851126 -0.3772890933 0.1666645183 0.2398266345 -0.1615434545 -0.3607513441 0.1236009770 -0.1637435283 0.0656398853 -0.2838019110 -0.3009508059
-0.3319470400 0.1091805224 0.2270312266 -0.1665604962 -0.3727328768 0.1778817718 0.2524785201 -0.1531220947 -0.3557228979 0.1369803434 -0.1770410366 0.0750099215 -0.2762519725 -0.2945300628
-0.3274671924 0.1201693508 0.2399245943 -0.1583243826 -0.3682055477 0.1891212785 0.2651709160 -0.1446873814 -0.3507169207 0.1504414693 -0.1904018745 0.0843819956 -0.2686882732 -0.2881142082
-0.3230228350 0.1311837887 0.2528664585 -0.1500772644 -0.3637077944 0.2003825380 0.2779034355 -0.1362397994 -0.3457340663 0.1639843996 -0.2038258280 0.0937555099 -0.2611112679 -0.2817038047
-0.3186146991 0.1422233717 0.2658565074 -0.1418196342 -0.3592403053 0.2116650502 0.2906756920 -0.1277798329 -0.3407749888 0.1776091793 -0.2173126831 0.1031298670 -0.2535214113 -0.2752994148
-0.3142435160 0.1532876359 0.2788944290 -0.1335519847 -0.3548037689 0.2229683148 0.3034872988 -0.1193079666 -0.3358403423 0.1913158531 -0.2308622258 0.1125044690 -0.2459191583 -0.2689016012
