0.5055626196 0.7129730774 -0.3114400165 0.1140197476 0.9851488151 0.7929269470 0.9864852140 0.1213821532 0.9069486347 0.8550958625 -0.8887063757 0.5053836302 0.0915044832 0.0986982788
0.5166778008 0.7208949647 -0.2905754390 0.1301154998 0.9836104882 0.7963075683 0.9881154344 0.1373997811 0.9023852558 0.8505048060 -0.8855585718 0.5140413375 0.1077391861 0.1148791880
0.5278273538 0.7288161242 -0.2695408933 0.1463125871 0.9819840571 0.7996618121 0.9896519954 0.1535171480 0.8977107992 0.8458290873 -0.8823311995 0.5227482500 0.1240840717 0.1311678384
0.5390044051 0.7367309234 -0.2483472712 0.1626020807 0.9802678924 0.8029857275 0.9910924701 0.1697253662 0.8929251370 0.8410681386 -0.8790231034 0.5314978916 0.1405300312 0.1475551733
0.5502020815 0.7446337294 -0.2270054646 0.1789750514 0.9784603644 0.8062753640 0.9924344314 0.1860155479 0.8880281413 0.8362213915 -0.8756331286 0.5402837866 0.1570679555 0.1640321358
0.5614135095 0.7525189097 -0.2055263651 0.1954225705 0.9765598434 0.8095267706 0.9936754523 0.2023788053 0.8830196845 0.8312882781 -0.8721601199 0.5490994591 0.1736887358 0.1805896693
0.5726318160 0.7603808315 -0.1839208646 0.2119357088 0.9745647000 0.8127359968 0.9948131058 0.2188062507 0.8778996386 0.8262682301 -0.8686029222 0.5579384333 0.1903832631 0.1972187170
0.5838501274 0.7682138620 -0.1621998550 0.2285055374 0.9724733044 0.8158990917 0.9958449650 0.2352889964 0.8726678759 0.8211606795 -0.8649603803 0.5667942334 0.2071424287 0.2139102221
0.5950615705 0.7760123686 -0.1403742278 0.2451231274 0.9702840270 0.8190121046 0.9967686028 0.2518181545 0.8673242686 0.8159650581 -0.8612313392 0.5756603835 0.2239571234 0.2306551279
0.6062592720 0.7837707186 -0.1184548751 0.2617795498 0.9679952383 0.8220710848 0.9975815922 0.2683848374 0.8618686888 0.8106807977 -0.8574146437 0.5845304078 0.2408182385 0.2474443777
0.6174363585 0.7914832793 -0.0964526885 0.2784658755 0.9656053087 0.8250720816 0.9982815062 0.2849801572 0.8563010088 0.8053073304 -0.8535091386 0.5933978304 0.2577166650 0.2642689148
0.6285859567 0.7991444179 -0.0743785598 0.2951731757 0.9631126085 0.8280111441 0.9988659178 0.3015952262 0.8506211007 0.7998440879 -0.8495136690 0.6022561755 0.2746432941 0.2811196822
0.6397011933 0.8067485018 -0.0522433809 0.3118925213 0.9605155081 0.8308843217 0.9993324000 0.3182211566 0.8448288367 0.7942905020 -0.8454270796 0.6110989673 0.2915890167 0.2979876235
0.6507751949 0.8142898982 -0.0300580435 0.3286149834 0.9578123780 0.8336876637 0.9996785257 0.3348490606 0.8389240890 0.7886460048 -0.8412482153 0.6199197299 0.3085447241 0.3148636816
0.6618010882 0.8217629744 -0.0078334395 0.3453316330 0.9550015885 0.8364172192 0.9999018681 0.3514700506 0.8329067299 0.7829100280 -0.8369759211 0.6287119875 0.3255013072 0.3317388000
