-0.5496981368 -0.5998869492 -0.6183429631 -0.5353188102 -0.4975415487 -0.4850761694 -0.6367331054 -0.5352586454 0.5350172344 -0.1951655294 -0.1516598761 -0.6211293078 -0.5155799808 -0.5150708797
-0.5738318851 -0.6209825357 -0.6383762487 -0.5595709082 -0.5239973799 -0.5116889313 -0.6564589679 -0.5595206912 0.5270621725 -0.2170931914 -0.1359297889 -0.6419197494 -0.5405468067 -0.5399668162
-0.5972244416 -0.6414435000 -0.6578105559 -0.5830973508 -0.5496419563 -0.5375086466 -0.6755752686 -0.5830565765 0.5193627173 -0.2384150654 -0.1206187720 -0.6620598701 -0.5647749660 -0.5641291008
-0.6198821864 -0.6612750338 -0.6766506953 -0.6059042713 -0.5744830638 -0.5625422663 -0.6940870017 -0.6058724411 0.5119155840 -0.2591370780 -0.1057224788 -0.6815551239 -0.5882706958 -0.5875639053
-0.6418114999 -0.6804823290 -0.6949014775 -0.6279978034 -0.5985284884 -0.5867967417 -0.7119991617 -0.6279744245 0.5047174878 -0.2792651561 -0.0912365627 -0.7004109648 -0.6110402330 -0.6102774013
-0.6630187623 -0.6990705773 -0.7125677130 -0.6493840804 -0.6217860160 -0.6102790237 -0.7293167430 -0.6493686666 0.4977651437 -0.2988052263 -0.0771566772 -0.7186328468 -0.6330898147 -0.6322757605
-0.6835103537 -0.7170449706 -0.7296542126 -0.6700692357 -0.6442634327 -0.6329960635 -0.7460447399 -0.6700613069 0.4910552670 -0.3177632154 -0.0634784756 -0.7362262236 -0.6544256778 -0.6535651547
-0.7032926543 -0.7344107007 -0.7461657868 -0.6900594029 -0.6659685243 -0.6549548123 -0.7621881468 -0.6900584852 0.4845845727 -0.3361450502 -0.0501976115 -0.7531965494 -0.6750540596 -0.6741517554
-0.7223720445 -0.7511729592 -0.7621072462 -0.7093607154 -0.6869090768 -0.6761622210 -0.7777519581 -0.7093663412 0.4783497760 -0.3539566574 -0.0373097382 -0.7695492779 -0.6949811969 -0.6940417345
-0.7407549044 -0.7673369381 -0.7774834014 -0.7279793067 -0.7070928763 -0.6966252409 -0.7927411681 -0.7279910145 0.4723475920 -0.3712039637 -0.0248105092 -0.7852898633 -0.7142133269 -0.7132412635
-0.7584476142 -0.7829078291 -0.7922990630 -0.7459213101 -0.7265277085 -0.7163508231 -0.8071607713 -0.7459386448 0.4665747360 -0.3878928960 -0.0126955779 -0.8004237593 -0.7327566865 -0.7317565142
-0.7754565542 -0.7978908241 -0.8065590417 -0.7631928592 -0.7452213596 -0.7353459186 -0.8210157620 -0.7632153719 0.4610279229 -0.4040293810 -0.0009605977 -0.8149564200 -0.7506175128 -0.7495936583
-0.7917881045 -0.8122911148 -0.8202681480 -0.7798000874 -0.7631816155 -0.7536174786 -0.8343111346 -0.7798273353 0.4557038680 -0.4196193454 0.0103987779 -0.8288932993 -0.7678020429 -0.7667588675
-0.8074486454 -0.8261138929 -0.8334311925 -0.7957491282 -0.7804162621 -0.7711724541 -0.8470518834 -0.7957806749 0.4505992864 -0.4346687159 0.0213868954 -0.8422398511 -0.7843165136 -0.7832583134
-0.8224445571 -0.8393643504 -0.8460529859 -0.8110461150 -0.7969330853 -0.7880177964 -0.8592430029 -0.8110815302 0.4457108933 -0.4491834194 0.0320081015 -0.8550015295 -0.8001671622 -0.7990981679
