-0.1561789857 -0.5217269088 -0.5994139371 -0.2129056014 -0.2391477406 -0.3891601337 -0.5220754722 -0.2167544858 0.0933893714 -0.2561318296 -0.2830924482 -0.5325678273 -0.1824336762 -0.1768258245
-0.1830725888 -0.5400269450 -0.6133046129 -0.2398177985 -0.2629433489 -0.4105553550 -0.5289829791 -0.2435686617 0.0864820546 -0.2591437258 -0.2581210056 -0.5505304346 -0.2088509716 -0.2033403912
-0.2098447995 -0.5582133734 -0.6271069891 -0.2665668050 -0.2867335015 -0.4318616810 -0.5358099081 -0.2702215168 0.0795221602 -0.2621275543 -0.2330326347 -0.5683824666 -0.2351332269 -0.2297228278
-0.2364776407 -0.5762694142 -0.6408057255 -0.2931340351 -0.3104965064 -0.4530605029 -0.5425453811 -0.2966943872 0.0725209081 -0.2650748027 -0.2078503149 -0.5861071914 -0.2612631780 -0.2559557300
-0.2629531354 -0.5941782881 -0.6543854817 -0.3195009029 -0.3342106718 -0.4741332119 -0.5491785202 -0.3229686092 0.0654895179 -0.2679769586 -0.1825970255 -0.6036878769 -0.2872235609 -0.2820216937
-0.2892533067 -0.6119232155 -0.6678309174 -0.3456488226 -0.3578543057 -0.4950611993 -0.5556984475 -0.3490255191 0.0584392094 -0.2708255097 -0.1572957459 -0.6211077912 -0.3129971115 -0.3079033147
-0.3153601775 -0.6294874168 -0.6811266924 -0.3715592083 -0.3814057164 -0.5158258562 -0.5620942849 -0.3748464530 0.0513812022 -0.2736119434 -0.1319694555 -0.6383502023 -0.3385665655 -0.3335831888
-0.3412557709 -0.6468541125 -0.6942574664 -0.3972134741 -0.4048432118 -0.5364085737 -0.5683551544 -0.4004127473 0.0443267161 -0.2763277475 -0.1066411337 -0.6553983781 -0.3639146589 -0.3590439119
-0.3669221099 -0.6640065231 -0.7072078991 -0.4225930341 -0.4281451002 -0.5567907433 -0.5744701781 -0.4257057381 0.0372869707 -0.2789644094 -0.0813337597 -0.6722355868 -0.3890241277 -0.3842680798
-0.3923412175 -0.6809278689 -0.7199626501 -0.4476793025 -0.4512896896 -0.5769537559 -0.5804284780 -0.4507067617 0.0302731860 -0.2815134169 -0.0560703130 -0.6888450963 -0.4138777076 -0.4092382883
-0.4174951167 -0.6976013706 -0.7325063793 -0.4724536934 -0.4742552882 -0.5968790028 -0.5862191762 -0.4753971544 0.0232965814 -0.2839662575 -0.0308737729 -0.7052101745 -0.4384581345 -0.4339371332
-0.4423658306 -0.7140102484 -0.7448237463 -0.4968976210 -0.4970202040 -0.6165478753 -0.5918313946 -0.4997582524 0.0163683768 -0.2863144188 -0.0057671189 -0.7213140897 -0.4627481444 -0.4583472104
-0.4669353821 -0.7301377230 -0.7568994107 -0.5209924993 -0.5195627453 -0.6359417645 -0.5972542552 -0.5237713918 0.0094997918 -0.2885493884 0.0192266699 -0.7371401096 -0.4867304731 -0.4824511156
-0.4911857943 -0.7459670146 -0.7687180325 -0.5447197424 -0.5418612200 -0.6550420617 -0.6024768801 -0.5474179090 0.0027020463 -0.2906626539 0.0440846139 -0.7526715024 -0.5103878564 -0.5062314448
-0.5150990902 -0.7614813439 -0.7802642711 -0.5680607646 -0.5638939364 -0.6738301579 -0.6074883914 -0.5706791402 -0.0040136401 -0.2926457029 0.0687837338 -0.7678915361 -0.5337030304 -0.5296707937
