-0.3850854775 -0.6858335399 -0.9253801986 -0.3312826801 -0.4197406598 -0.5098813196 -0.9815968499 -0.3310426837 -0.5456382337 -0.9649186887 0.1902708544 -0.6782210140 -0.3059387891 -0.3026185239
-0.3873707732 -0.6886341616 -0.9284628829 -0.3333706221 -0.4229598217 -0.5127302534 -0.9851404815 -0.3331174556 -0.5501704079 -0.9696927763 0.1931123364 -0.6809905557 -0.3080404330 -0.3046943755
-0.3893884645 -0.6911043145 -0.9311630544 -0.3352005904 -0.4259175683 -0.5152908704 -0.9882926568 -0.3349341080 -0.5544317061 -0.9740997092 0.1957406065 -0.6834309427 -0.3098902783 -0.3065188137
-0.3911423365 -0.6932484144 -0.9334856752 -0.3367762934 -0.4286174588 -0.5175670981 -0.9910582288 -0.3364963531 -0.5584255773 -0.9781439296 0.1981587379 -0.6855465811 -0.3114919607 -0.3080954741
-0.3926361745 -0.6950708771 -0.9354357071 -0.3381014393 -0.4310630528 -0.5195628640 -0.9934420507 -0.3378079030 -0.5621554702 -0.9818298799 0.2003698033 -0.6873418769 -0.3128491160 -0.3094279923
-0.3938737638 -0.6965761185 -0.9370181120 -0.3391797366 -0.4332579096 -0.5212820956 -0.9954489754 -0.3388724700 -0.5656248336 -0.9851620023 0.2023768759 -0.6888212361 -0.3139653797 -0.3105200040
-0.3948588897 -0.6977685544 -0.9382378517 -0.3400148936 -0.4352055886 -0.5227287204 -0.9970838561 -0.3396937664 -0.5688371164 -0.9881447391 0.2041830287 -0.6899890647 -0.3148443878 -0.3113751447
-0.3955953374 -0.6986526005 -0.9390998882 -0.3406106187 -0.4369096494 -0.5239066659 -0.9983515459 -0.3402755042 -0.5717957674 -0.9907825327 0.2057913347 -0.6908497688 -0.3154897758 -0.3119970502
-0.3960868922 -0.6992326728 -0.9396091833 -0.3409706203 -0.4383736512 -0.5248198597 -0.9992568977 -0.3406213958 -0.5745042353 -0.9930798253 0.2072048668 -0.6914077543 -0.3159051795 -0.3123893560
-0.3963373393 -0.6995131869 -0.9397706989 -0.3410986066 -0.4396011535 -0.5254722292 -0.9998047647 -0.3407351534 -0.5769659690 -0.9950410592 0.2084266982 -0.6916674272 -0.3160942347 -0.3125556978
-0.3963504641 -0.6994985589 -0.9395893969 -0.3409982862 -0.4405957157 -0.5258677019 -1.0000000000 -0.3406204891 -0.5791844172 -0.9966706768 0.2094599018 -0.6916331937 -0.3160605770 -0.3124997112
-0.3961300518 -0.6991932044 -0.9390702391 -0.3406733672 -0.4413608973 -0.5260102054 -0.9998474566 -0.3402811152 -0.5811630289 -0.9979731204 0.2103075506 -0.6913094596 -0.3158078422 -0.3122250317
-0.3956798876 -0.6986015392 -0.9382181876 -0.3401275582 -0.4419002576 -0.5259036671 -0.9993519875 -0.3397207439 -0.5829052527 -0.9989528321 0.2109727176 -0.6907006311 -0.3153396660 -0.3117352951
-0.3950037568 -0.6977279793 -0.9370382041 -0.3393645674 -0.4422173560 -0.5255520146 -0.9985184459 -0.3389430874 -0.5844145375 -0.9996142545 0.2114584759 -0.6898111141 -0.3146596841 -0.3110341370
-0.3941054447 -0.6965769404 -0.9355352505 -0.3383881032 -0.4423157520 -0.5249591753 -0.9973516848 -0.3379518579 -0.5856943322 -0.9999618297 0.2117678985 -0.6886453146 -0.3137715323 -0.3101251930
