-0.6384451038 -0.6594226898 -0.6150250183 -0.5790417259 0.2280733327 -0.6282792085 -0.5582303777 -0.5765550743 0.9913603359 -0.3649236938 0.3817472119 -0.6276429965 -0.6144673412 -0.6120934340
-0.6319771108 -0.6538062280 -0.6090597726 -0.5722078061 0.2338613574 -0.6225575855 -0.5524331201 -0.5697114345 0.9921452688 -0.3603407496 0.3766048459 -0.6218018944 -0.6077696618 -0.6053703907
-0.6254558879 -0.6481376129 -0.6030458837 -0.5653262005 0.2396452937 -0.6167865289 -0.5465921071 -0.5628203569 0.9928931336 -0.3557190157 0.3714263523 -0.6159112063 -0.6010206148 -0.5985961498
-0.6188815448 -0.6424166993 -0.5969832889 -0.5583970897 0.2454249892 -0.6109659133 -0.5407072283 -0.5558820235 0.9936038856 -0.3510582857 0.3662115827 -0.6099708393 -0.5942203653 -0.5917708827
-0.6122541912 -0.6366433416 -0.5908719260 -0.5514206543 0.2512002913 -0.6050956133 -0.5347783729 -0.5488966161 0.9942774798 -0.3463583533 0.3609603886 -0.6039807003 -0.5873690784 -0.5848947607
-0.6055739368 -0.6308173946 -0.5847117323 -0.5443970747 0.2569710475 -0.5991755035 -0.5288054303 -0.5418643165 0.9949138715 -0.3416190122 0.3556726216 -0.5979406962 -0.5804669190 -0.5779679553
-0.5988408915 -0.6249387128 -0.5785026455 -0.5373265315 0.2627371055 -0.5932054583 -0.5227882899 -0.5347853067 0.9955130158 -0.3368400559 0.3503481334 -0.5918507340 -0.5735140523 -0.5709906378
-0.5920551649 -0.6190071508 -0.5722446031 -0.5302092053 0.2684983126 -0.5871853525 -0.5167268412 -0.5276597684 0.9960748679 -0.3320212781 0.3449867754 -0.5857107206 -0.5665106431 -0.5639629798
-0.5852168667 -0.6130225633 -0.5659375426 -0.5230452766 0.2742545165 -0.5811150605 -0.5106209735 -0.5204878836 0.9965993828 -0.3271624724 0.3395883994 -0.5795205630 -0.5594568567 -0.5568851525
-0.5783261068 -0.6069848048 -0.5595814016 -0.5158349259 0.2800055646 -0.5749944570 -0.5044705761 -0.5132698341 0.9970865158 -0.3222634324 0.3341528568 -0.5732801682 -0.5523528579 -0.5497573274
-0.5713829949 -0.6008937300 -0.5531761176 -0.5085783339 0.2857513044 -0.5688234166 -0.4982755385 -0.5060058018 0.9975362221 -0.3173239519 0.3286799993 -0.5669894431 -0.5451988118 -0.5425796759
-0.5643876407 -0.5947491935 -0.5467216281 -0.5012756809 0.2914915835 -0.5626018137 -0.4920357501 -0.4986959686 0.9979484568 -0.3123438244 0.3231696785 -0.5606482947 -0.5379948835 -0.5353523694
-0.5573401539 -0.5885510498 -0.5402178707 -0.4939271476 0.2972262493 -0.5563295230 -0.4857511002 -0.4913405163 0.9983231750 -0.3073228435 0.3176217459 -0.5542566298 -0.5307412379 -0.5280755794
-0.5502406443 -0.5822991536 -0.5336647830 -0.4865329145 0.3029551494 -0.5500064190 -0.4794214783 -0.4839396267 0.9986603319 -0.3022608030 0.3120360531 -0.5478143556 -0.5234380402 -0.5207494771
-0.5430892217 -0.5759933596 -0.5270623025 -0.4790931621 0.3086781314 -0.5436323764 -0.4730467737 -0.4764934818 0.9989598827 -0.2971574964 0.3064124517 -0.5413213788 -0.5160854552 -0.5133742340
