-0.3960868922 -0.6992326728 -0.9396091833 -0.3409706203 -0.4383736512 -0.5248198597 -0.9992568977 -0.3406213958 -0.5745042353 -0.9930798253 0.2072048668 -0.6914077543 -0.3159051795 -0.3123893560
-0.3963373393 -0.6995131869 -0.9397706989 -0.3410986066 -0.4396011535 -0.5254722292 -0.9998047647 -0.3407351534 -0.5769659690 -0.9950410592 0.2084266982 -0.6916674272 -0.3160942347 -0.3125556978
-0.3963504641 -0.6994985589 -0.9395893969 -0.3409982862 -0.4405957157 -0.5258677019 -1.0000000000 -0.3406204891 -0.5791844172 -0.9966706768 0.2094599018 -0.6916331937 -0.3160605770 -0.3124997112
-0.3961300518 -0.6991932044 -0.9390702391 -0.3406733672 -0.4413608973 -0.5260102054 -0.9998474566 -0.3402811152 -0.5811630289 -0.9979731204 0.2103075506 -0.6913094596 -0.3158078422 -0.3122250317
-0.3956798876 -0.6986015392 -0.9382181876 -0.3401275582 -0.4419002576 -0.5259036671 -0.9993519875 -0.3397207439 -0.5829052527 -0.9989528321 0.2109727176 -0.6907006311 -0.3153396660 -0.3117352951
-0.3950037568 -0.6977279793 -0.9370382041 -0.3393645674 -0.4422173560 -0.5255520146 -0.9985184459 -0.3389430874 -0.5844145375 -0.9996142545 0.2114584759 -0.6898111141 -0.3146596841 -0.3110341370
-0.3941054447 -0.6965769404 -0.9355352505 -0.3383881032 -0.4423157520 -0.5249591753 -0.9973516848 -0.3379518579 -0.5856943322 -0.9999618297 0.2117678985 -0.6886453146 -0.3137715323 -0.3101251930
-0.3929887366 -0.6951528383 -0.9337142887 -0.3372018740 -0.4421990051 -0.5241290769 -0.9958565573 -0.3367507676 -0.5867480854 -1.0000000000 0.2119040583 -0.6872076387 -0.3126788463 -0.3090120986
-0.3916574177 -0.6934600889 -0.9315802806 -0.3358095881 -0.4418706745 -0.5230656467 -0.9940379165 -0.3353435287 -0.5875792461 -0.9997332078 0.2118700284 -0.6855024923 -0.3113852618 -0.3076984896
-0.3901152733 -0.6915031080 -0.9291381881 -0.3342149539 -0.4413343197 -0.5217728123 -0.9919006154 -0.3337338536 -0.5881912631 -0.9991658953 0.2116688818 -0.6835342816 -0.3098944145 -0.3061880016
-0.3883660887 -0.6892863114 -0.9263929731 -0.3324216798 -0.4405935002 -0.5202545013 -0.9894495071 -0.3319254543 -0.5885875850 -0.9983025049 0.2113036915 -0.6813074124 -0.3082099401 -0.3044842701
-0.3864136490 -0.6868141148 -0.9233495974 -0.3304334741 -0.4396517753 -0.5185146410 -0.9866894446 -0.3299220430 -0.5887716608 -0.9971474789 0.2107775305 -0.6788262909 -0.3063354744 -0.3025909309
-0.3842617397 -0.6840909342 -0.9200130229 -0.3282540452 -0.4385127045 -0.5165571591 -0.9836252811 -0.3277273321 -0.5887469393 -0.9957052595 0.2100934718 -0.6760953229 -0.3042746531 -0.3005116194
-0.3819141459 -0.6811211854 -0.9163882115 -0.3258871014 -0.4371798472 -0.5143859830 -0.9802618696 -0.3253450337 -0.5885168693 -0.9939802891 0.2092545884 -0.6731189147 -0.3020311120 -0.2982499715
-0.3793746529 -0.6779092841 -0.9124801252 -0.3233363511 -0.4356567627 -0.5120050402 -0.9766040632 -0.3227788600 -0.5880848995 -0.9919770099 0.2082639534 -0.6699014720 -0.2996084867 -0.2958096226
