-0.4389851081 -0.5576693018 -0.5540782207 -0.4852528180 -0.6881746460 -0.6208092284 -0.7817512863 -0.4825026535 -0.7583971182 -0.9214519620 0.8899760197 -0.5775981767 -0.4530786641 -0.4483386861
-0.4345958658 -0.5539081866 -0.5512526380 -0.4832140688 -0.6763657381 -0.6166589114 -0.7769968959 -0.4804663691 -0.7439987924 -0.9179605648 0.8854081534 -0.5734803158 -0.4512562255 -0.4465258638
-0.4302001631 -0.5501279975 -0.5484152858 -0.4811792126 -0.6643967712 -0.6124775641 -0.7721838084 -0.4784343935 -0.7292813417 -0.9143885837 0.8807500917 -0.5693379108 -0.4494439031 -0.4447239131
-0.4257971916 -0.5463278621 -0.5455649583 -0.4791466771 -0.6522711522 -0.6082645338 -0.7673117955 -0.4764051498 -0.7142532814 -0.9107357283 0.8760019960 -0.5651702408 -0.4476400061 -0.4429311337
-0.4213861425 -0.5425069077 -0.5427004502 -0.4771148899 -0.6399922879 -0.6040191678 -0.7623806286 -0.4743770611 -0.6989231267 -0.9070017082 0.8711640276 -0.5609765847 -0.4458428437 -0.4411458251
-0.4169662074 -0.5386642619 -0.5398205557 -0.4750822785 -0.6275635850 -0.5997408133 -0.7573900794 -0.4723485505 -0.6832993929 -0.9031862328 0.8662363480 -0.5567562213 -0.4440507253 -0.4393662871
-0.4125365777 -0.5347990521 -0.5369240695 -0.4730472704 -0.6149884502 -0.5954288176 -0.7523399192 -0.4703180410 -0.6673905952 -0.8992890118 0.8612191187 -0.5525084296 -0.4422619601 -0.4375908191
-0.4080964446 -0.5309104058 -0.5340097858 -0.4710082934 -0.6022702905 -0.5910825281 -0.7472299198 -0.4682839557 -0.6512052490 -0.8953097548 0.8561125010 -0.5482324886 -0.4404748573 -0.4358177208
-0.4036449997 -0.5269974505 -0.5310764991 -0.4689637749 -0.5894125125 -0.5867012920 -0.7420598525 -0.4662447178 -0.6347518694 -0.8912481712 0.8509166564 -0.5439276772 -0.4386877262 -0.4340452919
-0.3991814343 -0.5230593135 -0.5281230039 -0.4669121426 -0.5764185231 -0.5822844567 -0.7368294890 -0.4641987503 -0.6180389718 -0.8871039707 0.8456317462 -0.5395932743 -0.4368988760 -0.4322718320
-0.3947049399 -0.5190951225 -0.5251480946 -0.4648518240 -0.5632917290 -0.5778313694 -0.7315386008 -0.4621444763 -0.6010750714 -0.8828768629 0.8402579320 -0.5352285588 -0.4351066159 -0.4304956407
-0.3902147078 -0.5151040048 -0.5221505657 -0.4627812466 -0.5500355370 -0.5733413774 -0.7261869594 -0.4600803189 -0.5838686834 -0.8785665572 0.8347953750 -0.5308328097 -0.4333092553 -0.4287150176
-0.3857099295 -0.5110850879 -0.5191292115 -0.4606988382 -0.5366533540 -0.5688138280 -0.7207743364 -0.4580047012 -0.5664283232 -0.8741727633 0.8292442368 -0.5264053059 -0.4315051034 -0.4269282624
-0.3811897964 -0.5070374992 -0.5160828265 -0.4586030262 -0.5231485865 -0.5642480684 -0.7153005033 -0.4559160462 -0.5487625060 -0.8696951906 0.8236046787 -0.5219453264 -0.4296924694 -0.4251336747
-0.3766534998 -0.5029603664 -0.5130102052 -0.4564922382 -0.5095246416 -0.5596434461 -0.7097652316 -0.4538127771 -0.5308797470 -0.8651335489 0.8178768622 -0.5174521500 -0.4278696625 -0.4233295541
