0.2562226146 0.2893004930 0.2074030371 0.2128898611 0.4556013564 0.2905781217 0.3148219530 0.2109153492 0.5701528433 0.0386922962 -0.5332507401 0.2787873928 0.2165765956 0.2060002788
0.2478434279 0.2821281035 0.2007903213 0.2049655133 0.4443335520 0.2835401324 0.3090593277 0.2030049727 0.5526997771 0.0543328677 -0.5273788311 0.2717425668 0.2085271006 0.1980722488
0.2390215523 0.2744629603 0.1937154084 0.1966104659 0.4325888470 0.2760051444 0.3027527195 0.1946646207 0.5348530641 0.0700651419 -0.5208450199 0.2642074426 0.2000481619 0.1897174261
0.2297501235 0.2662971268 0.1861706822 0.1878179197 0.4203606014 0.2679651221 0.2958930491 0.1858875015 0.5166101089 0.0858885337 -0.5136384620 0.2561740883 0.1911330317 0.1809290722
0.2200222774 0.2576226664 0.1781485265 0.1785810758 0.4076421754 0.2594120294 0.2884712373 0.1766668234 0.4979683157 0.1018024581 -0.5057483130 0.2476345715 0.1817749625 0.1717004483
0.2098311498 0.2484316423 0.1696413251 0.1688931350 0.3944269291 0.2503378304 0.2804782050 0.1669957949 0.4789250893 0.1178063302 -0.4971637284 0.2385809600 0.1719672065 0.1620248158
0.1991698765 0.2387161180 0.1606414618 0.1587472984 0.3807082228 0.2407344894 0.2719048729 0.1568676243 0.4594778341 0.1338995651 -0.4878738639 0.2290053217 0.1617030160 0.1518954359
0.1880315934 0.2284681567 0.1511413204 0.1481367668 0.3664794165 0.2305939705 0.2627421618 0.1462755200 0.4396239546 0.1500815776 -0.4778678749 0.2188997244 0.1509756432 0.1413055699
0.1764094364 0.2176798217 0.1411332847 0.1370547412 0.3517338703 0.2199082378 0.2529809926 0.1352126902 0.4193608552 0.1663517830 -0.4671349171 0.2082562358 0.1397783406 0.1302484792
0.1642965413 0.2063431765 0.1306097385 0.1254944226 0.3364649445 0.2086692553 0.2426122859 0.1236723433 0.3986859406 0.1827095961 -0.4556641459 0.1970669238 0.1281043604 0.1187174251
0.1516860438 0.1944502844 0.1195630656 0.1134490118 0.3206659991 0.1968689874 0.2316269627 0.1116476878 0.3775966152 0.1991544322 -0.4434447169 0.1853238561 0.1159469549 0.1067056689
0.1385710800 0.1819932086 0.1079856497 0.1009117098 0.3043303943 0.1844993980 0.2200159436 0.0991319319 0.3560902835 0.2156857060 -0.4304657857 0.1730191006 0.1032993763 0.0942064719
0.1249447856 0.1689640126 0.0958698748 0.0878757176 0.2874514903 0.1715524513 0.2077701496 0.0861182840 0.3341643500 0.2323028328 -0.4167165079 0.1601447251 0.0901548771 0.0812130953
0.1108002964 0.1553547596 0.0832081244 0.0743342361 0.2700226471 0.1580201114 0.1948805014 0.0725999524 0.3118162193 0.2490052275 -0.4021860390 0.1466927973 0.0765067095 0.0677188006
0.0961307483 0.1411575131 0.0699927825 0.0602804662 0.2520372250 0.1438943425 0.1813379197 0.0585701456 0.2890432957 0.2657923052 -0.3868635345 0.1326553851 0.0623481258 0.0537168491
