-0.2504957151 -0.5164799694 -0.5327582160 -0.1664938660 0.8417551521 -0.5356957939 -0.5136787724 -0.1676560078 0.5281674796 -0.4933527354 0.2108296123 -0.5010514134 -0.1395741287 -0.1332102468
-0.2562813696 -0.5201514016 -0.5370893084 -0.1747522882 0.8494592167 -0.5390591022 -0.5142843607 -0.1759045569 0.5381445096 -0.4915166968 0.2098617442 -0.5047893460 -0.1482348621 -0.1419888188
-0.2621467918 -0.5238956682 -0.5414733742 -0.1830507870 0.8569518202 -0.5424983284 -0.5149673271 -0.1841931704 0.5480234434 -0.4897287029 0.2090031162 -0.5086019810 -0.1569319314 -0.1508023168
-0.2680901030 -0.5277110689 -0.5459088791 -0.1913877521 0.8642344148 -0.5460117575 -0.5157261948 -0.1925202384 0.5578039981 -0.4879878441 0.2082521269 -0.5124875958 -0.1656637431 -0.1596491550
-0.2741094241 -0.5315959034 -0.5503942889 -0.1997615731 0.8713084524 -0.5495976743 -0.5165594870 -0.2008841512 0.5674858908 -0.4862932110 0.2076071748 -0.5164444676 -0.1744287034 -0.1685277477
-0.2802028763 -0.5355484715 -0.5549280694 -0.2081706396 0.8781753850 -0.5532543637 -0.5174657266 -0.2092832990 0.5770688385 -0.4846438940 0.2070666583 -0.5204708739 -0.1832252185 -0.1774365093
-0.2863685807 -0.5395670729 -0.5595086865 -0.2166133412 0.8848366648 -0.5569801105 -0.5184434370 -0.2177160722 0.5865525582 -0.4830389836 0.2066289761 -0.5245650919 -0.1920516949 -0.1863738539
-0.2926046584 -0.5436500073 -0.5641346058 -0.2250880676 0.8912937436 -0.5607731998 -0.5194911412 -0.2261808608 0.5959367670 -0.4814775702 0.2062925266 -0.5287253991 -0.2009065386 -0.1953381959
-0.2989092305 -0.5477955743 -0.5688042934 -0.2335932083 0.8975480735 -0.5646319163 -0.5206073623 -0.2346760552 0.6052211821 -0.4799587444 0.2060557083 -0.5329500728 -0.2097881562 -0.2043279497
-0.3052804182 -0.5520020738 -0.5735162148 -0.2421271530 0.9036011065 -0.5685545450 -0.5217906236 -0.2432000456 0.6144055203 -0.4784815966 0.2059169198 -0.5372373903 -0.2186949537 -0.2133415294
-0.3117163425 -0.5562678054 -0.5782688360 -0.2506882912 0.9094542947 -0.5725393707 -0.5230394480 -0.2517512222 0.6234894989 -0.4770452172 0.2058745595 -0.5415856290 -0.2276253375 -0.2223773494
-0.3182151246 -0.5605910688 -0.5830606227 -0.2592750126 0.9151090901 -0.5765846783 -0.5243523587 -0.2603279753 0.6324728347 -0.4756486968 0.2059270260 -0.5459930662 -0.2365777140 -0.2314338241
-0.3247748856 -0.5649701637 -0.5878900408 -0.2678857069 0.9205669446 -0.5806887527 -0.5257278789 -0.2689286952 0.6413552450 -0.4742911258 0.2060727178 -0.5504579793 -0.2455504893 -0.2405093676
-0.3313937465 -0.5694033900 -0.5927555560 -0.2765187636 0.9258293104 -0.5848498789 -0.5271645317 -0.2775517721 0.6501364468 -0.4729715946 0.2063100333 -0.5549786457 -0.2545420697 -0.2496023942
-0.3380698286 -0.5738890471 -0.5976556342 -0.2851725723 0.9308976393 -0.5890663416 -0.5286608403 -0.2861955961 0.6588161570 -0.4716891939 0.2066373712 -0.5595533426 -0.2635508616 -0.2587113184
