-0.6397889262 -0.4666193553 -0.3904022718 -0.6548310613 -0.7819565104 -0.8227762926 -0.2473491878 -0.6563981799 -0.4624385388 -0.1015824664 0.3206733927 -0.4665414385 -0.7093600110 -0.7106005824
-0.6235199791 -0.4454855079 -0.3694598158 -0.6377387587 -0.7765440891 -0.8148395343 -0.2259688780 -0.6393008207 -0.4641909439 -0.1118844875 0.3272660522 -0.4453378996 -0.6927369126 -0.6949940208
-0.6068865420 -0.4239262656 -0.3481509993 -0.6202126768 -0.7711763520 -0.8067621959 -0.2043349923 -0.6217670146 -0.4662477947 -0.1224930020 0.3341182503 -0.4237094880 -0.6756177564 -0.6789551240
-0.5898882846 -0.4019407971 -0.3264752013 -0.6022513815 -0.7658583729 -0.7985464803 -0.1824494820 -0.6037952799 -0.4686168673 -0.1334131227 0.3412354701 -0.4016555447 -0.6579998821 -0.6624822068
-0.5725248768 -0.3795282714 -0.3044318006 -0.5838534384 -0.7605952252 -0.7901945904 -0.1603142985 -0.5853841348 -0.4713059383 -0.1446499624 0.3486231950 -0.3791754105 -0.6398806293 -0.6455735839
-0.5547959881 -0.3566878573 -0.2820201760 -0.5650174134 -0.7553919826 -0.7817087294 -0.1379313931 -0.5665320977 -0.4743227837 -0.1562086337 0.3562869081 -0.3562684262 -0.6212573374 -0.6282275702
-0.5367012884 -0.3334187237 -0.2592397066 -0.5457418723 -0.7502537187 -0.7730911000 -0.1153027171 -0.5472376866 -0.4776751800 -0.1680942495 0.3642320926 -0.3329339328 -0.6021273460 -0.6104424802
-0.5182404472 -0.3097200395 -0.2360897712 -0.5260253807 -0.7451855070 -0.7643439055 -0.0924302218 -0.5274994200 -0.4813709034 -0.1803119224 0.3724642318 -0.3091712711 -0.5824879947 -0.5922166288
-0.4994131344 -0.2855909736 -0.2125697487 -0.5058665045 -0.7401924212 -0.7554693486 -0.0693158587 -0.5073158160 -0.4854177302 -0.1928667652 0.3809888088 -0.2849797820 -0.5623366229 -0.5735483306
-0.4802190197 -0.2610306948 -0.1886790180 -0.4852638095 -0.7352795349 -0.7464696324 -0.0459615790 -0.4866853929 -0.4898234368 -0.2057638906 0.3898113070 -0.2603588063 -0.5416705703 -0.5544359005
-0.4606577728 -0.2360383722 -0.1644169581 -0.4642158614 -0.7304519216 -0.7373469599 -0.0223693341 -0.4656066689 -0.4945957994 -0.2190084115 0.3989372095 -0.2353076850 -0.5204871764 -0.5348776531
-0.4407290633 -0.2106131744 -0.1397829477 -0.4427212261 -0.7257146550 -0.7281035341 0.0014589247 -0.4440781623 -0.4997425943 -0.2326054405 0.4083719996 -0.2098257588 -0.4987837807 -0.5148719032
-0.4204325611 -0.1847542706 -0.1147763658 -0.4207784691 -0.7210728087 -0.7187415578 0.0255212461 -0.4220983914 -0.5052715978 -0.2465600903 0.4181211604 -0.1839123687 -0.4765577228 -0.4944169655
-0.3997679357 -0.1584608294 -0.0893965914 -0.3983861565 -0.7165314562 -0.7092632342 0.0498156786 -0.3996658745 -0.5111905863 -0.2608774738 0.4281901752 -0.1575668556 -0.4538063422 -0.4735111548
-0.3787348570 -0.1317320198 -0.0636430032 -0.3755428538 -0.7120956711 -0.6996707662 0.0743402711 -0.3767791296 -0.5175073359 -0.2755627036 0.4385845272 -0.1307885602 -0.4305269785 -0.4521527858
