-0.8179760492 -0.7564591857 -0.7118903485 -0.5849625592 0.0984374995 -0.7512848716 -0.8170881201 -0.5887162549 0.5169886138 -0.4967556337 0.9603332585 -0.7134157101 -0.5378031349 -0.5520900361
-0.8126987624 -0.7482459784 -0.7035855141 -0.5754957227 0.0922947698 -0.7431382996 -0.8098984627 -0.5792842694 0.5084008361 -0.4910337059 0.9562216247 -0.7048464836 -0.5279668269 -0.5423366555
-0.8073519426 -0.7398861145 -0.6951476653 -0.5659214437 0.0860864259 -0.7348477405 -0.8025506538 -0.5697441146 0.4997171068 -0.4851854498 0.9518936964 -0.6961417503 -0.5180322765 -0.5324821981
-0.8019358409 -0.7313790961 -0.6865761959 -0.5562396993 0.0798119601 -0.7264126091 -0.7950436338 -0.5600957494 0.4909369385 -0.4792097654 0.9473476190 -0.6873011165 -0.5079996511 -0.5225267914
-0.7964507084 -0.7227244253 -0.6778705000 -0.5464504665 0.0734708645 -0.7178323200 -0.7873763428 -0.5503391322 0.4820598436 -0.4731055526 0.9425815380 -0.6783241889 -0.4978691184 -0.5124705629
-0.7908967964 -0.7139216043 -0.6690299712 -0.5365537222 0.0670626312 -0.7091062879 -0.7795477210 -0.5404742218 0.4730853348 -0.4668717116 0.9375935991 -0.6692105737 -0.4876408459 -0.5023136400
-0.7852743558 -0.7049701352 -0.6600540036 -0.5265494436 0.0605867526 -0.7002339274 -0.7715567086 -0.5305009768 0.4640129246 -0.4605071423 0.9323819476 -0.6599598773 -0.4773150012 -0.4920561502
-0.7795836380 -0.6958695202 -0.6509419910 -0.5164376077 0.0540427206 -0.6912146533 -0.7634022459 -0.5204193558 0.4548421256 -0.4540107448 0.9269447291 -0.6505717063 -0.4668917519 -0.4816982209
-0.7738248939 -0.6866192614 -0.6416933273 -0.5062181913 0.0474300276 -0.6820478801 -0.7550832731 -0.5102293174 0.4455724503 -0.4473814191 0.9212800891 -0.6410456670 -0.4563712655 -0.4712399796
-0.7679983747 -0.6772188611 -0.6323074063 -0.4958911716 0.0407481656 -0.6727330226 -0.7465987303 -0.4999308203 0.4362034113 -0.4406180652 0.9153861731 -0.6313813659 -0.4457537097 -0.4606815537
-0.7621043317 -0.6676678212 -0.6227836219 -0.4854565256 0.0339966268 -0.6632694955 -0.7379475578 -0.4895238232 0.4267345211 -0.4337195832 0.9092611266 -0.6215784093 -0.4350392520 -0.4500230708
-0.7561430158 -0.6579656440 -0.6131213680 -0.4749142303 0.0271749035 -0.6536567134 -0.7291286959 -0.4790082846 0.4171652924 -0.4266848731 0.9029030950 -0.6116364037 -0.4242280599 -0.4392646583
-0.7501146783 -0.6481118317 -0.6033200385 -0.4642642627 0.0202824877 -0.6438940909 -0.7201410847 -0.4683841631 0.4074952376 -0.4195128350 0.8963102240 -0.6015549556 -0.4133203011 -0.4284064436
-0.7440195702 -0.6381058863 -0.5933790273 -0.4535065997 0.0133188717 -0.6339810428 -0.7109836644 -0.4576514176 0.3977238693 -0.4122023688 0.8894806590 -0.5913336714 -0.4023161430 -0.4174485543
-0.7378579428 -0.6279473101 -0.5832977281 -0.4426412186 0.0062835475 -0.6239169838 -0.7016553753 -0.4468100065 0.3878507000 -0.4047523746 0.8824125455 -0.5809721574 -0.3912157534 -0.4063911177
