-0.8900458255 -0.8991823458 -0.9058856335 -0.9050124688 -0.8870622976 -0.8983168003 -0.8931230505 -0.9051713909 -0.2763856881 -0.9239725365 0.8837059418 -0.8977908547 -0.9044176372 -0.9044473969
-0.8364870142 -0.8501180497 -0.8600910810 -0.8587580861 -0.8320584339 -0.8488153659 -0.8411206763 -0.8589953022 -0.2377203236 -0.8870559445 0.8271292556 -0.8480243202 -0.8578693151 -0.8579136538
-0.7838646759 -0.8019412747 -0.8151298952 -0.8133218681 -0.7780224123 -0.8001986411 -0.7900662834 -0.8136366028 -0.1997454233 -0.8508630142 0.7715892528 -0.7991411314 -0.8121414754 -0.8122001939
-0.7321720275 -0.7546453961 -0.7709957857 -0.7686977469 -0.7249476209 -0.7524600750 -0.7399528073 -0.7690892265 -0.1624566729 -0.8153879220 0.7170782742 -0.7511347785 -0.7672280503 -0.7673009503
-0.6814022857 -0.7082237893 -0.7276824621 -0.7248796546 -0.6728274476 -0.7055931171 -0.6907731837 -0.7253471073 -0.1258497581 -0.7806248442 0.6635886611 -0.7039987517 -0.7231229719 -0.7232098562
-0.6315486674 -0.6626698296 -0.6851836340 -0.6818615233 -0.6216552804 -0.6595912168 -0.6425203480 -0.6824041792 -0.0899203646 -0.7465679574 0.6111127543 -0.6577265412 -0.6798201723 -0.6799208448
-0.5826043894 -0.6179768923 -0.6434930111 -0.6396372851 -0.5714245072 -0.6144478233 -0.5951872360 -0.6402543760 -0.0546641780 -0.7132114378 0.5596428951 -0.6123116372 -0.6373135839 -0.6374278491
-0.5345626686 -0.5741383527 -0.6026043031 -0.5982008721 -0.5221285159 -0.5701563860 -0.5487667831 -0.5988916317 -0.0200768841 -0.6805494619 0.5091714243 -0.5677475299 -0.5955971386 -0.5957248024
-0.4874167216 -0.5311475862 -0.5625112194 -0.5575462164 -0.4737606947 -0.5267103542 -0.5032519250 -0.5583098803 0.0138458316 -0.6485762061 0.4596906830 -0.5240277095 -0.5546647687 -0.5548056378
-0.4411597653 -0.4889979682 -0.5232074699 -0.5176672500 -0.4263144313 -0.4841031773 -0.4586355974 -0.5185030557 0.0471082832 -0.6172858467 0.4111930123 -0.4811456662 -0.5145104063 -0.5146642885
-0.3957850166 -0.4476828738 -0.4846867640 -0.4785579050 -0.3797831138 -0.4423283047 -0.4149107357 -0.4794650918 0.0797147852 -0.5866725603 0.3636707531 -0.4390948902 -0.4751279836 -0.4752946875
-0.3512856923 -0.4071956786 -0.4469428114 -0.4402121136 -0.3341601300 -0.4013791857 -0.3720702756 -0.4411899226 0.1116696518 -0.5567305231 0.3171162466 -0.3978688717 -0.4365114328 -0.4366907682
-0.3076550091 -0.3675297577 -0.4099693218 -0.4026238078 -0.2894388680 -0.3612492695 -0.3301071527 -0.4036714821 0.1429771974 -0.5274539115 0.2715218338 -0.3574611009 -0.3986546860 -0.3988464635
-0.2648861840 -0.3286784865 -0.3737600048 -0.3657869198 -0.2456127158 -0.3219320057 -0.2890143026 -0.3669037040 0.1736417363 -0.4988369020 0.2268798556 -0.3178650680 -0.3615516754 -0.3617557068
-0.2229724336 -0.2906352404 -0.3383085700 -0.3296953816 -0.2026750612 -0.2834208434 -0.2487846608 -0.3308805225 0.2036675828 -0.4708736710 0.1831826532 -0.2790742633 -0.3251963331 -0.3254124310
