-0.9066460009 -0.0497261222 0.1112084454 -0.9656143482 0.3657908594 0.0110949083 0.2292120399 -0.9582475485 0.4919093108 0.3867773321 -0.3365432867 -0.0275265337 -0.9977158095 -0.9997440311
-0.8966785833 -0.0081117143 0.1484405695 -0.9618540415 0.3898191071 0.0510518898 0.2605329501 -0.9539567203 0.5114953794 0.4124651984 -0.3637167416 0.0135124306 -0.9969571807 -0.9999093274
-0.8861682283 0.0345812193 0.1864000472 -0.9578940530 0.4146000424 0.0919533848 0.2925699176 -0.9494499052 0.5316504328 0.4386475138 -0.3914847484 0.0555785920 -0.9960914933 -0.9999944434
-0.8751097265 0.0783636594 0.2250920994 -0.9537337216 0.4401429928 0.1338084354 0.3253302396 -0.9447262635 0.5523817184 0.4653291206 -0.4198534673 0.0986821084 -0.9951190928 -1.0000000000
-0.8634978683 0.1232465867 0.2645219470 -0.9493723861 0.4664572860 0.1766260835 0.3588212134 -0.9397849556 0.5736964838 0.4925148607 -0.4488290588 0.1428331374 -0.9940403248 -0.9999266184
-0.8513274444 0.1692409820 0.3046948111 -0.9448093853 0.4935522498 0.2204153712 0.3930501362 -0.9346251417 0.5956019766 0.5202095763 -0.4784176831 0.1880418368 -0.9928555348 -0.9997749198
-0.8385932455 0.2163578262 0.3456159127 -0.9400440580 0.5214372118 0.2651853404 0.4280243052 -0.9292459822 0.6181054444 0.5484181095 -0.5086255006 0.2343183642 -0.9915650683 -0.9995455253
-0.8252900619 0.2646080999 0.3872904726 -0.9350757432 0.5501214997 0.3109450332 0.4637510179 -0.9236466373 0.6412141347 0.5771453024 -0.5394586714 0.2816728773 -0.9901692710 -0.9992390560
-0.8114126844 0.3140027840 0.4297237118 -0.9299037795 0.5796144412 0.3577034916 0.5002375713 -0.9178262674 0.6649352951 0.6063959971 -0.5709233561 0.3301155338 -0.9886684883 -0.9988561331
-0.7969559034 0.3645528591 0.4729208513 -0.9245275059 0.6099253640 0.4054697576 0.5374912628 -0.9117840327 0.6892761731 0.6361750357 -0.6030257148 0.3796564915 -0.9870630659 -0.9983973777
-0.7819145096 0.4162693062 0.5168871120 -0.9189462612 0.6410635958 0.4542528733 0.5755193897 -0.9055190936 0.7142440164 0.6664872604 -0.6357719079 0.4303059079 -0.9853533492 -0.9978634108
-0.7662832936 0.4691631059 0.5616277150 -0.9131593841 0.6730384642 0.5040618805 0.6143292492 -0.8990306104 0.7398460724 0.6973375131 -0.6691680958 0.4820739408 -0.9835396838 -0.9972548538
-0.7500570459 0.5232452390 0.6071478811 -0.9071662136 0.7058592971 0.5549058213 0.6539281385 -0.8923177433 0.7660895888 0.7287306360 -0.7032204386 0.5349707480 -0.9816224152 -0.9965723276
-0.7332305571 0.5785266863 0.6534528314 -0.9009660884 0.7395354220 0.6067937378 0.6943233550 -0.8853796528 0.7929818131 0.7606714713 -0.7379350968 0.5890064870 -0.9796018891 -0.9958164534
-0.7157986178 0.6350184286 0.7005477868 -0.8945583474 0.7740761666 0.6597346720 0.7355221958 -0.8782154990 0.8205299928 0.7931648610 -0.7733182306 0.6441913157 -0.9774784510 -0.9949878524
