0.5912768292 0.5180542736 0.4657310994 0.6725357430 -0.1713098880 0.5235415743 0.0107341761 0.6807152400 -0.7680847663 -0.6597806815 0.5947339288 0.4894429461 0.6788152305 0.6832807065
0.6186933506 0.5471295725 0.4949543187 0.6957915999 -0.1481897355 0.5530433110 0.0353270589 0.7042041930 -0.7644085726 -0.6503600745 0.5787653839 0.5187931096 0.7003622427 0.7044784244
0.6452506962 0.5756223240 0.5236830889 0.7181627178 -0.1249869280 0.5819332623 0.0599009426 0.7268017112 -0.7601861443 -0.6405192409 0.5624736930 0.5476035723 0.7210459033 0.7248158319
0.6709058726 0.6034983521 0.5518858788 0.7396081944 -0.1017123095 0.6101753063 0.0844425977 0.7484666107 -0.7554023595 -0.6302493974 0.5458580421 0.5758410391 0.7408269445 0.7442539745
0.6956158865 0.6307234811 0.5795311576 0.7600871275 -0.0783767242 0.6377333211 0.1089387946 0.7691577071 -0.7500420968 -0.6195417608 0.5289176173 0.6034722148 0.7596660984 0.7627538977
0.7193377446 0.6572635355 0.6065873940 0.7795586150 -0.0549910161 0.6645711848 0.1333763037 0.7888338165 -0.7440902344 -0.6083875479 0.5116516045 0.6304638045 0.7775240973 0.7802766469
0.7420284537 0.6830843394 0.6330230570 0.7979817545 -0.0315660293 0.6906527755 0.1577418956 0.8074537548 -0.7375316507 -0.5967779753 0.4940591898 0.6567825131 0.7943616732 0.7967832677
0.7636450204 0.7081517171 0.6588066157 0.8153156439 -0.0081126078 0.7159419713 0.1820223406 0.8249763378 -0.7303512242 -0.5847042600 0.4761395591 0.6823950454 0.8101395583 0.8122348054
0.7841444514 0.7324314929 0.6839065390 0.8315193810 0.0153584043 0.7404026504 0.2062044092 0.8413603815 -0.7225338331 -0.5721576185 0.4578918985 0.7072681064 0.8248184848 0.8265923055
0.8034837536 0.7558894910 0.7082912958 0.8465520636 0.0388361628 0.7639986909 0.2302748719 0.8565647017 -0.7140643559 -0.5591292677 0.4393153941 0.7313684012 0.8383591849 0.8398168136
0.8216199334 0.7784915359 0.7319293551 0.8603727894 0.0623098239 0.7866939708 0.2542204990 0.8705481144 -0.7049276710 -0.5456104243 0.4204092317 0.7546626345 0.8507223907 0.8518693751
0.8385099978 0.8002034516 0.7547891859 0.8729406563 0.0857685433 0.8084523683 0.2780280610 0.8832694354 -0.6951086566 -0.5315923051 0.4011725974 0.7771175113 0.8618688343 0.8627110355
0.8541109533 0.8209910626 0.7768392570 0.8842147620 0.1092014770 0.8292377614 0.3016843285 0.8946874806 -0.6845921913 -0.5170661268 0.3816046772 0.7986997366 0.8717592479 0.8723028401
0.8683798067 0.8408201931 0.7980480376 0.8941542043 0.1325977809 0.8490140283 0.3251760717 0.9047610660 -0.6733631532 -0.5020231062 0.3617046572 0.8193760152 0.8803543637 0.8806058346
0.8812735647 0.8596566673 0.8183839964 0.9027180811 0.1559466110 0.8677450472 0.3484900612 0.9134490074 -0.6614064209 -0.4864544601 0.3414717233 0.8391130522 0.8876149139 0.8875810644
