-0.0380092385 -0.0116562073 -0.0082616834 -0.0368936366 0.1029343709 -0.0160615892 0.0107924946 -0.0371039176 0.3605476836 0.0207754803 -0.1081267101 -0.0211783068 -0.0424217915 -0.0469407006
-0.0307584605 -0.0031942870 -0.0001677037 -0.0310536384 0.1120472064 -0.0074232527 0.0202406770 -0.0312399188 0.3705008961 0.0312839707 -0.1167448187 -0.0127109726 -0.0369364411 -0.0414534129
-0.0232904577 0.0054460503 0.0081121042 -0.0249634287 0.1212790320 0.0013910141 0.0298352944 -0.0251261961 0.3804554974 0.0419099481 -0.1254916413 -0.0040616927 -0.0311903559 -0.0357037008
-0.0156031867 0.0142663444 0.0165793892 -0.0186204997 0.1306307302 0.0103827097 0.0395774729 -0.0187602491 0.3904110407 0.0526541479 -0.1343682046 0.0047711078 -0.0251808892 -0.0296889008
-0.0076946038 0.0232681353 0.0252358004 -0.0120223437 0.1401031836 0.0195533321 0.0494683384 -0.0121395771 0.4003670794 0.0635173055 -0.1433755353 0.0137890036 -0.0189053943 -0.0234063495
0.0004373344 0.0324529628 0.0340829868 -0.0051664533 0.1496972748 0.0289043797 0.0595090169 -0.0052616798 0.4103231669 0.0745001564 -0.1525146604 0.0229935694 -0.0123612245 -0.0168533834
0.0087946714 0.0418223669 0.0431225973 0.0019496794 0.1594138861 0.0384373507 0.0697006343 0.0018759433 0.4202788565 0.0856034361 -0.1617866065 0.0323863800 -0.0055457332 -0.0100273390
0.0173794508 0.0513778873 0.0523562810 0.0093285619 0.1692539003 0.0481537434 0.0800443167 0.0092757927 0.4302337016 0.0968278801 -0.1711924006 0.0419690102 0.0015437264 -0.0029255529
0.0261937159 0.0611210640 0.0617856867 0.0169727018 0.1792181997 0.0580550562 0.0905411899 0.0169403690 0.4401872555 0.1081742237 -0.1807330695 0.0517430346 0.0089098010 0.0044546382
0.0352395104 0.0710534368 0.0714124635 0.0248846069 0.1893076670 0.0681427871 0.1011923800 0.0248721726 0.4501390716 0.1196432025 -0.1904096399 0.0617100281 0.0165551372 0.0121158980
0.0445188777 0.0811765457 0.0812382605 0.0330667848 0.1995231846 0.0784184346 0.1119990129 0.0330737039 0.4600887032 0.1312355519 -0.2002231387 0.0718715653 0.0244823817 0.0200608898
0.0540338614 0.0914919305 0.0912647265 0.0415217431 0.2098656352 0.0888834968 0.1229622146 0.0415474635 0.4700357038 0.1429520073 -0.2101745926 0.0822292211 0.0326941812 0.0282922770
0.0637865048 0.1020011312 0.1014935105 0.0502519894 0.2203359012 0.0995394721 0.1340831110 0.0502959519 0.4799796266 0.1547933043 -0.2202650286 0.0927845702 0.0411931824 0.0368127231
0.0737788516 0.1127056875 0.1119262616 0.0592600315 0.2309348651 0.1103878588 0.1453628282 0.0593216695 0.4899200250 0.1667601783 -0.2304954733 0.1035391874 0.0499820321 0.0456248916
0.0840129453 0.1236071394 0.1225646286 0.0685483769 0.2416634096 0.1214301550 0.1568024920 0.0686271169 0.4998564524 0.1788533648 -0.2408669536 0.1144946473 0.0590633768 0.0547314459
