-0.4718073190 -0.9234595021 -0.8242813737 0.0116206194 -0.9450991416 -0.8159971047 -0.8628938482 0.0120686636 -0.7563761994 -0.9854243914 0.9962059083 -0.9591028051 0.0379832129 0.0444629340
-0.4823904530 -0.9286128492 -0.8315637316 -0.0040675649 -0.9388302061 -0.8228804883 -0.8519638200 -0.0036213272 -0.7414832465 -0.9823281304 0.9974257509 -0.9631547169 0.0220445559 0.0284726809
-0.4929725933 -0.9336023879 -0.8387163003 -0.0199105883 -0.9322023070 -0.8296541583 -0.8405792873 -0.0194663837 -0.7261028807 -0.9789231644 0.9984134981 -0.9670075424 0.0059416166 0.0123155524
-0.5035532462 -0.9384263373 -0.8457374240 -0.0359091280 -0.9252124412 -0.8363167980 -0.8287364740 -0.0354671865 -0.7102313132 -0.9752068038 0.9991669731 -0.9706591708 -0.0103263566 -0.0040092290
-0.5141319180 -0.9430829169 -0.8526254468 -0.0520638612 -0.9178576056 -0.8428670906 -0.8164316039 -0.0516244161 -0.6938647548 -0.9711763585 0.9996839995 -0.9741074912 -0.0267601153 -0.0205024410
-0.5247081150 -0.9475703458 -0.8593787130 -0.0683754652 -0.9101347971 -0.8493037195 -0.8036609009 -0.0679387528 -0.6769994167 -0.9668291388 0.9999624007 -0.9773503929 -0.0433604110 -0.0371648612
-0.5352813438 -0.9518868434 -0.8659955667 -0.0848446171 -0.9020410125 -0.8556253678 -0.7904205888 -0.0844108771 -0.6596315098 -0.9621624547 1.0000000000 -0.9803857651 -0.0601279954 -0.0539972672
-0.5458511105 -0.9560306289 -0.8724743520 -0.1014719944 -0.8935732488 -0.8618307188 -0.7767068915 -0.1010414695 -0.6417572450 -0.9571736166 0.9997946209 -0.9832114970 -0.0770636200 -0.0710004366
-0.5564169216 -0.9599999217 -0.8788134132 -0.1182582741 -0.8847285027 -0.8679184557 -0.7625160327 -0.1178312104 -0.6233728335 -0.9518599344 0.9993440867 -0.9858254777 -0.0941680365 -0.0881751471
-0.5669782835 -0.9637929411 -0.8850110944 -0.1352041335 -0.8755037712 -0.8738872618 -0.7478442364 -0.1347807801 -0.6044744863 -0.9462187184 0.9986462209 -0.9882255965 -0.1114419963 -0.1055221762
-0.5775347024 -0.9674079062 -0.8910657397 -0.1523102498 -0.8658960512 -0.8797358205 -0.7326877264 -0.1518908593 -0.5850584142 -0.9402472786 0.9976988469 -0.9904097425 -0.1288862511 -0.1230423017
-0.5880856848 -0.9708430364 -0.8969756935 -0.1695773004 -0.8559023395 -0.8854628148 -0.7170427265 -0.1691621282 -0.5651208284 -0.9339429253 0.9964997881 -0.9923758050 -0.1465015525 -0.1407363010
-0.5986307369 -0.9740965511 -0.9027392998 -0.1870059623 -0.8455196329 -0.8910669281 -0.7009054606 -0.1865952674 -0.5446579397 -0.9273029686 0.9950468679 -0.9941216731 -0.1642886521 -0.1586049520
-0.6091693653 -0.9771666694 -0.9083549028 -0.2045969129 -0.8347449285 -0.8965468436 -0.6842721525 -0.2041909573 -0.5236659594 -0.9203247186 0.9933379097 -0.9956452360 -0.1822483014 -0.1766490320
-0.6197010761 -0.9800516107 -0.9138208467 -0.2223508294 -0.8235752229 -0.9019012446 -0.6671390261 -0.2219498784 -0.5021410982 -0.9130054855 0.9913707369 -0.9969443829 -0.2003812520 -0.1948693189
