-0.2527849360 -0.4593758508 -0.4560231485 -0.1645717891 -0.8547033806 -0.6060482928 -0.2408711638 -0.1645733192 -0.2660707397 0.0755212807 0.0952089575 -0.5455662187 -0.1448564653 -0.1509644834
-0.2679652250 -0.4716411312 -0.4679584345 -0.1813404704 -0.8444745866 -0.6156316427 -0.2181731022 -0.1813526934 -0.2436149257 0.0935085245 0.0751420725 -0.5558624729 -0.1619629583 -0.1679668423
-0.2833133477 -0.4839688786 -0.4799748679 -0.1983064999 -0.8338680701 -0.6252302417 -0.1950798723 -0.1983289320 -0.2207245007 0.1117402610 0.0547287404 -0.5662111184 -0.1792741705 -0.1851716132
-0.2988302246 -0.4963592235 -0.4920727798 -0.2154709655 -0.8228809936 -0.6348439606 -0.1715889723 -0.2155031177 -0.1973965455 0.1302179360 0.0339667035 -0.5766123292 -0.1967912358 -0.2025799155
-0.3145167760 -0.5088122963 -0.5042525013 -0.2328349552 -0.8115105198 -0.6444726701 -0.1476979005 -0.2328763333 -0.1736281411 0.1489429953 0.0128537044 -0.5870662792 -0.2145152882 -0.2201928686
-0.3303739222 -0.5213282273 -0.5165143632 -0.2503995571 -0.7997538111 -0.6541162410 -0.1234041551 -0.2504496615 -0.1494163681 0.1679168848 -0.0086125146 -0.5975731423 -0.2324474615 -0.2380115920
-0.3464025837 -0.5339071471 -0.5288586966 -0.2681658590 -0.7876080300 -0.6637745442 -0.0987052343 -0.2682241850 -0.1247583074 0.1871410502 -0.0304342110 -0.6081330925 -0.2505888896 -0.2560372050
-0.3626036808 -0.5465491861 -0.5412858326 -0.2861349491 -0.7750703392 -0.6734474504 -0.0735986364 -0.2862009866 -0.0996510398 0.2066169374 -0.0526136425 -0.6187463037 -0.2689407063 -0.2742708271
-0.3789781338 -0.5592544747 -0.5537961021 -0.3043079152 -0.7621379012 -0.6831348304 -0.0480818595 -0.3043811490 -0.0740916460 0.2263459923 -0.0751530665 -0.6294129498 -0.2875040457 -0.2927135776
-0.3955268631 -0.5720231433 -0.5663898362 -0.3226858455 -0.7488078786 -0.6928365550 -0.0221524021 -0.3227657550 -0.0480772070 0.2463296605 -0.0980547406 -0.6401332047 -0.3062800415 -0.3113665760
-0.4122507891 -0.5848553224 -0.5790673659 -0.3412698279 -0.7350774338 -0.7025524951 0.0041922378 -0.3413558874 -0.0216048035 0.2665693879 -0.1213209224 -0.6509072424 -0.3252698276 -0.3302309418
-0.4291508321 -0.5977511424 -0.5918290221 -0.3600609504 -0.7209437294 -0.7122825213 0.0309545619 -0.3601526288 0.0053284837 0.2870666204 -0.1449538695 -0.6617352367 -0.3444745380 -0.3493077943
-0.4462279125 -0.6107107337 -0.6046751358 -0.3790603010 -0.7064039280 -0.7220265046 0.0581370719 -0.3791570620 0.0327255739 0.3078228038 -0.1689558394 -0.6726173616 -0.3638953065 -0.3685982529
-0.4634829507 -0.6237342267 -0.6176060382 -0.3982689676 -0.6914551921 -0.7317843156 0.0857422696 -0.3983702697 0.0605893860 0.3288393838 -0.1933290898 -0.6835537910 -0.3835332670 -0.3881034370
-0.4809168669 -0.6368217520 -0.6306220602 -0.4176880384 -0.6760946843 -0.7415558252 0.1137726568 -0.4177933348 0.0889228395 0.3501178063 -0.2180758781 -0.6945446988 -0.4033895534 -0.4078244661
