-0.5268429923 -0.1640524453 -0.1575634434 -0.8188884425 -0.1364894308 -0.1316630148 0.0488345685 -0.8087499174 0.0823376015 0.3342441391 0.5478949942 -0.0950117572 -0.8763613237 -0.8655387630
-0.5326336897 -0.1645305859 -0.1533247310 -0.8152372677 -0.1496000469 -0.1314859690 0.0466740108 -0.8049617193 0.0661537089 0.3410197912 0.5599099465 -0.0950358156 -0.8706288674 -0.8603817011
-0.5377329181 -0.1642927287 -0.1482188211 -0.8104817384 -0.1624332865 -0.1305849035 0.0450819784 -0.8000686765 0.0500263622 0.3483906010 0.5714282904 -0.0943578394 -0.8637060338 -0.8540561286
-0.5421258599 -0.1633243025 -0.1422294183 -0.8046019833 -0.1749797556 -0.1289452029 0.0440710045 -0.7940509255 0.0339618875 0.3563679497 0.5824374156 -0.0929635212 -0.8555719200 -0.8465413993
-0.5457976978 -0.1616107363 -0.1353402273 -0.7975781309 -0.1872300599 -0.1265522516 0.0436536225 -0.7868886027 0.0179666112 0.3649632182 0.5929247116 -0.0908385537 -0.8462056228 -0.8378168672
-0.5487336144 -0.1591374589 -0.1275349528 -0.7893903096 -0.1991748053 -0.1233914342 0.0438423655 -0.7785618444 0.0020468597 0.3741877877 0.6028775679 -0.0879686295 -0.8355862392 -0.8278618862
-0.5509187924 -0.1558898993 -0.1187972993 -0.7800186480 -0.2108045977 -0.1194481351 0.0446497668 -0.7690507872 -0.0137910409 0.3840530393 0.6122833741 -0.0843394412 -0.8236928661 -0.8166558103
-0.5523384142 -0.1518534862 -0.1091109715 -0.7694432746 -0.2221100429 -0.1147077389 0.0460883597 -0.7583355672 -0.0295407641 0.3945703540 0.6211295198 -0.0799366816 -0.8105046005 -0.8041779934
-0.5529776626 -0.1470136486 -0.0984596740 -0.7576443180 -0.2330817468 -0.1091556300 0.0481706775 -0.7463963211 -0.0451959837 0.4057511130 0.6294033945 -0.0747460433 -0.7960005392 -0.7904077894
-0.5528217202 -0.1413558154 -0.0868271115 -0.7446019066 -0.2437103152 -0.1027771928 0.0509092533 -0.7332131850 -0.0607503734 0.4176066972 0.6370923878 -0.0687532189 -0.7801597792 -0.7753245524
-0.5518557696 -0.1348654155 -0.0741969887 -0.7302961691 -0.2539863540 -0.0955578120 0.0543166205 -0.7187662955 -0.0761976068 0.4301484878 0.6441838893 -0.0619439012 -0.7629614174 -0.7589076361
-0.5500649933 -0.1275278777 -0.0605530102 -0.7147072338 -0.2639004690 -0.0874828719 0.0584053123 -0.7030357889 -0.0915313578 0.4433878659 0.6506652885 -0.0543037827 -0.7443845508 -0.7411363946
-0.5474345740 -0.1193286309 -0.0458788805 -0.6978152294 -0.2734432661 -0.0785377570 0.0631878619 -0.6860018017 -0.1067452999 0.4573362126 0.6565239750 -0.0458185561 -0.7244082763 -0.7219901818
-0.5439496942 -0.1102531041 -0.0301583045 -0.6796002844 -0.2826053511 -0.0687078519 0.0686768026 -0.6676444701 -0.1218331068 0.4720049089 0.6617473382 -0.0364739141 -0.7030116908 -0.7014483517
-0.5395955367 -0.1002867260 -0.0133749866 -0.6600425273 -0.2913773299 -0.0579785410 0.0748846677 -0.6479439306 -0.1367884524 0.4874053359 0.6663227679 -0.0262555493 -0.6801738912 -0.6794902581
