0.6180650257 0.8426777341 0.6940818490 0.4424400724 0.8618242901 0.8279829648 0.7452117832 0.4430199263 0.7260294399 0.9725927538 -0.9635785800 0.8009894598 0.4546753779 0.4815212283
0.6218542980 0.8494214940 0.7000681872 0.4432096346 0.8712024044 0.8320105193 0.7586438904 0.4437745591 0.7418558983 0.9765956602 -0.9677940862 0.8075322928 0.4552589052 0.4819114263
0.6255914603 0.8560539251 0.7059905894 0.4439685202 0.8803788244 0.8359133051 0.7719107351 0.4445182077 0.7573636931 0.9803187002 -0.9718086153 0.8139771723 0.4558261489 0.4822745127
0.6292621116 0.8625585606 0.7118327819 0.4447046393 0.8893379983 0.8396774641 0.7849934608 0.4452387988 0.7725375030 0.9837520719 -0.9756096209 0.8203076744 0.4563652467 0.4825989140
0.6328518509 0.8689189337 0.7175784909 0.4454059019 0.8980643745 0.8432891380 0.7978732108 0.4459242594 0.7873620067 0.9868859732 -0.9791845567 0.8265073750 0.4568643362 0.4828730567
0.6363462774 0.8751185776 0.7232114427 0.4460602181 0.9065424013 0.8467344686 0.8105311288 0.4465625162 0.8018218828 0.9897106021 -0.9825208764 0.8325598503 0.4573115552 0.4830853672
0.6397309902 0.8811410256 0.7287153634 0.4466554978 0.9147565270 0.8499995978 0.8229483582 0.4471414960 0.8159018102 0.9922161563 -0.9856060337 0.8384486762 0.4576950414 0.4832242722
0.6429915882 0.8869698107 0.7340739792 0.4471796512 0.9226912000 0.8530706673 0.8351060425 0.4476491256 0.8295864673 0.9943928339 -0.9884274822 0.8441574287 0.4580029323 0.4832781981
0.6461136705 0.8925884663 0.7392710164 0.4476205882 0.9303308687 0.8559338190 0.8469853251 0.4480733319 0.8428605331 0.9962308328 -0.9909726758 0.8496696838 0.4582233656 0.4832355713
0.6490828362 0.8979805256 0.7442902012 0.4479662189 0.9376599813 0.8585751947 0.8585673497 0.4484020416 0.8557086860 0.9977203509 -0.9932290680 0.8549690176 0.4583444791 0.4830848185
0.6518846844 0.9031295217 0.7491152598 0.4482044532 0.9446629861 0.8609809361 0.8698332595 0.4486231816 0.8681156048 0.9988515862 -0.9951841125 0.8600390061 0.4583544104 0.4828143659
0.6545048140 0.9080189878 0.7537299184 0.4483232013 0.9513243316 0.8631371851 0.8807641982 0.4487246787 0.8800659683 0.9996147365 -0.9968252631 0.8648632252 0.4582412971 0.4824126403
0.6569288243 0.9126324573 0.7581179032 0.4483103732 0.9576284661 0.8650300836 0.8913413093 0.4486944598 0.8915444551 1.0000000000 -0.9981399735 0.8694252511 0.4579932770 0.4818680680
0.6591423141 0.9169534631 0.7622629404 0.4481538789 0.9635598378 0.8666457731 0.9015457361 0.4485204515 0.9025357437 0.9999975741 -0.9991156973 0.8737086596 0.4575984877 0.4811690756
0.6611308827 0.9209655387 0.7661487562 0.4478416284 0.9691028951 0.8679703957 0.9113586223 0.4481905808 0.9130245131 0.9995976572 -0.9997398882 0.8776970269 0.4570450668 0.4803040895
