0.2147729553 -0.4121311680 -0.6278641502 0.0196854727 0.9381860278 -0.4399033818 -0.0686724270 0.0164686967 0.3470373511 -0.7242768916 -0.0242859955 -0.4458075641 0.0718854881 0.0694095776
0.2281317926 -0.3917753439 -0.6084994278 0.0312055318 0.9446140258 -0.4229021328 -0.0536384247 0.0280218087 0.3459717838 -0.7220109599 -0.0426086547 -0.4255847634 0.0827976243 0.0803224426
0.2416066175 -0.3712465261 -0.5888016009 0.0430244445 0.9506528722 -0.4057665406 -0.0386082111 0.0398742616 0.3445782089 -0.7197321757 -0.0609658292 -0.4051698145 0.0940031841 0.0915300548
0.2551894544 -0.3505542056 -0.5687830040 0.0551314052 0.9563087548 -0.3885023595 -0.0235843983 0.0520152369 0.3428646068 -0.7174383914 -0.0793501897 -0.3845724620 0.1054915405 0.1030217645
0.2688723277 -0.3297078734 -0.5484559714 0.0675156080 0.9615878616 -0.3711153443 -0.0085695987 0.0644339157 0.3408389580 -0.7151274591 -0.0977544074 -0.3638024506 0.1172520662 0.1147869224
0.2826472618 -0.3087170204 -0.5278328375 0.0801662470 0.9664963807 -0.3536112493 0.0064335756 0.0771194793 0.3385092427 -0.7127972312 -0.1161711530 -0.3428695251 0.1292741341 0.1268148789
0.2965062811 -0.2875911376 -0.5069259367 0.0930725164 0.9710405000 -0.3359958291 0.0214225125 0.0900611091 0.3358834414 -0.7104455599 -0.1345930975 -0.3217834301 0.1415471170 0.1390949846
0.3104414101 -0.2663397161 -0.4857476033 0.1062236105 0.9752264075 -0.3182748382 0.0363945997 0.1032479863 0.3329695345 -0.7080702976 -0.1530129119 -0.3005539102 0.1540603879 0.1516165898
0.3244446731 -0.2449722466 -0.4643101719 0.1196087233 0.9790602912 -0.3004540311 0.0513472251 0.1166692923 0.3297755023 -0.7056692965 -0.1714232670 -0.2791907102 0.1668033195 0.1643690452
0.3385080946 -0.2234982203 -0.4426259767 0.1332170492 0.9825483390 -0.2825391624 0.0662777764 0.1303142082 0.3263093252 -0.7032404089 -0.1898168337 -0.2577035748 0.1797652846 0.1773417013
0.3526236990 -0.2019271280 -0.4207073522 0.1470377821 0.9856967389 -0.2645359865 0.0811836415 0.1441719154 0.3225789836 -0.7007814871 -0.2081862830 -0.2361022486 0.1929356562 0.1905239084
0.3667835107 -0.1802684608 -0.3985666327 0.1610601165 0.9885116790 -0.2464502580 0.0960622082 0.1582315951 0.3185924579 -0.6982903833 -0.2265242858 -0.2143964763 0.2063038071 0.2039050172
0.3809795542 -0.1585317095 -0.3762161527 0.1752732463 0.9909993471 -0.2282877314 0.1109108643 0.1724824287 0.3143577284 -0.6957649500 -0.2448235130 -0.1925960025 0.2198591102 0.2174743781
0.3952038537 -0.1367263653 -0.3536682465 0.1896663659 0.9931659314 -0.2100541613 0.1257269976 0.1869135974 0.3098827757 -0.6932030392 -0.2630766356 -0.1707105721 0.2335909382 0.2312213416
0.4094484339 -0.1148619189 -0.3309352485 0.2042286693 0.9950176196 -0.1917553020 0.1405079959 0.2015142825 0.3051755799 -0.6906025034 -0.2812763244 -0.1487499295 0.2474886640 0.2451352583
