0.8653753397 0.8647709464 0.8705492790 0.8815553538 0.8457313438 0.8635201990 0.7118320297 0.8813643297 0.8323543467 -0.0802057596 -0.8564430139 0.8654045591 0.8851995732 0.8843972642
0.8326086581 0.8318375659 0.8389813482 0.8526247719 0.8083293360 0.8302910518 0.6798362605 0.8523880594 0.7918116733 -0.0972523591 -0.8215353232 0.8326212814 0.8571419487 0.8561480225
0.8001946250 0.7992509965 0.8077290100 0.8239643857 0.7713887832 0.7974153969 0.6481933256 0.8236828042 0.7518108130 -0.1141222938 -0.7870170658 0.8001815341 0.8293394089 0.8281574113
0.7681316680 0.7670098672 0.7767911109 0.7955731769 0.7349073816 0.7648918198 0.6169018314 0.7952475424 0.7123489243 -0.1308160393 -0.7528866473 0.7680839656 0.8017910000 0.8004244573
0.7364182146 0.7351128069 0.7461664972 0.7674501274 0.6988828274 0.7327189062 0.5859603846 0.7670812520 0.6734231656 -0.1473340712 -0.7191424732 0.7363272247 0.7744957677 0.7729481872
0.7050526923 0.7035584446 0.7158540156 0.7395942191 0.6633128170 0.7008952417 0.5553675916 0.7391829110 0.6350306956 -0.1636768652 -0.6857829490 0.7049099600 0.7474527582 0.7457276277
0.6740335288 0.6723454093 0.6858525122 0.7120044338 0.6281950466 0.6694194116 0.5251220588 0.7115514978 0.5971686728 -0.1798448969 -0.6528064801 0.6738308200 0.7206610173 0.7187618058
0.6433591516 0.6414723300 0.6561608337 0.6846797535 0.5935272123 0.6382900018 0.4952223929 0.6841859902 0.5598342556 -0.1958386422 -0.6202114722 0.6430884535 0.6941195911 0.6920497480
0.6130279883 0.6109378355 0.6267778263 0.6576191598 0.5593070106 0.6075055976 0.4656672003 0.6570853666 0.5230246027 -0.2116585765 -0.5879963307 0.6126815091 0.6678275255 0.6655904811
0.5830384663 0.5807405550 0.5977023367 0.6308216348 0.5255321375 0.5770647846 0.4364550874 0.6302486049 0.4867368725 -0.2273051756 -0.5561594612 0.5826086353 0.6417838665 0.6393830320
0.5533890133 0.5508791173 0.5689332111 0.6042861603 0.4922002894 0.5469661485 0.4075846609 0.6036746834 0.4509682236 -0.2427789151 -0.5246992691 0.5528684808 0.6159876600 0.6134264273
0.5240780568 0.5213521514 0.5404692960 0.5780117181 0.4593091625 0.5172082748 0.3790545273 0.5773625801 0.4157158145 -0.2580802707 -0.4936141600 0.5234596942 0.5904379520 0.5877196938
0.4951040244 0.4921582863 0.5123094378 0.5519972900 0.4268564530 0.4877897490 0.3508632929 0.5513112732 0.3809768037 -0.2732097181 -0.4629025394 0.4943809242 0.5651337885 0.5622618583
0.4664653437 0.4632961510 0.4844524830 0.5262418581 0.3948398573 0.4587091567 0.3230095644 0.5255197408 0.3467483498 -0.2881677330 -0.4325628127 0.4656308193 0.5400742155 0.5370519475
0.4381604421 0.4347643744 0.4568972781 0.5007444040 0.3632570714 0.4299650834 0.2954919482 0.4999869609 0.3130276112 -0.3029547909 -0.4025933856 0.4372080283 0.5152582789 0.5120889882
