0.8442413468 0.9533563618 0.9811127385 0.8751625350 0.9763025091 0.9237824987 0.9988450274 0.8762017728 0.9942426601 0.9945657697 -0.9867239648 0.9414607718 0.8637872020 0.8640703664
0.8378880386 0.9497320613 0.9789046587 0.8699357226 0.9740152771 0.9196007252 0.9993072946 0.8710003079 0.9953026863 0.9955678779 -0.9851812818 0.9374047759 0.8584298082 0.8587158165
0.8314229032 0.9459765579 0.9765778846 0.8646081256 0.9716202365 0.9153101490 0.9996538283 0.8656980678 0.9962582954 0.9964715239 -0.9835482382 0.9332194774 0.8529754444 0.8532641991
0.8248468473 0.9420903204 0.9741329219 0.8591801312 0.9691170658 0.9109109909 0.9998847047 0.8602954322 0.9971082860 0.9972754071 -0.9818239923 0.9289055078 0.8474244733 0.8477158776
0.8181607777 0.9380738175 0.9715702760 0.8536521271 0.9665054434 0.9064034719 1.0000000000 0.8547927807 0.9978514569 0.9979782273 -0.9800077025 0.9244634984 0.8417772579 0.8420712160
0.8113656011 0.9339275182 0.9688904525 0.8480245005 0.9637850478 0.9017878131 0.9999997903 0.8491904933 0.9984866069 0.9985786839 -0.9780985272 0.9198940805 0.8360341612 0.8363305776
0.8044622242 0.9296518913 0.9660939570 0.8422976389 0.9609555575 0.8970642355 0.9998841519 0.8434889495 0.9990125348 0.9990754766 -0.9760956249 0.9151978856 0.8301955459 0.8304943263
0.7974515538 0.9252474056 0.9631812950 0.8364719296 0.9580166510 0.8922329601 0.9996531608 0.8376885291 0.9994280393 0.9994673050 -0.9739981539 0.9103755451 0.8242617750 0.8245628257
0.7903344967 0.9207145299 0.9601529720 0.8305477602 0.9549680067 0.8872942078 0.9993068933 0.8317896119 0.9997319191 0.9997528686 -0.9718052727 0.9054276902 0.8182332114 0.8185364393
0.7831119595 0.9160537332 0.9570094936 0.8245255179 0.9518093031 0.8822481996 0.9988454256 0.8257925775 0.9999229731 0.9999308671 -0.9695161396 0.9003549525 0.8121102180 0.8124155310
0.7757848490 0.9112654843 0.9537513653 0.8184055903 0.9485402188 0.8770951567 0.9982688338 0.8196978057 1.0000000000 1.0000000000 -0.9671299131 0.8951579633 0.8058931577 0.8062004642
0.7683540719 0.9063502519 0.9503790928 0.8121883647 0.9451604321 0.8718352999 0.9975771940 0.8135056763 0.9999617986 0.9999589669 -0.9646457516 0.8898373539 0.7995823933 0.7998916028
0.7608205350 0.9013085050 0.9468931814 0.8058742285 0.9416696216 0.8664688502 0.9967705825 0.8072165690 0.9998071675 0.9998064675 -0.9620628134 0.8843937557 0.7931782879 0.7934893102
0.7531851451 0.8961407124 0.9432941369 0.7994635691 0.9380674657 0.8609960288 0.9958490755 0.8008308634 0.9995349057 0.9995412013 -0.9593802570 0.8788278001 0.7866812042 0.7869939502
0.7454488087 0.8908473429 0.9395824647 0.7929567740 0.9343536429 0.8554170564 0.9948127491 0.7943489394 0.9991438118 0.9991618678 -0.9565972407 0.8731401186 0.7800915052 0.7804058865
