-0.2045049800 -0.2789354719 -0.3844254221 -0.1304181457 0.0238690794 -0.0729038445 -0.3434930586 -0.1371387999 0.3002643112 0.9832729117 -0.5371934218 -0.2513418186 -0.1057915145 -0.1249391337
-0.2119082649 -0.2843496260 -0.3884814203 -0.1388759943 0.0189867253 -0.0800219178 -0.3458722055 -0.1455722011 0.2997393905 0.9796402449 -0.5300651850 -0.2564349684 -0.1150811765 -0.1341437840
-0.2194544892 -0.2898767055 -0.3926204338 -0.1474986592 0.0139438839 -0.0873031337 -0.3483269241 -0.1541690495 0.2990440371 0.9756758323 -0.5226686275 -0.2616430221 -0.1245470866 -0.1435206494
-0.2271374454 -0.2955114292 -0.3968379115 -0.1562793799 0.0087461648 -0.0947411636 -0.3508532595 -0.1629226065 0.2981826154 0.9713859669 -0.5150111712 -0.2669607772 -0.1341821085 -0.1530626617
-0.2349509260 -0.3012485161 -0.4011293024 -0.1652113958 0.0033991774 -0.1023296789 -0.3534472564 -0.1718261334 0.2971594901 0.9667769418 -0.5071002377 -0.2723830315 -0.1439791059 -0.1627627527
-0.2428887235 -0.3070826851 -0.4054900555 -0.1742879466 -0.0020914688 -0.1100623509 -0.3561049599 -0.1808728913 0.2959790257 0.9618550499 -0.4989432490 -0.2779045826 -0.1539309426 -0.1726138543
-0.2509446304 -0.3130086550 -0.4099156200 -0.1835022718 -0.0077201642 -0.1179328510 -0.3588224149 -0.1900561418 0.2946455867 0.9566265843 -0.4905476268 -0.2835202284 -0.1640304824 -0.1826088982
-0.2591124392 -0.3190211448 -0.4144014448 -0.1928476109 -0.0134812994 -0.1259348505 -0.3615956662 -0.1993691459 0.2931635378 0.9510978381 -0.4819207929 -0.2892247664 -0.1742705888 -0.1927408164
-0.2673859424 -0.3251148733 -0.4189429789 -0.2023172034 -0.0193692648 -0.1340620207 -0.3644207587 -0.2088051649 0.2915372435 0.9452751042 -0.4730701691 -0.2950129943 -0.1846441258 -0.2030025406
-0.2757589324 -0.3312845594 -0.4235356714 -0.2119042890 -0.0253784511 -0.1423080330 -0.3672937375 -0.2183574603 0.2897710683 0.9391646757 -0.4640031774 -0.3008797100 -0.1951439570 -0.2133870027
-0.2842252018 -0.3375249221 -0.4281749713 -0.2216021070 -0.0315032486 -0.1506665587 -0.3702106473 -0.2280192932 0.2878693768 0.9327728456 -0.4547272394 -0.3068197110 -0.2057629461 -0.2238871344
-0.2927785430 -0.3438306802 -0.4328563276 -0.2314038970 -0.0377380480 -0.1591312693 -0.3731675331 -0.2377839250 0.2858365336 0.9261059069 -0.4452497769 -0.3128277951 -0.2164939569 -0.2344958677
-0.3014127486 -0.3501965527 -0.4375751894 -0.2413028986 -0.0440772396 -0.1676958359 -0.3761604399 -0.2476446168 0.2836769031 0.9191701528 -0.4355782118 -0.3188987599 -0.2273298531 -0.2452061343
-0.3101216110 -0.3566172584 -0.4423270057 -0.2512923514 -0.0505152140 -0.1763539301 -0.3791854125 -0.2575946301 0.2813948501 0.9119718761 -0.4257199660 -0.3250274032 -0.2382634984 -0.2560108661
-0.3188989227 -0.3630875161 -0.4471072254 -0.2613654948 -0.0570463618 -0.1850992231 -0.3822384958 -0.2676272260 0.2789947390 0.9045173700 -0.4156824611 -0.3312085227 -0.2492877566 -0.2669029948
