0.0480104981 -0.1026493715 -0.1465081528 0.0061543299 0.3341164285 -0.1187845656 -0.2751385379 0.0050407684 0.8239523162 -0.9384890059 0.3207291527 -0.1148270004 0.0198741663 0.0084300840
0.0505956167 -0.0989401225 -0.1436807018 0.0083579459 0.3380303195 -0.1149848446 -0.2703054103 0.0072233806 0.8319131662 -0.9340803640 0.3128026928 -0.1112010828 0.0220639049 0.0105323103
0.0533832769 -0.0949775807 -0.1405995245 0.0107699738 0.3420914565 -0.1109267505 -0.2651628204 0.0096144323 0.8397243459 -0.9295250324 0.3045187576 -0.1073198365 0.0244584835 0.0128411808
0.0563666148 -0.0907696829 -0.1372722372 0.0133836146 0.3462931997 -0.1066183190 -0.2597198476 0.0122071318 0.8473832598 -0.9248235962 0.2958881913 -0.1031911937 0.0270511545 0.0153499568
0.0595387662 -0.0863243656 -0.1337064561 0.0161920694 0.3506289092 -0.1020675862 -0.2539855709 0.0149946873 0.8548873124 -0.9199766402 0.2869218384 -0.0988230865 0.0298351699 0.0180518997
0.0628928668 -0.0816495656 -0.1299097973 0.0191885389 0.3550919452 -0.0972825879 -0.2479690697 0.0179703074 0.8622339083 -0.9149847495 0.2776305434 -0.0942234472 0.0328037823 0.0209402706
0.0664220526 -0.0767532195 -0.1258898771 0.0223662242 0.3596756677 -0.0922713598 -0.2416794231 0.0211272003 0.8694204519 -0.9098485089 0.2680251507 -0.0894002079 0.0359502438 0.0240083311
0.0701194594 -0.0716432639 -0.1216543116 0.0257183262 0.3643734370 -0.0870419380 -0.2351257103 0.0244585744 0.8764443477 -0.9045685036 0.2581165048 -0.0843613009 0.0392678069 0.0272493422
0.0739782230 -0.0663276356 -0.1172107172 0.0292380459 0.3691786132 -0.0816023583 -0.2283170105 0.0279576381 0.8833030003 -0.8991453184 0.2479154500 -0.0791146583 0.0427497237 0.0306565655
0.0779914792 -0.0608142712 -0.1125667099 0.0329185841 0.3740845563 -0.0759606565 -0.2212624029 0.0316175996 0.8899938141 -0.8935795383 0.2374328309 -0.0736682124 0.0463892465 0.0342232621
0.0821523640 -0.0551111073 -0.1077299060 0.0367531418 0.3790846266 -0.0701248685 -0.2139709668 0.0354316674 0.8965141937 -0.8878717483 0.2266794919 -0.0680298953 0.0501796278 0.0379426933
0.0864540131 -0.0492260807 -0.1027079217 0.0407349200 0.3841721842 -0.0641030302 -0.2064517813 0.0393930497 0.9028615435 -0.8820225333 0.2156662774 -0.0622076393 0.0541141198 0.0418081206
0.0908895625 -0.0431671280 -0.0975083731 0.0448571196 0.3893405893 -0.0579031774 -0.1987139256 0.0434949550 0.9090332681 -0.8760324784 0.2044040319 -0.0562093766 0.0581859747 0.0458128052
0.0954521478 -0.0369421858 -0.0921388766 0.0491129415 0.3945832019 -0.0515333461 -0.1907664789 0.0477305917 0.9150267720 -0.8699021684 0.1929035998 -0.0500430393 0.0623884449 0.0499500084
0.1001349051 -0.0305591908 -0.0866070483 0.0534955867 0.3998933823 -0.0450015720 -0.1826185205 0.0520931679 0.9208394596 -0.8636321885 0.1811758256 -0.0437165596 0.0667147827 0.0542129915
