0.0676933231 -0.0631713750 -0.0567822870 -0.0444108666 -0.4075674676 -0.0565812989 -0.1644264411 -0.0466827874 -0.4326544669 -0.2217272311 0.3059672477 -0.0587811812 -0.0046864496 -0.0106524029
0.0842453495 -0.0431421056 -0.0366164543 -0.0250737958 -0.3824878163 -0.0367710466 -0.1421995943 -0.0272949006 -0.4069385775 -0.1975803257 0.2810069279 -0.0389302855 0.0137518441 0.0078956320
0.1012306409 -0.0226726837 -0.0160254219 -0.0052883171 -0.3567542232 -0.0165188934 -0.1195037470 -0.0074580306 -0.3805641014 -0.1729803711 0.2555208486 -0.0186365234 0.0326289755 0.0268851463
0.1186532291 -0.0017593839 0.0049943447 0.0149494690 -0.3303610133 0.0041789310 -0.0963350798 0.0128317234 -0.3535255626 -0.1479239489 0.2295048554 0.0021038823 0.0519488319 0.0463200460
0.1365171459 0.0196015194 0.0264463802 0.0356434621 -0.3033025115 0.0253261970 -0.0726897728 0.0335782618 -0.3258174852 -0.1224076405 0.2029547940 0.0232947090 0.0717153005 0.0662042371
0.1548264232 0.0414137515 0.0483342190 0.0567975618 -0.2755730428 0.0469266750 -0.0485640065 0.0547854855 -0.2974343934 -0.0964280277 0.1758665099 0.0449397337 0.0919322684 0.0865416257
0.1735850926 0.0636810380 0.0706613957 0.0784156676 -0.2471669322 0.0689841355 -0.0239539611 0.0764572951 -0.2683708112 -0.0699816921 0.1482358488 0.0670427337 0.1126036229 0.1073361178
0.1927971862 0.0864071043 0.0934314448 0.1005016791 -0.2180785045 0.0915023488 0.0011441831 0.0985975912 -0.2386212627 -0.0430652152 0.1200586563 0.0896074862 0.1337332513 0.1285916193
0.2124667356 0.1095956758 0.1166479010 0.1230594959 -0.1883020848 0.1144850854 0.0267342456 0.1212102745 -0.2081802721 -0.0156751787 0.0913307779 0.1126377686 0.1553250407 0.1503120364
0.2325977727 0.1332504781 0.1403142988 0.1460930175 -0.1578319979 0.1379361155 0.0528200462 0.1442992456 -0.1770423633 0.0121918359 0.0620480594 0.1361373578 0.1773828783 0.1725012751
0.2531943293 0.1573752366 0.1644341727 0.1696061435 -0.1266625689 0.1618592098 0.0794054046 0.1678684053 -0.1452020606 0.0405392468 0.0322063463 0.1601100313 0.1999106513 0.1951632414
0.2742604373 0.1819736767 0.1890110572 0.1936027734 -0.0947881226 0.1862581384 0.1064941404 0.1919216542 -0.1126538880 0.0693704726 0.0018014842 0.1845595662 0.2229122471 0.2183018414
0.2958001284 0.2070495239 0.2140484870 0.2180868069 -0.0622029840 0.2111366719 0.1340900733 0.2164628929 -0.0793923695 0.0986889316 -0.0291706813 0.2094897397 0.2463915527 0.2419209810
0.3178174345 0.2326065038 0.2395499965 0.2430621434 -0.0289014781 0.2364985806 0.1621970229 0.2414960222 -0.0454120294 0.1284980422 -0.0607143045 0.2349043291 0.2703524554 0.2660245662
0.3403163873 0.2586483417 0.2655191204 0.2685326825 0.0051220701 0.2623476349 0.1908188090 0.2670249426 -0.0107073916 0.1588012227 -0.0928335399 0.2608071115 0.2947988423 0.2906165033
