-0.8682751114 -0.8013328472 -0.8155071146 -0.9642671270 -0.7995392736 -0.8813485075 -0.7416310597 -0.9634155399 -0.7475697938 -0.9126848135 0.9045970509 -0.8109402818 -0.9790127039 -0.9739669474
-0.8582124842 -0.7881507589 -0.8030395545 -0.9595708641 -0.7855918029 -0.8720721212 -0.7248434900 -0.9586440217 -0.7307787816 -0.9047368562 0.8959877801 -0.7979582725 -0.9756028615 -0.9702193118
-0.8477939048 -0.7745584421 -0.7901794299 -0.9545939793 -0.7711764933 -0.8624636874 -0.7075213139 -0.9535890454 -0.7134368212 -0.8964534184 0.8870136622 -0.7845546231 -0.9719459077 -0.9662314580
-0.8370208886 -0.7605571145 -0.7769281505 -0.9493379966 -0.7562934573 -0.8525250333 -0.6896639596 -0.9482520933 -0.6955429633 -0.8878358158 0.8776755343 -0.7707302246 -0.9680437184 -0.9620055482
-0.8258949510 -0.7461479936 -0.7632871256 -0.9438044402 -0.7409428075 -0.8422579863 -0.6712708553 -0.9426346476 -0.6770962585 -0.8788853644 0.8679742339 -0.7564859678 -0.9638981693 -0.9575437451
-0.8144176071 -0.7313322970 -0.7492577650 -0.9379948344 -0.7251246563 -0.8316643734 -0.6523414296 -0.9367381906 -0.6580957576 -0.8696033800 0.8579105982 -0.7418227440 -0.9595111364 -0.9528482107
-0.8025903725 -0.7161112423 -0.7348414782 -0.9319107032 -0.7088391164 -0.8207460219 -0.6328751106 -0.9305642046 -0.6385405114 -0.8599911785 0.8474854646 -0.7267414439 -0.9548844955 -0.9479211077
-0.7904147623 -0.7004860472 -0.7200396747 -0.9255535708 -0.6920863004 -0.8095047590 -0.6128713266 -0.9241141718 -0.6184295706 -0.8500500757 0.8366996702 -0.7112429588 -0.9500201225 -0.9427645982
-0.7778922920 -0.6844579291 -0.7048537641 -0.9189249615 -0.6748663207 -0.7979424119 -0.5923295061 -0.9173895745 -0.5977619859 -0.8397813875 0.8255540524 -0.6953281795 -0.9449198933 -0.9373808448
-0.7650244768 -0.6680281057 -0.6892851559 -0.9120263993 -0.6571792901 -0.7860608078 -0.5712490773 -0.9103918950 -0.5765368081 -0.8291864297 0.8140494485 -0.6789979970 -0.9395856836 -0.9317720097
-0.7518128321 -0.6511977946 -0.6733352598 -0.9048594084 -0.6390253209 -0.7738617738 -0.5496294684 -0.9031226156 -0.5547530879 -0.8182665182 0.8021866958 -0.6622533025 -0.9340193694 -0.9259402554
-0.7382588732 -0.6339682134 -0.6570054853 -0.8974255130 -0.6204045258 -0.7613471373 -0.5274701079 -0.8955832184 -0.5324098761 -0.8070229688 0.7899666315 -0.6450949868 -0.9282228265 -0.9198877442
-0.7243641155 -0.6163405796 -0.6402972419 -0.8897262373 -0.6013170174 -0.7485187253 -0.5047704241 -0.8877751858 -0.5095062233 -0.7954570975 0.7773900930 -0.6275239411 -0.9221979307 -0.9136166386
-0.7101300742 -0.5983161109 -0.6232119393 -0.8817631053 -0.5817629082 -0.7353783651 -0.4815298452 -0.8797000000 -0.4860411803 -0.7835702200 0.7644579175 -0.6095410562 -0.9159465580 -0.9071291008
-0.6955582647 -0.5798960249 -0.6057509869 -0.8735376414 -0.5617423108 -0.7219278839 -0.4577477997 -0.8713591433 -0.4620137979 -0.7713636522 0.7511709424 -0.5911472232 -0.9094705842 -0.9004272932
