-0.9789210873 -0.9825985747 -0.9747270780 -0.9529716633 -0.9989075261 -0.9839926402 -0.9956655407 -0.9521163586 -0.9883770061 -0.9988243864 0.9944968616 -0.9817004708 -0.9497923643 -0.9490015662
-0.9764580359 -0.9802976705 -0.9719250292 -0.9491867428 -0.9983198128 -0.9817878695 -0.9946910679 -0.9482922285 -0.9897795552 -0.9984976559 0.9934741662 -0.9793473170 -0.9458830321 -0.9450566882
-0.9738676380 -0.9778606721 -0.9689838307 -0.9452690777 -0.9976082307 -0.9794473156 -0.9936201485 -0.9443350976 -0.9910902581 -0.9981308018 0.9923664193 -0.9768589357 -0.9418416113 -0.9409794396
-0.9711512445 -0.9752887279 -0.9659046839 -0.9412202011 -0.9967737643 -0.9769721111 -0.9924533624 -0.9402465026 -0.9923094787 -0.9977237722 0.9911740864 -0.9742365036 -0.9376696733 -0.9367713942
-0.9683102061 -0.9725829861 -0.9626887898 -0.9370416462 -0.9958173982 -0.9743633887 -0.9911912896 -0.9360279801 -0.9934375808 -0.9972765153 0.9898976328 -0.9714811970 -0.9333687899 -0.9324341255
-0.9653458738 -0.9697445951 -0.9593373498 -0.9327349463 -0.9947401170 -0.9716222811 -0.9898345100 -0.9316810668 -0.9944749282 -0.9967889792 0.9885375240 -0.9685941925 -0.9289405326 -0.9279692074
-0.9622595983 -0.9667747031 -0.9558515650 -0.9283016345 -0.9935429053 -0.9687499208 -0.9883836037 -0.9272072994 -0.9954218848 -0.9962611121 0.9870942253 -0.9655766665 -0.9243864729 -0.9233782135
-0.9590527306 -0.9636744584 -0.9522326366 -0.9237432441 -0.9922267475 -0.9657474407 -0.9868391506 -0.9226082144 -0.9962788144 -0.9956928621 0.9855682024 -0.9624297956 -0.9197081824 -0.9186627175
-0.9557266213 -0.9604450093 -0.9484817658 -0.9190613083 -0.9907926284 -0.9626159733 -0.9852017307 -0.9178853484 -0.9970460808 -0.9950841774 0.9839599204 -0.9591547561 -0.9149072328 -0.9138242930
-0.9522826213 -0.9570875041 -0.9446001538 -0.9142573603 -0.9892415324 -0.9593566514 -0.9834719240 -0.9130402382 -0.9977240480 -0.9944350062 0.9822698450 -0.9557527246 -0.9099851955 -0.9088645139
-0.9487220815 -0.9536030911 -0.9405890019 -0.9093329333 -0.9875744441 -0.9559706075 -0.9816503104 -0.9080744204 -0.9983130797 -0.9937452966 0.9804984414 -0.9522248776 -0.9049436423 -0.9037849538
-0.9450463527 -0.9499929187 -0.9364495112 -0.9042895606 -0.9857923481 -0.9524589744 -0.9797374699 -0.9029894316 -0.9988135397 -0.9930149968 0.9786461752 -0.9485723915 -0.8997841445 -0.8985871864
-0.9412567857 -0.9462581350 -0.9321828830 -0.8991287752 -0.9838962289 -0.9488228846 -0.9777339825 -0.8977868084 -0.9992257920 -0.9922440549 0.9767135117 -0.9447964428 -0.8945082739 -0.8932727855
-0.9373547314 -0.9423998884 -0.9277903184 -0.8938521105 -0.9818870711 -0.9450634710 -0.9756404281 -0.8924680875 -0.9995502003 -0.9914324191 0.9747009165 -0.9408982080 -0.8891176019 -0.8878433246
-0.9333415405 -0.9384193271 -0.9232730187 -0.8884610997 -0.9797658593 -0.9411818661 -0.9734573868 -0.8870348055 -0.9997871285 -0.9905800375 0.9726088548 -0.9368788636 -0.8836137003 -0.8823003775
