-0.4439659762 -0.4657597336 -0.4438266609 -0.4470013261 -0.4930984387 -0.4728869197 -0.1722279509 -0.4480317147 0.0437155446 -0.4160423042 0.6062012378 -0.4561867126 -0.4423849350 -0.4431297838
-0.4751654448 -0.4949789530 -0.4706418076 -0.4784304241 -0.5183720786 -0.5022494677 -0.1903378706 -0.4793971592 0.0441713731 -0.4259703997 0.6280922066 -0.4859554966 -0.4741741331 -0.4748709815
-0.5076068124 -0.5254993331 -0.4987131889 -0.5110374051 -0.5448383707 -0.5328194651 -0.2095364844 -0.5119390031 0.0440311806 -0.4366453437 0.6508894230 -0.5170452047 -0.5071371490 -0.5077852085
-0.5413071906 -0.5573394608 -0.5280590728 -0.5448382140 -0.5725148457 -0.5646138334 -0.2298405861 -0.5456731797 0.0432832486 -0.4480799192 0.6746062297 -0.5494746451 -0.5412897761 -0.5418882554
-0.5762836913 -0.5905179227 -0.5586977271 -0.5798487957 -0.6014190344 -0.5976494946 -0.2512669693 -0.5806156223 0.0419158586 -0.4602869088 0.6992559690 -0.5832626262 -0.5766478083 -0.5771959128
-0.6125534260 -0.6250533056 -0.5906474199 -0.6160850952 -0.6315684676 -0.6319433704 -0.2738324276 -0.6167822642 0.0399172921 -0.4732790956 0.7248519835 -0.6184279562 -0.6132270390 -0.6137239713
-0.6501335065 -0.6609641961 -0.6239264190 -0.6535630574 -0.6629806762 -0.6675123826 -0.2975537548 -0.6541890387 0.0372758306 -0.4870692624 0.7514076155 -0.6549894435 -0.6510432619 -0.6514882215
-0.6890410444 -0.6982691810 -0.6585529923 -0.6922986271 -0.6956731909 -0.7043734528 -0.3224477445 -0.6928518790 0.0339797557 -0.5016701920 0.7789362075 -0.6929658963 -0.6901122706 -0.6905044542
-0.7292931514 -0.7369868469 -0.6945454079 -0.7323077494 -0.7296635425 -0.7425435029 -0.3485311904 -0.7327867184 0.0300173488 -0.5170946674 0.8074511021 -0.7323761230 -0.7304498588 -0.7307884598
-0.7709069393 -0.7771357806 -0.7319219337 -0.7736063690 -0.7649692617 -0.7820394547 -0.3758208861 -0.7740094902 0.0253768915 -0.5333554713 0.8369656416 -0.7732389320 -0.7720718201 -0.7723560289
-0.8138995197 -0.8187345687 -0.7707008375 -0.8162104309 -0.8016078795 -0.8228782299 -0.4043336254 -0.8165361277 0.0200466652 -0.5504653866 0.8674931686 -0.8155731314 -0.8149939482 -0.8152229523
-0.8582880043 -0.8618017980 -0.8109003873 -0.8601358801 -0.8395969266 -0.8650767502 -0.4340862019 -0.8603825641 0.0140149514 -0.5684371963 0.8990470254 -0.8593975296 -0.8592320365 -0.8594050205
-0.9040895047 -0.9063560552 -0.8525388511 -0.9053986614 -0.8789539337 -0.9086519375 -0.4650954092 -0.9055647328 0.0072700317 -0.5872836831 0.9316405546 -0.9047309349 -0.9048018789 -0.9049180241
-0.9513211327 -0.9524159270 -0.8956344968 -0.9520147197 -0.9196964317 -0.9536207135 -0.4973780411 -0.9520985670 -0.0001998124 -0.6070176300 0.9652870987 -0.9515921556 -0.9517192688 -0.9517777537
-1.0000000000 -1.0000000000 -0.9402055924 -1.0000000000 -0.9618419513 -1.0000000000 -0.5309508912 -1.0000000000 -0.0084062994 -0.6276518197 1.0000000000 -1.0000000000 -1.0000000000 -1.0000000000
