-0.9816162462 -0.6395370445 -0.6329726095 -0.7588338076 -0.2081935484 -0.6695835319 -0.5329946095 -0.7610925157 0.1449269308 -0.4204024191 0.2963790330 -0.6807944886 -0.7645493090 -0.7729555771
-0.9794865478 -0.6381122040 -0.6317374967 -0.7574769844 -0.2133784136 -0.6679916703 -0.5325753401 -0.7597461487 0.1366720272 -0.4192927056 0.2970939656 -0.6792316764 -0.7629735129 -0.7711764399
-0.9772313935 -0.6365865694 -0.6304008964 -0.7560090823 -0.2184550509 -0.6662976228 -0.5320575216 -0.7582884484 0.1284920775 -0.4180982256 0.2977224880 -0.6775655644 -0.7612875915 -0.7692878074
-0.9748494658 -0.6349588713 -0.6289615080 -0.7544287486 -0.2234212171 -0.6645001333 -0.5314397606 -0.7567180589 0.1203893855 -0.4168177810 0.2982631359 -0.6757948843 -0.7594902297 -0.7672883973
-0.9723394469 -0.6332278404 -0.6274180306 -0.7527346309 -0.2282746689 -0.6625979457 -0.5307206639 -0.7550336244 0.1123662548 -0.4154501735 0.2987144453 -0.6739183682 -0.7575801121 -0.7651769270
-0.9697000192 -0.6313922074 -0.6257691637 -0.7509253766 -0.2330131632 -0.6605898041 -0.5298988382 -0.7532337890 0.1044249889 -0.4139942049 0.2990749518 -0.6719347479 -0.7555559236 -0.7629521143
-0.9669298650 -0.6294507030 -0.6240136065 -0.7489996331 -0.2376344568 -0.6584744524 -0.5289728903 -0.7513171970 0.0965678915 -0.4124486769 0.2993431915 -0.6698427554 -0.7534163490 -0.7606126767
-0.9640276667 -0.6274020579 -0.6221500583 -0.7469560479 -0.2421363064 -0.6562506347 -0.5279414269 -0.7492824924 0.0887972662 -0.4108123913 0.2995177000 -0.6676411226 -0.7511600731 -0.7581573320
-0.9609921066 -0.6252450027 -0.6201772184 -0.7447932685 -0.2465164689 -0.6539170947 -0.5268030547 -0.7471283195 0.0811154166 -0.4090841498 0.2995970134 -0.6653285815 -0.7487857806 -0.7555847976
-0.9578218670 -0.6229782682 -0.6180937861 -0.7425099422 -0.2507727011 -0.6514725766 -0.5255563806 -0.7448533224 0.0735246463 -0.4072627543 0.2995796673 -0.6629038640 -0.7462921563 -0.7528937913
-0.9545156304 -0.6206005850 -0.6158984607 -0.7401047166 -0.2549027597 -0.6489158243 -0.5242000111 -0.7424561453 0.0660272589 -0.4053470064 0.2994641977 -0.6603657020 -0.7436778850 -0.7500830306
-0.9510720789 -0.6181106839 -0.6135899414 -0.7375762390 -0.2589044016 -0.6462455817 -0.5227325531 -0.7399354323 0.0586255581 -0.4033357079 0.2992491404 -0.6577128274 -0.7409416515 -0.7471512332
-0.9474898951 -0.6155072954 -0.6111669276 -0.7349231569 -0.2627753835 -0.6434605929 -0.5211526134 -0.7372898276 0.0513218474 -0.4012276606 0.2989330312 -0.6549439722 -0.7380821405 -0.7440971168
-0.9437677612 -0.6127891504 -0.6086281185 -0.7321441179 -0.2665134623 -0.6405596018 -0.5194587985 -0.7345179754 0.0441184305 -0.3990216663 0.2985144059 -0.6520578684 -0.7350980370 -0.7409193988
-0.9399043595 -0.6099549795 -0.6059722135 -0.7292377692 -0.2701163947 -0.6375413523 -0.5176497154 -0.7316185198 0.0370176109 -0.3967165267 0.2979918005 -0.6490532477 -0.7319880255 -0.7376167970
