-0.5250338903 -0.5644557942 -0.6657831731 -0.8078785704 -0.2274341165 -0.5362405678 -0.4889200826 -0.8068945479 0.5572629580 -0.7881694210 0.6471029231 -0.5621347889 -0.7642169393 -0.7677863542
-0.5209942394 -0.5569815363 -0.6588791931 -0.8041542215 -0.2194996533 -0.5283255779 -0.4797874412 -0.8031475260 0.5682537076 -0.7829481593 0.6399015741 -0.5547145526 -0.7609032518 -0.7643902165
-0.5169825867 -0.5494898911 -0.6519359507 -0.8004320950 -0.2116352360 -0.5203901151 -0.4706020700 -0.7994024242 0.5791538179 -0.7776506402 0.6326341710 -0.5472793785 -0.7575963668 -0.7610010597
-0.5130004446 -0.5419821847 -0.6449544778 -0.7967134722 -0.2038431993 -0.5124355010 -0.4613647614 -0.7956605219 0.5899613208 -0.7722764333 0.6253009177 -0.5398306172 -0.7542975588 -0.7576201715
-0.5090493255 -0.5344597433 -0.6379358066 -0.7929996344 -0.1961258779 -0.5044630574 -0.4520763079 -0.7919230988 0.6006742485 -0.7668251081 0.6179020178 -0.5323696190 -0.7510081025 -0.7542488394
-0.5051307418 -0.5269238931 -0.6308809693 -0.7892918631 -0.1884856067 -0.4964741057 -0.4427375017 -0.7881914343 0.6112906332 -0.7612962342 0.6104376749 -0.5248977345 -0.7477292722 -0.7508883508
-0.5012462057 -0.5193759602 -0.6237909981 -0.7855914396 -0.1809247203 -0.4884699677 -0.4333491354 -0.7844668079 0.6218085069 -0.7556893813 0.6029080926 -0.5174163140 -0.7444623426 -0.7475399932
-0.4973972297 -0.5118172708 -0.6166669249 -0.7818996452 -0.1734455534 -0.4804519651 -0.4239120011 -0.7807504990 0.6322259019 -0.7500041189 0.5953134747 -0.5099267081 -0.7412085883 -0.7442050542
-0.4935853260 -0.5042491512 -0.6095097821 -0.7782177612 -0.1660504408 -0.4724214196 -0.4144268914 -0.7770437872 0.6425408503 -0.7442400166 0.5876540248 -0.5024302672 -0.7379692839 -0.7408848212
-0.4898120071 -0.4966729273 -0.6023206017 -0.7745470690 -0.1587417172 -0.4643796526 -0.4048945986 -0.7733479521 0.6527513841 -0.7383966441 0.5799299466 -0.4949283417 -0.7347457037 -0.7375805818
-0.4860787852 -0.4890899255 -0.5951004158 -0.7708888500 -0.1515217173 -0.4563279860 -0.3953159150 -0.7696642729 0.6628555355 -0.7324735709 0.5721414436 -0.4874222821 -0.7315391225 -0.7342936235
-0.4823871727 -0.4815014719 -0.5878502567 -0.7672443854 -0.1443927759 -0.4482677414 -0.3856916331 -0.7659940294 0.6728513366 -0.7264703666 0.5642887197 -0.4799134390 -0.7283508148 -0.7310252337
-0.4787386819 -0.4739088926 -0.5805711564 -0.7636149567 -0.1373572276 -0.4402002403 -0.3760225451 -0.7623385010 0.6827368197 -0.7203866008 0.5563719784 -0.4724031626 -0.7251820552 -0.7277767001
-0.4751348253 -0.4663135139 -0.5732641471 -0.7600018451 -0.1304174073 -0.4321268046 -0.3663094436 -0.7586989671 0.6925100167 -0.7142218431 0.5483914234 -0.4648928036 -0.7220341181 -0.7245493100
-0.4715771152 -0.4587166618 -0.5659302609 -0.7564063320 -0.1235756497 -0.4240487558 -0.3565531209 -0.7550767072 0.7021689598 -0.7079756631 0.5403472583 -0.4573837123 -0.7189082782 -0.7213443510
