-0.5439479898 0.0558003804 0.1361916640 -0.5928884756 0.4014521858 0.1911066745 0.3614057267 -0.5878848953 0.6005633128 0.5155440446 -0.3153787710 -0.0052029641 -0.6481626608 -0.6387022208
-0.5141836391 0.0945527028 0.1789783688 -0.5655139489 0.4336599678 0.2320311288 0.3970923669 -0.5602913861 0.6232004365 0.5439083069 -0.3496633846 0.0309677429 -0.6232119289 -0.6133487869
-0.4833576588 0.1344641205 0.2229950877 -0.5371384279 0.4668296316 0.2741375848 0.4337241317 -0.5316926214 0.6463847097 0.5728145392 -0.3849690405 0.0682536594 -0.5973054393 -0.5870330219
-0.4514594450 0.1755458309 0.2682535232 -0.5077519443 0.5009707232 0.3174373588 0.4713099365 -0.5020785969 0.6701214714 0.6022673245 -0.4213057759 0.1066656746 -0.5704335841 -0.5597452745
-0.4184783936 0.2178090317 0.3147653778 -0.4773445295 0.5360927883 0.3619417672 0.5098586970 -0.4714393084 0.6944160601 0.6322712454 -0.4586836280 0.1462146775 -0.5425867555 -0.5314758935
-0.3844039009 0.2612649203 0.3625423543 -0.4459062150 0.5722053727 0.4076621265 0.5493793287 -0.4397647517 0.7192738146 0.6628308847 -0.4971126338 0.1869115570 -0.5137553456 -0.5022152275
-0.3492253628 0.3059246943 0.4115961551 -0.4134270322 0.6093180225 0.4546097532 0.5898807474 -0.4070449226 0.7447000737 0.6939508253 -0.5366028307 0.2287672024 -0.4839297465 -0.4719536252
-0.3129321756 0.3517995513 0.4619384829 -0.3798970128 0.6474402833 0.5027959636 0.6313718685 -0.3732698168 0.7707001760 0.7256356497 -0.5771642558 0.2717925025 -0.4531003504 -0.4406814354
-0.2755137351 0.3989006886 0.5135810403 -0.3453061880 0.6865817011 0.5522320743 0.6738616078 -0.3384294302 0.7972794604 0.7578899409 -0.6188069462 0.3159983465 -0.4212575495 -0.4083890066
-0.2369594376 0.4472393039 0.5665355299 -0.3096445895 0.7267518216 0.6029294016 0.7173588807 -0.3025137584 0.8244432655 0.7907182816 -0.6615409392 0.3613956234 -0.3883917358 -0.3750666877
-0.1972586791 0.4968265948 0.6208136542 -0.2729022487 0.7679601908 0.6548992620 0.7618726030 -0.2655127974 0.8521969300 0.8241252546 -0.7053762720 0.4079952223 -0.3544933016 -0.3407048272
-0.1564008557 0.5476737586 0.6764271158 -0.2350691971 0.8102163546 0.7081529719 0.8074116902 -0.2274165427 0.8805457927 0.8581154426 -0.7503229817 0.4558080321 -0.3195526389 -0.3052937740
-0.1143753634 0.5997919930 0.7333876174 -0.1961354662 0.8535298586 0.7627018478 0.8539850578 -0.1882149903 0.9094951923 0.8926934283 -0.7963911055 0.5048449420 -0.2835601400 -0.2688238766
-0.0711715984 0.6531924955 0.7917068614 -0.1560910875 0.8979102489 0.8185572061 0.9016016216 -0.1478981359 0.9390504676 0.9278637946 -0.8435906807 0.5551168410 -0.2465061968 -0.2312854838
-0.0267789567 0.7078864635 0.8513965506 -0.1149260924 0.9433670712 0.8757303632 0.9502702972 -0.1064559753 0.9692169573 0.9636311243 -0.8919317442 0.6066346180 -0.2083812017 -0.1926689443
