-0.2336361469 -0.5059196824 -0.5200981206 -0.1419751634 0.8173596722 -0.5260785277 -0.5123410454 -0.1431668437 0.4976506420 -0.4991582146 0.2144046725 -0.4903030564 -0.1138258822 -0.1070999431
-0.2391712248 -0.5093624095 -0.5242610879 -0.1501036933 0.8257068319 -0.5292037915 -0.5127056379 -0.1512855414 0.5079202629 -0.4971725848 0.2130994750 -0.4938065460 -0.1223680451 -0.1157642232
-0.2447917072 -0.5128830720 -0.5284816311 -0.1582771309 0.8338381745 -0.5324101186 -0.5131520392 -0.1594491327 0.5180926364 -0.4952377282 0.2119083221 -0.4973899058 -0.1309513252 -0.1244681863
-0.2504957151 -0.5164799694 -0.5327582160 -0.1664938660 0.8417551521 -0.5356957939 -0.5136787724 -0.1676560078 0.5281674796 -0.4933527354 0.2108296123 -0.5010514134 -0.1395741287 -0.1332102468
-0.2562813696 -0.5201514016 -0.5370893084 -0.1747522882 0.8494592167 -0.5390591022 -0.5142843607 -0.1759045569 0.5381445096 -0.4915166968 0.2098617442 -0.5047893460 -0.1482348621 -0.1419888188
-0.2621467918 -0.5238956682 -0.5414733742 -0.1830507870 0.8569518202 -0.5424983284 -0.5149673271 -0.1841931704 0.5480234434 -0.4897287029 0.2090031162 -0.5086019810 -0.1569319314 -0.1508023168
-0.2680901030 -0.5277110689 -0.5459088791 -0.1913877521 0.8642344148 -0.5460117575 -0.5157261948 -0.1925202384 0.5578039981 -0.4879878441 0.2082521269 -0.5124875958 -0.1656637431 -0.1596491550
-0.2741094241 -0.5315959034 -0.5503942889 -0.1997615731 0.8713084524 -0.5495976743 -0.5165594870 -0.2008841512 0.5674858908 -0.4862932110 0.2076071748 -0.5164444676 -0.1744287034 -0.1685277477
-0.2802028763 -0.5355484715 -0.5549280694 -0.2081706396 0.8781753850 -0.5532543637 -0.5174657266 -0.2092832990 0.5770688385 -0.4846438940 0.2070666583 -0.5204708739 -0.1832252185 -0.1774365093
-0.2863685807 -0.5395670729 -0.5595086865 -0.2166133412 0.8848366648 -0.5569801105 -0.5184434370 -0.2177160722 0.5865525582 -0.4830389836 0.2066289761 -0.5245650919 -0.1920516949 -0.1863738539
-0.2926046584 -0.5436500073 -0.5641346058 -0.2250880676 0.8912937436 -0.5607731998 -0.5194911412 -0.2261808608 0.5959367670 -0.4814775702 0.2062925266 -0.5287253991 -0.2009065386 -0.1953381959
-0.2989092305 -0.5477955743 -0.5688042934 -0.2335932083 0.8975480735 -0.5646319163 -0.5206073623 -0.2346760552 0.6052211821 -0.4799587444 0.2060557083 -0.5329500728 -0.2097881562 -0.2043279497
-0.3052804182 -0.5520020738 -0.5735162148 -0.2421271530 0.9036011065 -0.5685545450 -0.5217906236 -0.2432000456 0.6144055203 -0.4784815966 0.2059169198 -0.5372373903 -0.2186949537 -0.2133415294
-0.3117163425 -0.5562678054 -0.5782688360 -0.2506882912 0.9094542947 -0.5725393707 -0.5230394480 -0.2517512222 0.6234894989 -0.4770452172 0.2058745595 -0.5415856290 -0.2276253375 -0.2223773494
-0.3182151246 -0.5605910688 -0.5830606227 -0.2592750126 0.9151090901 -0.5765846783 -0.5243523587 -0.2603279753 0.6324728347 -0.4756486968 0.2059270260 -0.5459930662 -0.2365777140 -0.2314338241
