0.2707747615 0.1706643125 0.1470078539 0.2446829844 -0.1824556240 0.2295535760 -0.3588479221 0.2474742898 -0.5792524977 -0.4680362780 0.1207651954 0.1923107246 0.2595558388 0.2516768537
0.2651340064 0.1654329451 0.1450123682 0.2396612196 -0.2027274391 0.2209019011 -0.3623092724 0.2424627204 -0.5915754177 -0.4891586820 0.1398252003 0.1870010595 0.2543320299 0.2466809479
0.2588739170 0.1596371330 0.1423826380 0.2340209186 -0.2229541163 0.2117373273 -0.3660343165 0.2368305145 -0.6029713388 -0.5100265902 0.1589035217 0.1811148115 0.2484852538 0.2410612353
0.2519800533 0.1532632775 0.1391021981 0.2277473606 -0.2431289959 0.2020488659 -0.3700318170 0.2305629067 -0.6134130213 -0.5306281326 0.1779960213 0.1746381903 0.2420008025 0.2348028830
0.2444379755 0.1462977802 0.1351545829 0.2208258245 -0.2632454188 0.1918255284 -0.3743105366 0.2236451315 -0.6228732255 -0.5509514389 0.1970985606 0.1675574053 0.2348639681 0.2278910581
0.2362332436 0.1387270423 0.1305233273 0.2132415895 -0.2832967255 0.1810563264 -0.3788792378 0.2160624236 -0.6313247117 -0.5709846388 0.2162070013 0.1598586661 0.2270600426 0.2203109279
0.2273514178 0.1305374653 0.1251919657 0.2049799347 -0.3032762567 0.1697302714 -0.3837466832 0.2078000173 -0.6387402400 -0.5907158624 0.2353172050 0.1515281821 0.2185743181 0.2120476594
0.2177780581 0.1217154507 0.1191440330 0.1960261392 -0.3231773529 0.1578363747 -0.3889216354 0.1988431473 -0.6450925707 -0.6101332392 0.2544250333 0.1425521630 0.2093920864 0.2030864198
0.2074987247 0.1122473999 0.1123630637 0.1863654821 -0.3429933549 0.1453636480 -0.3944128570 0.1891770480 -0.6503544640 -0.6292248992 0.2735263478 0.1329168182 0.1994986397 0.1934123762
0.1964989777 0.1021197142 0.1048325925 0.1759832425 -0.3627176032 0.1323011028 -0.4002291106 0.1787869540 -0.6544986803 -0.6479789722 0.2926170101 0.1226083572 0.1888792700 0.1830106957
0.1847643771 0.0913187951 0.0965361540 0.1648646994 -0.3823434385 0.1186377504 -0.4063791587 0.1676580999 -0.6574979796 -0.6663835879 0.3116928818 0.1116129896 0.1775192693 0.1718665455
0.1722804832 0.0798310440 0.0874572830 0.1529951320 -0.4018642015 0.1043626024 -0.4128717640 0.1557757202 -0.6593251224 -0.6844268762 0.3307498246 0.0999169249 0.1654039296 0.1599650928
0.1590328560 0.0676428623 0.0775795140 0.1403598193 -0.4212732326 0.0894646704 -0.4197156890 0.1431250493 -0.6599528687 -0.7020969669 0.3497836999 0.0875063727 0.1525185429 0.1472915047
0.1450070557 0.0547406514 0.0668863817 0.1269440405 -0.4405638727 0.0739329657 -0.4269196964 0.1296913220 -0.6593539789 -0.7193819898 0.3687903696 0.0743675423 0.1388484013 0.1338309482
0.1301886422 0.0411108129 0.0553614207 0.1127330747 -0.4597294623 0.0577565000 -0.4344925487 0.1154597725 -0.6575012132 -0.7362700747 0.3877656951 0.0604866435 0.1243787968 0.1195685906
