-0.4291422355 -0.5255864316 -0.6046668059 -0.6378223131 -0.6461945532 -0.4838846624 -0.6905623858 -0.6417428459 -0.8530848924 -0.8463627909 0.9309608267 -0.5630503436 -0.6271438488 -0.6077728597
-0.4267382108 -0.5215471616 -0.6011767391 -0.6397441982 -0.6399483124 -0.4795753492 -0.6852192815 -0.6436844536 -0.8437168506 -0.8319777317 0.9228086472 -0.5596646003 -0.6299150693 -0.6102880734
-0.4248157756 -0.5178240456 -0.5979348521 -0.6420713032 -0.6338055392 -0.4756187361 -0.6799628134 -0.6460276426 -0.8341011578 -0.8170562068 0.9142468069 -0.5565768929 -0.6331337559 -0.6132630542
-0.4233592444 -0.5144058457 -0.5949311075 -0.6447873882 -0.6277607675 -0.4720029264 -0.6747874187 -0.6487562421 -0.8242416383 -0.8016121163 0.9052823953 -0.5537760432 -0.6367823113 -0.6166800675
-0.4223529314 -0.5112813239 -0.5921554681 -0.6478762130 -0.6218085307 -0.4687160236 -0.6696875347 -0.6518540813 -0.8141421164 -0.7856593603 0.8959225018 -0.5512508730 -0.6408431379 -0.6205213792
-0.4217811510 -0.5084392421 -0.5895978968 -0.6513215377 -0.6159433627 -0.4657461312 -0.6646575988 -0.6553049893 -0.8038064165 -0.7692118389 0.8861742160 -0.5489902042 -0.6452986385 -0.6247692548
-0.4216282175 -0.5058683623 -0.5872483561 -0.6551071221 -0.6101597971 -0.4630813527 -0.6596920481 -0.6590927955 -0.7932383628 -0.7522834523 0.8760446275 -0.5469828583 -0.6501312156 -0.6294059602
-0.4218784452 -0.5035574466 -0.5850968090 -0.6592167263 -0.6044523675 -0.4607097914 -0.6547853200 -0.6632013289 -0.7824417795 -0.7348881005 0.8655408259 -0.5452176573 -0.6553232719 -0.6344137610
-0.4225161485 -0.5014952568 -0.5831332181 -0.6636341102 -0.5988156076 -0.4586195508 -0.6499318518 -0.6676144188 -0.7714204911 -0.7170396837 0.8546699005 -0.5436834229 -0.6608572099 -0.6397749228
-0.4235256417 -0.4996705549 -0.5813475463 -0.6683430336 -0.5932440512 -0.4567987343 -0.6451260809 -0.6723158943 -0.7601783217 -0.6987521020 0.8434389410 -0.5423689768 -0.6667154322 -0.6454717113
-0.4248912391 -0.4980721030 -0.5797297562 -0.6733272567 -0.5877322318 -0.4552354455 -0.6403624443 -0.6772895847 -0.7487190956 -0.6800392555 0.8318550370 -0.5412631408 -0.6728803415 -0.6514863924
-0.4265972550 -0.4966886631 -0.5782698106 -0.6785705393 -0.5822746832 -0.4539177876 -0.6356353796 -0.6825193192 -0.7370466372 -0.6609150443 0.8199252779 -0.5403547367 -0.6793343403 -0.6578012315
-0.4286280038 -0.4955089970 -0.5769576723 -0.6840566413 -0.5768659390 -0.4528338643 -0.6309393240 -0.6879889270 -0.7251647706 -0.6413933685 0.8076567532 -0.5396325862 -0.6860598312 -0.6643984945
-0.4309677998 -0.4945218668 -0.5757833040 -0.6897693228 -0.5715005330 -0.4519717789 -0.6262687147 -0.6936822371 -0.7130773203 -0.6214881283 0.7950565526 -0.5390855112 -0.6930392169 -0.6712604469
-0.4336009574 -0.4937160345 -0.5747366685 -0.6956923437 -0.5661729987 -0.4513196349 -0.6216179890 -0.6995830790 -0.7007881105 -0.6012132237 0.7821317656 -0.5387023333 -0.7002549000 -0.6783693546
