-0.9995126813 -0.8363660130 -0.9681765517 -0.9359031028 -0.1395470436 -0.8233929768 -0.5683924746 -0.9358562085 0.1412963988 -0.4508799655 0.3623748897 -0.8445774695 -0.9083394499 -0.9084027516
-0.9997797184 -0.8329442314 -0.9665657473 -0.9401635990 -0.1262909456 -0.8198471799 -0.5621526551 -0.9401264725 0.1574959581 -0.4434835193 0.3529902070 -0.8413772135 -0.9138862158 -0.9140194047
-0.9999420033 -0.8295065937 -0.9649136397 -0.9442712458 -0.1131378308 -0.8162894442 -0.5559704961 -0.9442432590 0.1735124362 -0.4361792560 0.3436914723 -0.8381627492 -0.9192502884 -0.9194483347
-1.0000000000 -0.8260529104 -0.9632201201 -0.9482267260 -0.1000872988 -0.8127195497 -0.5498452966 -0.9482072574 0.1893466233 -0.4289662154 0.3344780283 -0.8349338426 -0.9244325972 -0.9246905251
-0.9999541727 -0.8225829922 -0.9614850797 -0.9520307220 -0.0871389487 -0.8091372769 -0.5437763560 -0.9520191570 0.2049993096 -0.4218434370 0.3253492177 -0.8316902595 -0.9294340715 -0.9297469591
-0.9998049855 -0.8190966496 -0.9597084096 -0.9556839166 -0.0742923801 -0.8055424060 -0.5377629734 -0.9556796471 0.2204712854 -0.4148099605 0.3163043830 -0.8284317659 -0.9342556407 -0.9346186203
-0.9995529025 -0.8155936932 -0.9578900012 -0.9591869923 -0.0615471922 -0.8019347173 -0.5318044481 -0.9591894170 0.2357633407 -0.4078648255 0.3073428670 -0.8251581278 -0.9388982342 -0.9393064921
-0.9991983878 -0.8120739335 -0.9560297456 -0.9625406318 -0.0489029844 -0.7983139910 -0.5259000792 -0.9625491559 0.2508762658 -0.4010070718 0.2984640123 -0.8218691109 -0.9433627813 -0.9438115578
-0.9987419055 -0.8085371812 -0.9541275340 -0.9657455178 -0.0363593561 -0.7946800074 -0.5200491660 -0.9657595533 0.2658108509 -0.3942357390 0.2896671615 -0.8185644813 -0.9476502116 -0.9481348009
-0.9981839197 -0.8049832467 -0.9521832577 -0.9688023328 -0.0239159067 -0.7910325469 -0.5142510078 -0.9688212982 0.2805678862 -0.3875498667 0.2809516574 -0.8152440049 -0.9517614542 -0.9522772048
-0.9975248944 -0.8014119407 -0.9501968078 -0.9717117595 -0.0115722355 -0.7873713896 -0.5085049037 -0.9717350802 0.2951481618 -0.3809484947 0.2723168426 -0.8119074476 -0.9556974387 -0.9562397528
-0.9967652939 -0.7978230737 -0.9481680757 -0.9744744806 0.0006720582 -0.7836963160 -0.5028101529 -0.9745015884 0.3095524680 -0.3744306624 0.2637620598 -0.8085545753 -0.9594590944 -0.9600234285
-0.9959055822 -0.7942164564 -0.9460969523 -0.9770911785 0.0128173749 -0.7800071062 -0.4971660546 -0.9771215122 0.3237815949 -0.3679954097 0.2552866516 -0.8051851539 -0.9630473507 -0.9636292152
-0.9949462235 -0.7905918992 -0.9439833291 -0.9795625361 0.0248641152 -0.7763035405 -0.4915719081 -0.9795955408 0.3378363327 -0.3616417762 0.2468899606 -0.8017989494 -0.9664631369 -0.9670580963
-0.9938876817 -0.7869492128 -0.9418270972 -0.9818892359 0.0368126799 -0.7725853992 -0.4860270126 -0.9819243636 0.3517174717 -0.3553688015 0.2385713296 -0.7983957278 -0.9697073824 -0.9703110553
