0.1021763143 0.1821552312 0.1738782020 -0.0053582500 0.1595484602 0.1820501091 0.2333405540 -0.0044098182 0.0960780254 0.4876740773 -0.2350705043 0.1783667140 -0.0378493438 -0.0345784606
0.0665192706 0.1449844110 0.1367979905 -0.0388206886 0.1229537641 0.1448769757 0.1953387958 -0.0378963826 0.0618890504 0.4516592916 -0.1970591663 0.1412559952 -0.0705895853 -0.0673894805
0.0300254671 0.1068324386 0.0987551500 -0.0729406410 0.0854095767 0.1067230966 0.1562534463 -0.0720417388 0.0267721085 0.4142573542 -0.1579598777 0.1031716815 -0.1039375061 -0.1008133003
-0.0073127351 0.0676897994 0.0597406553 -0.1077230824 0.0469064039 0.0675789813 0.1160735235 -0.1068508698 -0.0092823970 0.3754528883 -0.1177615101 0.0641043870 -0.1378973873 -0.1348542796
-0.0455029753 0.0275469789 0.0197454808 -0.1431729875 0.0074347516 0.0274351391 0.0747880457 -0.1423287591 -0.0462840628 0.3352305174 -0.0764529349 0.0240447255 -0.1724735103 -0.1695167783
-0.0845528925 -0.0136055375 -0.0212393990 -0.1792953316 -0.0330148745 -0.0137179208 0.0323860312 -0.1784803898 -0.0842424856 0.2935748649 -0.0340230236 -0.0170166888 -0.2076701565 -0.2048051564
-0.1244701259 -0.0557772645 -0.0632230096 -0.2160950895 -0.0744519685 -0.0558896890 -0.0111435019 -0.2153107452 -0.1231672622 0.2504705541 0.0095393521 -0.0590892420 -0.2434916072 -0.2407237735
-0.1652623146 -0.0989777166 -0.1062143764 -0.2535772363 -0.1168860245 -0.0990896561 -0.0558115353 -0.2528248087 -0.1630679893 0.2059022083 0.0542453207 -0.1021823201 -0.2799421437 -0.2772769897
-0.2069370978 -0.1432164085 -0.1502225249 -0.2917467469 -0.1603265367 -0.1433273128 -0.1016290509 -0.2910275634 -0.2039542636 0.1598544511 0.1001060108 -0.1463053091 -0.3170260473 -0.3144691646
-0.2495021145 -0.1885028547 -0.1952564805 -0.3306085964 -0.2047829992 -0.1886121499 -0.1486070303 -0.3299239927 -0.2458356818 0.1123119057 0.1471325508 -0.1914675950 -0.3547475994 -0.3523046583
-0.2929650039 -0.2348465698 -0.2413252688 -0.3701677597 -0.2502649062 -0.2349536579 -0.1967564554 -0.3695190798 -0.2887218407 0.0632591955 0.1953360692 -0.2376785639 -0.3931110813 -0.3907878304
-0.3373334051 -0.2822570686 -0.2884379153 -0.4104292119 -0.2967817518 -0.2823613276 -0.2460883079 -0.4098178079 -0.3326223370 0.0126809439 0.2447276945 -0.2849476017 -0.4321207743 -0.4299230410
-0.3826149573 -0.3307438655 -0.3366034453 -0.4513979280 -0.3443430302 -0.3308446497 -0.2966135697 -0.4508251605 -0.3775467674 -0.0394382257 0.2953185550 -0.3332840944 -0.4717809598 -0.4697146497
-0.4288172996 -0.3803164751 -0.3858308845 -0.4930788829 -0.3929582356 -0.3804131147 -0.3483432225 -0.4925461206 -0.4235047286 -0.0931136899 0.3471197794 -0.3826974281 -0.5120959190 -0.5101670165
-0.4759480710 -0.4309844121 -0.4361292582 -0.5354770516 -0.4426368620 -0.4310762134 -0.4012882481 -0.5349856716 -0.4705058174 -0.1483608254 0.4001424960 -0.4331969888 -0.5530699334 -0.5512845013
