-0.5307402547 -0.9181941266 -0.9180787711 -0.3307296567 -0.8154803324 -0.7550414809 -0.9128857766 -0.3338728741 -0.8665947656 -0.8714693275 0.4255042702 -0.9208028329 -0.2903328232 -0.2742724689
-0.5356925474 -0.9246895984 -0.9246245459 -0.3342277336 -0.8224493022 -0.7611338182 -0.9196379949 -0.3373686460 -0.8744429531 -0.8793267802 0.4312586815 -0.9272149608 -0.2936386525 -0.2775338329
-0.5404128703 -0.9308917144 -0.9308743614 -0.3375154734 -0.8291547329 -0.7669628513 -0.9260951865 -0.3406533782 -0.8820256746 -0.8869121193 0.4368150962 -0.9333320828 -0.2967399766 -0.2805934710
-0.5449040239 -0.9368036530 -0.9368312629 -0.3405956708 -0.8355994507 -0.7725315438 -0.9322602091 -0.3437298734 -0.8893454672 -0.8942276897 0.4421758133 -0.9391574139 -0.2996395566 -0.2834541208
-0.5491688090 -0.9424285929 -0.9424982958 -0.3434711201 -0.8417862821 -0.7778428591 -0.9381359204 -0.3466009342 -0.8964048679 -0.9012758367 0.4473431320 -0.9446941689 -0.3023401533 -0.2861185196
-0.5532100260 -0.9477697127 -0.9478785054 -0.3461446159 -0.8477180534 -0.7828997608 -0.9437251781 -0.3492693631 -0.9032064137 -0.9080589052 0.4523193513 -0.9499455628 -0.3048445278 -0.2885894051
-0.5570304758 -0.9528301908 -0.9529749370 -0.3486189526 -0.8533975910 -0.7877052125 -0.9490308397 -0.3517379628 -0.9097526414 -0.9145792404 0.4571067703 -0.9549148104 -0.3071554411 -0.2908695147
-0.5606329587 -0.9576132059 -0.9577906360 -0.3508969248 -0.8588277214 -0.7922621776 -0.9540557630 -0.3540095357 -0.9160460882 -0.9208391874 0.4617076880 -0.9596051266 -0.3092756541 -0.2929615860
-0.5640202756 -0.9621219364 -0.9623286476 -0.3529813269 -0.8640112708 -0.7965736199 -0.9588028057 -0.3560868846 -0.9220892909 -0.9268410912 0.4661244035 -0.9640197264 -0.3112079279 -0.2948683564
-0.5671952269 -0.9663595611 -0.9665920172 -0.3548749534 -0.8689510658 -0.8006425027 -0.9632748255 -0.3579728119 -0.9278847866 -0.9325872971 0.4703592158 -0.9681618247 -0.3129550234 -0.2965925635
-0.5701606134 -0.9703292584 -0.9705837902 -0.3565805988 -0.8736499325 -0.8044717897 -0.9674746799 -0.3596701203 -0.9334351121 -0.9380801500 0.4744144240 -0.9720346363 -0.3145197017 -0.2981369447
-0.5729192356 -0.9740342069 -0.9743070118 -0.3581010576 -0.8781106975 -0.8080644443 -0.9714052267 -0.3611816124 -0.9387428046 -0.9433219951 0.4782923272 -0.9756413762 -0.3159047237 -0.2995042376
-0.5754738942 -0.9774775851 -0.9777647274 -0.3594391244 -0.8823361872 -0.8114234302 -0.9750693236 -0.3625100907 -0.9438104009 -0.9483151775 0.4819952244 -0.9789852593 -0.3171128504 -0.3006971797
-0.5778273897 -0.9806625717 -0.9809599824 -0.3605975935 -0.8863292278 -0.8145517108 -0.9784698282 -0.3636583578 -0.9486404380 -0.9530620423 0.4855254147 -0.9820695004 -0.3181468428 -0.3017185085
-0.5799825229 -0.9835923451 -0.9838958220 -0.3615792595 -0.8900926458 -0.8174522497 -0.9816095981 -0.3646292164 -0.9532354530 -0.9575649345 0.4888851972 -0.9848973145 -0.3190094618 -0.3025709614
