-0.9678295023 -0.8018461245 -0.4557151405 -0.7836971138 -0.3693360963 -0.2541902575 -0.8741759478 -0.7823199741 -0.2623715020 -0.2058375899 0.5512556698 -0.7424197362 -0.7978526077 -0.7911583125
-0.9649696962 -0.7885897593 -0.4200141810 -0.7593147548 -0.3855781923 -0.2197891124 -0.8660668025 -0.7577197583 -0.2812010272 -0.1726191664 0.5655073366 -0.7284206415 -0.7751171368 -0.7677588277
-0.9620058855 -0.7748789180 -0.3830251364 -0.7334966068 -0.4023032638 -0.1845132971 -0.8577108584 -0.7316670036 -0.3006104819 -0.1385844402 0.5799225894 -0.7140412690 -0.7510488206 -0.7429911914
-0.9589402600 -0.7607112863 -0.3447344438 -0.7062232425 -0.4195190384 -0.1483565382 -0.8491086926 -0.7041419670 -0.3206086443 -0.1037257469 0.5945036611 -0.6992808695 -0.7256300548 -0.7168372079
-0.9557750096 -0.7460845498 -0.3051285404 -0.6774752351 -0.4372332436 -0.1113125621 -0.8402608816 -0.6751249054 -0.3412042924 -0.0680354224 0.6092527841 -0.6841386940 -0.6988432348 -0.6892786816
-0.9525123239 -0.7309963944 -0.2641938634 -0.6472331573 -0.4554536067 -0.0733750952 -0.8311680025 -0.6445960757 -0.3624062045 -0.0315058024 0.6241721914 -0.6686139934 -0.6706707561 -0.6602974167
-0.9491543928 -0.7154445056 -0.2219168498 -0.6154775821 -0.4741878554 -0.0345378640 -0.8218306321 -0.6125357348 -0.3842231586 0.0058707774 0.6392641154 -0.6527060188 -0.6410950140 -0.6298752176
-0.9457034060 -0.6994265693 -0.1782839369 -0.5821890825 -0.4934437170 0.0052054051 -0.8122493472 -0.5789241396 -0.4066639330 0.0441019810 0.6545307890 -0.6364140210 -0.6100984042 -0.5979938886
-0.9421615532 -0.6829402711 -0.1332815617 -0.5473482314 -0.5132289191 0.0458609855 -0.8024247247 -0.5437415470 -0.4297373057 0.0831954729 0.6699744448 -0.6197372511 -0.5776633221 -0.5646352341
-0.9385310244 -0.6659832967 -0.0868961614 -0.5109356018 -0.5335511892 0.0874351510 -0.7923573413 -0.5069682140 -0.4534520548 0.1231589172 0.6855973154 -0.6026749599 -0.5437721631 -0.5297810582
-0.9348140091 -0.6485533320 -0.0391141731 -0.4729317664 -0.5544182547 0.1299341749 -0.7820477741 -0.4685843975 -0.4778169587 0.1639999781 0.7014016337 -0.5852263984 -0.5084073227 -0.4934131654
-0.9310126972 -0.6306480625 0.0100779661 -0.4333172984 -0.5758378431 0.1733643309 -0.7714965997 -0.4285703543 -0.5028407953 0.2057263198 0.7173896322 -0.5673908175 -0.4715511965 -0.4555133600
-0.9271292785 -0.6122651741 0.0606938189 -0.3920727706 -0.5978176819 0.2177318925 -0.7607043952 -0.3869063414 -0.5285323427 0.2483456067 0.7335635437 -0.5491674683 -0.4331861797 -0.4160634463
-0.9231659426 -0.5934023523 0.1127469482 -0.3491787560 -0.6203654985 0.2630431332 -0.7496717372 -0.3435726156 -0.5549003793 0.2918655029 0.7499256008 -0.5305556017 -0.3932946681 -0.3750452285
-0.9191248795 -0.5740572831 0.1662509170 -0.3046158275 -0.6434890206 0.3093043267 -0.7383992027 -0.2985494340 -0.5819536830 0.3362936727 0.7664780363 -0.5115544686 -0.3518590569 -0.3324405111
