0.7820577278 -0.3884857866 -0.2068202483 0.3900625132 -0.1019889026 -0.4767749629 -0.5610181607 0.3998245734 -0.1951196363 -0.6585947144 0.5574891400 -0.3843689672 0.3381103426 0.3284759032
0.7700738240 -0.3831228720 -0.2194365210 0.3711592967 -0.0839067613 -0.4752435445 -0.5536853778 0.3810493712 -0.1777445554 -0.6517591348 0.5490554308 -0.3813502941 0.3185780085 0.3089006465
0.7578410254 -0.3783505091 -0.2321190262 0.3523552639 -0.0664897415 -0.4741419981 -0.5467457215 0.3623625223 -0.1609021196 -0.6451651058 0.5409635375 -0.3788483936 0.2992052566 0.2894999824
0.7453645413 -0.3741577171 -0.2448625432 0.3336510759 -0.0497285155 -0.4734612817 -0.5401918947 0.3437648662 -0.1445850814 -0.6388077854 0.5332072998 -0.3768531080 0.2799917413 0.2702732899
0.7326495813 -0.3705335150 -0.2576618509 0.3150473939 -0.0336137556 -0.4731923532 -0.5340166001 0.3252572428 -0.1287861933 -0.6326823315 0.5257805575 -0.3753542796 0.2609371170 0.2512199477
0.7197013547 -0.3674669223 -0.2705117283 0.2965448791 -0.0181361343 -0.4733261708 -0.5282125404 0.3068404917 -0.1134982077 -0.6267839020 0.5186771502 -0.3743417506 0.2420410383 0.2323393347
0.7065250709 -0.3649469581 -0.2834069545 0.2781441927 -0.0032863236 -0.4738536923 -0.5227724184 0.2885154525 -0.0987138770 -0.6211076547 0.5118909176 -0.3738053633 0.2233031595 0.2136308299
0.6931259394 -0.3629626416 -0.2963423085 0.2598459958 0.0109450039 -0.4747658757 -0.5176889368 0.2702829651 -0.0844259537 -0.6156487475 0.5054156994 -0.3737349602 0.2047231352 0.1950938121
0.6795091696 -0.3615029921 -0.3093125694 0.2416509496 0.0245671761 -0.4760536791 -0.5129547984 0.2521438691 -0.0706271902 -0.6104023384 0.4992453353 -0.3741203834 0.1863006198 0.1767276600
0.6656799709 -0.3605570288 -0.3223125163 0.2235597152 0.0375895205 -0.4777080605 -0.5085627058 0.2340990041 -0.0573103389 -0.6053635852 0.4933736649 -0.3749514754 0.1680352676 0.1585317527
0.6516435527 -0.3601137709 -0.3353369280 0.2055729539 0.0500213650 -0.4797199777 -0.5045053619 0.2161492100 -0.0444681522 -0.6005276458 0.4877945280 -0.3762180783 0.1499267333 0.1405054690
0.6374051245 -0.3601622377 -0.3483805837 0.1876913268 0.0618720371 -0.4820803889 -0.5007754693 0.1982953263 -0.0320933827 -0.5958896782 0.4825017642 -0.3779100345 0.1319746711 0.1226481877
0.6229698957 -0.3606914484 -0.3614382625 0.1699154950 0.0731508647 -0.4847802520 -0.4973657308 0.1805381928 -0.0201787827 -0.5914448402 0.4774892132 -0.3800171863 0.1141787357 0.1049592877
0.6083430757 -0.3616904222 -0.3745047433 0.1522461199 0.0838671753 -0.4878105249 -0.4942688492 0.1628786491 -0.0087171047 -0.5871882898 0.4727507147 -0.3825293760 0.0965385813 0.0874381479
0.5935298739 -0.3631481783 -0.3875748052 0.1346838624 0.0940302966 -0.4911621658 -0.4914775271 0.1453175350 0.0022988989 -0.5831151847 0.4682801084 -0.3854364459 0.0790538626 0.0700841472
