0.9578023086 0.6457000538 -0.1291625295 0.2429917764 0.9016148725 0.2748549478 0.2935779731 0.2503800776 0.8843457896 -0.4166833116 -0.9256912462 0.5240257936 0.3239294877 0.2854255478
0.9578810581 0.6569189215 -0.1169716726 0.2419604351 0.9085215296 0.2820622310 0.3012404706 0.2493808545 0.8912634134 -0.4141249872 -0.9306865891 0.5365192756 0.3220544524 0.2838556223
0.9579272740 0.6679672188 -0.1047714972 0.2410147581 0.9151632110 0.2891562729 0.3087912361 0.2484662970 0.8979432619 -0.4116041893 -0.9355078531 0.5488763863 0.3202412218 0.2823578118
0.9579395030 0.6788444481 -0.0925635019 0.2401522497 0.9215414692 0.2961383673 0.3162314353 0.2476339129 0.9043876289 -0.4091193300 -0.9401550710 0.5610958609 0.3184877715 0.2809299028
0.9579162918 0.6895501120 -0.0803491851 0.2393704145 0.9276578563 0.3030098079 0.3235622342 0.2468812098 0.9105988086 -0.4066688215 -0.9446282757 0.5731764347 0.3167920769 0.2795696817
0.9578561870 0.7000837128 -0.0681300455 0.2386667567 0.9335139248 0.3097718887 0.3307847987 0.2462056953 0.9165790947 -0.4042510760 -0.9489274999 0.5851168429 0.3151521138 0.2782749352
0.9577577354 0.7104447530 -0.0559075814 0.2380387810 0.9391112269 0.3164259033 0.3379002946 0.2456048773 0.9223307811 -0.4018645057 -0.9530527763 0.5969158207 0.3135658576 0.2770434498
0.9576194835 0.7206327351 -0.0436832913 0.2374839916 0.9444513150 0.3229731457 0.3449098879 0.2450762633 0.9278561619 -0.3995075228 -0.9570041379 0.6085721035 0.3120312840 0.2758730118
0.9574399780 0.7306471614 -0.0314586738 0.2369998931 0.9495357414 0.3294149096 0.3518147443 0.2446173611 0.9331575308 -0.3971785395 -0.9607816174 0.6200844263 0.3105463685 0.2747614079
0.9572177656 0.7404875344 -0.0192352273 0.2365839899 0.9543660584 0.3357524888 0.3586160297 0.2442256784 0.9382371819 -0.3948759679 -0.9643852476 0.6314515246 0.3091090867 0.2737064246
0.9569513930 0.7501533566 -0.0070144504 0.2362337864 0.9589438183 0.3419871771 0.3653149101 0.2438987228 0.9430974090 -0.3925982204 -0.9678150612 0.6426721334 0.3077174141 0.2727058483
0.9566394068 0.7596441303 0.0052021585 0.2359467871 0.9632705734 0.3481202684 0.3719125513 0.2436340020 0.9477405061 -0.3903437089 -0.9710710912 0.6537449882 0.3063693264 0.2717574656
0.9562803537 0.7689593581 0.0174131009 0.2357204964 0.9673478762 0.3541530564 0.3784101192 0.2434290238 0.9521687670 -0.3881108459 -0.9741533702 0.6646688240 0.3050627992 0.2708590630
0.9558727803 0.7780985424 0.0296168783 0.2355524188 0.9711772788 0.3600868350 0.3848087796 0.2432812958 0.9563844858 -0.3858980434 -0.9770619311 0.6754423762 0.3037958079 0.2700084269
0.9554152333 0.7870611855 0.0418119922 0.2354400586 0.9747603336 0.3659228979 0.3911096984 0.2431883258 0.9603899562 -0.3837037136 -0.9797968067 0.6860643800 0.3025663282 0.2692033439
