-0.1144601809 -0.3517675508 -0.3025864150 0.4580239350 -0.4613916212 -0.2728047390 -0.5010706397 0.4603653981 -0.5787465723 -0.4630373603 0.1717632257 -0.3407108949 0.4504977146 0.4579925045
-0.0902903572 -0.3344698255 -0.2840843088 0.4964100971 -0.4472991112 -0.2533889816 -0.4879747205 0.4987519693 -0.5680360917 -0.4494597029 0.1507983118 -0.3230542190 0.4889321056 0.4964270014
-0.0670259467 -0.3178555012 -0.2663263439 0.5331937849 -0.4337894973 -0.2347417964 -0.4754143608 0.5355294308 -0.5577976164 -0.4364947039 0.1307887494 -0.3060886908 0.5257857376 0.5332595129
-0.0446539341 -0.3019137828 -0.2493009355 0.5683965419 -0.4208529643 -0.2168513967 -0.4633803457 0.5707194576 -0.5480224541 -0.4241318628 0.1117197409 -0.2898034702 0.5610793201 0.5685111811
-0.0231613040 -0.2866338755 -0.2329964988 0.6020399120 -0.4084796970 -0.1997059956 -0.4518634598 0.6043437245 -0.5387019124 -0.4123606790 0.0935764891 -0.2741877167 0.5948335626 0.6022031478
-0.0025350409 -0.2720049844 -0.2174014488 0.6341454389 -0.3966598804 -0.1832938067 -0.4408544881 0.6364239066 -0.5298272988 -0.4011706520 0.0763441963 -0.2592305903 0.6270691746 0.6343565550
0.0172378707 -0.2580163146 -0.2025042007 0.6647346663 -0.3853836993 -0.1676030430 -0.4303442154 0.6669816786 -0.5213899210 -0.3905512814 0.0600080651 -0.2449212508 0.6578068654 0.6649925445
0.0361704460 -0.2446570711 -0.1882931697 0.6938291380 -0.3746413386 -0.1526219180 -0.4203234265 0.6960387156 -0.5133810866 -0.3804920665 0.0445532981 -0.2312488578 0.6870673447 0.6941322584
0.0542757006 -0.2319164591 -0.1747567708 0.7214503977 -0.3644229832 -0.1383386449 -0.4107829063 0.7236166924 -0.5057921030 -0.3709825068 0.0299650978 -0.2182025712 0.7148713218 0.7217968385
0.0715666497 -0.2197836837 -0.1618834193 0.7476199892 -0.3547188179 -0.1247414370 -0.4017134396 0.7497372840 -0.4986142779 -0.3620121020 0.0162286668 -0.2057715507 0.7412395062 0.7480074267
0.0880563090 -0.2082479498 -0.1496615303 0.7723594561 -0.3455190277 -0.1118185076 -0.3931058112 0.7744221653 -0.4918389190 -0.3535703513 0.0033292075 -0.1939449562 0.7661926075 0.7727851650
0.1037576936 -0.1972984627 -0.1380795189 0.7956903422 -0.3368137973 -0.0995580701 -0.3849508061 0.7976930111 -0.4854573337 -0.3456467543 -0.0087480775 -0.1827119474 0.7897513351 0.7961511953
0.1186838192 -0.1869244274 -0.1271258002 0.8176341913 -0.3285933117 -0.0879483376 -0.3772392090 0.8195714965 -0.4794608297 -0.3382308106 -0.0200179856 -0.1720616841 0.8119363984 0.8181266594
0.1328477010 -0.1771150491 -0.1167887895 0.8382125471 -0.3208477557 -0.0769775235 -0.3699618047 0.8400792964 -0.4738407145 -0.3313120194 -0.0304953143 -0.1619833261 0.8327685070 0.8387326994
0.1462623545 -0.1678595327 -0.1070569018 0.8574469533 -0.3135673142 -0.0666338411 -0.3631093782 0.8592380856 -0.4685882958 -0.3248798805 -0.0401948610 -0.1524660331 0.8522683703 0.8579904572
