0.7212467081 0.7866920735 0.7557691089 0.5941941353 0.3245252594 0.3318843610 0.4057260862 0.5942316625 -0.5125679172 -0.8408198091 -0.8654190841 0.7786358802 0.5693624221 0.5715133260
0.7053224095 0.7737824741 0.7416398682 0.5739142763 0.3315429821 0.3244738493 0.4019515167 0.5739478382 -0.4908951813 -0.8339219763 -0.8561564969 0.7655422466 0.5483197238 0.5504987908
0.6891154295 0.7606464660 0.7272764668 0.5533409486 0.3384849626 0.3169828657 0.3980812276 0.5533701475 -0.4689461537 -0.8268431241 -0.8466117879 0.7522324239 0.5269851250 0.5291894565
0.6726394576 0.7472979718 0.7126931711 0.5324894809 0.3453534870 0.3094230923 0.3941245493 0.5325139094 -0.4467341833 -0.8195812510 -0.8367874768 0.7387207187 0.5053743317 0.5076009348
0.6559081835 0.7337509145 0.6979042475 0.5113752019 0.3521508419 0.3018062116 0.3900908124 0.5113944431 -0.4242726185 -0.8121343552 -0.8266860834 0.7250214381 0.4835030495 0.4857488376
0.6389352965 0.7200192166 0.6829239626 0.4900134402 0.3588793134 0.2941439057 0.3859893475 0.4900270678 -0.4015748083 -0.8045004351 -0.8163101272 0.7111488886 0.4613869842 0.4636487764
0.6217344863 0.7061168009 0.6677665826 0.4684195246 0.3655411881 0.2864478571 0.3818294849 0.4684271026 -0.3786541012 -0.7966774889 -0.8056621282 0.6971173771 0.4390418416 0.4413163631
0.6043194424 0.6920575901 0.6524463741 0.4466087837 0.3721387520 0.2787297479 0.3776205554 0.4466098665 -0.3555238460 -0.7886635150 -0.7947446059 0.6829412105 0.4164833275 0.4187672093
0.5867038542 0.6778555071 0.6369776036 0.4245965463 0.3786742917 0.2710012604 0.3733718894 0.4245906788 -0.3321973914 -0.7804565117 -0.7835600802 0.6686346953 0.3937271476 0.3960169268
0.5689014113 0.6635244744 0.6213745374 0.4023981409 0.3851500934 0.2632740770 0.3690928175 0.4023848585 -0.3086880860 -0.7720544774 -0.7721110706 0.6542121386 0.3707890077 0.3730811272
0.5509258033 0.6490784148 0.6056514421 0.3800288964 0.3915684434 0.2555598799 0.3647926702 0.3800077249 -0.2850092787 -0.7634554103 -0.7604000970 0.6396878469 0.3476846136 0.3499754223
0.5327907195 0.6345312511 0.5898225840 0.3575041414 0.3979316280 0.2478703514 0.3604807780 0.3574745969 -0.2611743180 -0.7546573087 -0.7484296791 0.6250761272 0.3244296711 0.3267154238
0.5145098497 0.6198969059 0.5739022297 0.3348392045 0.4042419337 0.2402171738 0.3561664715 0.3348007939 -0.2371965527 -0.7456581711 -0.7362023366 0.6103912861 0.3010398859 0.3033167434
0.4960968832 0.6051893021 0.5579046455 0.3120494145 0.4105016467 0.2326120294 0.3518590812 0.3120016348 -0.2130893314 -0.7364559957 -0.7237205892 0.5956476305 0.2775309638 0.2797949928
0.4775655095 0.5904223623 0.5418440979 0.2891501001 0.4167130533 0.2250666005 0.3475679377 0.2890924388 -0.1888660030 -0.7270487808 -0.7109869566 0.5808594672 0.2539186106 0.2561657838
