0.4916092264 -0.3697425432 -0.6528523563 -0.6356330671 0.9998438154 -0.3587455784 -0.2208349045 -0.6226954198 0.9970112119 -0.5397836785 0.0372189985 -0.3438429667 -0.6151890763 -0.5987675835
0.5016888982 -0.3676071845 -0.6524746596 -0.6322235657 1.0000000000 -0.3569159255 -0.2216535603 -0.6191643671 0.9955694949 -0.5408373547 0.0389346197 -0.3419927173 -0.6111531634 -0.5945930778
0.5113674981 -0.3656864650 -0.6522292545 -0.6288791542 0.9998393394 -0.3553133433 -0.2226801455 -0.6157011495 0.9938531326 -0.5420297036 0.0408720709 -0.3403756491 -0.6071759555 -0.5904811489
0.5206490681 -0.3639774936 -0.6521139626 -0.6255987569 0.9993650901 -0.3539347666 -0.2239116236 -0.6123046749 0.9918649856 -0.5433583763 0.0430281325 -0.3389886310 -0.6032565211 -0.5864308384
0.5295376501 -0.3624773790 -0.6521266052 -0.6223812980 0.9985805088 -0.3527771297 -0.2253449579 -0.6089738512 0.9896079145 -0.5448210236 0.0453995851 -0.3378285318 -0.5993939289 -0.5824411881
0.5380372861 -0.3611832301 -0.6522650038 -0.6192257019 0.9974888521 -0.3518373673 -0.2269771117 -0.6057075863 0.9870847797 -0.5464152964 0.0479832091 -0.3368922204 -0.5955872473 -0.5785112393
0.5461520181 -0.3600921557 -0.6525269798 -0.6161308929 0.9960933766 -0.3511124139 -0.2288050484 -0.6025047882 0.9842984419 -0.5481388457 0.0507757848 -0.3361765655 -0.5918355451 -0.5746400339
0.5538858880 -0.3592012644 -0.6529103549 -0.6130957953 0.9943973389 -0.3505992040 -0.2308257313 -0.5993643647 0.9812517616 -0.5499893224 0.0537740928 -0.3356784361 -0.5881378907 -0.5708266133
0.5612429379 -0.3585076651 -0.6534129503 -0.6101193335 0.9924039957 -0.3502946722 -0.2330361238 -0.5962852238 0.9779475993 -0.5519643775 0.0569749135 -0.3353947010 -0.5844933528 -0.5670700191
0.5682272096 -0.3580084665 -0.6540325877 -0.6072004317 0.9901166034 -0.3501957531 -0.2354331891 -0.5932662733 0.9743888155 -0.5540616618 0.0603750273 -0.3353222289 -0.5809010000 -0.5633692931
0.5748427452 -0.3577007775 -0.6547670883 -0.6043380143 0.9875384189 -0.3502993811 -0.2380138907 -0.5903064211 0.9705782708 -0.5562788263 0.0639712147 -0.3354578888 -0.5773599008 -0.5597234767
0.5810935866 -0.3575817067 -0.6556142738 -0.6015310055 0.9846726985 -0.3506024908 -0.2407751919 -0.5874045752 0.9665188258 -0.5586135220 0.0677602560 -0.3357985495 -0.5738691238 -0.5561316117
0.5869837759 -0.3576483631 -0.6565719656 -0.5987783297 0.9815226991 -0.3511020167 -0.2437140561 -0.5845596435 0.9622133408 -0.5610633997 0.0717389318 -0.3363410798 -0.5704277377 -0.5525927395
0.5925173549 -0.3578978553 -0.6576379851 -0.5960789112 0.9780916771 -0.3517948934 -0.2468274464 -0.5817705337 0.9576646766 -0.5636261104 0.0759040224 -0.3370823486 -0.5670348109 -0.5491059019
0.5976983656 -0.3583272922 -0.6588101538 -0.5934316743 0.9743828893 -0.3526780555 -0.2501123264 -0.5790361540 0.9528756937 -0.5662993050 0.0802523084 -0.3380192247 -0.5636894122 -0.5456701403
