0.0126898558 0.1460461330 0.2756843961 0.0521444449 -0.1270176746 0.1100899672 0.4535253058 0.0512259480 0.4487137627 0.1789275732 -0.5427891124 0.2524468487 0.0358414373 0.0365686882
-0.0019003614 0.1285531482 0.2572468326 0.0385098159 -0.1365070087 0.0925743084 0.4589901381 0.0376018875 0.4530735363 0.1901420107 -0.5479375224 0.2341747955 0.0223527931 0.0231220141
-0.0167171434 0.1108351272 0.2385225090 0.0245879245 -0.1459051752 0.0748575696 0.4646537909 0.0236908696 0.4576729152 0.2015589524 -0.5532311236 0.2156274129 0.0085837031 0.0093929528
-0.0317621906 0.0928907539 0.2195095248 0.0103762618 -0.1552098101 0.0569389173 0.4705187004 0.0094903875 0.4625149324 0.2131802123 -0.5586717720 0.1968028920 -0.0054682803 -0.0046209704
-0.0470372034 0.0747187124 0.2002059796 -0.0041276814 -0.1644185496 0.0388175184 0.4765873028 -0.0050020656 0.4676026210 0.2250076042 -0.5642613234 0.1776994238 -0.0198056047 -0.0189222302
-0.0625438823 0.0563176866 0.1806099729 -0.0189264141 -0.1735290299 0.0204925395 0.4828620344 -0.0197889965 0.4729390141 0.2370429422 -0.5700016339 0.1583151992 -0.0344307176 -0.0335133014
-0.0782839278 0.0376863602 0.1607196043 -0.0340224454 -0.1825388872 0.0019631474 0.4893453315 -0.0348729119 0.4785271448 0.2492880402 -0.5758945593 0.1386484093 -0.0493460665 -0.0483966586
-0.0942590402 0.0188234174 0.1405329733 -0.0494182844 -0.1914457576 -0.0167714913 0.4960396301 -0.0502563188 0.4843700461 0.2617447121 -0.5819419556 0.1186972451 -0.0645540989 -0.0635747767
-0.1104709201 -0.0002724580 0.1200481795 -0.0651164402 -0.2002472774 -0.0357122098 0.5029473666 -0.0659417238 0.4904707512 0.2744147718 -0.5881456788 0.0984598976 -0.0800572625 -0.0790501303
-0.1269212679 -0.0196025821 0.0992633224 -0.0811194217 -0.2089410826 -0.0548598415 0.5100709771 -0.0819316338 0.4968322932 0.2873000334 -0.5945075848 0.0779345577 -0.0958580048 -0.0948251942
-0.1436117840 -0.0391682710 0.0781765017 -0.0974297381 -0.2175248096 -0.0742152195 0.5174128980 -0.0982285554 0.5034577051 0.3004023107 -0.6010295296 0.0571194166 -0.1119587733 -0.1109024430
-0.1605441689 -0.0589708407 0.0567858167 -0.1140498985 -0.2259960944 -0.0937791772 0.5249755653 -0.1148349956 0.5103500199 0.3137234176 -0.6077133690 0.0360126651 -0.1283620155 -0.1272843515
-0.1777201230 -0.0790116072 0.0350893671 -0.1309824120 -0.2343525732 -0.1135525479 0.5327614154 -0.1317534611 0.5175122709 0.3272651682 -0.6145609591 0.0146124944 -0.1450701790 -0.1439733945
-0.1951413468 -0.0992918868 0.0130852525 -0.1482297875 -0.2425918823 -0.1335361649 0.5407728845 -0.1489864587 0.5249474911 0.3410293763 -0.6215741559 -0.0070829046 -0.1620857114 -0.1609720467
-0.2128095408 -0.1198129953 -0.0092284276 -0.1657945342 -0.2507116577 -0.1537308614 0.5490124088 -0.1665364952 0.5326587135 0.3550178560 -0.6287548151 -0.0290753410 -0.1794110601 -0.1782827827
