-0.5192858337 -0.5932824242 -0.7211829662 -0.8571600983 -0.1575095532 -0.5857512917 -0.5193500147 -0.8628269419 0.0400783405 -0.8570849485 0.4707386553 -0.6106936408 -0.8558924721 -0.8762777644
-0.5183819238 -0.5905634178 -0.7190485860 -0.8583294200 -0.1532529455 -0.5829926930 -0.5146748102 -0.8639774615 0.0464009943 -0.8454647704 0.4653419210 -0.6079351499 -0.8575088618 -0.8781240972
-0.5172703739 -0.5876098849 -0.7166588973 -0.8592398521 -0.1488357537 -0.5800007559 -0.5097659223 -0.8648678622 0.0528601536 -0.8334968470 0.4597159554 -0.6049384815 -0.8588696936 -0.8797125038
-0.5159575068 -0.5844292009 -0.7140212149 -0.8598972902 -0.1442653303 -0.5767828618 -0.5046315788 -0.8655040596 0.0594477850 -0.8211935135 0.4538692614 -0.6017110629 -0.8599806352 -0.8810485732
-0.5144496454 -0.5810287411 -0.7111428536 -0.8603076302 -0.1395490277 -0.5733463923 -0.4992800073 -0.8658919692 0.0661558552 -0.8085671053 0.4478103421 -0.5982603213 -0.8608473542 -0.8821378941
-0.5127531125 -0.5774158809 -0.7080311280 -0.8604767677 -0.1346941983 -0.5696987290 -0.4937194356 -0.8660375067 0.0729763309 -0.7956299578 0.4415477002 -0.5945936841 -0.8614755181 -0.8829860555
-0.5108742312 -0.5735979957 -0.7046933529 -0.8604105984 -0.1297081945 -0.5658472533 -0.4879580912 -0.8659465875 0.0799011786 -0.7823944063 0.4350898387 -0.5907185784 -0.8618707945 -0.8835986460
-0.5088193241 -0.5695824607 -0.7011368431 -0.8601150179 -0.1245983688 -0.5617993469 -0.4820042021 -0.8656251273 0.0869223650 -0.7688727862 0.4284452606 -0.5866424315 -0.8620388509 -0.8839812547
-0.5065947143 -0.5653766514 -0.6973689133 -0.8595959220 -0.1193720735 -0.5575623912 -0.4758659957 -0.8650790417 0.0940318567 -0.7550774328 0.4216224687 -0.5823726706 -0.8619853551 -0.8841394703
-0.5042067246 -0.5609879430 -0.6933968783 -0.8588592063 -0.1140366611 -0.5531437678 -0.4695516999 -0.8643142463 0.1012216204 -0.7410206814 0.4146299660 -0.5779167230 -0.8617159744 -0.8840788816
-0.5016616779 -0.5564237111 -0.6892280528 -0.8579107665 -0.1085994840 -0.5485508582 -0.4630695423 -0.8633366565 0.1084836227 -0.7267148676 0.4074762553 -0.5732820159 -0.8612363765 -0.8838050775
-0.4989658971 -0.5516913309 -0.6848697515 -0.8567564984 -0.1030678946 -0.5437910440 -0.4564277506 -0.8621521881 0.1158098302 -0.7121723265 0.4001698397 -0.5684759766 -0.8605522289 -0.8833236469
-0.4961257050 -0.5467981778 -0.6803292893 -0.8554022976 -0.0974492454 -0.5388717067 -0.4496345525 -0.8607667566 0.1231922096 -0.6974053935 0.3927192219 -0.5635060323 -0.8596691993 -0.8826401785
-0.4931474246 -0.5417516271 -0.6756139809 -0.8538540598 -0.0917508887 -0.5338002278 -0.4426981756 -0.8591862775 0.1306227276 -0.6824264041 0.3851329050 -0.5583796102 -0.8585929552 -0.8817602613
-0.4900373787 -0.5365590542 -0.6707311409 -0.8521176807 -0.0859801770 -0.5285839890 -0.4356268478 -0.8574166665 0.1380933506 -0.6672476935 0.3774193918 -0.5531041376 -0.8573291641 -0.8806894840
