-0.5403154544 -0.6194332244 -0.5506546053 -0.3731695349 -0.8311546599 -0.6215895880 -0.7267622177 -0.3732899684 -0.7569622581 -0.8364933947 0.7886061471 -0.5862356311 -0.3488900226 -0.3476759633
-0.5302566420 -0.6100394725 -0.5401121529 -0.3607708447 -0.8259766018 -0.6122238483 -0.7188874029 -0.3608871006 -0.7552390535 -0.8301881993 0.7820500774 -0.5763950634 -0.3363095133 -0.3350099853
-0.5201587391 -0.6005851453 -0.5295064200 -0.3483358869 -0.8207604041 -0.6027972781 -0.7109403418 -0.3484477585 -0.7534816816 -0.8237783149 0.7754300224 -0.5664969747 -0.3236982071 -0.3223108143
-0.5100242518 -0.5910723656 -0.5188396187 -0.3358674586 -0.8155080222 -0.5933119932 -0.7029228101 -0.3359747369 -0.7516915032 -0.8172645684 0.7687477211 -0.5565435821 -0.3110589973 -0.3095813189
-0.4998556866 -0.5815032558 -0.5081139614 -0.3233683573 -0.8102214114 -0.5837701092 -0.6948365833 -0.3234708307 -0.7498698794 -0.8106477866 0.7620049125 -0.5465371028 -0.2983947773 -0.2968243677
-0.4896555496 -0.5718799385 -0.4973316604 -0.3108413801 -0.8049025270 -0.5741737417 -0.6866834368 -0.3109388346 -0.7480181713 -0.8039287966 0.7552033358 -0.5364797536 -0.2857084403 -0.2840428292
-0.4794263471 -0.5622045362 -0.4864949280 -0.2982893244 -0.7995533244 -0.5645250065 -0.6784651463 -0.2983815436 -0.7461377397 -0.7971084252 0.7483447299 -0.5263737518 -0.2730028799 -0.2712395720
-0.4691705855 -0.5524791713 -0.4756059765 -0.2857149875 -0.7941757589 -0.5548260190 -0.6701834873 -0.2858017524 -0.7442299458 -0.7901874992 0.7414308339 -0.5162213144 -0.2602809892 -0.2584174647
-0.4588907709 -0.5427059666 -0.4646670181 -0.2731211666 -0.7887717858 -0.5450788951 -0.6618402353 -0.2732022558 -0.7422961505 -0.7831668457 0.7344633868 -0.5060246584 -0.2475456617 -0.2455793760
-0.4485894097 -0.5328870443 -0.4536802652 -0.2605106591 -0.7833433605 -0.5352857504 -0.6534371658 -0.2605858488 -0.7403377148 -0.7760472916 0.7274441276 -0.4957860009 -0.2347997907 -0.2327281743
-0.4382690082 -0.5230245272 -0.4426479300 -0.2478862623 -0.7778924382 -0.5254487005 -0.6449760544 -0.2479553260 -0.7383559998 -0.7688296636 0.7203747955 -0.4855075590 -0.2220462695 -0.2198667284
-0.4279320726 -0.5131205378 -0.4315722249 -0.2352507734 -0.7724209744 -0.5155698610 -0.6364586767 -0.2353134824 -0.7363523664 -0.7615147889 0.7132571293 -0.4751915497 -0.2092879916 -0.2069979066
-0.4175811092 -0.5031771985 -0.4204553621 -0.2226069898 -0.7669309243 -0.5056513477 -0.6278868081 -0.2226631127 -0.7343281757 -0.7541034941 0.7060928683 -0.4648401900 -0.1965278501 -0.1941245778
-0.4072186242 -0.4931966318 -0.4092995540 -0.2099577088 -0.7614242433 -0.4956952761 -0.6192622242 -0.2100070118 -0.7322847886 -0.7465966063 0.6988837513 -0.4544556972 -0.1837687386 -0.1812496103
-0.3968471240 -0.4831809605 -0.3981070128 -0.1973057275 -0.7559028866 -0.4857037620 -0.6105867005 -0.1973479745 -0.7302235662 -0.7389949524 0.6916315175 -0.4440402881 -0.1710135503 -0.1683758729
