-0.3928409427 -0.8274388236 -0.7204683352 -0.2303180412 -0.9348787094 -0.8253783427 -0.9677303612 -0.2312027324 -0.9191737396 -0.9814196502 0.9973437128 -0.8180067409 -0.1514186884 -0.1527918930
-0.3908609077 -0.8236994276 -0.7159322514 -0.2277901344 -0.9380069490 -0.8213547453 -0.9659496168 -0.2286628830 -0.9225499511 -0.9801303683 0.9967916285 -0.8142230377 -0.1491010812 -0.1505270283
-0.3888923158 -0.8199266763 -0.7113728803 -0.2252807989 -0.9410656537 -0.8172901589 -0.9641180104 -0.2261416132 -0.9258646588 -0.9787940428 0.9961859797 -0.8104079777 -0.1468040041 -0.1482824818
-0.3869356247 -0.8161207906 -0.7067905616 -0.2227905603 -0.9440542374 -0.8131847501 -0.9622353103 -0.2236394494 -0.9291171421 -0.9774103169 0.9955263957 -0.8065618011 -0.1445279754 -0.1460587671
-0.3849912919 -0.8122819914 -0.7021856348 -0.2203199445 -0.9469721144 -0.8090386853 -0.9603012846 -0.2211569184 -0.9323066802 -0.9759788340 0.9948125063 -0.8026847479 -0.1422735133 -0.1438563976
-0.3830597751 -0.8084104998 -0.6975584396 -0.2178694770 -0.9498186986 -0.8048521312 -0.9583157016 -0.2186945468 -0.9354325525 -0.9744992374 0.9940439408 -0.7987770583 -0.1400411359 -0.1416758870
-0.3811415320 -0.8045065365 -0.6929093156 -0.2154396837 -0.9525934043 -0.8006252543 -0.9562783295 -0.2162528611 -0.9384940383 -0.9729711703 0.9932203290 -0.7948389725 -0.1378313615 -0.1395177487
-0.3792370203 -0.8005703226 -0.6882386025 -0.2130310902 -0.9552956454 -0.7963582210 -0.9541889364 -0.2138323881 -0.9414904171 -0.9713942760 0.9923413002 -0.7908707305 -0.1356447082 -0.1373824963
-0.3773466974 -0.7966020790 -0.6835466398 -0.2106442223 -0.9579248361 -0.7920511980 -0.9520472907 -0.2114336543 -0.9444209680 -0.9697681979 0.9914064842 -0.7868725724 -0.1334816942 -0.1352706433
-0.3754710212 -0.7926020267 -0.6788337672 -0.2082796058 -0.9604803905 -0.7877043519 -0.9498531604 -0.2090571865 -0.9472849705 -0.9680925791 0.9904155103 -0.7828447385 -0.1313428379 -0.1331827031
-0.3736104492 -0.7885703865 -0.6741003242 -0.2059377663 -0.9629617226 -0.7833178490 -0.9476063139 -0.2067035111 -0.9500817039 -0.9663670630 0.9893680083 -0.7787874689 -0.1292286572 -0.1311191894
-0.3717654390 -0.7845073794 -0.6693466506 -0.2036192296 -0.9653682465 -0.7788918560 -0.9453065193 -0.2043731549 -0.9528104475 -0.9645912929 0.9882636075 -0.7747010036 -0.1271396705 -0.1290806157
-0.3699364484 -0.7804132263 -0.6645730859 -0.2013245214 -0.9676993764 -0.7744265395 -0.9429535449 -0.2020666444 -0.9554704807 -0.9627649120 0.9871019377 -0.7705855829 -0.1250763960 -0.1270674955
-0.3681239350 -0.7762881482 -0.6597799697 -0.1990541675 -0.9699545263 -0.7699220659 -0.9405471588 -0.1997845064 -0.9580610828 -0.9608875636 0.9858826282 -0.7664414468 -0.1230393518 -0.1250803422
-0.3663283563 -0.7721323660 -0.6549676417 -0.1968086935 -0.9721331102 -0.7653786018 -0.9380871292 -0.1975272674 -0.9605815332 -0.9589588911 0.9846053088 -0.7622688355 -0.1210290562 -0.1231196695
