0.8899660576 0.9145358604 0.9742613449 0.7793205199 0.9100974668 0.7881370705 0.8956672309 0.7613314772 0.9106280211 -0.3533957063 -0.9560221001 0.8979316510 0.8657630034 0.8414286957
0.8541427975 0.8862732812 0.9674449454 0.8025495115 0.8814461878 0.7621578087 0.8615536012 0.7857240902 0.8822699798 -0.3571126214 -0.9416950155 0.8644482051 0.8828172772 0.8603359380
0.8187432481 0.8581272928 0.9599364533 0.8243779405 0.8534401457 0.7361372791 0.8277709901 0.8086867514 0.8546136176 -0.3611322115 -0.9275303173 0.8312356760 0.8986341351 0.8779547621
0.7837652196 0.8301002094 0.9517494314 0.8448252342 0.8260716131 0.7100817554 0.7943188208 0.8302392038 0.8276501562 -0.3654468123 -0.9135257730 0.7982948128 0.9132311814 0.8943033637
0.7492065223 0.8021943454 0.9428974426 0.8639108194 0.7993328623 0.6839975111 0.7611965164 0.8504011905 0.8013708175 -0.3700487598 -0.8996791498 0.7656263647 0.9266260208 0.9093999384
0.7150649664 0.7744120150 0.9333940497 0.8816541234 0.7732161660 0.6578908197 0.7284035001 0.8691924546 0.7757668234 -0.3749303895 -0.8859882150 0.7332310806 0.9388362578 0.9232626819
0.6813383622 0.7467555326 0.9232528157 0.8980745732 0.7477137967 0.6317679547 0.6959391949 0.8866327391 0.7508293957 -0.3800840374 -0.8724507360 0.7011097096 0.9498794969 0.9359097899
0.6480245199 0.7192272123 0.9124873033 0.9131915958 0.7228180269 0.6056351898 0.6638030242 0.9027417872 0.7265497563 -0.3855020391 -0.8590644801 0.6692630008 0.9597733426 0.9473594581
0.6151212496 0.6918293686 0.9011110754 0.9270246182 0.6985211290 0.5794987984 0.6319944109 0.9175393419 0.7029191270 -0.3911767304 -0.8458272145 0.6376917032 0.9685353995 0.9576298821
0.5826263617 0.6645643156 0.8891376949 0.9395930677 0.6748153757 0.5533650541 0.6005127783 0.9310451463 0.6799287298 -0.3971004471 -0.8327367066 0.6063965658 0.9761832721 0.9667392577
0.5505376664 0.6374343677 0.8765807246 0.9509163712 0.6516930394 0.5272402305 0.5693575496 0.9432789436 0.6575697863 -0.4032655250 -0.8197907237 0.5753783377 0.9827345649 0.9747057805
0.5188529738 0.6104418391 0.8634537274 0.9610139558 0.6291463927 0.5011306011 0.5385281478 0.9542604767 0.6358335187 -0.4096642998 -0.8069870331 0.5446377679 0.9882068825 0.9815476462
0.4875700943 0.5835890441 0.8497702662 0.9699052485 0.6071677080 0.4750424395 0.5080239961 0.9640094889 0.6147111485 -0.4162891073 -0.7943234022 0.5141756055 0.9926178293 0.9872830506
0.4566868381 0.5568782971 0.8355439038 0.9776096765 0.5857492580 0.4489820191 0.4778445177 0.9725457231 0.5941938979 -0.4231322833 -0.7817975981 0.4839925996 0.9959850099 0.9919301892
0.4262010154 0.5303119122 0.8207882032 0.9841466668 0.5648833150 0.4229556136 0.4479891357 0.9798889225 0.5742729885 -0.4301861635 -0.7694073883 0.4540894991 0.9983260289 0.9955072577
