-0.5776080325 -0.9115974518 -0.9390883268 -0.5541621985 -0.9698240151 -0.9108435445 -0.9685480754 -0.5506683949 -0.9906133978 -0.9956596643 0.9867663980 -0.9049988870 -0.2561299545 -0.2607606447
-0.5645520919 -0.9020273604 -0.9311316643 -0.5328185447 -0.9646995815 -0.9012039541 -0.9630019170 -0.5292613470 -0.9877746374 -0.9937561564 0.9832079604 -0.8950705324 -0.2340654336 -0.2387671943
-0.5511583085 -0.8920325085 -0.9227353334 -0.5111654688 -0.9592164936 -0.8911362545 -0.9570408681 -0.5075468155 -0.9845850564 -0.9915155059 0.9792487283 -0.8847204079 -0.2118552653 -0.2166222136
-0.5374391881 -0.8816227427 -0.9139076840 -0.4892167965 -0.9533839329 -0.8806502259 -0.9506725265 -0.4855386499 -0.9810525326 -0.9889411430 0.9748954126 -0.8739586771 -0.1895113399 -0.1943376884
-0.5234072366 -0.8708079095 -0.9046570663 -0.4669863536 -0.9472110814 -0.8697556487 -0.9439044903 -0.4632506993 -0.9771849439 -0.9860364982 0.9701547242 -0.8627955039 -0.1670455474 -0.1719256046
-0.5090749598 -0.8595978553 -0.8949918302 -0.4444879658 -0.9407071208 -0.8584623031 -0.9367443576 -0.4406968129 -0.9729901683 -0.9828050017 0.9650333739 -0.8512410519 -0.1444697780 -0.1493979479
-0.4944548636 -0.8480024269 -0.8849203260 -0.4217354589 -0.9338812330 -0.8467799694 -0.9291997265 -0.4178908401 -0.9684760835 -0.9792500840 0.9595380726 -0.8393054849 -0.1217959218 -0.1267667042
-0.4795594537 -0.8360314707 -0.8744509036 -0.3987426586 -0.9267425996 -0.8347184278 -0.9212781948 -0.3948466300 -0.9636505675 -0.9753751755 0.9536755310 -0.8269989664 -0.0990358690 -0.1040438592
-0.4644012360 -0.8236948332 -0.8635919132 -0.3755233907 -0.9193004025 -0.8222874586 -0.9129873607 -0.3715780320 -0.9585214982 -0.9711837065 0.9474524600 -0.8143316603 -0.0762015096 -0.0812413988
-0.4489927163 -0.8110023610 -0.8523517047 -0.3520914811 -0.9115638234 -0.8094968421 -0.9043348221 -0.3480988952 -0.9530967534 -0.9666791073 0.9408755704 -0.8013137302 -0.0533047337 -0.0583713089
-0.4333464005 -0.7979639006 -0.8407386283 -0.3284607553 -0.9035420442 -0.7963563585 -0.8953281772 -0.3244230690 -0.9473842110 -0.9618648084 0.9339515731 -0.7879553398 -0.0303574315 -0.0354455752
-0.4174747945 -0.7845892985 -0.8287610340 -0.3046450392 -0.8952442467 -0.7828757881 -0.8859750239 -0.3005644025 -0.9413917490 -0.9567442401 0.9266871790 -0.7742666528 -0.0073714932 -0.0124761835
-0.4013904039 -0.7708884014 -0.8164272718 -0.2806581586 -0.8866796126 -0.7690649111 -0.8762829602 -0.2765367450 -0.9351272451 -0.9513208328 0.9190890988 -0.7602578330 0.0156411913 0.0105248802
-0.3851057348 -0.7568710557 -0.8037456920 -0.2565139392 -0.8778573237 -0.7549335079 -0.8662595843 -0.2523539458 -0.9285985774 -0.9455980168 0.9111640433 -0.7459390440 0.0386687317 0.0335456303
-0.3686332928 -0.7425471079 -0.7907246444 -0.2322262068 -0.8687865618 -0.7404913586 -0.8559124941 -0.2280298541 -0.9218136236 -0.9395792225 0.9029187235 -0.7313204496 0.0616992380 0.0565740809
