-0.3756428161 -0.4517750451 -0.3310613022 -0.0360189643 -0.9927916343 -0.5077729276 -0.9093687923 -0.0543881830 -0.8666950614 -0.9602564168 0.9382059616 -0.4176970918 0.0059609502 -0.0038841489
-0.3444506639 -0.4199453139 -0.2979912608 0.0013187991 -0.9954442721 -0.4782499955 -0.8998640998 -0.0166607768 -0.8794660288 -0.9663781154 0.9465531605 -0.3849059884 0.0393683366 0.0293701175
-0.3131201551 -0.3876463460 -0.2645991230 0.0385632035 -0.9975051159 -0.4482840108 -0.8898756314 0.0209798079 -0.8917633232 -0.9720714156 0.9543873741 -0.3516744465 0.0726734587 0.0625263419
-0.2817015472 -0.3549161396 -0.2309218348 0.0756530110 -0.9989604772 -0.4179130625 -0.8794020039 0.0584718821 -0.9035574098 -0.9773115787 0.9616851522 -0.3180421085 0.1058197306 0.0955281279
-0.2502450974 -0.3217926931 -0.1969963423 0.1125269837 -0.9997966680 -0.3871752397 -0.8684418340 0.0957537568 -0.9148187535 -0.9820738659 0.9684230450 -0.2840486168 0.1387505666 0.1283190791
-0.2188010629 -0.2883140050 -0.1628595918 0.1491238837 -1.0000000000 -0.3561086314 -0.8569937384 0.1327637429 -0.9255178194 -0.9863335388 0.9745776026 -0.2497336138 0.1714093806 0.1608427990
-0.1874197010 -0.2545180735 -0.1285485292 0.1853824730 -0.9995567850 -0.3247513265 -0.8450563338 0.1694401516 -0.9356250725 -0.9900658586 0.9801253749 -0.2151367419 0.2037395869 0.1930428911
-0.1561512689 -0.2204428970 -0.0941001008 0.2212415139 -0.9984533347 -0.2931414141 -0.8326282368 0.2057212937 -0.9451109780 -0.9932460868 0.9850429121 -0.1802976434 0.2356845997 0.2248629588
-0.1250460240 -0.1861264738 -0.0595512526 0.2566397684 -0.9966759609 -0.2613169833 -0.8197080643 0.2415454802 -0.9539460009 -0.9958494846 0.9893067642 -0.1452559608 0.2671878330 0.2562466058
-0.0941542236 -0.1516068024 -0.0249389308 0.2915159986 -0.9942109754 -0.2293161229 -0.8062944329 0.2768510222 -0.9621006063 -0.9978513135 0.9928934813 -0.1100513364 0.2981927010 0.2871374355
-0.0635261247 -0.1169218811 0.0096999185 0.3258089667 -0.9910446900 -0.1971769220 -0.7923859592 0.3115762306 -0.9695452591 -0.9992268347 0.9957796133 -0.0747234127 0.3286426179 0.3174790515
-0.0332119849 -0.0821097083 0.0443283492 0.3594574346 -0.9871634164 -0.1649374696 -0.7779812601 0.3456594165 -0.9762504246 -0.9999513098 0.9979417104 -0.0393118321 0.3584809978 0.3472150573
-0.0032620612 -0.0472082822 0.0789094151 0.3924001646 -0.9825534665 -0.1326358548 -0.7630789522 0.3790388908 -0.9821865677 -1.0000000000 0.9993563226 -0.0038562369 0.3876512548 0.3762890564
0.0262733890 -0.0122556014 0.1134061702 0.4245759186 -0.9772011519 -0.1003101664 -0.7476776522 0.4116529645 -0.9873241535 -0.9993481667 1.0000000000 0.0316037304 0.4160968031 0.4046446523
0.0553441085 0.0227103360 0.1477816683 0.4559234590 -0.9710927845 -0.0679984937 -0.7317759768 0.4434399485 -0.9916336470 -0.9979710713 0.9998492926 0.0670284275 0.4437610569 0.4322254486
