0.5431167015 0.9922237585 1.0000000000 0.3545464706 0.4572427000 0.7909357950 0.5564079149 0.3583305736 0.2071246381 0.4526452854 -0.5235689646 0.9984754930 0.3038269126 0.2998507856
0.5310654737 0.9947696615 0.9995270129 0.3406530856 0.4655373932 0.7744050263 0.5671206100 0.3443907568 0.2165314636 0.4329291631 -0.5040016927 0.9995128223 0.2901754634 0.2863138220
0.5183401884 0.9968248019 0.9984858728 0.3262757401 0.4739275880 0.7571677101 0.5777830263 0.3299658148 0.2261729521 0.4128279269 -0.4839949374 1.0000000000 0.2760677516 0.2723197320
0.5049321661 0.9983822927 0.9968689711 0.3114087549 0.4824145875 0.7392157034 0.5883939588 0.3150500610 0.2360521420 0.3923397497 -0.4635460965 0.9999293609 0.2614984395 0.2578631443
0.4908327269 0.9994352472 0.9946686988 0.2960464508 0.4909996948 0.7205408631 0.5989522024 0.2996378085 0.2461720714 0.3714628046 -0.4426525680 0.9992932399 0.2464621895 0.2429386877
0.4760331911 0.9999767786 0.9918774472 0.2801831488 0.4996842128 0.7011350460 0.6094565520 0.2837233707 0.2565357787 0.3501952645 -0.4213117500 0.9980839720 0.2309536640 0.2275409911
0.4605248790 1.0000000000 0.9884876075 0.2638131695 0.5084694446 0.6809901090 0.6199058026 0.2673010609 0.2671463022 0.3285353023 -0.3995210403 0.9962938920 0.2149675251 0.2116646833
0.4442991109 0.9994980246 0.9844915709 0.2469308339 0.5173566934 0.6600979092 0.6302987490 0.2503651922 0.2780066800 0.3064810910 -0.3772778369 0.9939153349 0.1984984354 0.1953043930
0.4273472072 0.9984639657 0.9798817286 0.2295304627 0.5263472621 0.6384503033 0.6406341863 0.2329100779 0.2891199506 0.2840308037 -0.3545795377 0.9909406354 0.1815410570 0.1784547490
0.4096604880 0.9968909363 0.9746504717 0.2116063769 0.5354424537 0.6160391484 0.6509109094 0.2149300314 0.3004891521 0.2611826131 -0.3314235408 0.9873621287 0.1640900525 0.1611103803
0.3912302737 0.9947720497 0.9687901915 0.1931528972 0.5446435714 0.5928563012 0.6611277131 0.1964193659 0.3121173229 0.2379346924 -0.3078072440 0.9831721494 0.1461400840 0.1432659155
0.3720478846 0.9921004191 0.9622932792 0.1741643444 0.5539519182 0.5688936188 0.6712833925 0.1773723946 0.3240075012 0.2142852144 -0.2837280453 0.9783630326 0.1276858139 0.1249159836
0.3521046409 0.9888691576 0.9551521260 0.1546350394 0.5633687971 0.5441429580 0.6813767425 0.1577834308 0.3361627252 0.1902323521 -0.2591833428 0.9729271132 0.1087219047 0.1060552132
0.3313918629 0.9850713784 0.9473591230 0.1345593031 0.5728955113 0.5185961757 0.6914065579 0.1376467878 0.3485860333 0.1657742785 -0.2341705342 0.9668567259 0.0892430185 0.0866782333
0.3099008710 0.9807001948 0.9389066615 0.1139314562 0.5825333636 0.4922451289 0.7013716338 0.1169567789 0.3612804638 0.1409091666 -0.2086870177 0.9601442059 0.0692438178 0.0667796726
