0.0086512859 -0.0405812881 -0.0099931810 0.1032649196 0.0341432993 -0.1708061756 -0.0499519724 0.1031870628 0.0279340155 -0.3687063595 -0.3794942602 -0.0490913571 0.1199179649 0.1146350017
0.0080423352 -0.0430952491 -0.0111859101 0.1032314263 0.0258455325 -0.1725188100 -0.0539627009 0.1031411129 0.0135221061 -0.3720088542 -0.3680212310 -0.0511680665 0.1200299911 0.1147715346
0.0074135644 -0.0456211986 -0.0123953584 0.1031600346 0.0175153785 -0.1742169870 -0.0579850400 0.1030572676 -0.0009269660 -0.3752594568 -0.3564446508 -0.0532546586 0.1201009804 0.1148680955
0.0067711800 -0.0481518284 -0.0136149833 0.1030566506 0.0091635806 -0.1758939227 -0.0620108042 0.1029414406 -0.0153988605 -0.3784505277 -0.3447772718 -0.0553440859 0.1201367599 0.1149304951
0.0061213888 -0.0506798301 -0.0148382417 0.1029271807 0.0008008824 -0.1775428333 -0.0660318077 0.1027995452 -0.0298792371 -0.3815744269 -0.3330318464 -0.0574293010 0.1201431570 0.1149645442
0.0054703973 -0.0531978957 -0.0160585911 0.1027775309 -0.0075619729 -0.1791569351 -0.0700398652 0.1026374951 -0.0443537558 -0.3846235152 -0.3212211271 -0.0595032567 0.1201259989 0.1149760534
0.0048244124 -0.0556987167 -0.0172694884 0.1026136074 -0.0159142418 -0.1807294441 -0.0740267910 0.1024612037 -0.0588080760 -0.3875901525 -0.3093578662 -0.0615589054 0.1200911129 0.1149708335
0.0041896408 -0.0581749850 -0.0184643909 0.1024413166 -0.0242451810 -0.1822535766 -0.0779843994 0.1022765844 -0.0732278576 -0.3904666992 -0.2974548161 -0.0635891997 0.1200443262 0.1149546951
0.0035722891 -0.0606193923 -0.0196367558 0.1022665646 -0.0325440470 -0.1837225487 -0.0819045048 0.1020895509 -0.0875987603 -0.3932455156 -0.2855247293 -0.0655870924 0.1199914663 0.1149334490
0.0029785640 -0.0630246304 -0.0207800402 0.1020952575 -0.0408000964 -0.1851295765 -0.0857789217 0.1019060167 -0.1019064439 -0.3959189621 -0.2735803580 -0.0675455359 0.1199383603 0.1149129059
0.0024146722 -0.0653833909 -0.0218877013 0.1019333017 -0.0490025859 -0.1864678764 -0.0895994644 0.1017318952 -0.1161365681 -0.3984793990 -0.2616344547 -0.0694574828 0.1198908354 0.1148988765
0.0018868205 -0.0676883657 -0.0229531964 0.1017866033 -0.0571407721 -0.1877306645 -0.0933579474 0.1015730999 -0.1302747926 -0.4009191864 -0.2496997718 -0.0713158858 0.1198547191 0.1148971715
0.0014012154 -0.0699322465 -0.0239699825 0.1016610685 -0.0652039115 -0.1889111568 -0.0970461851 0.1014355444 -0.1443067773 -0.4032306848 -0.2377890617 -0.0731136975 0.1198358386 0.1149136016
0.0009640638 -0.0721077251 -0.0249315169 0.1015626035 -0.0731812608 -0.1900025697 -0.1006559918 0.1013251421 -0.1582181818 -0.4054062545 -0.2259150767 -0.0748438705 0.1198400210 0.1149539776
0.0005815723 -0.0742074932 -0.0258312567 0.1014971146 -0.0810620767 -0.1909981193 -0.1041791820 0.1012478066 -0.1719946659 -0.4074382557 -0.2140905693 -0.0764993574 0.1198730938 0.1150241101
