0.0441140424 -0.0460482241 0.0608180389 0.2569923273 -0.2201430455 -0.0467256974 -0.2377834790 0.2589164866 -0.4725091604 -0.3185693975 0.3876201327 -0.0664584978 0.2850498305 0.2844014457
0.0498712457 -0.0389752113 0.0687111938 0.2643682503 -0.2182382245 -0.0393455497 -0.2305019591 0.2663111302 -0.4736750680 -0.3047604538 0.3813982150 -0.0594743736 0.2923581847 0.2917777623
0.0553711403 -0.0321289933 0.0763675666 0.2714348201 -0.2164860307 -0.0321832160 -0.2233782134 0.2733963784 -0.4749017053 -0.2908690978 0.3753126611 -0.0527131213 0.2993472801 0.2988368606
0.0606082317 -0.0255148748 0.0837816597 0.2781856754 -0.2148899981 -0.0252439130 -0.2164166859 0.2801658679 -0.4761909483 -0.2768971327 0.3693675466 -0.0461799887 0.3060106383 0.3055722820
0.0655770252 -0.0191381604 0.0909479757 0.2846144552 -0.2134536608 -0.0185328571 -0.2096218208 0.2866132358 -0.4775446733 -0.2628463614 0.3635669475 -0.0398802237 0.3123417807 0.3119775678
0.0702720264 -0.0130041549 0.0978610170 0.2907147984 -0.2121805530 -0.0120552650 -0.2029980622 0.2927321188 -0.4789647564 -0.2487185869 0.3579149394 -0.0338190739 0.3183342290 0.3180462596
0.0746877405 -0.0071181628 0.1045152862 0.2964803437 -0.2110742087 -0.0058163532 -0.1965498541 0.2985161538 -0.4804530739 -0.2345156124 0.3524155981 -0.0280017871 0.3239815045 0.3237718988
0.0788186730 -0.0014854887 0.1109052858 0.3019047301 -0.2101381621 0.0001786618 -0.1902816406 0.3039589778 -0.4820115020 -0.2202392408 0.3470729995 -0.0224336110 0.3292771289 0.3291480268
0.0826593293 0.0038885626 0.1170255183 0.3069815965 -0.2093759473 0.0059245634 -0.1841978658 0.3090542275 -0.4836419169 -0.2058912752 0.3418912193 -0.0171197934 0.3342146237 0.3341681851
0.0862042149 0.0089986866 0.1228704863 0.3117045817 -0.2087910983 0.0114161350 -0.1783029739 0.3137955400 -0.4853461947 -0.1914735186 0.3368743332 -0.0120655820 0.3387875104 0.3388259150
0.0894478351 0.0138395786 0.1284346921 0.3160673246 -0.2083871494 0.0166481602 -0.1726014088 0.3181765519 -0.4871262117 -0.1769877741 0.3320264172 -0.0072762246 0.3429893104 0.3431147580
0.0923846953 0.0184059339 0.1337126384 0.3200634641 -0.2081676347 0.0216154224 -0.1670976147 0.3221909003 -0.4889838440 -0.1624358447 0.3273515470 -0.0027569689 0.3468135454 0.3470282555
0.0950093010 0.0226924479 0.1386988276 0.3236866390 -0.2081360882 0.0263127049 -0.1617960356 0.3258322219 -0.4909209679 -0.1478195334 0.3228537983 0.0014869374 0.3502537369 0.3505599490
0.0973161575 0.0266938160 0.1433877623 0.3269304883 -0.2082960440 0.0307347914 -0.1567011157 0.3290941538 -0.4929394595 -0.1331406432 0.3185372469 0.0054502464 0.3533034063 0.3537033799
0.0992997703 0.0304047335 0.1477739450 0.3297886507 -0.2086510363 0.0348764652 -0.1518172991 0.3319703326 -0.4950411951 -0.1184009773 0.3144059687 0.0091277105 0.3559560752 0.3564520897
