0.0561533687 0.1747625781 0.2192281798 0.1863032628 -0.1895242389 0.1896423298 0.2895965009 0.1866383260 -0.2653644834 0.3926078772 -0.2188090088 0.1692840253 0.1871063057 0.1945929259
0.0436722695 0.1667407695 0.2116044758 0.1714642894 -0.1952767188 0.1833132621 0.2885965078 0.1718025717 -0.2633395549 0.4075904934 -0.2199930768 0.1626640132 0.1719914654 0.1792946748
0.0306514264 0.1582127775 0.2034753369 0.1560511199 -0.2014201726 0.1765116190 0.2872211874 0.1563921553 -0.2615127381 0.4225689865 -0.2208627773 0.1555687759 0.1563128302 0.1634325875
0.0170849833 0.1491727511 0.1948348993 0.1400577714 -0.2079594083 0.1692317991 0.2854656407 0.1404010878 -0.2598872772 0.4375417601 -0.2214137137 0.1479927005 0.1400645765 0.1470008624
0.0029670841 0.1396148393 0.1856772996 0.1234782610 -0.2148992342 0.1614682011 0.2833249683 0.1238233804 -0.2584664167 0.4525072175 -0.2216414892 0.1399301742 0.1232408805 0.1299936979
-0.0117081272 0.1295331914 0.1759966740 0.1063066057 -0.2222444587 0.1532152237 0.2807942710 0.1066530441 -0.2572534009 0.4674637624 -0.2215417068 0.1313755839 0.1058359186 0.1124052921
-0.0269465066 0.1189219564 0.1657871588 0.0885368228 -0.2299998899 0.1444672656 0.2778686497 0.0888840901 -0.2562514741 0.4824097982 -0.2211099700 0.1223233167 0.0878438672 0.0942298434
-0.0427539104 0.1077752834 0.1550428906 0.0701629293 -0.2381703361 0.1352187254 0.2745432051 0.0705105295 -0.2554638807 0.4973437284 -0.2203418818 0.1127677597 0.0692589026 0.0754615501
-0.0591361944 0.0960873216 0.1437580056 0.0511789424 -0.2467606055 0.1254640019 0.2708130380 0.0515263734 -0.2548938650 0.5122639565 -0.2192330455 0.1027032999 0.0500752011 0.0560946105
-0.0760992149 0.0838522200 0.1319266402 0.0315788791 -0.2557755065 0.1151974937 0.2666732493 0.0319256328 -0.2545446713 0.5271688861 -0.2177790643 0.0921243243 0.0302869391 0.0361232230
-0.0936488278 0.0710641278 0.1195429308 0.0113567566 -0.2652198472 0.1044135995 0.2621189396 0.0117023189 -0.2544195441 0.5420569206 -0.2159755414 0.0810252201 0.0098882929 0.0155415857
-0.1117908893 0.0577171941 0.1066010138 -0.0094934080 -0.2750984359 0.0931067180 0.2571452097 -0.0091495572 -0.2545217276 0.5569264635 -0.2138180801 0.0694003742 -0.0111265611 -0.0056561029
-0.1305312555 0.0438055679 0.0930950254 -0.0309775975 -0.2854160808 0.0812712480 0.2517471605 -0.0306359844 -0.2548544662 0.5717759184 -0.2113022835 0.0572441737 -0.0327634466 -0.0274756446
-0.1498757823 0.0293233984 0.0790191022 -0.0531017950 -0.2961775903 0.0689015880 0.2459198928 -0.0527629516 -0.2554210043 0.5866036888 -0.2084237548 0.0445510057 -0.0550281872 -0.0499228411
-0.1698303258 0.0142648348 0.0643673804 -0.0758719832 -0.3073877725 0.0559921367 0.2396585072 -0.0755364478 -0.2562245861 0.6014081781 -0.2051780973 0.0313152572 -0.0779266067 -0.0730034941
