-0.9821952653 -0.9996514113 -0.9996798034 -0.9871340558 -0.9988319427 -0.9985823575 -0.9969026522 -0.9873396405 -0.7935750103 -0.9062963046 0.9524562710 -0.9992065094 -0.9838041419 -0.9846848983
-0.9852859185 -0.9999793278 -0.9990392695 -0.9898021853 -0.9994517545 -0.9993621358 -0.9953634120 -0.9899822362 -0.7912675732 -0.8977900844 0.9511114387 -0.9997535644 -0.9868110757 -0.9875982406
-0.9880797682 -1.0000000000 -0.9980808112 -0.9921591543 -0.9998397085 -0.9998340537 -0.9935251317 -0.9923142669 -0.7888154826 -0.8889648666 0.9495891628 -1.0000000000 -0.9895084220 -0.9902029882
-0.9905776129 -0.9997155986 -0.9968068417 -0.9942056123 -1.0000000000 -1.0000000000 -0.9913912718 -0.9943364153 -0.7862259849 -0.8798269970 0.9478960832 -0.9999480525 -0.9918966637 -0.9924997114
-0.9927802509 -0.9991282946 -0.9952197739 -0.9959422087 -0.9999368241 -0.9998618635 -0.9889652931 -0.9960493638 -0.7835063262 -0.8703828215 0.9460388398 -0.9995999579 -0.9939762839 -0.9944889806
-0.9946884807 -0.9982402588 -0.9933220208 -0.9973695930 -0.9996543762 -0.9994215331 -0.9862506560 -0.9974537951 -0.7806637530 -0.8606386859 0.9440240725 -0.9989579524 -0.9957477655 -0.9961713660
-0.9963031008 -0.9970536620 -0.9911159955 -0.9984884149 -0.9991568514 -0.9986808975 -0.9832508211 -0.9985503918 -0.7777055114 -0.8506009361 0.9418584211 -0.9980242722 -0.9972115915 -0.9975474382
-0.9976249095 -0.9955706750 -0.9886041109 -0.9992993236 -0.9984484450 -0.9976418455 -0.9799692492 -0.9993398364 -0.7746388479 -0.8402759178 0.9395485256 -0.9968011534 -0.9983682450 -0.9986177673
-0.9986547054 -0.9937934688 -0.9857887802 -0.9998029688 -0.9975333523 -0.9963062659 -0.9764094007 -0.9998228116 -0.7714710087 -0.8296699770 0.9371010258 -0.9952908322 -0.9992182089 -0.9993829237
-0.9993932868 -0.9917242141 -0.9826724164 -1.0000000000 -0.9964157683 -0.9946760475 -0.9725747364 -1.0000000000 -0.7682092401 -0.8187894593 0.9345225617 -0.9934955446 -0.9997619662 -0.9998434778
-0.9998414522 -0.9893650819 -0.9792574324 -0.9998910666 -0.9950998885 -0.9927530791 -0.9684687166 -0.9998720841 -0.7648607884 -0.8076407108 0.9318197732 -0.9914175269 -1.0000000000 -1.0000000000
-1.0000000000 -0.9867182429 -0.9755462413 -0.9994768182 -0.9935899080 -0.9905392496 -0.9640948022 -0.9994397466 -0.7614329000 -0.7962300773 0.9289993001 -0.9890590151 -0.9999327932 -0.9998530605
-0.9998697287 -0.9837858680 -0.9715412561 -0.9987579043 -0.9918900221 -0.9880364476 -0.9594564536 -0.9987036700 -0.7579328211 -0.7845639044 0.9260677824 -0.9864222454 -0.9995608288 -0.9994032298
-0.9994514367 -0.9805701280 -0.9672448898 -0.9977349743 -0.9900044259 -0.9852465621 -0.9545571315 -0.9976645369 -0.7543677980 -0.7726485382 0.9230318600 -0.9835094540 -0.9988845898 -0.9986510781
-0.9987459224 -0.9770731938 -0.9626595555 -0.9964086778 -0.9879373148 -0.9821714817 -0.9494002964 -0.9963230299 -0.7507450770 -0.7604903245 0.9198981726 -0.9803228770 -0.9979045592 -0.9975971758
