0.2212306621 0.8450608525 0.9419480648 0.3191608947 0.4397597621 0.8456448254 0.6388998970 0.3289466655 0.4202038911 0.2807347588 -0.5821997151 0.7751339906 0.2526883988 0.2650052552
0.2166678605 0.8479041485 0.9445650648 0.3122111965 0.4424925360 0.8487452999 0.6466321953 0.3220026679 0.4303747097 0.2918637006 -0.5904364906 0.7770583186 0.2446637386 0.2570242137
0.2119163117 0.8506148378 0.9470401323 0.3050354714 0.4451187904 0.8517165141 0.6543252261 0.3148320975 0.4405522359 0.3030448972 -0.5986494080 0.7788425775 0.2364034183 0.2488072970
0.2069746647 0.8531917722 0.9493720662 0.2976321864 0.4476375407 0.8545573353 0.6619784096 0.3074334179 0.4507361060 0.3142784005 -0.6068380018 0.7804855909 0.2279058663 0.2403529313
0.2018415687 0.8556338034 0.9515596653 0.2899998082 0.4500478024 0.8572666308 0.6695911656 0.2998050923 0.4609259560 0.3255642622 -0.6150018067 0.7819861823 0.2191695109 0.2316595431
0.1965156729 0.8579397831 0.9536017283 0.2821368036 0.4523485909 0.8598432681 0.6771629143 0.2919455842 0.4711214221 0.3369025342 -0.6231403571 0.7833431752 0.2101927807 0.2227255585
0.1909956264 0.8601085630 0.9554970541 0.2740416394 0.4545389215 0.8622861143 0.6846930756 0.2838533568 0.4813221405 0.3482932684 -0.6312531878 0.7845553932 0.2009741040 0.2135494038
0.1852800786 0.8621389948 0.9572444414 0.2657127823 0.4566178098 0.8645940370 0.6921810697 0.2755268736 0.4915277474 0.3597365166 -0.6393398331 0.7856216597 0.1915119093 0.2041295055
0.1793676784 0.8640299302 0.9588426891 0.2571486992 0.4585842712 0.8667659033 0.6996263164 0.2669645979 0.5017378789 0.3712323307 -0.6473998279 0.7865407983 0.1818046249 0.1944642897
0.1732570751 0.8657802210 0.9602905959 0.2483478569 0.4604373210 0.8688005806 0.7070282358 0.2581649931 0.5119521711 0.3827807624 -0.6554327065 0.7873116324 0.1718506794 0.1845521827
0.1669469179 0.8673887188 0.9615869606 0.2393087221 0.4621759749 0.8706969364 0.7143862481 0.2491265225 0.5221702603 0.3943818637 -0.6634380035 0.7879329857 0.1616485011 0.1743916110
0.1604358559 0.8688542753 0.9627305821 0.2300297616 0.4637992481 0.8724538378 0.7216997731 0.2398476495 0.5323917825 0.4060356863 -0.6714152537 0.7884036816 0.1511965185 0.1639810007
0.1537225383 0.8701757423 0.9637202590 0.2205094422 0.4653061561 0.8740701523 0.7289682309 0.2303268374 0.5426163740 0.4177422822 -0.6793639914 0.7887225437 0.1404931599 0.1533187782
0.1468056143 0.8713519714 0.9645547903 0.2107462307 0.4666957144 0.8755447471 0.7361910416 0.2205625497 0.5528436710 0.4295017031 -0.6872837513 0.7888883954 0.1295368538 0.1424033698
0.1396837330 0.8723818144 0.9652329747 0.2007385940 0.4679669384 0.8768764897 0.7433676251 0.2105532497 0.5630733095 0.4413140009 -0.6951740681 0.7889000603 0.1183260287 0.1312332017
