0.7021715748 0.0231735133 -0.2671559130 0.4213556178 -0.4176408510 -0.0766621793 -0.3764262185 0.4015777961 -0.5751696155 -0.6843761976 0.6571170860 -0.0330441692 0.5379642559 0.6111350451
0.7132907395 0.0360435624 -0.2568047239 0.4276969725 -0.4136031051 -0.0640294125 -0.3659786768 0.4080707714 -0.5720964203 -0.6765231296 0.6499545155 -0.0205298594 0.5423947496 0.6153171828
0.7242486626 0.0489082995 -0.2464234797 0.4340189815 -0.4096100219 -0.0513875172 -0.3555024016 0.4145451633 -0.5690484859 -0.6685832862 0.6427556578 -0.0080126884 0.5468076429 0.6194769814
0.7350422212 0.0617658275 -0.2360131693 0.4403213929 -0.4056634516 -0.0387382970 -0.3449990076 0.4210007015 -0.5660273721 -0.6605570278 0.6355217839 0.0045056001 0.5512029999 0.6236145110
0.7456682926 0.0746142493 -0.2255747815 0.4466039551 -0.4017652444 -0.0260835561 -0.3344701097 0.4274371153 -0.5630346386 -0.6524447142 0.6282541649 0.0170232623 0.5555808849 0.6277298419
0.7561237541 0.0874516677 -0.2151093053 0.4528664163 -0.3979172504 -0.0134250981 -0.3239173227 0.4338541344 -0.5600718451 -0.6442467057 0.6209540715 0.0295385545 0.5599413622 0.6318230441
0.7664054829 0.1002761856 -0.2046177294 0.4591085248 -0.3941213198 -0.0007647271 -0.3133422615 0.4402514883 -0.5571405514 -0.6359633624 0.6136227748 0.0420497329 0.5642844959 0.6358941880
0.7765103563 0.1130859059 -0.1941010428 0.4653300287 -0.3903793028 0.0118957532 -0.3027465407 0.4466289066 -0.5542423171 -0.6275950442 0.6062615457 0.0545550539 0.5686103504 0.6399433436
0.7864352516 0.1258789315 -0.1835602344 0.4715306764 -0.3866930496 0.0245545389 -0.2921317753 0.4529861189 -0.5513787019 -0.6191421114 0.5988716552 0.0670527737 0.5729189898 0.6439705813
0.7961770460 0.1386533651 -0.1729962931 0.4777102161 -0.3830644105 0.0372098261 -0.2814995801 0.4593228546 -0.5485512656 -0.6106049240 0.5914543742 0.0795411485 0.5772104784 0.6479759711
0.8057326168 0.1514073099 -0.1624102077 0.4838683960 -0.3794952354 0.0498598108 -0.2708515698 0.4656388433 -0.5457615678 -0.6019838422 0.5840109736 0.0920184346 0.5814848804 0.6519595834
0.8150988413 0.1641388685 -0.1518029671 0.4900049645 -0.3759873748 0.0625026894 -0.2601893593 0.4719338145 -0.5430111684 -0.5932792260 0.5765427245 0.1044828883 0.5857422602 0.6559214882
0.8242725967 0.1768461439 -0.1411755602 0.4961196697 -0.3725426787 0.0751366578 -0.2495145634 0.4782074979 -0.5403016270 -0.5844914355 0.5690508976 0.1169327659 0.5899826818 0.6598617558
0.8332507604 0.1895272389 -0.1305289758 0.5022122599 -0.3691629973 0.0877599122 -0.2388287969 0.4844596229 -0.5376345033 -0.5756208309 0.5615367641 0.1293663236 0.5942062096 0.6637804564
0.8420302094 0.2021802565 -0.1198642029 0.5082824833 -0.3658501808 0.1003706488 -0.2281336747 0.4906899191 -0.5350113570 -0.5666677722 0.5540015947 0.1417818177 0.5984129078 0.6676776602
