-0.9492070417 -0.9940115215 -0.9926270613 -0.5857751016 -0.9977017904 -0.9928965582 -0.9985805324 -0.5962688819 -0.9998590536 -1.0000000000 0.7109100601 -0.9926943687 -0.2191842428 -0.2741194377
-0.9547358136 -0.9960017355 -0.9948499443 -0.5947370498 -0.9988662533 -0.9950751737 -0.9994751150 -0.6051420491 -1.0000000000 -0.9997440514 0.7121570696 -0.9948965965 -0.2300860506 -0.2842733173
-0.9599193238 -0.9975864179 -0.9966668559 -0.6034896563 -0.9996298271 -0.9968475145 -0.9999459700 -0.6138023686 -0.9997273782 -0.9990400710 0.7130757883 -0.9966964250 -0.2408875307 -0.2943052339
-0.9647625116 -0.9987720770 -0.9980840568 -0.6120354556 -1.0000000000 -0.9982198741 -1.0000000000 -0.6222524505 -0.9990491798 -0.9978951435 0.7136729554 -0.9981002668 -0.2515891625 -0.3042162020
-0.9692703161 -0.9995652214 -0.9991078073 -0.6203769826 -0.9999842603 -0.9991985459 -0.9996441076 -0.6304949048 -0.9979733965 -0.9963163530 0.7139553102 -0.9991145348 -0.2621914253 -0.3140072362
-0.9734476764 -0.9999723596 -0.9997443682 -0.6285167720 -0.9995900962 -0.9997898234 -0.9988851955 -0.6385323415 -0.9965080200 -0.9943107840 0.7139295921 -0.9997456416 -0.2726947988 -0.3236793509
-0.9772995317 -1.0000000000 -1.0000000000 -0.6364573584 -0.9988249960 -1.0000000000 -0.9977301662 -0.6463673708 -0.9946610419 -0.9918855209 0.7136025402 -1.0000000000 -0.2830997623 -0.3332335608
-0.9808308210 -0.9996546511 -0.9998809632 -0.6442012766 -0.9976964481 -0.9998353692 -0.9961859222 -0.6540026026 -0.9924404538 -0.9890476481 0.7129808940 -0.9998840228 -0.2934067952 -0.3426708803
-0.9840464836 -0.9989428215 -0.9993935183 -0.6517510613 -0.9962119405 -0.9993022246 -0.9942593663 -0.6614406471 -0.9898542476 -0.9858042499 0.7120713927 -0.9994041227 -0.3036163770 -0.3519923240
-0.9869514586 -0.9978710195 -0.9985439259 -0.6591092471 -0.9943789618 -0.9984068594 -0.9919574009 -0.6686841143 -0.9869104147 -0.9821624108 0.7108807756 -0.9985667125 -0.3137289871 -0.3611989064
-0.9895506851 -0.9964457538 -0.9973384465 -0.6662783689 -0.9922050000 -0.9971555672 -0.9892869288 -0.6757356142 -0.9836169469 -0.9781292151 0.7094157821 -0.9973782049 -0.3237451050 -0.3702916421
-0.9918491022 -0.9946735328 -0.9957833407 -0.6732609612 -0.9896975436 -0.9955546415 -0.9862548524 -0.6825977569 -0.9799818358 -0.9737117472 0.7076831513 -0.9958450128 -0.3336652101 -0.3792715455
-0.9938516492 -0.9925608649 -0.9938848691 -0.6800595588 -0.9868640806 -0.9936103756 -0.9828680744 -0.6892731525 -0.9760130731 -0.9689170916 0.7056896227 -0.9939735488 -0.3434897819 -0.3881396313
-0.9955632651 -0.9901142587 -0.9916492921 -0.6866766965 -0.9837120996 -0.9913290631 -0.9791334973 -0.6957644110 -0.9717186505 -0.9637523325 0.7034419356 -0.9917702256 -0.3532192997 -0.3968969139
-0.9969888891 -0.9873402227 -0.9890828704 -0.6931149088 -0.9802490886 -0.9887169975 -0.9750580239 -0.7020741424 -0.9671065596 -0.9582245544 0.7009468291 -0.9892414562 -0.3628542431 -0.4055444079
