0.9789479099 0.9478182152 0.9490364848 0.9758741404 0.9557386515 0.9246265382 0.8020750473 0.9752794236 0.4894054106 -0.1905942646 -0.8286318133 0.9496092691 0.9801302520 0.9802520032
0.9834827111 0.9542076566 0.9544537094 0.9801283774 0.9622101692 0.9325430933 0.8157019575 0.9795873207 0.4948313780 -0.1777688767 -0.8416122300 0.9560448457 0.9839662109 0.9840913576
0.9874762166 0.9601830740 0.9595481374 0.9839665186 0.9682307965 0.9400343979 0.8289121420 0.9834793307 0.5000238724 -0.1648680670 -0.8541461354 0.9620468452 0.9873867300 0.9875121104
0.9909251587 0.9657438132 0.9643231067 0.9873898641 0.9737839965 0.9470979259 0.8416974875 0.9869567111 0.5049653065 -0.1518918225 -0.8662251677 0.9676139108 0.9903935172 0.9905158576
0.9938262701 0.9708892198 0.9687819553 0.9903997141 0.9788532324 0.9537311514 0.8540498810 0.9900207197 0.5096380930 -0.1388401304 -0.8778409646 0.9727446858 0.9929882804 0.9931041953
0.9961762830 0.9756186397 0.9729280211 0.9929973686 0.9834219676 0.9599315485 0.8659612093 0.9926726138 0.5140246449 -0.1257129775 -0.8889851643 0.9774378134 0.9951727275 0.9952787195
0.9979719300 0.9799314184 0.9767646420 0.9951841279 0.9874736651 0.9656965911 0.8774233594 0.9949136511 0.5181073749 -0.1125103510 -0.8996494047 0.9816919369 0.9969485665 0.9970410263
0.9992099436 0.9838269017 0.9802951560 0.9969612920 0.9909917882 0.9710237533 0.8884282181 0.9967450891 0.5218686957 -0.0992322377 -0.9098253238 0.9855056996 0.9983175054 0.9983927118
0.9998870561 0.9873044353 0.9835229011 0.9983301612 0.9939598001 0.9759105091 0.8989676723 0.9981681855 0.5252910202 -0.0858786249 -0.9195045595 0.9888777446 0.9992812519 0.9993353718
1.0000000000 0.9903633650 0.9864512152 0.9992920355 0.9963611640 0.9803543325 0.9090336089 0.9991841977 0.5283567612 -0.0724494994 -0.9286787500 0.9918067153 0.9998415142 0.9998706025
0.9995455078 0.9930030363 0.9890834363 0.9998482150 0.9981793432 0.9843526976 0.9186179147 0.9997943833 0.5310483314 -0.0589448482 -0.9373395331 0.9942912549 1.0000000000 1.0000000000
0.9985203119 0.9952227951 0.9914229022 1.0000000000 0.9993978007 0.9879030783 0.9277124767 1.0000000000 0.5333481437 -0.0453646585 -0.9454785469 0.9963300066 0.9997584173 0.9997251602
0.9969211447 0.9970219870 0.9934729510 0.9997486905 1.0000000000 0.9910029487 0.9363091817 0.9998023052 0.5352386109 -0.0317089171 -0.9530874293 0.9979216137 0.9991184741 0.9990476792
0.9947447388 0.9983999577 0.9952369206 0.9990955868 0.9999694041 0.9936497829 0.9443999167 0.9992025566 0.5367021457 -0.0179776112 -0.9601578184 0.9990647195 0.9980818783 0.9979691531
0.9919878265 0.9993560530 0.9967181489 0.9980419888 0.9992894763 0.9958410547 0.9519765684 0.9982020116 0.5377211609 -0.0041707277 -0.9666813520 0.9997579672 0.9966503378 0.9964911778
