-0.7291546558 -0.6918427163 -0.8118463665 -0.7288176123 -0.5469232322 -0.7219714724 -0.7678276735 -0.7267434188 -0.5431021106 -0.8425120645 0.7147716903 -0.7270964585 -0.6931997137 -0.6940185398
-0.7166730036 -0.6794801369 -0.8023043403 -0.7161597194 -0.5315425269 -0.7104797079 -0.7585728822 -0.7140340244 -0.5299757651 -0.8375691473 0.7053113217 -0.7154839074 -0.6796148990 -0.6804628085
-0.7040647903 -0.6670894096 -0.7926140572 -0.7033655023 -0.5163045175 -0.6989398071 -0.7492978649 -0.7011902068 -0.5171465711 -0.8326948811 0.6959511725 -0.7038029827 -0.6659238628 -0.6668006275
-0.6913328409 -0.6546715692 -0.7827779291 -0.6904380358 -0.5012082602 -0.6873529489 -0.7400030345 -0.6882150200 -0.5046110756 -0.8278877778 0.6866899967 -0.6920552178 -0.6521293894 -0.6530347758
-0.6784799802 -0.6422276505 -0.7727983675 -0.6773803946 -0.4862528112 -0.6757203118 -0.7306888040 -0.6751115180 -0.4923658252 -0.8231463489 0.6775265485 -0.6802421463 -0.6382342630 -0.6391680321
-0.6655090334 -0.6297586883 -0.7626777844 -0.6641956535 -0.4714372265 -0.6640430747 -0.7213555864 -0.6618827549 -0.4804073667 -0.8184691063 0.6684595818 -0.6683653016 -0.6242412680 -0.6252031755
-0.6524228253 -0.6172657172 -0.7524185914 -0.6508868874 -0.4567605622 -0.6523224164 -0.7120037947 -0.6485317847 -0.4687322470 -0.8138545617 0.6594878506 -0.6564262172 -0.6101531885 -0.6111429849
-0.6392241811 -0.6047497720 -0.7420232004 -0.6374571711 -0.4422218746 -0.6405595154 -0.7026338418 -0.6350616616 -0.4573370128 -0.8093012268 0.6506101091 -0.6444264266 -0.5959728088 -0.5969902391
-0.6259159256 -0.5922118876 -0.7314940230 -0.6239095793 -0.4278202197 -0.6287555506 -0.6932461408 -0.6214754395 -0.4462182110 -0.8048076133 0.6418251113 -0.6323674631 -0.5817029131 -0.5827477171
-0.6125008838 -0.5796530987 -0.7208334710 -0.6102471868 -0.4135546536 -0.6169117006 -0.6838411045 -0.6077761726 -0.4353723882 -0.8003722331 0.6331316113 -0.6202508604 -0.5673462857 -0.5684181978
-0.5989818807 -0.5670744400 -0.7100439561 -0.5964730685 -0.3994242325 -0.6050291443 -0.6744191460 -0.5939669149 -0.4247960914 -0.7959935977 0.6245283630 -0.6080781519 -0.5529057107 -0.5540044601
-0.5853617414 -0.5544769463 -0.6991278902 -0.5825902990 -0.3854280125 -0.5931090604 -0.6649806783 -0.5800507204 -0.4144858674 -0.7916702189 0.6160141207 -0.5958508709 -0.5383839726 -0.5395092829
-0.5716432908 -0.5418616523 -0.6880876849 -0.5686019533 -0.3715650498 -0.5811526275 -0.6555261143 -0.5660306432 -0.4044382628 -0.7874006085 0.6075876382 -0.5835705511 -0.5237838554 -0.5249354451
-0.5578293539 -0.5292295929 -0.6769257520 -0.5545111061 -0.3578344003 -0.5691610244 -0.6460558670 -0.5519097374 -0.3946498245 -0.7831832783 0.5992476697 -0.5712387259 -0.5091081434 -0.5102857256
-0.5439227556 -0.5165818028 -0.6656445033 -0.5403208322 -0.3442351203 -0.5571354299 -0.6365703494 -0.5376910571 -0.3851170994 -0.7790167398 0.5909929691 -0.5588569288 -0.4943596210 -0.4955629034
