-0.2212113007 -0.5982186992 -0.7261435872 -0.5092588453 -0.2575856744 -0.6253639565 -0.7266589085 -0.5096290979 -0.3427801166 -0.7691347510 0.7337860754 -0.6035940037 -0.4762831156 -0.4629164873
-0.2088300411 -0.5913381657 -0.7209285003 -0.5007225270 -0.2472554652 -0.6188088709 -0.7215960441 -0.5010998315 -0.3356602886 -0.7668184772 0.7306032880 -0.5967349983 -0.4671826730 -0.4536857852
-0.1964189056 -0.5844132519 -0.7156643421 -0.4921411435 -0.2369001558 -0.6122082025 -0.7164851230 -0.4925255050 -0.3285190528 -0.7644531981 0.7273741922 -0.5898310552 -0.4580372464 -0.4444109847
-0.1839796912 -0.5774443294 -0.7103511158 -0.4835154827 -0.2265208162 -0.6055622534 -0.7113261022 -0.4839069045 -0.3213567060 -0.7620383249 0.7240983540 -0.5828825457 -0.4488477631 -0.4350930366
-0.1715141951 -0.5704317699 -0.7049888247 -0.4748463328 -0.2161185163 -0.5988713258 -0.7061189386 -0.4752448163 -0.3141735450 -0.7595732689 0.7207753392 -0.5758898411 -0.4396151505 -0.4257328920
-0.1590242143 -0.5633759450 -0.6995774722 -0.4661344817 -0.2056943260 -0.5921357221 -0.7008635892 -0.4665400267 -0.3069698666 -0.7570574414 0.7174047140 -0.5688533128 -0.4303403362 -0.4163315020
-0.1465115462 -0.5562772264 -0.6941170613 -0.4573807176 -0.1952493151 -0.5853557445 -0.6955600109 -0.4577933220 -0.2997459675 -0.7544902536 0.7139860443 -0.5617733321 -0.4210242474 -0.4068898175
-0.1339779877 -0.5491359856 -0.6886075954 -0.4485858285 -0.1847845536 -0.5785316951 -0.6902081606 -0.4490054883 -0.2925021445 -0.7518711170 0.7105188961 -0.5546502706 -0.4116678118 -0.3974087896
-0.1214253361 -0.5419525945 -0.6830490777 -0.4397506025 -0.1743011112 -0.5716638763 -0.6848079954 -0.4401773121 -0.2852386943 -0.7491994427 0.7070028354 -0.5474844994 -0.4022719565 -0.3878893693
-0.1088553886 -0.5347274245 -0.6774415115 -0.4308758277 -0.1638000580 -0.5647525902 -0.6793594721 -0.4313095794 -0.2779559137 -0.7464746420 0.7034374282 -0.5402763900 -0.3928376092 -0.3783325075
-0.0962699421 -0.5274608474 -0.6717849001 -0.4219622921 -0.1532824637 -0.5577981390 -0.6738625478 -0.4224030767 -0.2706540996 -0.7436961262 0.6998222404 -0.5330263138 -0.3833656972 -0.3687391554
-0.0836707940 -0.5201532348 -0.6660792466 -0.4130107838 -0.1427493983 -0.5508008251 -0.6683171793 -0.4134585901 -0.2633335485 -0.7408633067 0.6961568381 -0.5257346421 -0.3738571480 -0.3591102639
-0.0710597413 -0.5128049584 -0.6603245544 -0.4040220908 -0.1322019316 -0.5437609506 -0.6627233236 -0.4044769060 -0.2559945574 -0.7379755946 0.6924407872 -0.5184017462 -0.3643128889 -0.3494467840
-0.0584385811 -0.5054163898 -0.6545208267 -0.3949970013 -0.1216411336 -0.5366788178 -0.6570809377 -0.3954588105 -0.2486374230 -0.7350324013 0.6886736537 -0.5110279976 -0.3547338474 -0.3397496668
-0.0458091108 -0.4979879006 -0.6486680667 -0.3859363032 -0.1110680740 -0.5295547289 -0.6513899785 -0.3864050900 -0.2412624421 -0.7320331381 0.6848550036 -0.5036137676 -0.3451209510 -0.3300198632
