0.9866373841 0.9997902117 0.9982139994 0.9852448098 0.9997890980 0.9986840777 0.9805714812 0.9849505470 0.9919035418 0.8295901757 -0.9626282705 0.9996394837 0.9812728789 0.9810510077
0.9837857276 1.0000000000 0.9991530603 0.9822548070 0.9992611636 0.9994643720 0.9842734870 0.9819354048 0.9941520927 0.8396531919 -0.9680028615 0.9999870457 0.9779630418 0.9777250847
0.9806437643 0.9998768542 0.9997499914 0.9789744978 0.9984117621 0.9999045962 0.9875992706 0.9786302681 0.9960454237 0.8494562241 -0.9729826707 1.0000000000 0.9743678153 0.9741141462
0.9772077990 0.9994161891 1.0000000000 0.9754002969 0.9972364591 1.0000000000 0.9905433192 0.9750315618 0.9975782841 0.8589946781 -0.9775617365 0.9996737191 0.9704837117 0.9702147055
0.9734741367 0.9986134195 0.9998982936 0.9715286192 0.9957308199 0.9997458331 0.9931001199 0.9711357105 0.9987454228 0.8682639595 -0.9817340975 0.9990035752 0.9663072436 0.9660232761
0.9694390823 0.9974639600 0.9994400796 0.9673558793 0.9938904100 0.9991373451 0.9952641600 0.9669391391 0.9995415889 0.8772594743 -0.9854937924 0.9979849408 0.9618349234 0.9615363714
0.9650989405 0.9959632256 0.9986205654 0.9628784919 0.9917107949 0.9981697858 0.9970299264 0.9624382721 0.9999615316 0.8859766280 -0.9888348596 0.9966131881 0.9570632636 0.9567505047
0.9604500164 0.9941066309 0.9974349583 0.9580928720 0.9891875400 0.9968384047 0.9983919065 0.9576295345 1.0000000000 0.8944108266 -0.9917513379 0.9948836896 0.9519887767 0.9516621894
0.9554886147 0.9918895906 0.9958784659 0.9529954341 0.9863162106 0.9951384516 0.9993445874 0.9525093510 0.9996517431 0.9025574756 -0.9942372658 0.9927918176 0.9466079752 0.9462679389
0.9502110403 0.9893075196 0.9939462956 0.9475825930 0.9830923724 0.9930651761 0.9998824561 0.9470741462 0.9989115101 0.9104119810 -0.9962866819 0.9903329444 0.9409173715 0.9405642666
0.9446135982 0.9863558326 0.9916336546 0.9418507635 0.9795115906 0.9906138279 1.0000000000 0.9413203450 0.9977740501 0.9179697485 -0.9978936247 0.9875024424 0.9349134781 0.9345476858
0.9386925932 0.9830299444 0.9889357505 0.9357963604 0.9755694307 0.9877796566 0.9996917061 0.9352443721 0.9962341121 0.9252261837 -0.9990521330 0.9842956840 0.9285928075 0.9282147101
0.9324443302 0.9793252696 0.9858477907 0.9294157983 0.9712614583 0.9845579120 0.9989520616 0.9288426522 0.9942864453 0.9321766926 -0.9997562452 0.9807080414 0.9219518722 0.9215618526
0.9258651141 0.9752372232 0.9823649825 0.9227054921 0.9665832386 0.9809438436 0.9977755536 0.9221116101 0.9919257988 0.9388166807 -1.0000000000 0.9767348871 0.9149871847 0.9145856270
0.9189512497 0.9707612197 0.9784825334 0.9156618565 0.9615303372 0.9769327011 0.9961566694 0.9150476705 0.9891469216 0.9451415540 -0.9997774359 0.9723715935 0.9076952574 0.9072825464
