0.0172378707 -0.2580163146 -0.2025042007 0.6647346663 -0.3853836993 -0.1676030430 -0.4303442154 0.6669816786 -0.5213899210 -0.3905512814 0.0600080651 -0.2449212508 0.6578068654 0.6649925445
0.0361704460 -0.2446570711 -0.1882931697 0.6938291380 -0.3746413386 -0.1526219180 -0.4203234265 0.6960387156 -0.5133810866 -0.3804920665 0.0445532981 -0.2312488578 0.6870673447 0.6941322584
0.0542757006 -0.2319164591 -0.1747567708 0.7214503977 -0.3644229832 -0.1383386449 -0.4107829063 0.7236166924 -0.5057921030 -0.3709825068 0.0299650978 -0.2182025712 0.7148713218 0.7217968385
0.0715666497 -0.2197836837 -0.1618834193 0.7476199892 -0.3547188179 -0.1247414370 -0.4017134396 0.7497372840 -0.4986142779 -0.3620121020 0.0162286668 -0.2057715507 0.7412395062 0.7480074267
0.0880563090 -0.2082479498 -0.1496615303 0.7723594561 -0.3455190277 -0.1118185076 -0.3931058112 0.7744221653 -0.4918389190 -0.3535703513 0.0033292075 -0.1939449562 0.7661926075 0.7727851650
0.1037576936 -0.1972984627 -0.1380795189 0.7956903422 -0.3368137973 -0.0995580701 -0.3849508061 0.7976930111 -0.4854573337 -0.3456467543 -0.0087480775 -0.1827119474 0.7897513351 0.7961511953
0.1186838192 -0.1869244274 -0.1271258002 0.8176341913 -0.3285933117 -0.0879483376 -0.3772392090 0.8195714965 -0.4794608297 -0.3382308106 -0.0200179856 -0.1720616841 0.8119363984 0.8181266594
0.1328477010 -0.1771150491 -0.1167887895 0.8382125471 -0.3208477557 -0.0769775235 -0.3699618047 0.8400792964 -0.4738407145 -0.3313120194 -0.0304953143 -0.1619833261 0.8327685070 0.8387326994
0.1462623545 -0.1678595327 -0.1070569018 0.8574469533 -0.3135673142 -0.0666338411 -0.3631093782 0.8592380856 -0.4685882958 -0.3248798805 -0.0401948610 -0.1524660331 0.8522683703 0.8579904572
0.1589407952 -0.1591470834 -0.0979185523 0.8753589536 -0.3067421721 -0.0569055036 -0.3566727143 0.8770695391 -0.4636948811 -0.3189238931 -0.0491314233 -0.1434989649 0.8704566978 0.8759210745
0.1708960383 -0.1509669062 -0.0893621561 0.8919700919 -0.3003625142 -0.0477807245 -0.3506425978 0.8935953317 -0.4591517780 -0.3134335569 -0.0573197986 -0.1350712813 0.8873541989 0.8925456935
0.1821410994 -0.1433082063 -0.0813761283 0.9073019118 -0.2944185255 -0.0392477169 -0.3450098135 0.9088371385 -0.4549502941 -0.3083983713 -0.0647747843 -0.1271721421 0.9029815832 0.9078854560
0.1926889938 -0.1361601888 -0.0739488842 0.9213759570 -0.2889003908 -0.0312946941 -0.3397651463 0.9228166344 -0.4510817370 -0.3038078357 -0.0715111780 -0.1197907071 0.9173595602 0.9219615039
0.2025527370 -0.1295120587 -0.0670688388 0.9342137714 -0.2837982949 -0.0239098696 -0.3348993811 0.9355554942 -0.4475374143 -0.2996514497 -0.0775437770 -0.1129161360 0.9305088392 0.9347949791
0.2117453444 -0.1233530212 -0.0607244073 0.9458368987 -0.2791024228 -0.0170814564 -0.3304033026 0.9470753929 -0.4443086336 -0.2959187127 -0.0828873789 -0.1065375887 0.9424501298 0.9464070236
