-0.2765998148 -0.0705150468 0.1840531093 -0.1650073279 0.0718730900 -0.0823379193 0.4184840078 -0.1627101252 0.2937808309 0.3019717726 -0.1579818663 -0.0862380044 -0.1737250199 -0.1735375028
-0.2897608094 -0.0854377567 0.1720768135 -0.1787613848 0.0563688796 -0.0968229274 0.4071024337 -0.1764805658 0.2770877425 0.2853001044 -0.1421774748 -0.1004864510 -0.1873417219 -0.1871574994
-0.3029375169 -0.1004419723 0.1600354116 -0.1925751611 0.0407227793 -0.1113933124 0.3956132006 -0.1903115303 0.2601629057 0.2683921307 -0.1261935135 -0.1147972740 -0.2010169268 -0.2008360166
-0.3161290307 -0.1155272247 0.1479294090 -0.2064482692 0.0249344677 -0.1260488532 0.3840163847 -0.2042026388 0.2430051191 0.2512465509 -0.1100291409 -0.1291698422 -0.2147502719 -0.2145726906
-0.3293344440 -0.1306930452 0.1357593113 -0.2203803219 0.0090036232 -0.1407893287 0.3723120620 -0.2181535116 0.2256131816 0.2338620647 -0.0936835153 -0.1436035240 -0.2285413942 -0.2283671580
-0.3425528500 -0.1459389649 0.1235256242 -0.2343709316 -0.0070700757 -0.1556145181 0.3605003088 -0.2321637691 0.2079858919 0.2162373718 -0.0771557952 -0.1580976882 -0.2423899308 -0.2422190550
-0.3557833421 -0.1612645149 0.1112288530 -0.2484197111 -0.0232869505 -0.1705242004 0.3485812012 -0.2462330315 0.1901220488 0.1983711715 -0.0604451389 -0.1726517033 -0.2562955188 -0.2561280180
-0.3690250134 -0.1766692264 0.0988695034 -0.2625262729 -0.0396473228 -0.1855181544 0.3365548155 -0.2603609191 0.1720204510 0.1802621637 -0.0435507049 -0.1872649380 -0.2702577954 -0.2700936833
-0.3822769573 -0.1921526306 0.0864480809 -0.2766902295 -0.0561515140 -0.2005961593 0.3244212277 -0.2745470521 0.1536798974 0.1619090478 -0.0264716516 -0.2019367609 -0.2842763976 -0.2841156873
-0.3955382669 -0.2077142586 0.0739650911 -0.2909111936 -0.0727998458 -0.2157579939 0.3121805141 -0.2887910508 0.1350991865 0.1433105234 -0.0092071374 -0.2166665406 -0.2983509625 -0.2981936663
-0.4088080357 -0.2233536416 0.0614210395 -0.3051887778 -0.0895926395 -0.2310034374 0.2998327508 -0.3030925354 0.1162771173 0.1244652902 0.0082436794 -0.2314536457 -0.3124811273 -0.3123272567
-0.4220853567 -0.2390703107 0.0488164317 -0.3195225947 -0.1065302168 -0.2463322687 0.2873780141 -0.3174511263 0.0972124885 0.1053720478 0.0258816403 -0.2462974449 -0.3266665290 -0.3265160948
-0.4353693233 -0.2548637971 0.0361517732 -0.3339122568 -0.1236128991 -0.2617442668 0.2748163800 -0.3318664438 0.0779040988 0.0860294956 0.0437075868 -0.2611973068 -0.3409068048 -0.3407598170
-0.4486590288 -0.2707336319 0.0234275695 -0.3483573767 -0.1408410080 -0.2772392108 0.2621479248 -0.3463381080 0.0583507471 0.0664363333 0.0617223607 -0.2761526000 -0.3552015917 -0.3550580596
-0.4619535664 -0.2866793464 0.0106443262 -0.3628575670 -0.1582148650 -0.2928168795 0.2493727246 -0.3608657392 0.0385512320 0.0465912606 0.0799268034 -0.2911626931 -0.3695505269 -0.3694104590
