0.9422922080 0.7478398994 0.5779329941 0.9893153918 0.7150282069 0.8805042809 0.4186548033 0.9894754798 -0.2158472524 0.2171235810 -0.7058278927 0.7986634912 0.9979110372 0.9973797437
0.9452352703 0.7553432374 0.5847921888 0.9904618244 0.7283739918 0.8865608106 0.4309191376 0.9906133094 -0.2065950318 0.2265179119 -0.7119533380 0.8050786055 0.9984094575 0.9979356178
0.9481009581 0.7627563121 0.5916099920 0.9915403816 0.7414722581 0.8924781803 0.4431125957 0.9916832546 -0.1974766936 0.2357213541 -0.7178509113 0.8114062487 0.9988388299 0.9984238250
0.9508893002 0.7700780021 0.5983860133 0.9925515886 0.7543172964 0.8982548565 0.4552330375 0.9926858422 -0.1884970230 0.2447285843 -0.7235156957 0.8176455733 0.9991997783 0.9988450009
0.9536003253 0.7773071859 0.6051198624 0.9934959709 0.7669033977 0.9038893056 0.4672783230 0.9936215991 -0.1796608055 0.2535342791 -0.7289427741 0.8237957318 0.9994929268 0.9991997814
0.9562340622 0.7844427420 0.6118111487 0.9943740539 0.7792248528 0.9093799942 0.4792463119 0.9944910521 -0.1709728263 0.2621331155 -0.7341272296 0.8298558766 0.9997188992 0.9994888019
0.9587905398 0.7914835489 0.6184594821 0.9951863630 0.7912759526 0.9147253889 0.4911348641 0.9952947281 -0.1624378710 0.2705197700 -0.7390641451 0.8358251604 0.9998783196 0.9997126984
0.9612697866 0.7984284852 0.6250644720 0.9959334234 0.8030509879 0.9199239559 0.5029418396 0.9960331539 -0.1540607249 0.2786889194 -0.7437486035 0.8417027356 0.9999718119 0.9998721064
0.9636718315 0.8052764294 0.6316257281 0.9966157607 0.8145442496 0.9249741620 0.5146650981 0.9967068563 -0.1458461733 0.2866352404 -0.7481756880 0.8474877546 1.0000000000 0.9999676617
0.9659967033 0.8120262600 0.6381428600 0.9972339002 0.8257500285 0.9298744735 0.5263024996 0.9973163622 -0.1377990016 0.2943534099 -0.7523404815 0.8531793701 0.9999635079 1.0000000000
0.9682444307 0.8186768556 0.6446154773 0.9977883672 0.8366626155 0.9346233570 0.5378519040 0.9978621984 -0.1299239952 0.3018381045 -0.7562380670 0.8587767345 0.9998629597 0.9999697569
0.9704150425 0.8252270947 0.6510431897 0.9982796872 0.8472763015 0.9392192790 0.5493111710 0.9983448917 -0.1222259396 0.3090840009 -0.7598635274 0.8642790003 0.9996989791 0.9998775682
0.9725085674 0.8316758558 0.6574256067 0.9987083856 0.8575853772 0.9436607059 0.5606781606 0.9987649691 -0.1147096200 0.3160857759 -0.7632119459 0.8696853200 0.9994721903 0.9997240696
0.9745250342 0.8380220175 0.6637623380 0.9990749877 0.8675841336 0.9479461043 0.5719507327 0.9991229572 -0.1073798218 0.3228381063 -0.7662784053 0.8749948461 0.9991832171 0.9995098967
0.9764644716 0.8442644582 0.6700529932 0.9993800189 0.8772668615 0.9520739407 0.5831267471 0.9994193831 -0.1002413305 0.3293356687 -0.7690579886 0.8802067312 0.9988326835 0.9992356853
