0.2646948323 0.4836126933 0.5053667730 0.2760907769 0.5922011392 0.5472145384 0.7841496640 0.2789129583 0.6550464386 0.9740925448 -0.4678535081 0.5103663399 0.2452628210 0.2493609190
0.2407110214 0.4589861416 0.4807351821 0.2520858767 0.5727165396 0.5226837422 0.7624664378 0.2548943059 0.6469736605 0.9801824096 -0.4473179101 0.4856995194 0.2214164642 0.2254841953
0.2162655930 0.4336695895 0.4553876790 0.2276075853 0.5522037887 0.4973839645 0.7396174740 0.2303995709 0.6376928011 0.9854881507 -0.4259443201 0.4603111483 0.1971257829 0.2011595471
0.1913551342 0.4076556006 0.4293164305 0.2026522151 0.5306475956 0.4713063800 0.7155860972 0.2054250172 0.6271825979 0.9899944825 -0.4037210747 0.4341934296 0.1723876072 0.1763837555
0.1659762316 0.3809367385 0.4025136036 0.1772160781 0.5080326689 0.4444421633 0.6903556320 0.1799669087 0.6154217884 0.9936861191 -0.3806365105 0.4073385659 0.1471987672 0.1511536016
0.1401254724 0.3535055667 0.3749713651 0.1512954865 0.4843437175 0.4167824892 0.6639094031 0.1540215092 0.6023891101 0.9965477749 -0.3566789640 0.3797387601 0.1215560930 0.1254658666
0.1137994433 0.3253546489 0.3466818819 0.1248867525 0.4595654504 0.3883185324 0.6362307350 0.1275850825 0.5880633006 0.9985641641 -0.3318367719 0.3513862150 0.0954564147 0.0993173314
0.0869947312 0.2964765488 0.3176373210 0.0979861882 0.4336825764 0.3590414675 0.6073029524 0.1006538925 0.5724230974 0.9997200011 -0.3060982709 0.3222731334 0.0688965625 0.0727047773
0.0597079231 0.2668638298 0.2878298493 0.0705901058 0.4066798043 0.3289424692 0.5771093799 0.0732242032 0.5554472380 1.0000000000 -0.2794517974 0.2923917181 0.0418733665 0.0456249855
0.0319356058 0.2365090556 0.2572516336 0.0426948174 0.3785418431 0.2980127123 0.5456333421 0.0452922782 0.5371144598 0.9993888752 -0.2518856881 0.2617341719 0.0143836568 0.0180747369
0.0036743662 0.2054047899 0.2258948408 0.0142966352 0.3492534015 0.2662433715 0.5128581636 0.0168543815 0.5174035005 0.9978713410 -0.2233882797 0.2302926976 -0.0135757365 -0.0099491873
-0.0250792087 0.1735435961 0.1937516380 -0.0146081286 0.3187991884 0.2336256213 0.4787671691 -0.0120932231 0.4962930975 0.9954321116 -0.1939479086 0.1980594980 -0.0420079832 -0.0384500059
-0.0543285322 0.1409180380 0.1608141919 -0.0440231620 0.2871639127 0.2001506366 0.4433436831 -0.0415542717 0.4737619884 0.9920559012 -0.1635529116 0.1650267760 -0.0709162533 -0.0674309379
-0.0840770172 0.1075206791 0.1270746694 -0.0739521527 0.2543322833 0.1658095920 0.4065710303 -0.0715325005 0.4497889106 0.9877274243 -0.1321916253 0.1311867343 -0.1003037167 -0.0968952020
-0.1143280770 0.0733440830 0.0925252376 -0.1043987886 0.2202890090 0.1305936623 0.3684325353 -0.1020316456 0.4243526017 0.9824313950 -0.0998523861 0.0965315757 -0.1301735431 -0.1268460173
