-0.7572238136 -0.0448794932 -0.1430103378 -0.4031820214 -0.1126412871 -0.0068859844 0.0216178267 -0.4004272466 -0.0726615063 0.2183774509 -0.1102657324 -0.0854206981 -0.3824461216 -0.3759262013
-0.7683340651 -0.0020467890 -0.1149986737 -0.4285551521 -0.0668434030 0.0360823382 0.0635224719 -0.4259274610 -0.0280107842 0.2523490436 -0.1483191782 -0.0455644881 -0.4087175241 -0.4024237990
-0.7796170832 0.0418742220 -0.0864805577 -0.4545614367 -0.0197027124 0.0801135745 0.1064392589 -0.4520627726 0.0178812139 0.2870767303 -0.1872971375 -0.0047253195 -0.4356426435 -0.4295873026
-0.7910750746 0.0868926383 -0.0574534360 -0.4812075410 0.0287940576 0.1252167334 0.1503775968 -0.4788398554 0.0650269128 0.3225676009 -0.2272085131 0.0371047184 -0.4632283028 -0.4574236775
-0.8027102459 0.1330175583 -0.0279147548 -0.5085001309 0.0786601802 0.1714008238 0.1953468952 -0.5062653834 0.1134387371 0.3588287456 -0.2680622080 0.0799335361 -0.4914813253 -0.4859398893
-0.8145248041 0.1802580806 0.0021380397 -0.5364458721 0.1299089284 0.2186748546 0.2413565635 -0.5343460305 0.1631291117 0.3958672543 -0.3098671253 0.1237690445 -0.5204085342 -0.5151429034
-0.8265209557 0.2286233036 0.0327075013 -0.5650514305 0.1825535753 0.2670478347 0.2884160108 -0.5630884706 0.2141104613 0.4336902169 -0.3526321680 0.1686191542 -0.5500167525 -0.5450396852
-0.8387009076 0.2781223258 0.0637961837 -0.5943234719 0.2366073939 0.3165287728 0.3365346468 -0.5924993777 0.2663952106 0.4723047236 -0.3963662391 0.2144917759 -0.5803128036 -0.5756372002
-0.8510668664 0.3287642457 0.0954066407 -0.6242686621 0.2920836572 0.3671266781 0.3857218807 -0.6225854257 0.3199957846 0.5117178643 -0.4410782415 0.2613948203 -0.6113035104 -0.6069424139
-0.8636210389 0.3805581618 0.1275414261 -0.6548936669 0.3489956383 0.4188505592 0.4359871219 -0.6533532886 0.3749246078 0.5519367291 -0.4867770784 0.3093361980 -0.6429956964 -0.6389622918
-0.8763656319 0.4335131725 0.1602030937 -0.6862051522 0.4073566103 0.4717094251 0.4873397798 -0.6848096402 0.4311941051 0.5929684078 -0.5334716526 0.3583238197 -0.6753961845 -0.6717037992
-0.8893028520 0.4876383764 0.1933941972 -0.7182097838 0.4671798461 0.5257122847 0.5397892638 -0.7169611546 0.4888167012 0.6348199907 -0.5811708673 0.4083655962 -0.7085117979 -0.7051739017
-0.9024349061 0.5429428719 0.2271172905 -0.7509142274 0.5284786190 0.5808681469 0.5933449833 -0.7498145056 0.5478048210 0.6774985676 -0.6298836254 0.4594694380 -0.7423493600 -0.7393795648
-0.9157640008 0.5994357576 0.2613749272 -0.7843251490 0.5912662018 0.6371860205 0.6480163475 -0.7833763672 0.6081708891 0.7210112285 -0.6796188299 0.5116432559 -0.7769156937 -0.7743277538
-0.9292923429 0.6571261318 0.2961696612 -0.8184492142 0.6555558677 0.6946749144 0.7038127660 -0.8176534134 0.6699273303 0.7653650635 -0.7303853838 0.5648949606 -0.8122176224 -0.8100254343
