0.2842761780 0.5372943471 -0.5712170830 -0.1334701645 0.9682431650 0.7593754022 0.7731781067 -0.1279758622 0.9384749809 0.9995159419 -0.9829989488 0.4840277974 -0.1269688929 -0.1267991286
0.2726677353 0.5287902347 -0.5951394692 -0.1512020598 0.9686325154 0.7532008563 0.7748250185 -0.1455439890 0.9419795462 0.9996968585 -0.9825184684 0.4699976153 -0.1457607467 -0.1453065875
0.2616160377 0.5207134804 -0.6180641110 -0.1681540179 0.9690576120 0.7473001889 0.7765627233 -0.1623369069 0.9453827472 0.9998362907 -0.9820462088 0.4565088020 -0.1637501406 -0.1630179926
0.2511142118 0.5130584515 -0.6400019002 -0.1843349680 0.9695168252 0.7416694494 0.7783887943 -0.1783635037 0.9486844560 0.9999336705 -0.9815810147 0.4435548817 -0.1809461836 -0.1799424005
0.2411553843 0.5058195154 -0.6609637287 -0.1997538389 0.9700085252 0.7363046870 0.7803008043 -0.1936326672 0.9518845448 0.9999884296 -0.9811217310 0.4311293785 -0.1973579845 -0.1960888681
0.2317326819 0.4989910392 -0.6809604882 -0.2144195596 0.9705310825 0.7312019510 0.7822963264 -0.2081532852 0.9549828859 1.0000000000 -0.9806672027 0.4192258167 -0.2129946523 -0.2114664520
0.2228392312 0.4925673903 -0.7000030706 -0.2283410591 0.9710828676 0.7263572906 0.7843729336 -0.2219342453 0.9579793515 0.9999678136 -0.9802162746 0.4078377203 -0.2278652958 -0.2260842091
0.2144681590 0.4865429360 -0.7181023676 -0.2415272664 0.9716622507 0.7217667550 0.7865281989 -0.2349844353 0.9608738136 0.9998913021 -0.9797677915 0.3969586136 -0.2419790240 -0.2399511960
0.2066125918 0.4809120435 -0.7352692710 -0.2539871104 0.9722676023 0.7174263937 0.7887596952 -0.2473127431 0.9636661445 0.9997698976 -0.9793205985 0.3865820206 -0.2553449458 -0.2530764695
0.1992656563 0.4756690802 -0.7515146726 -0.2657295202 0.9728972927 0.7133322557 0.7910649956 -0.2589280563 0.9663562165 0.9996030318 -0.9788735402 0.3767014657 -0.2679721701 -0.2654690864
0.1924204793 0.4708084134 -0.7668494642 -0.2767634246 0.9735496925 0.7094803904 0.7934416730 -0.2698392628 0.9689439016 0.9993901366 -0.9784254617 0.3673104728 -0.2798698058 -0.2771381033
0.1860701873 0.4663244103 -0.7812845376 -0.2870977526 0.9742231719 0.7058668471 0.7958873005 -0.2800552503 0.9714290721 0.9991306440 -0.9779752078 0.3584025662 -0.2910469618 -0.2880925772
0.1802079071 0.4622114382 -0.7948307845 -0.2967414333 0.9749161013 0.7024876749 0.7983994510 -0.2895849065 0.9738116002 0.9988239857 -0.9775216234 0.3499712701 -0.3015127470 -0.2983415646
0.1748267652 0.4584638645 -0.8074990969 -0.3057033956 0.9756268512 0.6993389232 0.8009756975 -0.2984371192 0.9760913581 0.9984695937 -0.9770635533 0.3420101086 -0.3112762704 -0.3078941223
0.1699198884 0.4550760564 -0.8193003664 -0.3139925685 0.9763537919 0.6964166412 0.8036136131 -0.3066207762 0.9782682179 0.9980668999 -0.9765998424 0.3345126058 -0.3203466408 -0.3167593072
