0.3833508571 0.0070703077 -0.0826441793 0.3731906408 0.1217182569 -0.0620230961 -0.4439071790 0.3752894405 -0.2085146204 -0.7959523698 0.6549230526 -0.0086587841 0.4116095738 0.4151300707
0.3901028687 0.0162482352 -0.0729642771 0.3804509383 0.1298069305 -0.0524756980 -0.4320217700 0.3825497666 -0.1988091259 -0.7848527830 0.6420008582 0.0005880675 0.4185942510 0.4220636221
0.3969636463 0.0255884349 -0.0631089051 0.3878081365 0.1380530698 -0.0427553341 -0.4199171961 0.3899062254 -0.1888917541 -0.7735170022 0.6288296138 0.0100000975 0.4256701909 0.4290887122
0.4039294947 0.0350863216 -0.0530828558 0.3952586502 0.1464522401 -0.0328667545 -0.4075989702 0.3973552418 -0.1787677559 -0.7619496215 0.6154152807 0.0195726781 0.4328339062 0.4362018542
0.4109967189 0.0447373099 -0.0428909218 0.4027988942 0.1550000069 -0.0228147096 -0.3950726052 0.4048932403 -0.1684423820 -0.7501552354 0.6017638203 0.0293011818 0.4400819093 0.4433995617
0.4181616238 0.0545368146 -0.0325378959 0.4104252832 0.1636919357 -0.0126039498 -0.3823436139 0.4125166459 -0.1579208834 -0.7381384379 0.5878811940 0.0391809808 0.4474107126 0.4506783480
0.4254205142 0.0644802506 -0.0220285704 0.4181342320 0.1725235918 -0.0022392254 -0.3694175091 0.4202218832 -0.1472085111 -0.7259038234 0.5737733632 0.0492074475 0.4548168287 0.4580347265
0.4327696949 0.0745630325 -0.0113677381 0.4259221553 0.1814905408 0.0082747133 -0.3562998037 0.4280053769 -0.1363105158 -0.7134559861 0.5594462893 0.0593759544 0.4622967700 0.4654652105
0.4402054710 0.0847805750 -0.0005601914 0.4337854679 0.1905883481 0.0189331159 -0.3429960106 0.4358635519 -0.1252321486 -0.7007995202 0.5449059338 0.0696818736 0.4698470490 0.4729663135
0.4477241472 0.0951282931 0.0103892769 0.4417205845 0.1998125790 0.0297312322 -0.3295116425 0.4437928329 -0.1139786603 -0.6879390200 0.5301582580 0.0801205777 0.4774641782 0.4805345489
0.4553220285 0.1056016014 0.0214758743 0.4497239198 0.2091587991 0.0406643117 -0.3158522123 0.4517896446 -0.1025553018 -0.6748790797 0.5152092234 0.0906874389 0.4851446700 0.4881664300
0.4629954197 0.1161959146 0.0326948083 0.4577918887 0.2186225738 0.0517276042 -0.3020232328 0.4598504118 -0.0909673240 -0.6616242936 0.5000647913 0.1013778296 0.4928850370 0.4958584703
0.4707406257 0.1269066476 0.0440412861 0.4659209058 0.2281994685 0.0629163593 -0.2880302170 0.4679715592 -0.0792199778 -0.6481792558 0.4847309232 0.1121871221 0.5006817916 0.5036071830
0.4785539514 0.1377292151 0.0555105154 0.4741073859 0.2378850487 0.0742258267 -0.2738786776 0.4761495116 -0.0673185142 -0.6345485607 0.4692135805 0.1231106888 0.5085314463 0.5114090817
0.4864317016 0.1486590318 0.0670977033 0.4823477438 0.2476748797 0.0856512560 -0.2595741275 0.4843806936 -0.0552681839 -0.6207368024 0.4535187246 0.1341439020 0.5164305136 0.5192606796
