-0.5235087990 -0.6292176981 -0.7000657546 -0.5282374949 -0.0475435681 -0.7088181638 -0.4456930858 -0.5274090093 0.5253228775 -0.6566429843 0.1736102967 -0.6464719075 -0.5353083297 -0.5284703527
-0.5431356147 -0.6457993137 -0.7146348745 -0.5480983494 -0.0723772355 -0.7218175739 -0.4601586609 -0.5472908403 0.5088612495 -0.6594249346 0.1987473967 -0.6625548246 -0.5550419495 -0.5483740950
-0.5625528289 -0.6621749315 -0.7289886352 -0.5677237838 -0.0970950055 -0.7346125580 -0.4744613218 -0.5669373884 0.4923057367 -0.6620430233 0.2237686025 -0.6784309395 -0.5745353134 -0.5680389263
-0.5817457560 -0.6783309681 -0.7431145314 -0.5870997249 -0.1216795707 -0.7471911787 -0.4885885631 -0.5863345684 0.4756668209 -0.6644905889 0.2486591149 -0.6940868920 -0.5937745294 -0.5874508518
-0.6006997105 -0.6942538401 -0.7570000581 -0.6062120993 -0.1461136237 -0.7595414982 -0.5025278796 -0.6054682952 0.4589549839 -0.6667609702 0.2734041347 -0.7095093217 -0.6127457055 -0.6065958766
-0.6194000072 -0.7099299642 -0.7706327100 -0.6250468339 -0.1703798569 -0.7716515788 -0.5162667661 -0.6243244835 0.4421807076 -0.6688475057 0.2979888625 -0.7246848683 -0.6314349495 -0.6254600057
-0.6378319605 -0.7253457569 -0.7839999821 -0.6435898552 -0.1944609629 -0.7835094831 -0.5297927174 -0.6428890481 0.4253544738 -0.6707435340 0.3223984991 -0.7396001716 -0.6498283694 -0.6440292442
-0.6559808849 -0.7404876349 -0.7970893691 -0.6618270901 -0.2183396342 -0.7951032732 -0.5430932281 -0.6611479040 0.4084867644 -0.6724423937 0.3466182452 -0.7542418711 -0.6679120732 -0.6622895974
-0.6738320952 -0.7553420147 -0.8098883660 -0.6797444653 -0.2419985633 -0.8064210117 -0.5561557931 -0.6790869658 0.3915880612 -0.6739374236 0.3706333016 -0.7685966067 -0.6856721687 -0.6802270702
-0.6913709057 -0.7698953130 -0.8223844676 -0.6973279074 -0.2654204429 -0.8174507607 -0.5689679071 -0.6966921485 0.3746688460 -0.6752219622 0.3944288689 -0.7826510179 -0.7030947640 -0.6978276679
-0.7085826310 -0.7841339464 -0.8345651687 -0.7145633432 -0.2885879653 -0.8281805828 -0.5815170649 -0.7139493668 0.3577396007 -0.6762893481 0.4179901480 -0.7963917445 -0.7201659670 -0.7150773955
-0.7254525858 -0.7980443314 -0.8464179642 -0.7314366994 -0.3114838232 -0.8385985402 -0.5937907611 -0.7308445356 0.3408108070 -0.6771329199 0.4413023394 -0.8098054262 -0.7368718855 -0.7319622581
-0.7419660845 -0.8116128848 -0.8579303490 -0.7479339027 -0.3340907090 -0.8486926953 -0.6057764907 -0.7473635697 0.3238929469 -0.6777460163 0.4643506441 -0.8228787026 -0.7531986276 -0.7484682609
-0.7581084417 -0.8248260231 -0.8690898179 -0.7640408799 -0.3563913153 -0.8584511105 -0.6174617483 -0.7634923838 0.3069965022 -0.6781219759 0.4871202626 -0.8355982134 -0.7691323012 -0.7645814089
-0.7738649721 -0.8376701629 -0.8798838658 -0.7797435576 -0.3783683347 -0.8678618481 -0.6288340286 -0.7792168929 0.2901319546 -0.6782541374 0.5095963958 -0.8479505984 -0.7846590142 -0.7802877073
