-0.9759447582 -0.9700164978 -0.9648162575 -0.9873735226 -0.9836788369 -0.9593422558 -0.9598839086 -0.9872120938 -0.9857142455 -0.9702008967 0.9792735697 -0.9558885809 -0.9954357825 -0.9894932905
-0.9739903007 -0.9675612892 -0.9621631058 -0.9858652085 -0.9820794608 -0.9564577285 -0.9570059972 -0.9856885341 -0.9842060878 -0.9680507602 0.9772353344 -0.9529631591 -0.9945362469 -0.9881656820
-0.9719660097 -0.9650136316 -0.9594165373 -0.9842749499 -0.9804105313 -0.9534794130 -0.9540322838 -0.9840823396 -0.9826268802 -0.9658252860 0.9751031703 -0.9499502384 -0.9935579142 -0.9867625150
-0.9698726166 -0.9623739892 -0.9565768641 -0.9826032395 -0.9786727367 -0.9504078094 -0.9509631551 -0.9823939946 -0.9809772768 -0.9635244293 0.9728772914 -0.9468504163 -0.9925012393 -0.9852843519
-0.9677108527 -0.9596428262 -0.9536443981 -0.9808505699 -0.9768667655 -0.9472434181 -0.9477989977 -0.9806239837 -0.9792579317 -0.9611481452 0.9705579116 -0.9436642907 -0.9913666770 -0.9837317553
-0.9654814496 -0.9568206067 -0.9506194512 -0.9790174339 -0.9749933059 -0.9439867392 -0.9445401983 -0.9787727913 -0.9774694987 -0.9586963888 0.9681452451 -0.9403924589 -0.9901546821 -0.9821052878
-0.9631851385 -0.9539077950 -0.9475023354 -0.9771043239 -0.9730530466 -0.9406382732 -0.9411871435 -0.9768409020 -0.9756126318 -0.9561691152 0.9656395056 -0.9370355188 -0.9888657093 -0.9804055120
-0.9608226510 -0.9509048551 -0.9442933627 -0.9751117327 -0.9710466757 -0.9371985201 -0.9377402200 -0.9748288002 -0.9736879851 -0.9535662795 0.9630409073 -0.9335940679 -0.9875002136 -0.9786329904
-0.9583947185 -0.9478122513 -0.9409928449 -0.9730401530 -0.9689748818 -0.9336679802 -0.9341998144 -0.9727369704 -0.9716962125 -0.9508878368 0.9603496640 -0.9300687039 -0.9860586496 -0.9767882856
-0.9559020723 -0.9446304477 -0.9376010941 -0.9708900772 -0.9668383532 -0.9300471538 -0.9305663135 -0.9705658971 -0.9696379680 -0.9481337421 0.9575659898 -0.9264600244 -0.9845414722 -0.9748719602
-0.9533454438 -0.9413599085 -0.9341184222 -0.9686619981 -0.9646377783 -0.9263365412 -0.9268401038 -0.9683160648 -0.9675139055 -0.9453039506 0.9546900987 -0.9227686270 -0.9829491362 -0.9728845767
-0.9507255646 -0.9380010978 -0.9305451410 -0.9663564084 -0.9623738456 -0.9225366425 -0.9230215720 -0.9659879580 -0.9653246790 -0.9423984174 0.9517222046 -0.9189951094 -0.9812820963 -0.9708266976
-0.9480431660 -0.9345544798 -0.9268815626 -0.9639738006 -0.9600472434 -0.9186479580 -0.9191111047 -0.9635820611 -0.9630709426 -0.9394170975 0.9486625215 -0.9151400691 -0.9795408075 -0.9686988857
-0.9452989794 -0.9310205186 -0.9231279990 -0.9615146674 -0.9576586601 -0.9146709880 -0.9151090887 -0.9610988587 -0.9607533501 -0.9363599461 0.9455112634 -0.9112041038 -0.9777257244 -0.9665017034
-0.9424937362 -0.9273996785 -0.9192847620 -0.9589795014 -0.9552087841 -0.9106062327 -0.9110159105 -0.9585388352 -0.9583725556 -0.9332269181 0.9422686443 -0.9071878112 -0.9758373019 -0.9642357133
