-0.7761082704 -0.7626788801 -0.7784045234 -0.8101889164 -0.6214467503 -0.7496468702 -0.7077592427 -0.8101525553 -0.0326573500 -0.4865993867 0.6190041232 -0.7612404833 -0.8131899310 -0.8130184814
-0.7973013326 -0.7842601998 -0.7996138866 -0.8303671440 -0.6452791797 -0.7714908689 -0.7305654817 -0.8303324110 -0.0562401660 -0.5113676223 0.6423578102 -0.7828548944 -0.8332596477 -0.8330977519
-0.8173225626 -0.8046959501 -0.8196430041 -0.8492977170 -0.6682146379 -0.7922174110 -0.7523299951 -0.8492646759 -0.0795739491 -0.5354217292 0.6648055216 -0.8033268020 -0.8520748547 -0.8519226982
-0.8361903616 -0.8240035111 -0.8385098152 -0.8670010415 -0.6902650601 -0.8118435494 -0.7730671822 -0.8669697505 -0.1026570605 -0.5587691635 0.6863601709 -0.8226735305 -0.8696561985 -0.8695139238
-0.8539231305 -0.8422002627 -0.8562322590 -0.8834975239 -0.7114423815 -0.8303863372 -0.7927914424 -0.8834680356 -0.1254878613 -0.5814173814 0.7070346716 -0.8409124042 -0.8860243258 -0.8858920323
-0.8705392704 -0.8593035846 -0.8728282744 -0.8988075706 -0.7317585374 -0.8478628273 -0.8115171749 -0.8987799317 -0.1480647128 -0.6033738392 0.7268419372 -0.8580607476 -0.9011998833 -0.9010776272
-0.8860571822 -0.8753308568 -0.8883158007 -0.9129515878 -0.7512254630 -0.8642900726 -0.8292587791 -0.9129258395 -0.1703859763 -0.6246459930 0.7457948814 -0.8741358849 -0.9152035177 -0.9150913120
-0.9004952671 -0.8902994593 -0.9027127769 -0.9259499818 -0.7698550936 -0.8796851261 -0.8460306543 -0.9259261596 -0.1924500128 -0.6452412990 0.7639064176 -0.8891551405 -0.9280558757 -0.9279536903
-0.9138719260 -0.9042267718 -0.9160371421 -0.9378231590 -0.7876593643 -0.8940650407 -0.8618471997 -0.9378012928 -0.2142551836 -0.6651672134 0.7811894593 -0.9031358388 -0.9397776039 -0.9396853655
-0.9262055599 -0.9171301743 -0.9283068355 -0.9485915257 -0.8046502105 -0.9074468694 -0.8767228147 -0.9485716396 -0.2357998499 -0.6844311925 0.7976569201 -0.9160953041 -0.9503893490 -0.9503069412
-0.9375145700 -0.9290270468 -0.9395397961 -0.9582754881 -0.8208395673 -0.9198476652 -0.8906718986 -0.9582576007 -0.2570823729 -0.7030406923 0.8133217136 -0.9280508609 -0.9599117577 -0.9598390210
-0.9478173572 -0.9399347690 -0.9497539630 -0.9668954526 -0.8362393699 -0.9312844809 -0.9037088507 -0.9668795767 -0.2781011138 -0.7210031692 0.8281967533 -0.9390198334 -0.9683654767 -0.9683022082
-0.9571323225 -0.9498707208 -0.9589672754 -0.9744718254 -0.8508615537 -0.9417743697 -0.9158480704 -0.9744579683 -0.2988544337 -0.7383260792 0.8422949526 -0.9490195460 -0.9757711526 -0.9757171065
-0.9654778670 -0.9588522823 -0.9671976723 -0.9810250130 -0.8647180538 -0.9513343843 -0.9271039569 -0.9810131761 -0.3193406940 -0.7550168787 0.8556292252 -0.9580673231 -0.9821494322 -0.9821043194
-0.9728723917 -0.9668968332 -0.9744630928 -0.9865754215 -0.8778208054 -0.9599815778 -0.9374909095 -0.9865656008 -0.3395582558 -0.7710830237 0.8682124847 -0.9661804890 -0.9875209621 -0.9874844504
