-0.8561507118 -0.8230787191 -0.8729077424 -0.9380356044 -0.4961518960 -0.8484399478 -0.7635217648 -0.9382893914 0.1194592845 -0.8365164519 0.0504813710 -0.8282892050 -0.9487068953 -0.9468355510
-0.8416791972 -0.8076106401 -0.8604692197 -0.9288664074 -0.4762112491 -0.8350134628 -0.7459477990 -0.9291394877 0.1349565262 -0.8273757910 0.0351509310 -0.8132077621 -0.9404318073 -0.9384127294
-0.8266259324 -0.7916130638 -0.8475351127 -0.9191272017 -0.4558207661 -0.8211107695 -0.7278855771 -0.9194194387 0.1506683827 -0.8180256896 0.0194851375 -0.7976053939 -0.9315941346 -0.9294283483
-0.8110063888 -0.7751005228 -0.8341168535 -0.9088297771 -0.4349989821 -0.8067434007 -0.7093502058 -0.9091410137 0.1665816414 -0.8084693245 0.0034994670 -0.7814960762 -0.9222052131 -0.9198939030
-0.7948360375 -0.7580875496 -0.8202258742 -0.8979859233 -0.4137644323 -0.7919228889 -0.6903567922 -0.8983159815 0.1826830897 -0.7987098724 -0.0127906042 -0.7648937845 -0.9122763790 -0.9098208887
-0.7781303502 -0.7405886764 -0.8058736070 -0.8866074304 -0.3921356517 -0.7766607666 -0.6709204431 -0.8869561113 0.1989595149 -0.7887505101 -0.0293695996 -0.7478124947 -0.9018189684 -0.8992208005
-0.7609047981 -0.7226184359 -0.7910714841 -0.8747060880 -0.3701311754 -0.7609685665 -0.6510562654 -0.8750731722 0.2153977045 -0.7785944142 -0.0462220428 -0.7302661824 -0.8908443173 -0.8881051337
-0.7431748526 -0.7041913604 -0.7758309375 -0.8622936860 -0.3477695385 -0.7448578211 -0.6307793660 -0.8626789331 0.2319844457 -0.7682447615 -0.0633324575 -0.7122688234 -0.8793637619 -0.8764853835
-0.7249559852 -0.6853219824 -0.7601633993 -0.8493820142 -0.3250692762 -0.7283400630 -0.6101048517 -0.8497851633 0.2487065259 -0.7577047287 -0.0806853671 -0.6938343933 -0.8673886382 -0.8643730452
-0.7062636671 -0.6660248344 -0.7440803018 -0.8359828624 -0.3020489234 -0.7114268249 -0.5890478296 -0.8364036316 0.2655507325 -0.7469774927 -0.0982652954 -0.6749768679 -0.8549302823 -0.8517796138
-0.6871133697 -0.6463144487 -0.7275930771 -0.8221080205 -0.2787270154 -0.6941296392 -0.5676234064 -0.8225461073 0.2825038529 -0.7360662299 -0.1160567658 -0.6557102230 -0.8420000303 -0.8387165846
-0.6675205646 -0.6262053579 -0.7107131572 -0.8077692783 -0.2551220873 -0.6764600386 -0.5458466890 -0.8082243593 0.2995526744 -0.7249741174 -0.1340443021 -0.6360484341 -0.8286092183 -0.8251954529
-0.6475007229 -0.6057120943 -0.6934519744 -0.7929784256 -0.2312526740 -0.6584295556 -0.5237327844 -0.7934501568 0.3166839845 -0.7137043316 -0.1522124277 -0.6160054771 -0.8147691824 -0.8112277138
-0.6270693161 -0.5848491904 -0.6758209607 -0.7777472522 -0.2071373108 -0.6400497229 -0.5012967995 -0.7782352688 0.3338845704 -0.7022600495 -0.1705456664 -0.5955953277 -0.8004912586 -0.7968248626
-0.6062418157 -0.5636311788 -0.6578315483 -0.7620875480 -0.1827945327 -0.6213320730 -0.4785538411 -0.7625914643 0.3511412195 -0.6906444476 -0.1890285415 -0.5748319615 -0.7857867831 -0.7819983945
