0.1135028465 -0.0762223448 -0.2303235355 0.1449995107 0.1119681640 0.0429072448 -0.2560297373 0.1448543325 0.0580528026 -0.2169193629 -0.2570884536 -0.0718392748 0.1623154998 0.1639427737
0.0939210608 -0.1000784716 -0.2576020030 0.1261677974 0.0920151906 0.0216003541 -0.2840704821 0.1260242597 0.0364627878 -0.2445410261 -0.2403989411 -0.0955897123 0.1438519102 0.1455235834
0.0747885725 -0.1233921702 -0.2842597874 0.1077720591 0.0724944845 0.0007703006 -0.3114868232 0.1076304926 0.0153091917 -0.2715823040 -0.2240701451 -0.1187995064 0.1258146340 0.1275303166
0.0561015961 -0.1461678566 -0.3103018506 0.0898085876 0.0534024863 -0.0195868432 -0.3382836138 0.0896693191 -0.0054114346 -0.2980476390 -0.2080989924 -0.1414730632 0.1082000355 0.1099593375
0.0378563466 -0.1684099465 -0.3357331545 0.0722736743 0.0347356366 -0.0394750048 -0.3644657068 0.0721370270 -0.0257025398 -0.3239414733 -0.1924824101 -0.1636147887 0.0910044789 0.0928070106
0.0200490385 -0.1901228558 -0.3605586610 0.0551636111 0.0164903760 -0.0588981118 -0.3900379554 0.0550299040 -0.0455675728 -0.3492682494 -0.1772173251 -0.1852290888 0.0742243285 0.0760697002
0.0026758867 -0.2113110003 -0.3847833319 0.0384746894 -0.0013368550 -0.0778600916 -0.4150052126 0.0383442379 -0.0650099824 -0.3740324093 -0.1623006645 -0.2063203697 0.0578559486 0.0597437707
-0.0142668942 -0.2319787958 -0.4084121292 0.0222032010 -0.0187496157 -0.0963648717 -0.4393723315 0.0220763166 -0.0840332173 -0.3982383956 -0.1477293552 -0.2268930374 0.0418957035 0.0438255865
-0.0307830893 -0.2521306581 -0.4314500147 0.0063454375 -0.0357514655 -0.1144163796 -0.4631441651 0.0062224277 -0.1026407264 -0.4218906504 -0.1335003242 -0.2469514978 0.0263399574 0.0283115120
-0.0468764841 -0.2717710030 -0.4539019503 -0.0091023095 -0.0523459640 -0.1320185429 -0.4863255666 -0.0092211408 -0.1208359585 -0.4449936161 -0.1196104985 -0.2665001569 0.0111850746 0.0131979114
-0.0625508636 -0.2909042464 -0.4757728978 -0.0241437483 -0.0685366704 -0.1491752890 -0.5089213889 -0.0242581013 -0.1386223624 -0.4675517349 -0.1060568052 -0.2855434208 -0.0035725806 -0.0015188507
-0.0778100132 -0.3095348041 -0.4970678193 -0.0387825874 -0.0843271443 -0.1658905456 -0.5309364853 -0.0388921659 -0.1560033869 -0.4895694492 -0.0928361711 -0.3040856955 -0.0179366440 -0.0158424100
-0.0926577182 -0.3276670919 -0.5177916765 -0.0530225349 -0.0997209450 -0.1821682400 -0.5523757086 -0.0531270469 -0.1729824808 -0.5110512013 -0.0799455233 -0.3221313870 -0.0319107512 -0.0297764021
-0.1070977638 -0.3453055256 -0.5379494314 -0.0668672994 -0.1147216319 -0.1980122997 -0.5732439121 -0.0669664565 -0.1895630929 -0.5320014335 -0.0673817888 -0.3396849014 -0.0454985380 -0.0433244628
-0.1211339354 -0.3624545210 -0.5575460458 -0.0803205892 -0.1293327645 -0.2134266524 -0.5935459487 -0.0804141068 -0.2057486721 -0.5524245880 -0.0551418945 -0.3567506445 -0.0587036401 -0.0564902275
