0.2681775075 0.3536250618 0.3451557187 0.1522653596 0.3286118670 0.3535367658 0.4074798359 0.1533155436 0.2534392828 0.6474789105 -0.4091974316 0.3496448956 0.1168865228 0.1204372378
0.2365896752 0.3212172831 0.3127532692 0.1220158655 0.2966222150 0.3211250003 0.3747313081 0.1230481884 0.2237461913 0.6181692344 -0.3764589195 0.3172613610 0.0871204572 0.0906248189
0.2042032789 0.2878759253 0.2794333183 0.0911337324 0.2637305424 0.2877799425 0.3409540978 0.0921469579 0.1931731165 0.5875492897 -0.3426880993 0.2839511615 0.0567681191 0.0602213994
0.1710106794 0.2535914738 0.2451868405 0.0596139855 0.2299273552 0.2534921019 0.3061372232 0.0606068688 0.1617104617 0.5556036997 -0.3078738423 0.2497049112 0.0258252271 0.0292226195
0.1370042376 0.2183544140 0.2100048102 0.0274516497 0.1952031592 0.2182519876 0.2702697025 0.0284229379 0.1293486303 0.5223170878 -0.2720050201 0.2145132240 -0.0057125001 -0.0023758805
0.1021763143 0.1821552312 0.1738782020 -0.0053582500 0.1595484602 0.1820501091 0.2333405540 -0.0044098182 0.0960780254 0.4876740773 -0.2350705043 0.1783667140 -0.0378493438 -0.0345784606
0.0665192706 0.1449844110 0.1367979905 -0.0388206886 0.1229537641 0.1448769757 0.1953387958 -0.0378963826 0.0618890504 0.4516592916 -0.1970591663 0.1412559952 -0.0705895853 -0.0673894805
0.0300254671 0.1068324386 0.0987551500 -0.0729406410 0.0854095767 0.1067230966 0.1562534463 -0.0720417388 0.0267721085 0.4142573542 -0.1579598777 0.1031716815 -0.1039375061 -0.1008133003
-0.0073127351 0.0676897994 0.0597406553 -0.1077230824 0.0469064039 0.0675789813 0.1160735235 -0.1068508698 -0.0092823970 0.3754528883 -0.1177615101 0.0641043870 -0.1378973873 -0.1348542796
-0.0455029753 0.0275469789 0.0197454808 -0.1431729875 0.0074347516 0.0274351391 0.0747880457 -0.1423287591 -0.0462840628 0.3352305174 -0.0764529349 0.0240447255 -0.1724735103 -0.1695167783
-0.0845528925 -0.0136055375 -0.0212393990 -0.1792953316 -0.0330148745 -0.0137179208 0.0323860312 -0.1784803898 -0.0842424856 0.2935748649 -0.0340230236 -0.0170166888 -0.2076701565 -0.2048051564
-0.1244701259 -0.0557772645 -0.0632230096 -0.2160950895 -0.0744519685 -0.0558896890 -0.0111435019 -0.2153107452 -0.1231672622 0.2504705541 0.0095393521 -0.0590892420 -0.2434916072 -0.2407237735
-0.1652623146 -0.0989777166 -0.1062143764 -0.2535772363 -0.1168860245 -0.0990896561 -0.0558115353 -0.2528248087 -0.1630679893 0.2059022083 0.0542453207 -0.1021823201 -0.2799421437 -0.2772769897
-0.2069370978 -0.1432164085 -0.1502225249 -0.2917467469 -0.1603265367 -0.1433273128 -0.1016290509 -0.2910275634 -0.2039542636 0.1598544511 0.1001060108 -0.1463053091 -0.3170260473 -0.3144691646
-0.2495021145 -0.1885028547 -0.1952564805 -0.3306085964 -0.2047829992 -0.1886121499 -0.1486070303 -0.3299239927 -0.2458356818 0.1123119057 0.1471325508 -0.1914675950 -0.3547475994 -0.3523046583
