0.2692286997 -0.1195638504 -0.1760601854 0.4714863315 -0.2273435106 0.0574583680 -0.5467792487 0.4693145779 -0.2196810913 -0.4072365044 0.0181881116 -0.0698229924 0.5426789927 0.5466868818
0.2768145035 -0.1161079494 -0.1713255884 0.4832068904 -0.2374176037 0.0615368858 -0.5478281511 0.4809750246 -0.2422193825 -0.4265129432 0.0348972828 -0.0657886662 0.5550616267 0.5590991311
0.2837623451 -0.1131276127 -0.1669910191 0.4942599138 -0.2478235324 0.0650311272 -0.5491732520 0.4919678188 -0.2645186318 -0.4455483599 0.0518010386 -0.0622492972 0.5667443852 0.5708094727
0.2900855597 -0.1106108504 -0.1630464339 0.5046575857 -0.2585478685 0.0679548668 -0.5508040705 0.5023051718 -0.2865744750 -0.4643385799 0.0688873301 -0.0591927700 0.5777397863 0.5818304504
0.2957974823 -0.1085456725 -0.1594817887 0.5144120901 -0.2695771840 0.0703218790 -0.5527101255 0.5119992944 -0.3083825478 -0.4828794286 0.0861441081 -0.0566069691 0.5880603480 0.5921746083
0.3009114481 -0.1069200889 -0.1562870397 0.5235356111 -0.2808980509 0.0721459384 -0.5548809360 0.5210623976 -0.3299384859 -0.5011667311 0.1035593236 -0.0544797789 0.5977185884 0.6018544904
0.3054407923 -0.1057221095 -0.1534521432 0.5320403327 -0.2924970411 0.0734408194 -0.5573060209 0.5295066926 -0.3512379251 -0.5191963128 0.1211209274 -0.0527990841 0.6067270255 0.6108826408
0.3093988499 -0.1049397445 -0.1509670553 0.5399384388 -0.3043607265 0.0742202966 -0.5599748993 0.5373443903 -0.3722765011 -0.5369639991 0.1388168705 -0.0515527692 0.6150981775 0.6192716034
0.3127989562 -0.1045610036 -0.1488217321 0.5472421135 -0.3164756790 0.0744981445 -0.5628770901 0.5445877017 -0.3930498496 -0.5544656152 0.1566351039 -0.0507287187 0.6228445623 0.6270339222
0.3156544462 -0.1045738969 -0.1470061297 0.5539635409 -0.3288284706 0.0742881375 -0.5660021124 0.5512488379 -0.4135536064 -0.5716969865 0.1745635784 -0.0503148171 0.6299786981 0.6341821412
0.3179786551 -0.1049664344 -0.1455102044 0.5601149049 -0.3414056732 0.0736040502 -0.5693394850 0.5573400098 -0.4337834071 -0.5886539383 0.1925902449 -0.0502989489 0.6365131029 0.6407288045
0.3197849180 -0.1057266261 -0.1443239123 0.5657083895 -0.3541938588 0.0724596571 -0.5728787271 0.5628734286 -0.4537348874 -0.6053322958 0.2107030545 -0.0506689987 0.6424602948 0.6466864560
0.3210865701 -0.1068424818 -0.1434372096 0.5707561788 -0.3671795993 0.0708687326 -0.5766093575 0.5678613052 -0.4734036832 -0.6217278845 0.2288899580 -0.0514128510 0.6478327918 0.6520676398
0.3218969466 -0.1083020116 -0.1428400523 0.5752704567 -0.3803494665 0.0688450514 -0.5805208954 0.5723158506 -0.4927854302 -0.6378365295 0.2471389063 -0.0525183903 0.6526431119 0.6568848997
0.3222293825 -0.1100932255 -0.1425223968 0.5792634074 -0.3936900326 0.0664023878 -0.5846028595 0.5762492759 -0.5118757639 -0.6536540563 0.2654378504 -0.0539735011 0.6569037734 0.6611507800
