-0.9992356832 -0.7900254175 -0.8186031177 -0.9857220274 -0.8620078577 -0.7559242590 -0.6361657345 -0.9868130674 -0.6899129554 -0.4534019437 0.5462141071 -0.7793545142 -0.9548669466 -0.9533764824
-0.9996514473 -0.7809377768 -0.8098014059 -0.9880541324 -0.8580087015 -0.7462759280 -0.6256463976 -0.9890571005 -0.6846895998 -0.4425531878 0.5352171501 -0.7699416286 -0.9588718624 -0.9574569366
-0.9999066204 -0.7716393514 -0.8007691601 -0.9901848923 -0.8539558054 -0.7364212266 -0.6149606772 -0.9910978413 -0.6794397336 -0.4315847189 0.5240787697 -0.7603129356 -0.9627023558 -0.9613624615
-1.0000000000 -0.7621290422 -0.7915049081 -0.9921124049 -0.8498493135 -0.7263590896 -0.6041079033 -0.9929333723 -0.6741638154 -0.4204961682 0.5127986276 -0.7504672967 -0.9663566663 -0.9650912795
-0.9999303838 -0.7524057498 -0.7820071775 -0.9938347678 -0.8456893695 -0.7160884519 -0.5930874055 -0.9945617764 -0.6688623036 -0.4092871674 0.5013763857 -0.7404035738 -0.9698330334 -0.9686416126
-0.9996965693 -0.7424683752 -0.7722744960 -0.9953500786 -0.8414761174 -0.7056082484 -0.5818985136 -0.9959811363 -0.6635356564 -0.3979573476 0.4898117056 -0.7301206285 -0.9731296966 -0.9720116831
-0.9992973541 -0.7323158190 -0.7623053912 -0.9966564350 -0.8372097010 -0.6949174139 -0.5705405573 -0.9971895347 -0.6581843322 -0.3865063403 0.4781042493 -0.7196173226 -0.9762448954 -0.9751997132
-0.9987315357 -0.7219469820 -0.7520983909 -0.9977519347 -0.8328902643 -0.6840148831 -0.5590128666 -0.9981850544 -0.6528087895 -0.3749337769 0.4662536785 -0.7088925178 -0.9791768692 -0.9782039250
-0.9979979117 -0.7113607650 -0.7416520225 -0.9986346753 -0.8285179512 -0.6728995911 -0.5473147711 -0.9989657780 -0.6474094867 -0.3632392889 0.4542596550 -0.6979450759 -0.9819238576 -0.9810225407
-0.9970952797 -0.7005560687 -0.7309648140 -0.9993027545 -0.8240929055 -0.6615704727 -0.5354456005 -0.9995297883 -0.6419868820 -0.3514225075 0.4421218406 -0.6867738585 -0.9844841001 -0.9836537826
-0.9960224373 -0.6895317941 -0.7200352927 -0.9997542699 -0.8196152712 -0.6500264626 -0.5234046847 -0.9998751681 -0.6365414340 -0.3394830641 0.4298398972 -0.6753777275 -0.9868558361 -0.9860958728
-0.9947781820 -0.6782868417 -0.7088619866 -0.9999873192 -0.8150851921 -0.6382664958 -0.5111913535 -1.0000000000 -0.6310736009 -0.3274205902 0.4174134864 -0.6637555444 -0.9890373051 -0.9883470335
-0.9933613114 -0.6668201125 -0.6974434231 -1.0000000000 -0.8105028121 -0.6262895070 -0.4988049366 -0.9999023668 -0.6255838413 -0.3152347172 0.4048422702 -0.6519061712 -0.9910267466 -0.9904054869
-0.9917706231 -0.6551305071 -0.6857781300 -0.9997904100 -0.8058682752 -0.6140944312 -0.4862447637 -0.9995803513 -0.6200726133 -0.3029250764 0.3921259103 -0.6398284694 -0.9928224002 -0.9922694551
-0.9900049146 -0.6432169263 -0.6738646349 -0.9993566469 -0.8011817252 -0.6016802033 -0.4735101646 -0.9990320361 -0.6145403755 -0.2904912992 0.3792640684 -0.6275213008 -0.9944225053 -0.9939371604
