0.1622543540 -0.2448842621 -0.4302679191 0.1213483471 0.1859089248 -0.2510548514 -0.3537684945 0.0909332660 0.1774537103 -0.9356725628 0.2246912071 -0.2811580123 0.2527641170 0.2158759224
0.1556147776 -0.2520875573 -0.4414772112 0.1086972929 0.1835955830 -0.2582642524 -0.3597860050 0.0783772488 0.1761546953 -0.9416731486 0.2292895161 -0.2885072529 0.2397148149 0.2029419791
0.1490331752 -0.2591527747 -0.4525575250 0.0960416022 0.1813913207 -0.2653343298 -0.3656266569 0.0658240567 0.1749797485 -0.9473579831 0.2337202523 -0.2957125220 0.2266287394 0.1899803126
0.1425086905 -0.2660815915 -0.4635093694 0.0833828467 0.1792936895 -0.2722667743 -0.3712928580 0.0532751366 0.1739260124 -0.9527304774 0.2379860367 -0.3027755335 0.2135079929 0.1769928744
0.1360404676 -0.2728756851 -0.4743332536 0.0707225977 0.1773002408 -0.2790632767 -0.3767870156 0.0407319358 0.1729906297 -0.9577940425 0.2420894901 -0.3096980013 0.2003546781 0.1639816160
0.1296276501 -0.2795367328 -0.4850296865 0.0580624270 0.1754085264 -0.2857255275 -0.3821115371 0.0281959012 0.1721707429 -0.9625520897 0.2460332337 -0.3164816393 0.1871708973 0.1509484889
0.1232693819 -0.2860664121 -0.4955991772 0.0454039061 0.1736160976 -0.2922552177 -0.3872688302 0.0156684800 0.1714634946 -0.9670080300 0.2498198882 -0.3231281616 0.1739587530 0.1378954446
0.1169648069 -0.2924664001 -0.5060422347 0.0327486065 0.1719205062 -0.2986540379 -0.3922613023 0.0031511193 0.1708660274 -0.9711652745 0.2534520748 -0.3296392820 0.1607203479 0.1248244347
0.1107130688 -0.2987383743 -0.5163593682 0.0200980998 0.1703193036 -0.3049236788 -0.3970913608 -0.0093547337 0.1703754839 -0.9750272344 0.2569324144 -0.3360167145 0.1474577843 0.1117374106
0.1045133116 -0.3048840121 -0.5265510865 0.0074539576 0.1688100414 -0.3110658311 -0.4017614132 -0.0218476321 0.1699890067 -0.9785973206 0.2602635278 -0.3422621730 0.1341731648 0.0986363238
0.0983646790 -0.3109049907 -0.5366178989 -0.0051822486 0.1673902711 -0.3170821856 -0.4062738670 -0.0343261286 0.1697037383 -0.9818789444 0.2634480362 -0.3483773715 0.1208685919 0.0855231258
0.0922663149 -0.3168029875 -0.5465603142 -0.0178089473 0.1660575444 -0.3229744329 -0.4106311297 -0.0467887762 0.1695168215 -0.9848755169 0.2664885604 -0.3543640240 0.1075461681 0.0723997682
0.0862173631 -0.3225796798 -0.5563788416 -0.0304245668 0.1648094127 -0.3287442639 -0.4148356088 -0.0592341278 0.1694253986 -0.9875904491 0.2693877214 -0.3602238443 0.0942079958 0.0592682024
0.0802169675 -0.3282367450 -0.5660739901 -0.0430275356 0.1636434277 -0.3343933691 -0.4188897117 -0.0716607363 0.1694266125 -0.9900271521 0.2721481403 -0.3659585464 0.0808561776 0.0461303800
0.0742642718 -0.3337758605 -0.5756462688 -0.0556162821 0.1625571409 -0.3399234394 -0.4227958460 -0.0840671545 0.1695176055 -0.9921890371 0.2747724379 -0.3715698442 0.0674928160 0.0329882524
