0.6211784199 0.9998461837 0.9716962619 0.3488097738 0.9689561219 0.9991747146 0.5204043906 0.3481429986 0.7647171968 -0.2320208888 -0.4334398632 0.9835001184 0.3458592049 0.3356375509
0.6213839922 0.9996672988 0.9737533379 0.3514559027 0.9653054022 0.9995359976 0.5195131396 0.3507797638 0.7620988440 -0.2319662754 -0.4344863176 0.9850159699 0.3482789688 0.3381375212
0.6215636527 0.9994186747 0.9757479069 0.3541108398 0.9614669190 0.9997945283 0.5185332346 0.3534253724 0.7593621923 -0.2319232027 -0.4354589613 0.9864699537 0.3507070969 0.3406471218
0.6217157010 0.9990989952 0.9776780683 0.3567720760 0.9574430362 0.9999494735 0.5174671118 0.3560773177 0.7565102750 -0.2318898567 -0.4363596505 0.9878602605 0.3531411418 0.3431638780
0.6218384367 0.9987069443 0.9795419216 0.3594371023 0.9532361176 1.0000000000 0.5163172073 0.3587330928 0.7535461249 -0.2318644237 -0.4371902410 0.9891850815 0.3555786559 0.3456853152
0.6219301591 0.9982412059 0.9813375666 0.3621034095 0.9488485270 0.9999452744 0.5150859575 0.3613901910 0.7504727753 -0.2318450895 -0.4379525887 0.9904426077 0.3580171916 0.3482089585
0.6219891680 0.9977004640 0.9830631026 0.3647684887 0.9442826281 0.9997844635 0.5137757985 0.3640461055 0.7472932592 -0.2318300402 -0.4386485497 0.9916310299 0.3604543015 0.3507323333
0.6220137628 0.9970834025 0.9847166294 0.3674298307 0.9395407850 0.9995167339 0.5123891666 0.3666983295 0.7440106097 -0.2318174620 -0.4392799799 0.9927485394 0.3628875379 0.3532529647
0.6220022432 0.9963887052 0.9862962463 0.3700849264 0.9346253613 0.9991412525 0.5109284980 0.3693443562 0.7406278599 -0.2318055409 -0.4398487352 0.9937933270 0.3653144533 0.3557683782
0.6219529086 0.9956150562 0.9878000529 0.3727312668 0.9295387209 0.9986571858 0.5093962290 0.3719816789 0.7371480428 -0.2317924628 -0.4403566716 0.9947635837 0.3677326002 0.3582760990
0.6218640586 0.9947611393 0.9892261489 0.3753663428 0.9242832276 0.9980637006 0.5077947957 0.3746077906 0.7335741917 -0.2317764140 -0.4408056449 0.9956575007 0.3701395311 0.3607736523
0.6217339928 0.9938256385 0.9905726338 0.3779876454 0.9188612453 0.9973599636 0.5061266343 0.3772201847 0.7299093394 -0.2317555804 -0.4411975113 0.9964732688 0.3725327983 0.3632585634
0.6215610107 0.9928072377 0.9918376070 0.3805926654 0.9132751377 0.9965451416 0.5043941812 0.3798163544 0.7261565192 -0.2317281482 -0.4415341265 0.9972090790 0.3749099544 0.3657283577
0.6213434119 0.9917046207 0.9930191682 0.3831788939 0.9075272687 0.9956184012 0.5025998725 0.3823937929 0.7223187641 -0.2316923033 -0.4418173466 0.9978631225 0.3772685517 0.3681805603
0.6210794959 0.9905164717 0.9941154169 0.3857438216 0.9016200021 0.9945789092 0.5007461445 0.3849499933 0.7183991071 -0.2316462319 -0.4420490275 0.9984335901 0.3796061429 0.3706126966
