0.2486339537 -0.0943199207 -0.1491189273 0.1761570416 -0.0260371513 -0.0969364372 -0.2989707040 0.1740383259 -0.2305695863 -0.5542983330 0.3411344028 -0.0898424228 0.2448009032 0.2523063912
0.2426975848 -0.0993481954 -0.1534218857 0.1703576997 -0.0333949444 -0.1017238119 -0.3033214140 0.1681931253 -0.2387682304 -0.5573929203 0.3458493709 -0.0946524926 0.2389474411 0.2464519186
0.2365182628 -0.1045259958 -0.1578547961 0.1643347096 -0.0409380674 -0.1066581262 -0.3077648125 0.1621244417 -0.2471075535 -0.5605059957 0.3506493513 -0.0996114659 0.2328526529 0.2403542260
0.2301077106 -0.1098431318 -0.1624080902 0.1580995056 -0.0486546304 -0.1117293537 -0.3122917122 0.1558437332 -0.2555756825 -0.5636298899 0.3555250364 -0.1047092820 0.2265281966 0.2340249932
0.2234776506 -0.1152894138 -0.1670721997 0.1516635220 -0.0565327436 -0.1169274684 -0.3168929262 0.1493624583 -0.2641607442 -0.5667569336 0.3604671187 -0.1099358807 0.2199857307 0.2274758996
0.2166398057 -0.1208546518 -0.1718375564 0.1450381933 -0.0645605172 -0.1222424438 -0.3215592673 0.1426920750 -0.2728508657 -0.5698794573 0.3654662905 -0.1152812012 0.2132369133 0.2207186249
0.2096058983 -0.1265286560 -0.1766945920 0.1382349537 -0.0727260613 -0.1276642537 -0.3262815484 0.1358440418 -0.2816341739 -0.5729897916 0.3705132442 -0.1207351831 0.2062934028 0.2137648486
0.2023876512 -0.1323012366 -0.1816337381 0.1312652377 -0.0810174860 -0.1331828719 -0.3310505824 0.1288298170 -0.2904987956 -0.5760802671 0.3755986724 -0.1262877659 0.1991668575 0.2066262504
0.1949967871 -0.1381622037 -0.1866454266 0.1241404794 -0.0894229016 -0.1387882721 -0.3358571823 0.1216608587 -0.2994328577 -0.5791432145 0.3807132674 -0.1319288891 0.1918689356 0.1993145098
0.1874450285 -0.1441013674 -0.1917200891 0.1168721134 -0.0979304182 -0.1444704280 -0.3406921610 0.1143486254 -0.3084244872 -0.5821709643 0.3858477217 -0.1376484922 0.1844112954 0.1918413064
0.1797440981 -0.1501085381 -0.1968481574 0.1094715739 -0.1065281459 -0.1502193133 -0.3455463312 0.1069045752 -0.3174618111 -0.5851558472 0.3909927277 -0.1434365146 0.1768055953 0.1842183198
0.1719057185 -0.1561735257 -0.2020200631 0.1019502952 -0.1152041949 -0.1560249019 -0.3504105061 0.0993401664 -0.3265329561 -0.5880901938 0.3961389778 -0.1492828959 0.1690634934 0.1764572296
0.1639416125 -0.1622861405 -0.2072262381 0.0943197118 -0.1239466754 -0.1618771674 -0.3552754984 0.0916668574 -0.3356260492 -0.5909663346 0.4012771644 -0.1551775755 0.1611966481 0.1685697153
0.1558635025 -0.1684361926 -0.2124571139 0.0865912579 -0.1327436975 -0.1677660835 -0.3601321210 0.0838961065 -0.3447292174 -0.5937766003 0.4063979800 -0.1611104930 0.1532167177 0.1605674566
0.1476831114 -0.1746134922 -0.2177031225 0.0787763679 -0.1415833714 -0.1736816241 -0.3649711870 0.0760393718 -0.3538305875 -0.5965133215 0.4114921170 -0.1670715878 0.1451353605 0.1524621330
