-0.6048061843 -0.4341814293 -0.3735494891 -0.6726722532 -0.6951796237 -0.6494662297 -0.2021025135 -0.6721330063 -0.6015304993 -0.8186237458 0.9601540347 -0.4251197316 -0.7136041023 -0.7092779079
-0.5618562766 -0.3831664289 -0.3231091269 -0.6349457508 -0.6705502525 -0.6127192385 -0.1542519466 -0.6343938839 -0.5978943901 -0.8238846157 0.9629355966 -0.3742008220 -0.6783586623 -0.6736745526
-0.5164105237 -0.3296396112 -0.2704188638 -0.5949159874 -0.6448605076 -0.5739184656 -0.1047883419 -0.5943534910 -0.5946446831 -0.8295536009 0.9656292438 -0.3208096900 -0.6408338028 -0.6357779307
-0.4684297547 -0.2735644689 -0.2154472761 -0.5525467644 -0.6180992646 -0.5330338314 -0.0536940395 -0.5519756884 -0.5917953378 -0.8356427056 0.9682370709 -0.2649103085 -0.6009928935 -0.5955511910
-0.4178747987 -0.2149044946 -0.1581629401 -0.5078018836 -0.5902553992 -0.4900352567 -0.0009513798 -0.5072243369 -0.5893603139 -0.8421639340 0.9707611727 -0.2064666501 -0.5587993037 -0.5529574822
-0.3647064849 -0.1536231808 -0.0985344321 -0.4606451465 -0.5613177869 -0.4448926620 0.0534572969 -0.4600632973 -0.5873535710 -0.8491292901 0.9732036436 -0.1454426875 -0.5142164032 -0.5079599534
-0.3088856424 -0.0896840202 -0.0365303284 -0.4110403549 -0.5312753032 -0.3975759680 0.1095496504 -0.4104564306 -0.5857890686 -0.8565507781 0.9755665784 -0.0818023934 -0.4672075614 -0.4605217533
-0.2503731003 -0.0230505053 0.0278807946 -0.3589513103 -0.5001168239 -0.3480550953 0.1673433403 -0.3583675975 -0.5846807664 -0.8644404021 0.9778520717 -0.0155097407 -0.4177361479 -0.4106060308
-0.1891296876 0.0463138712 0.0947303606 -0.3043418144 -0.4678312244 -0.2962999646 0.2268560264 -0.3037606589 -0.5840426239 -0.8728101662 0.9800622181 0.0534712980 -0.3657655322 -0.3581759347
-0.1251162337 0.1184456168 0.1640497934 -0.2471756689 -0.4344073804 -0.2422804964 0.2881053684 -0.2465994757 -0.5838886008 -0.8816720746 0.9821991122 0.1251767500 -0.3112590840 -0.3031946140
-0.0582935674 0.1933812388 0.2358705165 -0.1874166754 -0.3998341674 -0.1859666115 0.3511090260 -0.1868479086 -0.5842326567 -0.8910381313 0.9842648488 0.1996426425 -0.2541801727 -0.2456252175
0.0113774819 0.2711572448 0.3102239537 -0.1250286354 -0.3641004611 -0.1273282304 0.4158846590 -0.1244698186 -0.5850887511 -0.9009203406 0.9862615223 0.2769050028 -0.1944921679 -0.1854308939
0.0839360853 0.3518101420 0.3871415287 -0.0599753508 -0.3271951371 -0.0663352737 0.4824499269 -0.0594290665 -0.5864708436 -0.9113307065 0.9881912276 0.3569998583 -0.1321584391 -0.1225747923
0.1594214135 0.4353764378 0.4666546651 0.0077793770 -0.2891070708 -0.0029576622 0.5508224897 0.0083104869 -0.5883928939 -0.9222812331 0.9900560591 0.4399632360 -0.0671423560 -0.0570200614
0.2378726376 0.5218926398 0.5487947866 0.0782717462 -0.2498251380 0.0628346835 0.6210200069 0.0787849807 -0.5908688616 -0.9337839247 0.9918581116 0.5258311635 0.0005927119 0.0112701499
