-0.7971437920 -0.7811876476 -0.7927603749 -0.7906161283 -0.7008384591 -0.8093781293 -0.7644797485 -0.7904770608 -0.6280248161 -0.8183767928 0.6134200881 -0.7876691152 -0.7900003490 -0.7910475331
-0.7705525052 -0.7526953629 -0.7656555203 -0.7630528489 -0.6622271868 -0.7846121853 -0.7339254843 -0.7628966185 -0.5803687306 -0.7950650191 0.5633524798 -0.7599972941 -0.7623322939 -0.7635186537
-0.7445396412 -0.7248728091 -0.7391562389 -0.7360590266 -0.6246152070 -0.7604423277 -0.7041195347 -0.7358862871 -0.5340404310 -0.7723889259 0.5145361378 -0.7329696214 -0.7352297307 -0.7365527103
-0.7190989933 -0.6977126779 -0.7132559877 -0.7096287550 -0.5879917764 -0.7368617728 -0.6750537143 -0.7094401533 -0.4890255769 -0.7503408736 0.4669583096 -0.7065790497 -0.7086868321 -0.7101438924
-0.6942243547 -0.6712076612 -0.6879482239 -0.6837561279 -0.5523461514 -0.7138637367 -0.6467198373 -0.6835523034 -0.4453098281 -0.7289132225 0.4206062428 -0.6808185316 -0.6826977709 -0.6842863891
-0.6699095189 -0.6453504507 -0.6632264048 -0.6584352392 -0.5176675888 -0.6914414357 -0.6191097182 -0.6582168240 -0.4028788445 -0.7080983329 0.3754671850 -0.6556810197 -0.6572567197 -0.6589743898
-0.6461482791 -0.6201337382 -0.6390839875 -0.6336601827 -0.4839453451 -0.6695880858 -0.5922151714 -0.6334278016 -0.3617182856 -0.6878885651 0.3315283839 -0.6311594667 -0.6323578514 -0.6342020838
-0.6229344286 -0.5955502153 -0.6155144292 -0.6094250521 -0.4511686770 -0.6482969033 -0.5660280113 -0.6091793226 -0.3218138113 -0.6682762794 0.2887770870 -0.6072468250 -0.6079953386 -0.6099636603
-0.6002617607 -0.5715925738 -0.5925111870 -0.5857239412 -0.4193268410 -0.6275611043 -0.5405400523 -0.5854654736 -0.2831510813 -0.6492538361 0.2472005420 -0.5839360474 -0.5841633541 -0.5862533086
-0.5781240687 -0.5482535056 -0.5700677182 -0.5625509438 -0.3884090937 -0.6073739051 -0.5157431088 -0.5622803410 -0.2457157554 -0.6308135955 0.2067859965 -0.5612200865 -0.5608560705 -0.5630652181
-0.5565151460 -0.5255257022 -0.5481774799 -0.5399001538 -0.3584046919 -0.5877285218 -0.4916289952 -0.5396180114 -0.2094934932 -0.6129479179 0.1675206980 -0.5390918947 -0.5380676607 -0.5403935779
-0.5354287857 -0.5034018556 -0.5268339293 -0.5177656649 -0.3293028920 -0.5686181706 -0.4681895258 -0.5174725712 -0.1744699546 -0.5956491636 0.1293918942 -0.5175444248 -0.5157922973 -0.5182325775
-0.5148587814 -0.4818746574 -0.5060305236 -0.4961415709 -0.3010929506 -0.5500360676 -0.4454165152 -0.4958381069 -0.1406307992 -0.5789096930 0.0923868328 -0.4965706294 -0.4940241530 -0.4965764060
-0.4947989261 -0.4609367994 -0.4857607199 -0.4750219656 -0.2737641245 -0.5319754291 -0.4233017776 -0.4747087051 -0.1079616868 -0.5627218663 0.0564927612 -0.4761634609 -0.4727574006 -0.4754192528
-0.4752430133 -0.4405809734 -0.4660179756 -0.4544009428 -0.2473056701 -0.5144294712 -0.4018371275 -0.4540784521 -0.0764482773 -0.5470780438 0.0216969272 -0.4563158721 -0.4519862128 -0.4547553072
