0.5560453715 0.5876042505 0.4030672798 0.2624499570 0.8898107355 0.4483494908 0.6780138973 0.2620432120 0.9864231429 0.0061124854 -0.9488415716 0.5632685109 0.1994655684 0.2025394635
0.5773290237 0.6084202996 0.4246138635 0.2846651371 0.9025913442 0.4694927678 0.6972926141 0.2842868176 0.9902414155 0.0222312576 -0.9556980397 0.5842192479 0.2211843716 0.2240415284
0.5982352007 0.6288648342 0.4459472391 0.3067193568 0.9146726128 0.4903972329 0.7161229598 0.3063708863 0.9934551197 0.0383625130 -0.9619303240 0.6048244159 0.2427629221 0.2453924498
0.6187484309 0.6489233219 0.4670559746 0.3286008263 0.9260360061 0.5110513533 0.7344898275 0.3282836491 0.9960510429 0.0545030748 -0.9675229480 0.6250700392 0.2641898839 0.2665807323
0.6388532431 0.6685812303 0.4879286378 0.3502977558 0.9366629890 0.5314435966 0.7523781104 0.3500133371 0.9980159725 0.0706497663 -0.9724604354 0.6449421421 0.2854539209 0.2875948809
0.6585341659 0.6878240268 0.5085537965 0.3717983554 0.9465350265 0.5515624301 0.7697727015 0.3715481810 0.9993366957 0.0867994109 -0.9767273099 0.6644267489 0.3065436969 0.3084234002
0.6777757280 0.7066371791 0.5289200187 0.3930908353 0.9556335834 0.5713963214 0.7866584939 0.3928764118 1.0000000000 0.1029488316 -0.9803080948 0.6835098839 0.3274478759 0.3290547951
0.6965624578 0.7250061547 0.5490158721 0.4141634057 0.9639401247 0.5909337377 0.8030203808 0.4139862605 0.9999926727 0.1190948520 -0.9831873140 0.7021775714 0.3481551219 0.3494775703
0.7148788840 0.7429164211 0.5688299247 0.4350042767 0.9714361152 0.6101631465 0.8188432553 0.4348659581 0.9993015013 0.1352342951 -0.9853494909 0.7204158356 0.3686540986 0.3696802307
0.7327095354 0.7603534459 0.5883507443 0.4556016586 0.9781030199 0.6290730152 0.8341120104 0.4555037353 0.9979132730 0.1513639843 -0.9867791492 0.7382107009 0.3889334701 0.3896512810
0.7500389404 0.7773026967 0.6075668987 0.4759437615 0.9839223036 0.6476518113 0.8488115394 0.4758878233 0.9958147752 0.1674807428 -0.9874608124 0.7555481916 0.4089819002 0.4093792260
0.7668516277 0.7937496410 0.6264669560 0.4960187956 0.9888754312 0.6658880022 0.8629267352 0.4960064528 0.9929927954 0.1835813939 -0.9873790041 0.7724143318 0.4287880529 0.4288525706
0.7831321259 0.8096797464 0.6450394838 0.5158149710 0.9929438677 0.6837700552 0.8764424910 0.5158478549 0.9894341208 0.1996627610 -0.9865182480 0.7887951459 0.4483405920 0.4480598194
0.7988649637 0.8250784804 0.6632730501 0.5353204980 0.9961090779 0.7012864378 0.8893436999 0.5354002605 0.9851255389 0.2157216671 -0.9848630676 0.8046766583 0.4676281815 0.4669894773
0.8140346697 0.8399313106 0.6811562227 0.5545235867 0.9983525268 0.7184256174 0.9016152551 0.5546519005 0.9800538369 0.2317549357 -0.9823979865 0.8200448931 0.4866394853 0.4856300492
