0.5459950672 0.9643299053 0.9347254250 0.3488766369 0.9670453805 0.9726220405 0.9874383663 0.3524463809 0.9972419855 0.4020390519 -0.9337930177 0.9405687723 0.2760287448 0.2945208732
0.5383288610 0.9587355213 0.9276033994 0.3405321298 0.9630371779 0.9675839520 0.9892064791 0.3440662677 0.9978375385 0.4074845069 -0.9359997944 0.9337015646 0.2679972845 0.2862522396
0.5303964628 0.9527111386 0.9200860793 0.3319873624 0.9587884536 0.9621005009 0.9908441131 0.3354855496 0.9983606775 0.4129763127 -0.9381644739 0.9264329879 0.2597799309 0.2777968631
0.5221949604 0.9462522956 0.9121696687 0.3232402869 0.9542975408 0.9561671287 0.9923503938 0.3267021806 0.9988114613 0.4185152090 -0.9402872924 0.9187591340 0.2513747516 0.2691528390
0.5137214418 0.9393545304 0.9038503714 0.3142888558 0.9495627730 0.9497792773 0.9937244464 0.3177141147 0.9991899488 0.4241019356 -0.9423684861 0.9106760945 0.2427798144 0.2603182629
0.5049729950 0.9320133813 0.8951243915 0.3051310213 0.9445824834 0.9429323884 0.9949653962 0.3085193060 0.9994961988 0.4297372323 -0.9444082913 0.9021799609 0.2339931868 0.2512912303
0.4959467079 0.9242243866 0.8859879329 0.2957647357 0.9393550055 0.9356219039 0.9960723686 0.2991157084 0.9997302700 0.4354218388 -0.9464069440 0.8932668249 0.2250129366 0.2420698366
0.4866396685 0.9159830846 0.8764371995 0.2861879514 0.9338786724 0.9278432654 0.9970444889 0.2895012759 0.9998922214 0.4411564951 -0.9483646805 0.8839327781 0.2158371315 0.2326521774
0.4770489649 0.9072850134 0.8664683953 0.2763986206 0.9281518177 0.9195919148 0.9978808825 0.2796739625 0.9999821118 0.4469419407 -0.9502817371 0.8741739121 0.2064638392 0.2230363481
0.4671716848 0.8981257114 0.8560777243 0.2663946958 0.9221727745 0.9108632938 0.9985806746 0.2696317222 1.0000000000 0.4527789156 -0.9521583499 0.8639863186 0.1968911273 0.2132204442
0.4570049164 0.8885007168 0.8452613904 0.2561741291 0.9159398763 0.9016528442 0.9991429906 0.2593725090 0.9999459448 0.4586681595 -0.9539947551 0.8533660890 0.1871170635 0.2032025612
0.4465457475 0.8784055678 0.8340155975 0.2457348730 0.9094514564 0.8919560079 0.9995669558 0.2488942770 0.9998200051 0.4646104122 -0.9557911889 0.8423093151 0.1771397155 0.1929807946
0.4357912662 0.8678358028 0.8223365497 0.2350748797 0.9027058480 0.8817682264 0.9998516956 0.2381949801 0.9996222397 0.4706064134 -0.9575478876 0.8308120885 0.1669571510 0.1825532399
0.4247385605 0.8567869599 0.8102204508 0.2241921016 0.8957013846 0.8710849417 0.9999963352 0.2272725723 0.9993527075 0.4766569030 -0.9592650873 0.8188705007 0.1565674377 0.1719179926
0.4133847182 0.8452545775 0.7976635049 0.2130844909 0.8884363994 0.8599015955 1.0000000000 0.2161250076 0.9990114672 0.4827626208 -0.9609430243 0.8064806434 0.1459686433 0.1610731481
