-0.9784962415 -0.8922938716 -0.9893462465 -0.8394272464 -0.3810453701 -0.8820577769 -0.6839705055 -0.8391117477 -0.1628732193 -0.5916541132 0.5357015043 -0.8970347749 -0.7851917972 -0.7832450914
-0.9806150746 -0.8891126613 -0.9884209525 -0.8463906242 -0.3659772588 -0.8786813245 -0.6766432394 -0.8460965902 -0.1434403814 -0.5825436245 0.5247551323 -0.8940402459 -0.7939865431 -0.7922034989
-0.9826212656 -0.8859188152 -0.9874562047 -0.8531895479 -0.3510189417 -0.8752966684 -0.6693855470 -0.8529162372 -0.1242040578 -0.5735416446 0.5139058831 -0.8910354880 -0.8025827963 -0.8009574652
-0.9845152788 -0.8827121438 -0.9864518943 -0.8598247001 -0.3361700180 -0.8719035889 -0.6621967275 -0.8595713781 -0.1051634584 -0.5646472131 0.5031530994 -0.8880202669 -0.8109814862 -0.8095079739
-0.9862975781 -0.8794924578 -0.9854079125 -0.8662967636 -0.3214300871 -0.8685018664 -0.6550760802 -0.8660627021 -0.0863177931 -0.5558593698 0.4924961238 -0.8849943488 -0.8191835422 -0.8178560084
-0.9879686278 -0.8762595676 -0.9843241505 -0.8726064208 -0.3067987484 -0.8650912810 -0.6480229043 -0.8723908985 -0.0676662715 -0.5471771541 0.4819342989 -0.8819574995 -0.8271898936 -0.8260025520
-0.9895288918 -0.8730132839 -0.9832004995 -0.8787543545 -0.2922756012 -0.8616716130 -0.6410364989 -0.8785566566 -0.0492081036 -0.5385996059 0.4714669675 -0.8789094848 -0.8350014699 -0.8339485882
-0.9909788344 -0.8697534172 -0.9820368507 -0.8847412473 -0.2778602450 -0.8582426428 -0.6341161634 -0.8845606657 -0.0309424991 -0.5301257647 0.4610934722 -0.8758500709 -0.8426192003 -0.8416951004
-0.9923189196 -0.8664797781 -0.9808330953 -0.8905677818 -0.2635522791 -0.8548041506 -0.6272611969 -0.8904036152 -0.0128686678 -0.5217546702 0.4508131557 -0.8727790234 -0.8500440144 -0.8492430720
-0.9935496115 -0.8631921772 -0.9795891246 -0.8962346406 -0.2493513028 -0.8513559166 -0.6204708986 -0.8960861943 0.0050141804 -0.5134853621 0.4406253606 -0.8696961085 -0.8572768414 -0.8565934863
-0.9946713742 -0.8598904251 -0.9783048298 -0.9017425063 -0.2352569155 -0.8478977213 -0.6137445677 -0.9016090922 0.0227068357 -0.5053168800 0.4305294295 -0.8666010920 -0.8643186107 -0.8637473269
-0.9956846719 -0.8565743322 -0.9769801020 -0.9070920617 -0.2212687166 -0.8444293447 -0.6070815036 -0.9069729984 0.0402100884 -0.4972482637 0.4205247052 -0.8634937398 -0.8711702518 -0.8707055772
-0.9965899686 -0.8532437093 -0.9756148325 -0.9122839893 -0.2073863055 -0.8409505673 -0.6004810053 -0.9121786021 0.0575247286 -0.4892785526 0.4106105303 -0.8603738179 -0.8778326940 -0.8774692204
-0.9973877284 -0.8498983668 -0.9742089125 -0.9173189718 -0.1936092814 -0.8374611693 -0.5939423721 -0.9172265926 0.0746515465 -0.4814067866 0.4007862474 -0.8572410922 -0.8843068667 -0.8840392401
-0.9980784155 -0.8465381154 -0.9727622332 -0.9221976917 -0.1799372438 -0.8339609310 -0.5874649032 -0.9221176592 0.0915913323 -0.4736320052 0.3910511992 -0.8540953286 -0.8905936993 -0.8904166197
