0.9777349244 0.9997313013 0.9137221209 0.9498433256 0.8456926409 0.9293892477 0.9679001228 0.9495018287 -0.0844616264 0.2247684907 -0.4514377302 0.9983296508 0.9192390424 0.9254905528
0.9758595658 0.9993578211 0.9172112314 0.9477396766 0.8322947821 0.9236837672 0.9715195897 0.9473918584 -0.0929898340 0.2117404924 -0.4336043262 0.9975789231 0.9166060390 0.9230249309
0.9739086447 0.9988234249 0.9206343561 0.9456012512 0.8182897283 0.9177425160 0.9749333524 0.9452471946 -0.1019534028 0.1981862395 -0.4152332789 0.9966873321 0.9139432972 0.9205316911
0.9718821899 0.9981269913 0.9239911048 0.9434285749 0.8036717704 0.9115639607 0.9781392708 0.9430683641 -0.1113571181 0.1841004089 -0.3963196711 0.9956540301 0.9112514410 0.9180114692
0.9697802301 0.9972673989 0.9272810871 0.9412221731 0.7884351992 0.9051465678 0.9811352047 0.9408558938 -0.1212057654 0.1694776773 -0.3768585858 0.9944781696 0.9085310943 0.9154649007
0.9676027941 0.9962435261 0.9305039125 0.9389825711 0.7725743057 0.8984888037 0.9839190140 0.9386103104 -0.1315041298 0.1543127214 -0.3568451060 0.9931589033 0.9057828811 0.9128926215
0.9653499106 0.9950542515 0.9336591907 0.9367102943 0.7560833806 0.8915891350 0.9864885585 0.9363321409 -0.1422569970 0.1386002180 -0.3362743148 0.9916953835 0.9030074253 0.9102952672
0.9630216084 0.9936984537 0.9367465313 0.9344058681 0.7389567147 0.8844460281 0.9888416982 0.9340219121 -0.1534691521 0.1223348437 -0.3151412950 0.9900867628 0.9002053509 0.9076734735
0.9606179163 0.9921750111 0.9397655440 0.9320698179 0.7211885991 0.8770579496 0.9909762929 0.9316801508 -0.1651453807 0.1055112754 -0.2934411298 0.9883321937 0.8973772819 0.9050278761
0.9581388631 0.9904828023 0.9427158382 0.9297026690 0.7027733244 0.8694233659 0.9928902026 0.9293073839 -0.1772904680 0.0881241897 -0.2711689021 0.9864308287 0.8945238421 0.9023591107
0.9555844774 0.9886207058 0.9455970238 0.9273049469 0.6837051816 0.8615407436 0.9945812869 0.9269041382 -0.1899091995 0.0701682634 -0.2483196949 0.9843818203 0.8916456557 0.8996678130
0.9529547881 0.9865876002 0.9484087101 0.9248771769 0.6639784615 0.8534085491 0.9960474059 0.9244709404 -0.2030063606 0.0516381732 -0.2248885911 0.9821843210 0.8887433465 0.8969546188
0.9502498239 0.9843823640 0.9511505070 0.9224198844 0.6435874550 0.8450252489 0.9972864194 0.9220083176 -0.2165867365 0.0325285959 -0.2008706738 0.9798374833 0.8858175384 0.8942201636
0.9474696135 0.9820038756 0.9538220240 0.9199335948 0.6225264529 0.8363893097 0.9982961873 0.9195167965 -0.2306551128 0.0128342081 -0.1762610260 0.9773404597 0.8828688556 0.8914650833
0.9446141859 0.9794510137 0.9564228707 0.9174188335 0.6007897461 0.8274991977 0.9990745694 0.9169969040 -0.2452162747 -0.0074503133 -0.1510547306 0.9746924027 0.8798979218 0.8886900135
