-0.3747119506 -0.3416029397 -0.4095567516 -0.3144651675 -0.3547391782 -0.3618695344 -0.3862629316 -0.3134652975 -0.3450639827 -0.6323060956 0.3762650839 -0.3807706278 -0.2842407485 -0.3212146211
-0.3878989266 -0.3549656547 -0.4215700126 -0.3276584521 -0.3678844142 -0.3752782478 -0.3989855807 -0.3266640599 -0.3582048404 -0.6394979462 0.3881378898 -0.3941436875 -0.2973195128 -0.3343512005
-0.4009217166 -0.3681760437 -0.4334496161 -0.3407062421 -0.3808712935 -0.3885286414 -0.4115625492 -0.3397176887 -0.3711902854 -0.6466202525 0.3998891634 -0.4073521541 -0.3102608111 -0.3473396500
-0.4137810521 -0.3812345709 -0.4451958738 -0.3536090300 -0.3937005043 -0.4016212153 -0.4239942239 -0.3526266682 -0.3840209715 -0.6536729694 0.4115191187 -0.4203966253 -0.3230650982 -0.3601805324
-0.4264776644 -0.3941417004 -0.4568090979 -0.3663673085 -0.4063727352 -0.4145564698 -0.4362809914 -0.3653914832 -0.3966975528 -0.6606560523 0.4230279697 -0.4332776986 -0.3357328288 -0.3728744101
-0.4390122850 -0.4068978963 -0.4682896001 -0.3789815702 -0.4188886745 -0.4273349052 -0.4484232383 -0.3780126178 -0.4092206832 -0.6675694560 0.4344159304 -0.4459959717 -0.3482644578 -0.3854218457
-0.4513856454 -0.4195036228 -0.4796376926 -0.3914523077 -0.4312490105 -0.4399570216 -0.4604213514 -0.3904905568 -0.4215910167 -0.6744131358 0.4456832147 -0.4585520422 -0.3606604400 -0.3978234017
-0.4635984768 -0.4319593442 -0.4908536871 -0.4037800137 -0.4434544318 -0.4524233194 -0.4722757172 -0.4028257846 -0.4338092074 -0.6811870466 0.4568300366 -0.4709465078 -0.3729212302 -0.4100796408
-0.4756515108 -0.4442655244 -0.5019378957 -0.4159651809 -0.4555056267 -0.4647342987 -0.4839867225 -0.4150187856 -0.4458759092 -0.6878911437 0.4678566101 -0.4831799660 -0.3850472831 -0.4221911255
-0.4875454788 -0.4564226279 -0.5128906303 -0.4280083018 -0.4674032836 -0.4768904598 -0.4955547538 -0.4270700443 -0.4577917760 -0.6945253820 0.4787631492 -0.4952530146 -0.3970390536 -0.4341584184
-0.4992811120 -0.4684311185 -0.5237122029 -0.4399098692 -0.4791480909 -0.4888923030 -0.5069801978 -0.4389800453 -0.4695574618 -0.7010897167 0.4895498678 -0.5071662511 -0.4088969965 -0.4459820820
-0.5108591421 -0.4802914607 -0.5344029253 -0.4516703755 -0.4907407370 -0.5007403286 -0.5182634413 -0.4507492730 -0.4811736206 -0.7075841029 0.5002169800 -0.5189202732 -0.4206215665 -0.4576626789
-0.5222803003 -0.4920041184 -0.5449631096 -0.4632903136 -0.5021819103 -0.5124350366 -0.5294048708 -0.4623782119 -0.4926409065 -0.7140084956 0.5107646998 -0.5305156785 -0.4322132185 -0.4692007717
-0.5335453182 -0.5035695559 -0.5553930677 -0.4747701760 -0.5134722992 -0.5239769275 -0.5404048729 -0.4738673465 -0.5039599733 -0.7203628500 0.5211932410 -0.5419530646 -0.4436724072 -0.4805969230
-0.5446549270 -0.5149882374 -0.5656931115 -0.4861104553 -0.5246125921 -0.5353665014 -0.5512638345 -0.4852171612 -0.5151314750 -0.7266471212 0.5315028177 -0.5532330291 -0.4549995876 -0.4918516952
