0.0087946714 0.0418223669 0.0431225973 0.0019496794 0.1594138861 0.0384373507 0.0697006343 0.0018759433 0.4202788565 0.0856034361 -0.1617866065 0.0323863800 -0.0055457332 -0.0100273390
0.0173794508 0.0513778873 0.0523562810 0.0093285619 0.1692539003 0.0481537434 0.0800443167 0.0092757927 0.4302337016 0.0968278801 -0.1711924006 0.0419690102 0.0015437264 -0.0029255529
0.0261937159 0.0611210640 0.0617856867 0.0169727018 0.1792181997 0.0580550562 0.0905411899 0.0169403690 0.4401872555 0.1081742237 -0.1807330695 0.0517430346 0.0089098010 0.0044546382
0.0352395104 0.0710534368 0.0714124635 0.0248846069 0.1893076670 0.0681427871 0.1011923800 0.0248721726 0.4501390716 0.1196432025 -0.1904096399 0.0617100281 0.0165551372 0.0121158980
0.0445188777 0.0811765457 0.0812382605 0.0330667848 0.1995231846 0.0784184346 0.1119990129 0.0330737039 0.4600887032 0.1312355519 -0.2002231387 0.0718715653 0.0244823817 0.0200608898
0.0540338614 0.0914919305 0.0912647265 0.0415217431 0.2098656352 0.0888834968 0.1229622146 0.0415474635 0.4700357038 0.1429520073 -0.2101745926 0.0822292211 0.0326941812 0.0282922770
0.0637865048 0.1020011312 0.1014935105 0.0502519894 0.2203359012 0.0995394721 0.1340831110 0.0502959519 0.4799796266 0.1547933043 -0.2202650286 0.0927845702 0.0411931824 0.0368127231
0.0737788516 0.1127056875 0.1119262616 0.0592600315 0.2309348651 0.1103878588 0.1453628282 0.0593216695 0.4899200250 0.1667601783 -0.2304954733 0.1035391874 0.0499820321 0.0456248916
0.0840129453 0.1236071394 0.1225646286 0.0685483769 0.2416634096 0.1214301550 0.1568024920 0.0686271169 0.4998564524 0.1788533648 -0.2408669536 0.1144946473 0.0590633768 0.0547314459
0.0944908292 0.1347070268 0.1334102607 0.0781195333 0.2525224171 0.1326678590 0.1684032285 0.0782147944 0.5097884621 0.1910735992 -0.2513804964 0.1256525247 0.0684398632 0.0641350494
0.1052145471 0.1460068895 0.1444648068 0.0879760083 0.2635127702 0.1441024692 0.1801661636 0.0880872027 0.5197156074 0.2034216169 -0.2620371283 0.1370143944 0.0781141382 0.0738383657
0.1161861422 0.1575082674 0.1557299158 0.0981203097 0.2746353513 0.1557354837 0.1920924232 0.0982468421 0.5296374418 0.2158981535 -0.2728378763 0.1485818312 0.0880888483 0.0838440580
0.1274076582 0.1692127004 0.1672072368 0.1085549450 0.2858910431 0.1675684009 0.2041831334 0.1086962133 0.5395535186 0.2285039445 -0.2837837672 0.1603564097 0.0983666402 0.0941547900
0.1388811386 0.1811217285 0.1788984187 0.1192824218 0.2972807281 0.1796027191 0.2164394201 0.1194378166 0.5494633911 0.2412397251 -0.2948758277 0.1723397048 0.1089501606 0.1047732249
0.1506086268 0.1932368914 0.1908051106 0.1303052479 0.3088052888 0.1918399364 0.2288624093 0.1304741525 0.5593666127 0.2541062310 -0.3061150847 0.1845332912 0.1198420563 0.1157020264
