-0.9723608384 -0.9514108799 -0.9881470331 -0.9993539266 0.4509429115 -0.9632526687 -0.9440226730 -0.9992558610 0.9619220478 -0.6301845440 0.6618792987 -0.9748428856 -1.0000000000 -0.9999090330
-0.9745549512 -0.9545602823 -0.9894865184 -0.9996734595 0.4486641864 -0.9658488706 -0.9468491851 -0.9995984826 0.9600765350 -0.6313791563 0.6697332375 -0.9770565684 -0.9999188767 -1.0000000000
-0.9766564264 -0.9576088302 -0.9907487528 -0.9998876647 0.4463665675 -0.9683549357 -0.9496150461 -0.9998367406 0.9581799154 -0.6325486374 0.6775414952 -0.9791709533 -0.9997240942 -0.9999781637
-0.9786655152 -0.9605560259 -0.9919331303 -0.9999965192 0.4440495469 -0.9707702786 -0.9523191961 -0.9999705935 0.9562317016 -0.6336918874 0.6853022173 -0.9811856468 -0.9994158202 -0.9998436516
-0.9805824686 -0.9634013715 -0.9930390446 -1.0000000000 0.4417126169 -0.9730943140 -0.9549605754 -1.0000000000 0.9542314060 -0.6348078062 0.6930135494 -0.9831002554 -0.9989942221 -0.9995965910
-0.9824075379 -0.9661443691 -0.9940658897 -0.9998980842 0.4393552696 -0.9753264565 -0.9575381241 -0.9999249188 0.9521785413 -0.6358952940 0.7006736368 -0.9849143853 -0.9984594675 -0.9992371095
-0.9841409742 -0.9687845208 -0.9950130594 -0.9996907487 0.4369769972 -0.9774661209 -0.9600507825 -0.9997453084 0.9500726200 -0.6369532508 0.7082806253 -0.9866276432 -0.9978117241 -0.9987653346
-0.9857830286 -0.9713213288 -0.9958799476 -0.9993779705 0.4345772918 -0.9795127218 -0.9624974908 -0.9994611276 0.9479131547 -0.6379805765 0.7158326601 -0.9882396353 -0.9970511594 -0.9981813936
-0.9873339522 -0.9737542953 -0.9966659482 -0.9989597268 0.4321556457 -0.9814656739 -0.9648771892 -0.9990723350 0.9456996579 -0.6389761713 0.7233278869 -0.9897499682 -0.9961779409 -0.9974854141
-0.9887939963 -0.9760829224 -0.9973704551 -0.9984359944 0.4297115509 -0.9833243918 -0.9671888179 -0.9985788891 0.9434316422 -0.6399389351 0.7307644512 -0.9911582481 -0.9951922363 -0.9966775235
-0.9901634118 -0.9783067123 -0.9979928620 -0.9978067505 0.4272444997 -0.9850882902 -0.9694313172 -0.9979807486 0.9411086202 -0.6408677680 0.7381404984 -0.9924640817 -0.9940942130 -0.9957578493
-0.9914424500 -0.9804251671 -0.9985325630 -0.9970719719 0.4247539842 -0.9867567838 -0.9716036272 -0.9972778723 0.9387301043 -0.6417615700 0.7454541741 -0.9936670752 -0.9928840388 -0.9947265190
-0.9926313620 -0.9824377889 -0.9989889519 -0.9962316358 0.4222394967 -0.9883292873 -0.9737046881 -0.9964702186 0.9362956072 -0.6426192412 0.7527036237 -0.9947668351 -0.9915618811 -0.9935836599
-0.9937303989 -0.9843440800 -0.9993614225 -0.9952857191 0.4197005292 -0.9898052153 -0.9757334403 -0.9955577462 0.9338046414 -0.6434396815 0.7598869928 -0.9957629678 -0.9901279075 -0.9923293996
-0.9947398119 -0.9861435424 -0.9996493687 -0.9942341989 0.4171365739 -0.9911839825 -0.9776888238 -0.9945404138 0.9312567195 -0.6442217910 0.7670024269 -0.9966550799 -0.9885822856 -0.9909638655
