0.5371609806 0.2238607214 0.1563669545 0.4363305294 0.3969310205 0.1755229506 -0.1722534120 0.4349575482 0.1914431043 -0.4884951094 0.3267852491 0.2160963174 0.4693715636 0.4778656895
0.5228314577 0.2046670125 0.1359176109 0.4238352434 0.3775377987 0.1552842499 -0.1964285047 0.4225577117 0.1665482906 -0.5117847125 0.3538339496 0.1965953076 0.4573818920 0.4658055705
0.5089100054 0.1860069803 0.1160319368 0.4117272635 0.3586612420 0.1356032922 -0.2199378924 0.4105436033 0.1422906772 -0.5344659880 0.3801507260 0.1776343155 0.4457659726 0.4541194057
0.4953929286 0.1678760398 0.0967051398 0.4000030045 0.3402969159 0.1164753271 -0.2427870878 0.3989116478 0.1186650132 -0.5565435302 0.4057415396 0.1592087135 0.4345203177 0.4428037086
0.4822765321 0.1502696056 0.0779324271 0.3886588811 0.3224403858 0.0978956042 -0.2649816038 0.3876582700 0.0956660476 -0.5780219334 0.4306123518 0.1413138741 0.4236414398 0.4318549925
0.4695571209 0.1331830925 0.0597090063 0.3776913082 0.3050872171 0.0798593734 -0.2865269533 0.3767798945 0.0732885297 -0.5989057917 0.4547691242 0.1239451694 0.4131258515 0.4212697708
0.4572309998 0.1166119153 0.0420300847 0.3670967004 0.2882329753 0.0623618841 -0.3074286490 0.3662729461 0.0515272085 -0.6191996995 0.4782178180 0.1070979720 0.4029700651 0.4110445569
0.4452944737 0.1005514887 0.0248908697 0.3568714725 0.2718732259 0.0453983861 -0.3276922039 0.3561338496 0.0303768332 -0.6389082509 0.5009643946 0.0907676540 0.3931705933 0.4011758643
0.4337438475 0.0849972275 0.0082865687 0.3470120393 0.2560035341 0.0289641291 -0.3473231307 0.3463590297 0.0098321527 -0.6580360402 0.5230148156 0.0749495880 0.3837239484 0.3916602062
0.4225754261 0.0699445464 -0.0077876108 0.3375148155 0.2406194656 0.0130543626 -0.3663269424 0.3369449112 -0.0101120838 -0.6765876617 0.5443750423 0.0596391462 0.3746266429 0.3824940961
0.4117855143 0.0553888601 -0.0233364614 0.3283762158 0.2257165857 -0.0023356635 -0.3847091517 0.3278879187 -0.0294611272 -0.6945677096 0.5650510361 0.0448317010 0.3658751893 0.3736740473
0.4013704171 0.0413255836 -0.0383647757 0.3195926550 0.2112904598 -0.0172106997 -0.4024752715 0.3191844771 -0.0482202284 -0.7119807781 0.5850487584 0.0305226248 0.3574661001 0.3651965734
0.3913264393 0.0277501314 -0.0528773464 0.3111605478 0.1973366535 -0.0315754963 -0.4196308146 0.3108310112 -0.0663946382 -0.7288314614 0.6043741706 0.0167072898 0.3493958878 0.3570581875
0.3816498858 0.0146579184 -0.0668789660 0.3030763090 0.1838507321 -0.0454348036 -0.4361812939 0.3028239456 -0.0839896077 -0.7451243539 0.6230332342 0.0033810685 0.3416610648 0.3492554032
0.3723370614 0.0020443592 -0.0803744270 0.2953363534 0.1708282611 -0.0587933720 -0.4521322223 0.2951597051 -0.1010103877 -0.7608640497 0.6410319105 -0.0094606667 0.3342581437 0.3417847338
