-0.9997061259 -0.9991270818 -0.9953021833 -1.0000000000 -0.9987642894 -0.9998113226 -0.9970404657 -1.0000000000 -0.9879075910 -0.9561854584 0.9990361573 -0.9987578982 -0.9998013842 -0.9997999035
-1.0000000000 -0.9981891692 -0.9935639851 -0.9999048648 -0.9977593559 -0.9992309877 -0.9958403709 -0.9999250772 -0.9858140373 -0.9524536053 0.9981035302 -0.9977000929 -1.0000000000 -1.0000000000
-0.9999173692 -0.9969207347 -0.9915574459 -0.9994452103 -0.9964612770 -0.9982629897 -0.9944376940 -0.9994853097 -0.9835516815 -0.9485683903 0.9968688894 -0.9963247122 -0.9998422682 -0.9998455381
-0.9994624850 -0.9953246137 -0.9892842837 -0.9986259815 -0.9948720743 -0.9969113230 -0.9928324982 -0.9986856162 -0.9811201490 -0.9445297139 0.9953344303 -0.9946343424 -0.9993331844 -0.9993415717
-0.9986395986 -0.9934036416 -0.9867462165 -0.9974521229 -0.9929937695 -0.9951799820 -0.9910248464 -0.9975309155 -0.9785190652 -0.9403374766 0.9935023488 -0.9926315696 -0.9984777438 -0.9984931548
-0.9974529616 -0.9911606538 -0.9839449623 -0.9959285796 -0.9908283844 -0.9930729612 -0.9890148020 -0.9960261264 -0.9757480555 -0.9359915789 0.9913748403 -0.9903189800 -0.9972809421 -0.9973053414
-0.9959068251 -0.9885984856 -0.9808822392 -0.9940602961 -0.9883779407 -0.9905942548 -0.9868024279 -0.9941761677 -0.9728067455 -0.9314919214 0.9889541004 -0.9876991599 -0.9957477746 -0.9957831855
-0.9940054407 -0.9857199725 -0.9775597653 -0.9918522175 -0.9856444601 -0.9877478573 -0.9843877872 -0.9919859583 -0.9696947605 -0.9268384045 0.9862423249 -0.9847746954 -0.9938832368 -0.9939317410
-0.9917530597 -0.9825279498 -0.9739792585 -0.9893092884 -0.9826299643 -0.9845377632 -0.9817709431 -0.9894604170 -0.9664117261 -0.9220309288 0.9832417092 -0.9815481727 -0.9916923242 -0.9917560619
-0.9891539335 -0.9790252529 -0.9701424369 -0.9864364536 -0.9793364749 -0.9809679666 -0.9789519587 -0.9866044625 -0.9629572676 -0.9170693948 0.9799544491 -0.9780221781 -0.9891800322 -0.9892612022
-0.9862123134 -0.9752147172 -0.9660510186 -0.9832386579 -0.9757660138 -0.9770424622 -0.9759308970 -0.9834230136 -0.9593310106 -0.9119537030 0.9763827400 -0.9741992977 -0.9863513563 -0.9864522158
-0.9829324509 -0.9710991781 -0.9617067215 -0.9797208462 -0.9719206026 -0.9727652442 -0.9727078212 -0.9799209891 -0.9555325804 -0.9066837540 0.9725287777 -0.9700821178 -0.9832112919 -0.9833341567
-0.9793185973 -0.9666814709 -0.9571112637 -0.9758879632 -0.9678022631 -0.9681403071 -0.9692827944 -0.9761033080 -0.9515616025 -0.9012594482 0.9683947577 -0.9656732245 -0.9797648345 -0.9799120790
-0.9753750040 -0.9619644311 -0.9522663633 -0.9717449537 -0.9634130169 -0.9631716452 -0.9656558797 -0.9719748889 -0.9474177024 -0.8956806863 0.9639828756 -0.9609752040 -0.9760169795 -0.9761910364
-0.9711059224 -0.9569508939 -0.9471737383 -0.9672967625 -0.9587548858 -0.9578632530 -0.9618271402 -0.9675406506 -0.9431005056 -0.8899473686 0.9592953271 -0.9559906426 -0.9719727225 -0.9721760832
