-0.7772389513 -0.7692629078 -0.7706600775 -0.6906219638 -0.7702199004 -0.7622739700 -0.7406094160 -0.6896419160 -0.7450578647 -0.7251007403 0.6837325090 -0.7483750752 -0.6604214972 -0.6725367888
-0.7679602763 -0.7600249580 -0.7613761334 -0.6801118689 -0.7608503021 -0.7529531089 -0.7311173718 -0.6791244340 -0.7354471082 -0.7156538776 0.6733743923 -0.7388157437 -0.6494578221 -0.6617158053
-0.7584722492 -0.7505824544 -0.7518863039 -0.6694190251 -0.7512738603 -0.7434301117 -0.7214311867 -0.6684245413 -0.7256389623 -0.7060194443 0.6628375846 -0.7290580691 -0.6383196906 -0.6507167106
-0.7487737111 -0.7409341108 -0.7421893727 -0.6585430842 -0.7414894626 -0.7337037355 -0.7115496669 -0.6575418921 -0.7156323992 -0.6961961214 0.6521215389 -0.7191009870 -0.6270070896 -0.6395393993
-0.7388635032 -0.7310786413 -0.7322841232 -0.6474836974 -0.7314959965 -0.7237727374 -0.7014716188 -0.6464761406 -0.7054263912 -0.6861825896 0.6412257085 -0.7089434328 -0.6155200061 -0.6281837658
-0.7287404663 -0.7210147598 -0.7221693390 -0.6362405164 -0.7212923496 -0.7136358744 -0.6911958487 -0.6352269411 -0.6950199104 -0.6759775300 0.6301495464 -0.6985843423 -0.6038584269 -0.6166497046
-0.7184034416 -0.7107411801 -0.7118438038 -0.6248131925 -0.7108774097 -0.7032919036 -0.6807211629 -0.6237939479 -0.6844119289 -0.6655796233 0.6188925058 -0.6880226508 -0.5920223391 -0.6049371101
-0.7078512702 -0.7002566162 -0.7013063011 -0.6132013772 -0.7002500643 -0.6927395821 -0.6700463676 -0.6121768152 -0.6736014190 -0.6549875505 0.6074540398 -0.6772572941 -0.5800117295 -0.5930458768
-0.6970827931 -0.6895597820 -0.6905556145 -0.6014047221 -0.6894092011 -0.6819776669 -0.6591702692 -0.6003751971 -0.6625873528 -0.6441999925 0.5958336014 -0.6662872075 -0.5678265852 -0.5809758990
-0.6860968514 -0.6786493914 -0.6795905275 -0.5894228786 -0.6783537076 -0.6710049150 -0.6480916739 -0.5883887481 -0.6513687025 -0.6332156301 0.5840306439 -0.6551113267 -0.5554668930 -0.5687270714
-0.6748922860 -0.6675241583 -0.6684098237 -0.5772554982 -0.6670824715 -0.6598200837 -0.6368093881 -0.5762171222 -0.6399444403 -0.6220331442 0.5720446203 -0.6437285873 -0.5429326398 -0.5562992883
-0.6634679381 -0.6561827967 -0.6570122868 -0.5649022324 -0.6555943804 -0.6484219298 -0.6253222181 -0.5638599739 -0.6283135384 -0.6106512158 0.5598749838 -0.6321379247 -0.5302238127 -0.5436924441
-0.6518226488 -0.6446240205 -0.6453967002 -0.5523627326 -0.6438883220 -0.6368092106 -0.6136289701 -0.5513169572 -0.6164749688 -0.5990685257 0.5475211874 -0.6203382745 -0.5173403986 -0.5309064334
-0.6399552590 -0.6328465435 -0.6335618476 -0.5396366503 -0.6319631838 -0.6249806830 -0.6017284504 -0.5385877264 -0.6044277039 -0.5872837548 0.5349826843 -0.6083285723 -0.5042823844 -0.5179411506
-0.6278646099 -0.6208490797 -0.6215065126 -0.5267236371 -0.6198178535 -0.6129351041 -0.5896194654 -0.5256719358 -0.5921707157 -0.5752955840 0.5222589276 -0.5961077537 -0.4910497571 -0.5047964902
