0.1965811487 -0.1399367950 -0.4892932881 0.0801295251 -0.1267573932 0.0627490582 -0.5352106492 0.0759043517 -0.2208480083 -0.4600768407 -0.0566328853 -0.1851060347 0.0691343365 0.0950412786
0.2097225704 -0.1207758327 -0.4673712405 0.0876609440 -0.1046036865 0.0796204945 -0.5111681644 0.0834610410 -0.1962569059 -0.4363459535 -0.0747438366 -0.1650354088 0.0760611026 0.1021293205
0.2231640805 -0.1012312434 -0.4449122432 0.0954631963 -0.0822192914 0.0968094209 -0.4867606518 0.0912901718 -0.1715554016 -0.4123399576 -0.0931177070 -0.1445861217 0.0832550654 0.1094783883
0.2368884372 -0.0813237358 -0.4219408170 0.1035225391 -0.0596223644 0.1142970543 -0.4620070839 0.0993779647 -0.1467575224 -0.3880748940 -0.1117365896 -0.1237789821 0.0907028657 0.1170751209
0.2508783984 -0.0610740184 -0.3984814829 0.1118252295 -0.0368310615 0.1320646116 -0.4369264333 0.1077106403 -0.1218772956 -0.3635668037 -0.1305825774 -0.1026347989 0.0983911447 0.1249061570
0.2651167221 -0.0405027999 -0.3745587617 0.1203575245 -0.0138635391 0.1500933096 -0.4115376725 0.1162744192 -0.0969287484 -0.3388317277 -0.1496377635 -0.0811743808 0.1063065433 0.1329581355
0.2795861666 -0.0196307889 -0.3501971744 0.1291056814 0.0092620465 0.1683643651 -0.3858597739 0.1250555220 -0.0719259081 -0.3138857068 -0.1688842408 -0.0594185367 0.1144357026 0.1412176953
0.2942694898 0.0015213060 -0.3254212419 0.1380559571 0.0325275392 0.1868589951 -0.3599117101 0.1340401693 -0.0468828018 -0.2887447822 -0.1883041024 -0.0373880755 0.1227652635 0.1496714753
0.3091494497 0.0229327761 -0.3002554850 0.1471946088 0.0559147826 0.2055584163 -0.3337124535 0.1432145817 -0.0218134566 -0.2634249947 -0.2078794413 -0.0151038058 0.1312818672 0.1583061142
0.3242088045 0.0445829127 -0.2747244248 0.1565078936 0.0794056205 0.2244438457 -0.3072809766 0.1525649799 0.0032681001 -0.2379423852 -0.2275923506 0.0074134635 0.1399721545 0.1671082511
0.3394303122 0.0664510074 -0.2488525820 0.1659820685 0.1029818967 0.2434965000 -0.2806362520 0.1620775844 0.0283478412 -0.2123129949 -0.2474249232 0.0301429236 0.1488227666 0.1760645246
0.3547967308 0.0885163513 -0.2226644776 0.1756033907 0.1266254549 0.2626975961 -0.2537972521 0.1717386159 0.0534117395 -0.1865528646 -0.2673592522 0.0530637656 0.1578203444 0.1851615737
0.3702908184 0.1107582360 -0.1961846325 0.1853581172 0.1503181388 0.2820283509 -0.2267829494 0.1815342950 0.0784457678 -0.1606780353 -0.2873774306 0.0761551808 0.1669515289 0.1943860372
0.3858953330 0.1331559527 -0.1694375675 0.1952325052 0.1740417922 0.3014699813 -0.1996123165 0.1914508422 0.1034358988 -0.1347045480 -0.3074615514 0.0993963604 0.1762029613 0.2037245540
0.4015930328 0.1556887928 -0.1424478037 0.2052128118 0.1977782589 0.3210037039 -0.1723043258 0.2014744782 0.1283681055 -0.1086484436 -0.3275937077 0.1227664956 0.1855612824 0.2131637630
