0.2988326838 0.6656335135 0.9918038218 0.3570193416 0.2374635000 0.7336681201 0.7350137879 0.3827005113 0.2010903583 0.9909607863 -0.2076757686 0.6284239278 0.1492902792 0.1045175548
0.2677230407 0.6392908266 0.9943752160 0.3469602291 0.2050065988 0.7106307914 0.7134372053 0.3729374855 0.1690778434 0.9932403581 -0.1756242572 0.6001767532 0.1410362290 0.0943274668
0.2355797698 0.6118326426 0.9964731920 0.3361202211 0.1717444807 0.6865340372 0.6909250754 0.3623947779 0.1363159158 0.9951967253 -0.1428116155 0.5707696603 0.1320986931 0.0834155698
0.2023915612 0.5832467292 0.9980912041 0.3244886815 0.1376697286 0.6613659901 0.6674675310 0.3510617456 0.1027980244 0.9968261597 -0.1092309675 0.5401899746 0.1224680638 0.0717719399
0.1681471048 0.5535208543 0.9992227067 0.3120549742 0.1027749253 0.6351147830 0.6430547046 0.3389277458 0.0685176179 0.9981249328 -0.0748754370 0.5084250214 0.1121347340 0.0593866531
0.1328350908 0.5226427854 0.9998611539 0.2988084633 0.0670526539 0.6077685483 0.6176767288 0.3259821355 0.0334681448 0.9990893162 -0.0397381479 0.4754621260 0.1010890962 0.0462497853
0.0964442092 0.4906002903 1.0000000000 0.2847385126 0.0304954974 0.5793154189 0.5913237363 0.3122142719 -0.0023569459 0.9997155814 -0.0038122239 0.4412886139 0.0893215429 0.0323514127
0.0589631501 0.4573811367 0.9996326993 0.2698344862 -0.0069039614 0.5497435273 0.5639858598 0.2976135122 -0.0389642056 1.0000000000 0.0329092109 0.4058918104 0.0768224669 0.0176816111
0.0203806036 0.4229730924 0.9987527059 0.2540857479 -0.0451531394 0.5190410062 0.5356532319 0.2821692135 -0.0763601856 0.9999388437 0.0704330327 0.3692590409 0.0635822608 0.0022304567
-0.0193147404 0.3873639251 0.9973534742 0.2374816618 -0.0842594537 0.4871959884 0.5063159852 0.2658707329 -0.1145514371 0.9995283840 0.1087661178 0.3313776308 0.0495913171 -0.0140119747
-0.0601341916 0.3505414024 0.9954284584 0.2200115918 -0.1242303215 0.4541966064 0.4759642523 0.2487074275 -0.1535445114 0.9987648925 0.1479153421 0.2922349055 0.0348400285 -0.0310556069
-0.1020890602 0.3124932921 0.9929711128 0.2016649018 -0.1650731596 0.4200309929 0.4445881659 0.2306686546 -0.1933459597 0.9976446407 0.1878875819 0.2518181903 0.0193187876 -0.0489103639
-0.1451906560 0.2732073619 0.9899748916 0.1824309559 -0.2067953852 0.3846872807 0.4121778587 0.2117437713 -0.2339623335 0.9961639004 0.2286897133 0.2101148106 0.0030179870 -0.0675861698
-0.1894502889 0.2326713795 0.9864332491 0.1622991178 -0.2494044153 0.3481536023 0.3787234632 0.1919221346 -0.2754001838 0.9943189430 0.2703286125 0.1671120917 -0.0140719806 -0.0870929486
-0.2348792689 0.1908731127 0.9823396395 0.1412587517 -0.2929076669 0.3104180905 0.3442151122 0.1711931018 -0.3176660621 0.9921060401 0.3128111555 0.1227973591 -0.0319607227 -0.1074406241
