0.1954053133 0.1757875678 0.2065274433 0.3885632660 -0.2022610635 0.1500061918 0.1169581164 0.3885228311 -0.4428349853 -0.1360442508 -0.0039051789 0.1384553829 0.4048815238 0.4187582373
0.1984548514 0.1820916734 0.2131942186 0.3904107541 -0.1971407841 0.1569593656 0.1262070252 0.3903863084 -0.4358387703 -0.1219764693 -0.0134782125 0.1452052504 0.4061847440 0.4198941556
0.2011754642 0.1881002274 0.2195666498 0.3918994298 -0.1922383815 0.1636416113 0.1352569786 0.3918907238 -0.4289238707 -0.1078553371 -0.0228951631 0.1516819590 0.4071338211 0.4206750989
0.2035612956 0.1938073791 0.2256388731 0.3930233103 -0.1875586638 0.1700473275 0.1441030774 0.3930300885 -0.4220935306 -0.0936824506 -0.0321516339 0.1578798957 0.4077229313 0.4210952656
0.2056064894 0.1992072776 0.2314050249 0.3937764127 -0.1831064393 0.1761709129 0.1527404222 0.3937984135 -0.4153509945 -0.0794594063 -0.0412432280 0.1637934476 0.4079462509 0.4211488538
0.2073051897 0.2042940718 0.2368592417 0.3941527540 -0.1788865163 0.1820067663 0.1611641140 0.3941897100 -0.4086995067 -0.0651878008 -0.0501655487 0.1694170017 0.4077979563 0.4208300620
0.2086515404 0.2090619110 0.2419956597 0.3941463515 -0.1749037029 0.1875492862 0.1693692534 0.3941979891 -0.4021423115 -0.0508692305 -0.0589141993 0.1747449450 0.4072722239 0.4201330883
0.2096396854 0.2135049443 0.2468084154 0.3937512221 -0.1711628075 0.1927928714 0.1773509413 0.3938172619 -0.3956826534 -0.0365052919 -0.0674847828 0.1797716646 0.4063632300 0.4190521312
0.2102637686 0.2176173208 0.2512916452 0.3929613831 -0.1676686383 0.1977319206 0.1851042784 0.3930415394 -0.3893237765 -0.0220975816 -0.0758729026 0.1844915477 0.4050651509 0.4175813888
0.2105179339 0.2213931895 0.2554394853 0.3917708516 -0.1644260036 0.2023608324 0.1926243656 0.3918648328 -0.3830689254 -0.0076476959 -0.0840741618 0.1888989811 0.4033721630 0.4157150596
0.2103963253 0.2248266997 0.2592460721 0.3901736446 -0.1614397115 0.2066740055 0.1999063036 0.3902811532 -0.3769213442 0.0068427685 -0.0920841637 0.1929883520 0.4012784425 0.4134473418
0.2098930868 0.2279120003 0.2627055421 0.3881637793 -0.1587145705 0.2106658387 0.2069451932 0.3882845117 -0.3708842775 0.0213722152 -0.0998985114 0.1967540474 0.3987781660 0.4107724338
0.2090023622 0.2306432406 0.2658120316 0.3857352728 -0.1562553886 0.2143307306 0.2137361352 0.3858689193 -0.3649609694 0.0359390477 -0.1075128082 0.2001904544 0.3958655096 0.4076845337
0.2077182954 0.2330145695 0.2685596769 0.3828821423 -0.1540669742 0.2176630798 0.2202742304 0.3830283873 -0.3591546644 0.0505416695 -0.1149226573 0.2032919600 0.3925346498 0.4041778400
0.2060350305 0.2350201364 0.2709426144 0.3795984047 -0.1521541354 0.2206572852 0.2265545795 0.3797569266 -0.3534686068 0.0651784841 -0.1221236619 0.2060529512 0.3887797629 0.4002465509
