-0.0494234066 0.5885794079 0.6190037570 -0.4087591567 0.3623946773 0.5600622799 0.5311193352 -0.4025887927 0.2258999319 0.4072168265 0.2938581578 0.6068660973 -0.4823767294 -0.4704923722
-0.0437752231 0.6135933693 0.6375879206 -0.4186481031 0.3982310100 0.5863446372 0.5587520610 -0.4122611990 0.2677365889 0.4405317225 0.2769117237 0.6297886472 -0.4943631798 -0.4821624260
-0.0383762280 0.6387114537 0.6560830261 -0.4291034684 0.4345922534 0.6127950788 0.5866104654 -0.4224959718 0.3104154518 0.4743303924 0.2597846859 0.6527451174 -0.5069515723 -0.4944292753
-0.0332316571 0.6639313439 0.6744847979 -0.4401331599 0.4714806124 0.6394122652 0.6146939694 -0.4333009860 0.3539430365 0.5086158576 0.2424777719 0.6757324037 -0.5201500856 -0.5073010605
-0.0283467457 0.6892507229 0.6927889607 -0.4517450850 0.5088982917 0.6661948569 0.6430019935 -0.4446841161 0.3983258586 0.5433911395 0.2249917091 0.6987474016 -0.5339668984 -0.5207859218
-0.0237267296 0.7146672737 0.7109912387 -0.4639471510 0.5468474964 0.6931415145 0.6715339585 -0.4566532370 0.4435704340 0.5786592594 0.2073272247 0.7217870069 -0.5484101894 -0.5348919996
-0.0193768442 0.7401786792 0.7290873565 -0.4767472654 0.5853304311 0.7202508984 0.7002892852 -0.4692162233 0.4896832785 0.6144232388 0.1894850463 0.7448481153 -0.5634881371 -0.5496274342
-0.0153023252 0.7657826225 0.7470730386 -0.4901533355 0.6243493008 0.7475216692 0.7292673942 -0.4823809497 0.5366709079 0.6506860989 0.1714659011 0.7679276225 -0.5792089204 -0.5650003658
-0.0115084082 0.7914767865 0.7649440095 -0.5041732686 0.6639063102 0.7749524874 0.7584677063 -0.4961552911 0.5845398379 0.6874508611 0.1532705167 0.7910224242 -0.5955807178 -0.5810189347
-0.0080003287 0.8172588541 0.7826959935 -0.5188149721 0.7040036643 0.8025420135 0.7878896422 -0.5105471221 0.6332965845 0.7247205468 0.1348996202 0.8141294161 -0.6126117080 -0.5976912813
-0.0047833224 0.8431265084 0.8003247153 -0.5340863533 0.7446435679 0.8302889080 0.8175326226 -0.5255643174 0.6829476634 0.7624981775 0.1163539393 0.8372454939 -0.6303100696 -0.6150255459
-0.0018626247 0.8690774323 0.8178258992 -0.5499953198 0.7858282258 0.8581918314 0.8473960682 -0.5412147517 0.7334995904 0.8007867743 0.0976342011 0.8603675534 -0.6486839815 -0.6330298687
0.0007565287 0.8951093088 0.8351952697 -0.5665497787 0.8275598429 0.8862494442 0.8774793998 -0.5575062998 0.7849588813 0.8395893588 0.0787411331 0.8834924902 -0.6677416222 -0.6517123900
0.0030689023 0.9212198209 0.8524285514 -0.5837576375 0.8698406241 0.9144604069 0.9077820380 -0.5744468363 0.8373320519 0.8789089522 0.0596754628 0.9066172000 -0.6874911703 -0.6710812503
0.0050692604 0.9474066514 0.8695214686 -0.6016268035 0.9126727740 0.9428233802 0.9383034037 -0.5920442361 0.8906256180 0.9187485760 0.0404379174 0.9297385786 -0.7079408046 -0.6911445897
