0.0688019179 -0.3995378299 -0.7140201366 0.1053086331 -0.6174862747 -0.1747195485 -0.9975796439 0.1015524931 -0.9142665084 -0.9958448324 0.2691939362 -0.4799170777 0.1104200793 0.1264295997
0.0596570204 -0.4079793887 -0.7277592011 0.0939372751 -0.6157294117 -0.1817873357 -0.9993138408 0.0901242155 -0.9029919930 -0.9927011398 0.2724741216 -0.4873369224 0.0988306845 0.1152221890
0.0514329213 -0.4152918098 -0.7400785633 0.0833314951 -0.6130882353 -0.1878614394 -1.0000000000 0.0794644374 -0.8911020964 -0.9887048638 0.2748467367 -0.4936289888 0.0879894096 0.1047568053
0.0441123788 -0.4214958018 -0.7510027441 0.0734775501 -0.6095809016 -0.1929606427 -0.9996570941 0.0695593794 -0.8786108457 -0.9838720453 0.2763296884 -0.4988140857 0.0778828959 0.0950200876
0.0376781508 -0.4266120733 -0.7605562646 0.0643616972 -0.6052255670 -0.1971037287 -0.9983040955 0.0603952621 -0.8655322683 -0.9782187253 0.2769408837 -0.5029130219 0.0684977842 0.0859986745
0.0321129954 -0.4306613329 -0.7687636454 0.0559701936 -0.6000403878 -0.2003094807 -0.9959599768 0.0519583062 -0.8518803913 -0.9717609448 0.2766982296 -0.5059466062 0.0598207155 0.0776792051
0.0273996707 -0.4336642893 -0.7756494077 0.0482892964 -0.5940435201 -0.2025966817 -0.9926437104 0.0442347323 -0.8376692419 -0.9645147448 0.2756196332 -0.5079356474 0.0518383310 0.0700483181
0.0235209347 -0.4356416511 -0.7812380722 0.0413052626 -0.5872531203 -0.2039841148 -0.9883742689 0.0372107610 -0.8229128473 -0.9564961662 0.2737230012 -0.5089009544 0.0445372716 0.0630926525
0.0204595456 -0.4366141270 -0.7855541599 0.0350043494 -0.5796873445 -0.2044905634 -0.9831706248 0.0308726128 -0.8076252347 -0.9477212499 0.2710262408 -0.5088633359 0.0379041783 0.0567988470
0.0181982612 -0.4366024255 -0.7886221916 0.0293728138 -0.5713643491 -0.2041348104 -0.9770517504 0.0252065084 -0.7918204313 -0.9382060370 0.2675472589 -0.5078436007 0.0319256921 0.0511535405
0.0167198398 -0.4356272553 -0.7904666884 0.0243969129 -0.5623022902 -0.2029356391 -0.9700366185 0.0201986685 -0.7755124643 -0.9279665685 0.2633039624 -0.5058625576 0.0265884541 0.0461433719
0.0160070393 -0.4337093251 -0.7911121710 0.0200629039 -0.5525193242 -0.2009118326 -0.9621442013 0.0158353135 -0.7587153609 -0.9170188851 0.2583142585 -0.5029410155 0.0218791053 0.0417549801
0.0160426178 -0.4308693434 -0.7905831604 0.0163570437 -0.5420336073 -0.1980821740 -0.9533934715 0.0121026642 -0.7414431483 -0.9053790280 0.2525960539 -0.4990997832 0.0177842867 0.0379750038
0.0168093334 -0.4271280189 -0.7889041774 0.0132655896 -0.5308632958 -0.1944654465 -0.9438034015 0.0089869410 -0.7237098538 -0.8930630382 0.2461672558 -0.4943596694 0.0142906392 0.0347900820
0.0182899442 -0.4225060603 -0.7860997431 0.0107747986 -0.5190265459 -0.1900804333 -0.9333929639 0.0064743648 -0.7055295044 -0.8800869565 0.2390457710 -0.4887414831 0.0113848040 0.0321868535
