-0.6931878968 -0.9949116625 -0.9477529093 -0.3512481770 -0.7340749920 -0.9357570379 -0.5328950302 -0.3508899545 -0.3362281327 -0.8519973790 0.9701876853 -0.9995774568 -0.3322274769 -0.3274104375
-0.7036464967 -0.9962510818 -0.9519619706 -0.3703302010 -0.7196371655 -0.9400599197 -0.5116274154 -0.3699792205 -0.3103038215 -0.8418534463 0.9660764385 -0.9990052870 -0.3517738953 -0.3470683731
-0.7140937364 -0.9973892977 -0.9560064702 -0.3895812859 -0.7047773098 -0.9442254363 -0.4898259968 -0.3892378416 -0.2838125285 -0.8313443218 0.9616873878 -0.9981897040 -0.3715003793 -0.3669095141
-0.7245291222 -0.9983245293 -0.9598847526 -0.4090021091 -0.6894924217 -0.9482522709 -0.4674869984 -0.4086664983 -0.2567504648 -0.8204673157 0.9570183566 -0.9971285970 -0.3914076804 -0.3869346381
-0.7349521604 -0.9990549961 -0.9635951617 -0.4285933478 -0.6737794983 -0.9521391068 -0.4446066438 -0.4282658710 -0.2291138413 -0.8092197381 0.9520671683 -0.9958198551 -0.4114965503 -0.4071445228
-0.7453623575 -0.9995789173 -0.9671360418 -0.4483556791 -0.6576355362 -0.9558846271 -0.4211811571 -0.4480366401 -0.2008988691 -0.7975988991 0.9468316463 -0.9942613676 -0.4317677406 -0.4275399457
-0.7557592197 -0.9998945122 -0.9705057370 -0.4682897804 -0.6410575325 -0.9594875153 -0.3972067619 -0.4679794860 -0.1721017591 -0.7856021090 0.9413096140 -0.9924510237 -0.4522220028 -0.4481216846
-0.7661422535 -1.0000000000 -0.9737025916 -0.4883963288 -0.6240424839 -0.9629464544 -0.3726796823 -0.4880950893 -0.1427187224 -0.7732266778 0.9354988949 -0.9903867125 -0.4728600885 -0.4688905169
-0.7765109652 -0.9998936001 -0.9767249497 -0.5086760017 -0.6065873874 -0.9662601278 -0.3475961419 -0.5083841304 -0.1127459700 -0.7604699158 0.9293973123 -0.9880663233 -0.4936827494 -0.4898472203
-0.7868648612 -0.9995735318 -0.9795711554 -0.5291294761 -0.5886892398 -0.9694272187 -0.3219523647 -0.5288472896 -0.0821797128 -0.7473291330 0.9230026896 -0.9854877452 -0.5146907369 -0.5109925725
-0.7972034477 -0.9990380143 -0.9822395530 -0.5497574295 -0.5703450380 -0.9724464103 -0.2957445745 -0.5494852475 -0.0510161619 -0.7338016396 0.9163128503 -0.9826488675 -0.5358848027 -0.5323273511
-0.8075262312 -0.9982852669 -0.9847284866 -0.5705605389 -0.5515517789 -0.9753163860 -0.2689689951 -0.5702986845 -0.0192515283 -0.7198847457 0.9093256177 -0.9795475793 -0.5572656984 -0.5538523337
-0.8178327181 -0.9973135089 -0.9870363004 -0.5915394817 -0.5323064593 -0.9780358290 -0.2416218504 -0.5912882810 0.0131179771 -0.7055757615 0.9020388153 -0.9761817698 -0.5788341756 -0.5755682979
-0.8281224146 -0.9961209597 -0.9891613385 -0.6126949350 -0.5126060762 -0.9806034225 -0.2136993643 -0.6124547174 0.0460961431 -0.6908719972 0.8944502664 -0.9725493283 -0.6005909858 -0.5974760213
-0.8383948272 -0.9947058384 -0.9911019452 -0.6340275762 -0.4924476264 -0.9830178498 -0.1851977605 -0.6337986743 0.0796867589 -0.6757707629 0.8865577946 -0.9686481438 -0.6225368806 -0.6195762816
