0.6671958728 0.9358156237 0.7811199325 0.4435208846 0.9904491577 0.8697424669 0.9538899647 0.4437807285 0.9573943237 0.9912926329 -0.9971487292 0.8926384046 0.4514833081 0.4730841816
0.6675324938 0.9376283146 0.7831086707 0.4420202078 0.9933357438 0.8690296654 0.9609576200 0.4422621460 0.9645462294 0.9883019256 -0.9954002505 0.8945116205 0.4497289892 0.4709801900
0.6675433868 0.9390168077 0.7847242710 0.4402791450 0.9957251538 0.8679287896 0.9675017389 0.4405031887 0.9710883666 0.9848451126 -0.9932124147 0.8959748273 0.4477330024 0.4686291902
0.6672141510 0.9399646360 0.7859504596 0.4382856064 0.9976018361 0.8664259812 0.9735034651 0.4384917835 0.9770054139 0.9809123919 -0.9905726757 0.8970116009 0.4454834855 0.4660196087
0.6665303854 0.9404553329 0.7867709628 0.4360275018 0.9989502390 0.8645073820 0.9789439419 0.4362158571 0.9822820500 0.9764939614 -0.9874684870 0.8976055173 0.4429685760 0.4631398720
0.6654776891 0.9404724315 0.7871695067 0.4334927414 0.9997548109 0.8621591339 0.9838043129 0.4336633364 0.9869029537 0.9715800189 -0.9838873024 0.8977401526 0.4401764118 0.4599784066
0.6640416611 0.9399994651 0.7871298176 0.4306692352 1.0000000000 0.8593673787 0.9880657216 0.4308221482 0.9908528036 0.9661607626 -0.9798165756 0.8973990828 0.4370951304 0.4565236390
0.6622079006 0.9390199668 0.7866356218 0.4275448933 0.9996702548 0.8561182581 0.9917093114 0.4276802192 0.9941162783 0.9602263902 -0.9752437602 0.8965658839 0.4337128695 0.4527639956
0.6599620065 0.9375174699 0.7856706453 0.4241076255 0.9987500235 0.8523979141 0.9947162259 0.4242254763 0.9966780567 0.9537670997 -0.9701563100 0.8952241320 0.4300177667 0.4486879031
0.6572895779 0.9354755075 0.7842186144 0.4203453421 0.9972237545 0.8481924883 0.9970676085 0.4204458464 0.9985228173 0.9467730891 -0.9645416785 0.8933574029 0.4259979599 0.4442837878
0.6541762139 0.9328776129 0.7822632554 0.4162459529 0.9950758962 0.8434881226 0.9987446027 0.4163292562 0.9996352388 0.9392345562 -0.9583873197 0.8909492728 0.4216415865 0.4395400763
0.6506075136 0.9297073192 0.7797882944 0.4117973681 0.9922908967 0.8382709587 0.9997283521 0.4118636325 1.0000000000 0.9311416990 -0.9516806870 0.8879833176 0.4169367844 0.4344451951
0.6465690760 0.9259481598 0.7767774576 0.4069874977 0.9888532046 0.8325271386 1.0000000000 0.4070369022 0.9996017795 0.9224847154 -0.9444092343 0.8844431134 0.4118716911 0.4289875706
0.6420465001 0.9215836677 0.7732144713 0.4018042517 0.9847472681 0.8262428040 0.9995406900 0.4018369921 0.9984252560 0.9132538033 -0.9365604152 0.8803122362 0.4064344444 0.4231556294
0.6370253850 0.9165973762 0.7690830617 0.3962355402 0.9799575356 0.8194040967 0.9983315656 0.3962518289 0.9964551083 0.9034391607 -0.9281216834 0.8755742620 0.4006131819 0.4169377979
