0.8774959462 0.8981095523 0.8773319333 0.8977508391 0.6822153643 0.8926442089 0.8419031818 0.8978222266 -0.3636532582 0.7204754888 -0.8174419316 0.8998618075 0.8997186184 0.8959547532
0.8776454103 0.9044922462 0.8850623314 0.9037404935 0.6723354449 0.8994557393 0.8522807943 0.9038075765 -0.3916709524 0.7392331045 -0.8293632246 0.9061689608 0.9055462573 0.9020235896
0.8778823342 0.9110058476 0.8929441894 0.9099223583 0.6622980976 0.9063927003 0.8627937892 0.9099850187 -0.4204845673 0.7581724557 -0.8414503850 0.9125997080 0.9115691935 0.9082918766
0.8782084956 0.9176520603 0.9009793196 0.9162989140 0.6521030473 0.9134566859 0.8734435141 0.9163570323 -0.4501015064 0.7772945864 -0.8537049679 0.9191556729 0.9177899609 0.9147621733
0.8786256724 0.9244325879 0.9091695340 0.9228726409 0.6417500190 0.9206492898 0.8842313161 0.9229260968 -0.4805291732 0.7966005403 -0.8661285282 0.9258384789 0.9242110935 0.9214370388
0.8791356422 0.9313491342 0.9175166450 0.9296460193 0.6312387376 0.9279721061 0.8951585427 0.9296946916 -0.5117749714 0.8160913613 -0.8787226211 0.9326497497 0.9308351255 0.9283190324
0.8797401830 0.9384034028 0.9260224647 0.9366215296 0.6205689283 0.9354267286 0.9062265412 0.9366652960 -0.5438463045 0.8357680932 -0.8914888016 0.9395911090 0.9376645908 0.9354107133
0.8804410723 0.9455970974 0.9346888053 0.9438016521 0.6097403158 0.9430147512 0.9174366590 0.9438403893 -0.5767505761 0.8556317798 -0.9044286246 0.9466641802 0.9447020236 0.9427146405
0.8812400880 0.9529319218 0.9435174790 0.9511888672 0.5987526252 0.9507377679 0.9287902434 0.9512224510 -0.6104951896 0.8756834650 -0.9175436452 0.9538705872 0.9519499578 0.9502333733
0.8821390079 0.9604095796 0.9525102981 0.9587856551 0.5876055816 0.9585973724 0.9402886417 0.9588139604 -0.6450875486 0.8959241925 -0.9308354185 0.9612119534 0.9594109275 0.9579694708
0.8831396097 0.9680317746 0.9616690746 0.9665944963 0.5762989097 0.9665951587 0.9519332013 0.9666173968 -0.6805350567 0.9163550063 -0.9443054994 0.9686899025 0.9670874667 0.9659254921
0.8842436712 0.9758002104 0.9709956209 0.9746178710 0.5648323347 0.9747327207 0.9637252697 0.9746352396 -0.7168451174 0.9369769501 -0.9579554429 0.9763060581 0.9749821096 0.9741039966
0.8854529701 0.9837165908 0.9804917491 0.9828582597 0.5532055815 0.9830116524 0.9756661940 0.9828699681 -0.7540251343 0.9577910677 -0.9717868042 0.9840620438 0.9830973900 0.9825075433
0.8867692843 0.9917826194 0.9901592714 0.9913181425 0.5414183751 0.9914335475 0.9877573216 0.9913240618 -0.7920825110 0.9787984031 -0.9858011382 0.9919594832 0.9914358422 0.9911386914
0.8881943914 1.0000000000 1.0000000000 1.0000000000 0.5294704404 1.0000000000 1.0000000000 1.0000000000 -0.8310246509 1.0000000000 -1.0000000000 1.0000000000 1.0000000000 1.0000000000
