-0.2478736829 -0.1851857139 -0.2192050752 -0.3015090462 -0.2290509933 -0.1316719870 -0.3329106829 -0.3002901281 -0.3213804664 -0.2284896495 0.2217685796 -0.1950847715 -0.3504861330 -0.3598099289
-0.2316696196 -0.1672089763 -0.2019693606 -0.2878031169 -0.2115288785 -0.1130132808 -0.3164942017 -0.2865055920 -0.3053904809 -0.2128187706 0.2041403919 -0.1772619087 -0.3378393816 -0.3474674043
-0.2154121563 -0.1491172058 -0.1845958758 -0.2741084728 -0.1938672681 -0.0942704855 -0.2998799346 -0.2727300401 -0.2892032275 -0.1969869694 0.1863770567 -0.1593180217 -0.3252159373 -0.3351544231
-0.1991055443 -0.1309132378 -0.1670863387 -0.2604300588 -0.1760681839 -0.0754475954 -0.2830679445 -0.2589683913 -0.2728183316 -0.1809941462 0.1684807696 -0.1412556967 -0.3126207955 -0.3228760393
-0.1827540352 -0.1125999077 -0.1494424673 -0.2467728196 -0.1581336477 -0.0565486049 -0.2660582945 -0.2452255643 -0.2562354186 -0.1648402017 0.1504537263 -0.1230775200 -0.3000589517 -0.3106373069
-0.1663618802 -0.0941800508 -0.1316659798 -0.2331417000 -0.1400656811 -0.0375775085 -0.2488510479 -0.2315064781 -0.2394541141 -0.1485250362 0.1322981222 -0.1047860777 -0.2875354013 -0.2984432798
-0.1499333307 -0.0756565026 -0.1137585942 -0.2195416449 -0.1218663059 -0.0185383006 -0.2314462676 -0.2178160514 -0.2224740434 -0.1320485505 0.1140161532 -0.0863839561 -0.2750551397 -0.2862990121
-0.1334726381 -0.0570320985 -0.0957220285 -0.2059775989 -0.1035375437 0.0005650245 -0.2138440168 -0.2041592030 -0.2052948320 -0.1154106448 0.0956100147 -0.0678737413 -0.2626231625 -0.2742095576
-0.1169840538 -0.0383096737 -0.0775580006 -0.1924545070 -0.0850814163 0.0197284725 -0.1960443586 -0.1905408517 -0.1879161054 -0.0986112199 0.0770819023 -0.0492580195 -0.2502444650 -0.2621799703
-0.1004718292 -0.0194920637 -0.0592682288 -0.1789773139 -0.0664999454 0.0389480487 -0.1780473562 -0.1769659163 -0.1703374890 -0.0816501762 0.0584340118 -0.0305393770 -0.2379240428 -0.2502153044
-0.0839402156 -0.0005821038 -0.0408544310 -0.1655509643 -0.0477951526 0.0582197590 -0.1598530725 -0.1634393156 -0.1525586082 -0.0645274142 0.0396685386 -0.0117203999 -0.2256668913 -0.2383206136
-0.0673934645 0.0184173705 -0.0223183252 -0.1521804032 -0.0289690598 0.0775396089 -0.1414615707 -0.1499659684 -0.1345790886 -0.0472428344 0.0207876784 0.0071963256 -0.2134780059 -0.2265009519
-0.0508358271 0.0375035238 -0.0036616294 -0.1388705753 -0.0100236886 0.0969036039 -0.1228729139 -0.1365507936 -0.1163985556 -0.0297963374 0.0017936268 0.0262082132 -0.2013623821 -0.2147613734
-0.0342715549 0.0566735209 0.0151139382 -0.1256264253 0.0090389394 0.1163077498 -0.1040871653 -0.1231987098 -0.0980166345 -0.0121878237 -0.0173114206 0.0453126768 -0.1893250154 -0.2031069321
-0.0177048993 0.0759245262 0.0340066596 -0.1124528981 0.0282168022 0.1357480521 -0.0851043879 -0.1099146360 -0.0794329509 0.0055828062 -0.0365252681 0.0645071301 -0.1773709012 -0.1915426818
