0.2522663514 0.1209386387 0.2261114786 0.4519499537 -0.2455895359 0.0975501515 -0.0211692478 0.4487665209 -0.1671037634 -0.0133763832 0.2402683306 0.1410509302 0.4697703314 0.4702671478
0.2738983376 0.1482992850 0.2506802735 0.4667701571 -0.2058037430 0.1247287579 0.0124220760 0.4636901810 -0.1335444138 0.0224297869 0.2003730487 0.1675821057 0.4837231853 0.4841859439
0.2964259027 0.1765632204 0.2760040825 0.4823239870 -0.1648055579 0.1529071558 0.0469225181 0.4793504561 -0.0992441305 0.0589570680 0.1592867078 0.1950116033 0.4984157410 0.4988453926
0.3198623816 0.2057424350 0.3020929497 0.4986236272 -0.1225815527 0.1820991197 0.0823425594 0.4957595571 -0.0641985494 0.0962096349 0.1169972587 0.2233515387 0.5138605165 0.5142580379
0.3442211097 0.2358489188 0.3289569187 0.5156812619 -0.0791182994 0.2123184241 0.1186926811 0.5129296950 -0.0284033062 0.1341916622 0.0734926525 0.2526140274 0.5300700298 0.5304364239
0.3695154219 0.2668946618 0.3566060334 0.5335090749 -0.0344023697 0.2435788436 0.1559833640 0.5308730810 0.0081459635 0.1729073246 0.0287608400 0.2828111846 0.5470567991 0.5473930945
0.3957586535 0.2988916541 0.3850503377 0.5521192504 0.0115796642 0.2758941526 0.1942250893 0.5496019260 0.0454536238 0.2123607969 -0.0172102278 0.3139551261 0.5648333423 0.5651405937
0.4229641395 0.3318518856 0.4142998754 0.5715239724 0.0588412306 0.3092781257 0.2334283380 0.5691284411 0.0835240391 0.2525562537 -0.0644326000 0.3460579672 0.5834121776 0.5836914656
0.4511452152 0.3657873465 0.4443646904 0.5917354249 0.1073957574 0.3437445373 0.2736035910 0.5894648372 0.1223615737 0.2934978697 -0.1129183257 0.3791318233 0.6028058230 0.6030582541
0.4803152157 0.4007100268 0.4752548265 0.6127657918 0.1572566727 0.3793071620 0.3147613294 0.6106233254 0.1619705918 0.3351898195 -0.1626794540 0.4131888101 0.6230267966 0.6232535032
0.5104874760 0.4366319164 0.5069803275 0.6346272573 0.2084374047 0.4159797743 0.3569120341 0.6326161167 0.2023554577 0.3776362779 -0.2137280338 0.4482410429 0.6440876164 0.6442897569
0.5416753314 0.4735650055 0.5395512373 0.6573320053 0.2609513813 0.4537761486 0.4000661863 0.6554554221 0.2435205356 0.4208414196 -0.2660761144 0.4843006372 0.6660008005 0.6661795594
0.5738921170 0.5115212840 0.5729775998 0.6808922198 0.3148120306 0.4927100594 0.4442342669 0.6791534527 0.2854701899 0.4648094192 -0.3197357448 0.5213797085 0.6887788669 0.6889354544
0.6071511679 0.5505127420 0.6072694588 0.7053200849 0.3700327807 0.5327952813 0.4894267570 0.7037224194 0.3282087849 0.5095444515 -0.3747189740 0.5594903722 0.7124343338 0.7125699861
0.6414658192 0.5905513695 0.6424368580 0.7306277845 0.4266270597 0.5740455888 0.5356541375 0.7291745333 0.3717406847 0.5550506911 -0.4310378512 0.5986447440 0.7369797192 0.7370956985
