-0.1571176194 -0.3989243712 -0.3398631447 0.0843679705 -0.6557204371 -0.4237340394 -0.5970822241 0.0805013571 -0.9694535181 -0.7922444382 0.5771010157 -0.3878300813 0.1524098852 0.1577837214
-0.1450312024 -0.3902352315 -0.3303125538 0.0999355187 -0.6503602090 -0.4154163640 -0.5911743675 0.0960125464 -0.9718944107 -0.7891148788 0.5705918956 -0.3790118486 0.1689394713 0.1743761382
-0.1332016533 -0.3817249277 -0.3209586991 0.1151715048 -0.6450857383 -0.4072703563 -0.5853813000 0.1111933469 -0.9742302928 -0.7860384594 0.5641922816 -0.3703770121 0.1851157603 0.1906130600
-0.1216269285 -0.3733919199 -0.3117999316 0.1300784363 -0.6398961427 -0.3992945182 -0.5797018955 0.1260462590 -0.9764616112 -0.7830144446 0.5579011470 -0.3619239968 0.2009413990 0.2064971504
-0.1103049846 -0.3652346682 -0.3028346023 0.1446588210 -0.6347905395 -0.3914873514 -0.5741350282 0.1405737833 -0.9785888125 -0.7800420988 0.5517174648 -0.3536512280 0.2164190339 0.2220310729
-0.0992337779 -0.3572516328 -0.2940610623 0.1589151665 -0.6297680462 -0.3838473575 -0.5686795721 0.1547784201 -0.9806123433 -0.7771206866 0.5456402084 -0.3455571310 0.2315513119 0.2372174908
-0.0884112652 -0.3494412737 -0.2854776626 0.1728499804 -0.6248277802 -0.3763730383 -0.5633344012 0.1686626701 -0.9825326504 -0.7742494726 0.5396683509 -0.3376401311 0.2463408796 0.2520590675
-0.0778354027 -0.3418020511 -0.2770827541 0.1864657704 -0.6199688592 -0.3690628955 -0.5580983895 0.1822290336 -0.9843501803 -0.7714277213 0.5338008654 -0.3298986534 0.2607903837 0.2665584667
-0.0675041471 -0.3343324250 -0.2688746880 0.1997650441 -0.6151904004 -0.3619154310 -0.5529704111 0.1954800112 -0.9860653797 -0.7686546972 0.5280367252 -0.3223311233 0.2749024709 0.2807183516
-0.0574154548 -0.3270308557 -0.2608518152 0.2127503092 -0.6104915215 -0.3549291463 -0.5479493400 0.2084181034 -0.9876786952 -0.7659296648 0.5223749035 -0.3149359659 0.2886797878 0.2945413858
-0.0475672823 -0.3198958032 -0.2530124867 0.2254240733 -0.6058713397 -0.3481025433 -0.5430340502 0.2210458106 -0.9891905735 -0.7632518888 0.5168143734 -0.3077116066 0.3021249812 0.3080302326
-0.0379575862 -0.3129257276 -0.2453550536 0.2377888440 -0.6013289727 -0.3414341236 -0.5382234158 0.2333656333 -0.9906014612 -0.7606206336 0.5113541082 -0.3006564706 0.3152406978 0.3211875556
-0.0285843228 -0.3061190891 -0.2378778668 0.2498471291 -0.5968635379 -0.3349223891 -0.5335163108 0.2453800720 -0.9919118050 -0.7580351638 0.5059930810 -0.2937689831 0.3280295842 0.3340160182
-0.0194454488 -0.2994743477 -0.2305792774 0.2616014361 -0.5924741527 -0.3285658414 -0.5289116093 0.2570916273 -0.9931220515 -0.7554947439 0.5007302650 -0.2870475694 0.3404942871 0.3465182837
-0.0105389206 -0.2929899636 -0.2234576364 0.2730542727 -0.5881599347 -0.3223629822 -0.5244081852 0.2685027995 -0.9942326474 -0.7529986385 0.4955646334 -0.2804906548 0.3526374532 0.3586970158
