-0.3761120339 -0.9793952925 -0.9733783516 0.1704761920 -0.3470755961 -0.0567576450 -0.8587109584 0.1729241134 -0.1940717540 0.3134949171 -0.1895150184 -0.9869934320 0.1988620015 0.1857209961
-0.3778667022 -0.9747159671 -0.9679404013 0.1692001886 -0.3395468803 -0.0534680532 -0.8525015593 0.1716897513 -0.1880929517 0.3292684084 -0.2055598512 -0.9830435022 0.1972616162 0.1840364866
-0.3791063075 -0.9695839107 -0.9620281980 0.1682182712 -0.3321011810 -0.0497694054 -0.8461773449 0.1707493465 -0.1822957301 0.3449070901 -0.2215216806 -0.9785936056 0.1959362279 0.1826307039
-0.3798395295 -0.9640060100 -0.9556493505 0.1675247605 -0.3247371950 -0.0456698446 -0.8397395204 0.1700972123 -0.1766770508 0.3604091350 -0.2373979047 -0.9736514072 0.1948804990 0.1814982767
-0.3800750479 -0.9579891520 -0.9488114675 0.1671139775 -0.3174536194 -0.0411775140 -0.8331892907 0.1697276620 -0.1712338757 0.3757727162 -0.2531859214 -0.9682245722 0.1940890917 0.1806338339
-0.3798215425 -0.9515402234 -0.9415221579 0.1669802430 -0.3102491510 -0.0363005566 -0.8265278610 0.1696350088 -0.1659631663 0.3909960066 -0.2688831286 -0.9623207656 0.1935566684 0.1800320043
-0.3790876930 -0.9446661110 -0.9337890304 0.1671178778 -0.3031224869 -0.0310471155 -0.8197564363 0.1698135660 -0.1608618844 0.4060771791 -0.2844869244 -0.9559476525 0.1932778916 0.1796874167
-0.3778821790 -0.9373737017 -0.9256196939 0.1675212027 -0.2960723239 -0.0254253339 -0.8128762216 0.1702576468 -0.1559269918 0.4210144067 -0.2999947066 -0.9491128981 0.1932474234 0.1795947000
-0.3762136803 -0.9296698822 -0.9170217572 0.1681845385 -0.2890973590 -0.0194433547 -0.8058884221 0.1709615646 -0.1511554502 0.4358058624 -0.3154038732 -0.9418241674 0.1934599263 0.1797484828
-0.3740908766 -0.9215615394 -0.9080028291 0.1691022061 -0.2821962892 -0.0131093212 -0.7987942428 0.1719196325 -0.1465442213 0.4504497192 -0.3307118222 -0.9340891256 0.1939100625 0.1801433940
-0.3715224476 -0.9130555601 -0.8985705183 0.1702685264 -0.2753678114 -0.0064313763 -0.7915948888 0.1731261639 -0.1420902668 0.4649441500 -0.3459159515 -0.9259154377 0.1945924944 0.1807740625
-0.3685170731 -0.9041588311 -0.8887324337 0.1716778200 -0.2686106226 0.0005823368 -0.7842915651 0.1745754721 -0.1377905484 0.4792873277 -0.3610136591 -0.9173107688 0.1955018845 0.1816351170
-0.3650834326 -0.8948782392 -0.8784961841 0.1733244079 -0.2619234197 0.0079236750 -0.7768854768 0.1762618702 -0.1336420280 0.4934774254 -0.3760023430 -0.9082827840 0.1966328949 0.1827211863
-0.3612302060 -0.8852206713 -0.8678693782 0.1752026110 -0.2553048996 0.0155844953 -0.7693778289 0.1781796716 -0.1296416671 0.5075126159 -0.3908794010 -0.8988391485 0.1979801880 0.1840268993
-0.3569660729 -0.8751930141 -0.8568596250 0.1773067499 -0.2487537593 0.0235566545 -0.7617698266 0.1803231895 -0.1257864276 0.5213910724 -0.4056422312 -0.8889875273 0.1995384262 0.1855468848
