-0.5272731978 -0.4670134172 -0.4381303325 -0.5006233914 0.0815748867 -0.4664961668 -0.2349007492 -0.5003909394 0.1998415558 0.1123396885 0.0877410854 -0.4726853759 -0.5016198734 -0.5012875224
-0.5116225285 -0.4514160069 -0.4225255520 -0.4848504719 0.0758819139 -0.4509123318 -0.2215922559 -0.4846181896 0.1845687734 0.1226663960 0.0767516423 -0.4570830269 -0.4858328435 -0.4854957792
-0.4956758494 -0.4355513734 -0.4066669053 -0.4687955520 0.0702678839 -0.4350613923 -0.2080657668 -0.4685635528 0.1691413061 0.1331269644 0.0655511418 -0.4412108501 -0.4697634062 -0.4694218212
-0.4794312814 -0.4194178165 -0.3905528582 -0.4524570211 0.0647342485 -0.4189416332 -0.1943198049 -0.4522254191 0.1535588709 0.1437223033 0.0541379824 -0.4250671227 -0.4534099677 -0.4530640627
-0.4628869458 -0.4030136358 -0.3741818764 -0.4358332691 0.0592824598 -0.4025513395 -0.1803528934 -0.4356021789 0.1378211850 0.1544533221 0.0425105626 -0.4086501222 -0.4367709345 -0.4364209180
-0.4460409637 -0.3863371312 -0.3575524258 -0.4189226854 0.0539139697 -0.3858887959 -0.1661635555 -0.4186922224 0.1219279653 0.1653209305 0.0306672810 -0.3919581259 -0.4198447127 -0.4194908015
-0.4288914561 -0.3693866023 -0.3406629721 -0.4017236597 0.0486302305 -0.3689522873 -0.1517503142 -0.4014939399 0.1058789289 0.1763260378 0.0186065360 -0.3749894111 -0.4026297086 -0.4022721273
-0.4114365442 -0.3521603488 -0.3235119812 -0.3842345816 0.0434326939 -0.3517400988 -0.1371116928 -0.3840057214 0.0896737930 0.1874695537 0.0063267262 -0.3577422552 -0.3851243286 -0.3847633099
-0.3936743491 -0.3346566705 -0.3060979189 -0.3664538407 0.0383228121 -0.3342505150 -0.1222462142 -0.3662259574 0.0733122744 0.1987523877 -0.0061737499 -0.3402149355 -0.3673269789 -0.3669627635
-0.3756029920 -0.3168738670 -0.2884192509 -0.3483798267 0.0333020371 -0.3164818211 -0.1071524018 -0.3481530381 0.0567940904 0.2101754493 -0.0188964938 -0.3224057294 -0.3492360658 -0.3488689024
-0.3572205938 -0.2988102380 -0.2704744431 -0.3300109291 0.0283718209 -0.2984323017 -0.0918287785 -0.3297853536 0.0401189579 0.2217396480 -0.0318431070 -0.3043129142 -0.3308499955 -0.3304801408
-0.3385252757 -0.2804640834 -0.2522619613 -0.3113455376 0.0235336155 -0.2801002418 -0.0762738675 -0.3111212943 0.0232865940 0.2334458934 -0.0450151910 -0.2859347674 -0.3121671744 -0.3117948932
-0.3195151589 -0.2618337027 -0.2337802713 -0.2923820418 0.0187888729 -0.2614839264 -0.0604861920 -0.2921592504 0.0062967157 0.2452950950 -0.0584143473 -0.2672695661 -0.2931860088 -0.2928115737
-0.3001883644 -0.2429173957 -0.2150278388 -0.2731188312 0.0141390451 -0.2425816402 -0.0444642750 -0.2728976121 -0.0108509598 0.2572881623 -0.0720421773 -0.2483155878 -0.2739049049 -0.2735285967
-0.2805430134 -0.2237134622 -0.1960031297 -0.2535542956 0.0095855843 -0.2233916682 -0.0282066398 -0.2533347696 -0.0281567156 0.2694260048 -0.0859002826 -0.2290711099 -0.2543222689 -0.2539443765
