-0.7839961170 -0.8359315404 -0.7926638346 -0.6986814476 -0.9719597491 -0.8872785474 -0.8882415315 -0.6989809257 -0.9988820357 -0.9775490916 0.9977674987 -0.8485220949 -0.6752007561 -0.6810328770
-0.7738982741 -0.8268632962 -0.7829438616 -0.6873273021 -0.9673512455 -0.8791593015 -0.8804533072 -0.6876332430 -0.9996663383 -0.9812354967 0.9962225556 -0.8397342001 -0.6635028564 -0.6694041839
-0.7635526100 -0.8175266919 -0.7729768076 -0.6757581706 -0.9623742607 -0.8707373070 -0.8723736854 -0.6760704937 -1.0000000000 -0.9846045626 0.9942698798 -0.8306726675 -0.6515980070 -0.6575664055
-0.7529580086 -0.8079198769 -0.7627610934 -0.6639737845 -0.9570251433 -0.8620105707 -0.8639999429 -0.6642924029 -0.9998772477 -0.9876523747 0.9919050645 -0.8213354514 -0.6394862076 -0.6455194947
-0.7421133539 -0.7980410007 -0.7522951398 -0.6519738749 -0.9513002416 -0.8529770997 -0.8553293568 -0.6522986958 -0.9992923081 -0.9903750186 0.9891237027 -0.8117205066 -0.6271674581 -0.6332634043
-0.7310175300 -0.7878882125 -0.7415773679 -0.6397581732 -0.9451959041 -0.8436349008 -0.8463592040 -0.6400890975 -0.9982394081 -0.9927685797 0.9859213879 -0.8018257875 -0.6146417580 -0.6207980872
-0.7196694207 -0.7774596618 -0.7306061985 -0.6273264107 -0.9387084791 -0.8339819808 -0.8370867616 -0.6276633332 -0.9967127743 -0.9948291437 0.9822937130 -0.7916492487 -0.6019091072 -0.6081234961
-0.7080679102 -0.7667534978 -0.7193800525 -0.6146783186 -0.9318343150 -0.8240163468 -0.8275093065 -0.6150211281 -0.9947066337 -0.9965527961 0.9782362714 -0.7811888448 -0.5889695053 -0.5952395840
-0.6962118824 -0.7557678701 -0.7078973508 -0.6018136282 -0.9245697603 -0.8137360057 -0.8176241157 -0.6021622075 -0.9922152130 -0.9979356224 0.9737446561 -0.7704425304 -0.5758229522 -0.5821463035
-0.6841002213 -0.7445009278 -0.6961565143 -0.5887320708 -0.9169111633 -0.8031389642 -0.8074284662 -0.5890862963 -0.9892327389 -0.9989737081 0.9688144603 -0.7594082599 -0.5624694474 -0.5688436076
-0.6717318110 -0.7329508205 -0.6841559640 -0.5754333777 -0.9088548724 -0.7922232294 -0.7969196351 -0.5757931199 -0.9857534383 -0.9996631388 0.9634412773 -0.7480839880 -0.5489089907 -0.5553314491
-0.6591055353 -0.7211156974 -0.6718941206 -0.5619172801 -0.9003972360 -0.7809868081 -0.7860948992 -0.5622824033 -0.9817715380 -1.0000000000 0.9576207003 -0.7364676692 -0.5351415819 -0.5416097808
-0.6462202784 -0.7089937080 -0.6593694052 -0.5481835094 -0.8915346025 -0.7694277072 -0.7749515356 -0.5485538718 -0.9772812648 -0.9999803772 0.9513483223 -0.7245572581 -0.5211672207 -0.5276785555
-0.6330749241 -0.6965830015 -0.6465802386 -0.5342317968 -0.8822633204 -0.7575439337 -0.7634868213 -0.5346072506 -0.9722768454 -0.9996003561 0.9446197366 -0.7123507093 -0.5069859068 -0.5135377261
-0.6196683566 -0.6838817275 -0.6335250417 -0.5200618737 -0.8725797379 -0.7453334944 -0.7516980333 -0.5204422647 -0.9667525066 -0.9988560220 0.9374305364 -0.6998459772 -0.4925976399 -0.4991872453
