-0.9748155951 -0.9998828880 -0.9306898553 -0.9893450308 -0.9848430403 -0.9975915776 -0.6179339590 -0.9897926227 -0.1131848059 -0.2607428339 0.6025802918 -0.9997087899 -0.9774985643 -0.9768736254
-0.9811325297 -0.9989642068 -0.9276639591 -0.9934007906 -0.9897327938 -0.9992310212 -0.6120912530 -0.9937618234 -0.1126402007 -0.2552467105 0.6126774896 -0.9986209930 -0.9833797745 -0.9828537306
-0.9865730384 -0.9972271770 -0.9239054712 -0.9965127533 -0.9937060324 -1.0000000000 -0.6057110939 -0.9967858252 -0.1116769449 -0.2493649986 0.6219264824 -0.9967198773 -0.9884008517 -0.9879707303
-0.9911191443 -0.9946550189 -0.9193990513 -0.9986623330 -0.9967410642 -0.9998799052 -0.5987826038 -0.9988459645 -0.1102838186 -0.2430891858 0.6303042907 -0.9939887108 -0.9925445319 -0.9922072203
-0.9947528704 -0.9912309531 -0.9141293590 -0.9998309439 -0.9988161974 -0.9988521279 -0.5912949048 -0.9999235773 -0.1084496023 -0.2364107596 0.6377879354 -0.9904107614 -0.9957935509 -0.9955457965
-0.9974562397 -0.9869382001 -0.9080810541 -1.0000000000 -0.9999097399 -0.9968980595 -0.5832371188 -1.0000000000 -0.1061630762 -0.2293212078 0.6443544369 -0.9859692972 -0.9981306447 -0.9979690546
-0.9992112752 -0.9817599801 -0.9012387963 -0.9991509155 -1.0000000000 -0.9939990910 -0.5745983678 -0.9990565688 -0.1034130205 -0.2218120178 0.6499808159 -0.9806475863 -0.9995385491 -0.9994595905
-1.0000000000 -0.9756795139 -0.8935872452 -0.9972651046 -0.9990652857 -0.9901366137 -0.5653677739 -0.9970746199 -0.1001882156 -0.2138746774 0.6546440931 -0.9744288965 -1.0000000000 -1.0000000000
-0.9998044370 -0.9686800217 -0.8851110607 -0.9943239814 -0.9970839053 -0.9852920188 -0.5555344592 -0.9940354897 -0.0964774418 -0.2055006740 0.6583212890 -0.9672964960 -0.9994977333 -0.9995728790
-0.9986066093 -0.9607447240 -0.8757949024 -0.9903089599 -0.9940341667 -0.9794466974 -0.5450875456 -0.9899205142 -0.0922694792 -0.1966814954 0.6609894244 -0.9592336528 -0.9980144848 -0.9981608232
-0.9963885398 -0.9518568413 -0.8656234300 -0.9852014544 -0.9898943781 -0.9725820409 -0.5340161551 -0.9847110298 -0.0875531082 -0.1874086290 0.6626255199 -0.9502236348 -0.9955329906 -0.9957464286
-0.9931322517 -0.9419995941 -0.8545813033 -0.9789828789 -0.9846428477 -0.9646794403 -0.5223094098 -0.9783883727 -0.0823171091 -0.1776735625 0.6632065960 -0.9402497100 -0.9920359863 -0.9923122908
-0.9888197678 -0.9311562028 -0.8426531818 -0.9716346476 -0.9782578834 -0.9557202869 -0.5099564318 -0.9709338791 -0.0765502622 -0.1674677836 0.6627096735 -0.9292951465 -0.9875062080 -0.9878410058
-0.9834331113 -0.9193098879 -0.8298237255 -0.9631381746 -0.9707177936 -0.9456859719 -0.4969463429 -0.9623288853 -0.0702413477 -0.1567827797 0.6611117729 -0.9173432124 -0.9819263915 -0.9823151694
-0.9769543051 -0.9064438698 -0.8160775939 -0.9534748740 -0.9620008862 -0.9345578865 -0.4832682653 -0.9525547274 -0.0633791459 -0.1456100385 0.6583899149 -0.9043771755 -0.9752792726 -0.9757173774
