-0.8279478401 -0.8341572513 -0.8550742827 -0.8084687197 -0.7885392201 -0.7926013603 -0.8707712511 -0.8079012994 -0.0217825587 -0.7317376096 0.7319907017 -0.8431629204 -0.7979314020 -0.7973533994
-0.7731122074 -0.7815052660 -0.8089298051 -0.7476674311 -0.7226880375 -0.7267975861 -0.8299884118 -0.7469287000 0.0310782289 -0.6474619106 0.6479167020 -0.7935245495 -0.7337781047 -0.7329903220
-0.7195104412 -0.7301405170 -0.7638450115 -0.6883572950 -0.6590971825 -0.6626258994 -0.7903240784 -0.6874559323 0.0807940171 -0.5657077261 0.5664161687 -0.7451771686 -0.6711951868 -0.6701895278
-0.6671283354 -0.6800466666 -0.7198064838 -0.6305202614 -0.5977321284 -0.6000668212 -0.7517613317 -0.6294648047 0.1274232133 -0.4864444351 0.4874544515 -0.6981031750 -0.6101640056 -0.6089326500
-0.6159516839 -0.6312073773 -0.6768008039 -0.5741382802 -0.5385583487 -0.5391008724 -0.7142832522 -0.5729371261 0.1710242252 -0.4096414170 0.4109969005 -0.6522849660 -0.5506659181 -0.5492013215
-0.5659662804 -0.5836063116 -0.6348145536 -0.5191933016 -0.4815413166 -0.4797085738 -0.6778729204 -0.5178547051 0.2116554601 -0.3352680511 0.3370088653 -0.6077049388 -0.4926822815 -0.4909771755
-0.5171579187 -0.5372271320 -0.5938343150 -0.4656672754 -0.4266465055 -0.4218704463 -0.6425134169 -0.4641993503 0.2493753256 -0.2632937166 0.2654556960 -0.5643454909 -0.4361944529 -0.4342418451
-0.4695123926 -0.4920535007 -0.5538466698 -0.4135421517 -0.3738393888 -0.3655670108 -0.6081878223 -0.4119528704 0.2842422292 -0.1936877928 0.1963027423 -0.5221890194 -0.3811837894 -0.3789769633
-0.4230154961 -0.4480690804 -0.5148382000 -0.3627998805 -0.3230854399 -0.3107787880 -0.5748792171 -0.3610970742 0.3163145784 -0.1264196588 0.1295153541 -0.4812179217 -0.3276316482 -0.3251641633
-0.3776530227 -0.4052575334 -0.4767954876 -0.3134224119 -0.2743501320 -0.2574862990 -0.5425706819 -0.3116137702 0.3456507808 -0.0614586941 0.0650588813 -0.4414145951 -0.2755193863 -0.2727850780
-0.3334107665 -0.3636025223 -0.4397051143 -0.2653916958 -0.2275989386 -0.2056700646 -0.5112452973 -0.2634847671 0.3723092438 0.0012257222 0.0028986738 -0.4027614368 -0.2248283610 -0.2218213407
-0.2902745211 -0.3230877093 -0.4035536622 -0.2186896822 -0.1827973330 -0.1553106055 -0.4808861438 -0.2166918737 0.3963483749 0.0616642108 -0.0569999187 -0.3652408443 -0.1755399292 -0.1722545843
-0.2482300804 -0.2836967571 -0.3683277131 -0.1732983211 -0.1399107885 -0.1063884428 -0.4514763019 -0.1712168986 0.4178265816 0.1198873924 -0.1146715461 -0.3288352147 -0.1276354482 -0.1240664420
-0.2072632382 -0.2454133279 -0.3340138489 -0.1291995626 -0.0989047785 -0.0588840973 -0.4229988523 -0.1270416504 0.4368022716 0.1759258877 -0.1701508587 -0.2935269453 -0.0810962751 -0.0772385468
-0.1673597883 -0.2082210844 -0.3005986515 -0.0863753567 -0.0597447765 -0.0127780898 -0.3954368755 -0.0841479379 0.4533338521 0.2298103176 -0.2234725066 -0.2592984336 -0.0359037669 -0.0317525319
