-0.1456203570 0.0006166136 0.0187019551 -0.1148112814 0.1429851679 -0.0419871862 0.2949845080 -0.1137476185 0.0479387474 0.0627811352 -0.1281151338 -0.0202582191 -0.1361270800 -0.1306552505
-0.1702768757 -0.0279617895 -0.0093786601 -0.1396965630 0.1083578494 -0.0699807790 0.2580545049 -0.1386720772 0.0141855908 0.0287956856 -0.0936236038 -0.0482565871 -0.1603772023 -0.1550834065
-0.1956526220 -0.0574074757 -0.0384144578 -0.1653745707 0.0728758162 -0.0987590280 0.2199886931 -0.1643895848 -0.0202225184 -0.0058709295 -0.0583086686 -0.0771025342 -0.1854029660 -0.1802905284
-0.2217572473 -0.0877317372 -0.0684185389 -0.1918562780 0.0365299865 -0.1283318359 0.1807735978 -0.1909111092 -0.0552888950 -0.0412225341 -0.0221621519 -0.1068071510 -0.2112152090 -0.2062874645
-0.2486004031 -0.1189458658 -0.0994040042 -0.2191526583 -0.0006887212 -0.1587091053 0.1403957445 -0.2182476184 -0.0910168539 -0.0772629521 0.0148241225 -0.1373815285 -0.2378247693 -0.2330850630
-0.2761917409 -0.1510611535 -0.1313839545 -0.2472746850 -0.0387893887 -0.1899007388 0.0988416583 -0.2464100802 -0.1274097098 -0.1139960077 0.0526583308 -0.1688367574 -0.2652424850 -0.2606941724
-0.3045409123 -0.1840888924 -0.1643714905 -0.2762333315 -0.0777810975 -0.2219166392 0.0560978645 -0.2754094627 -0.1644707775 -0.1514255249 0.0913486493 -0.2011839285 -0.2934791942 -0.2891256409
-0.3336575685 -0.2180403745 -0.1983797130 -0.3060395711 -0.1176729292 -0.2547667092 0.0121508886 -0.3052567338 -0.2022033719 -0.1895553276 0.1309032541 -0.2344341328 -0.3225457347 -0.3183903167
-0.3635513613 -0.2529268917 -0.2334217227 -0.3367043774 -0.1584739656 -0.2884608513 -0.0330127443 -0.3359628614 -0.2406108077 -0.2283892399 0.1713303215 -0.2685984609 -0.3524529448 -0.3484990482
-0.3942319420 -0.2887597360 -0.2695106206 -0.3682387236 -0.2001932883 -0.3230089683 -0.0794065088 -0.3675388134 -0.2796963997 -0.2679310859 0.2126380277 -0.3036880038 -0.3832116624 -0.3794626836
-0.4257089621 -0.3255501995 -0.3066595073 -0.4006535833 -0.2428399788 -0.3584209628 -0.1270438796 -0.3999955577 -0.3194634628 -0.3081846895 0.2548345489 -0.3397138522 -0.4148327255 -0.4112920714
-0.4579920730 -0.3633095740 -0.3448814836 -0.4339599297 -0.2864231189 -0.3947067376 -0.1759383315 -0.4333440624 -0.3599153118 -0.3491538748 0.2979280614 -0.3766870969 -0.4473269721 -0.4439980597
-0.4910909264 -0.4020491517 -0.3841896504 -0.4681687364 -0.3309517902 -0.4318761952 -0.2261033391 -0.4675952953 -0.4010552613 -0.3908424658 0.3419267413 -0.4146188288 -0.4807052404 -0.4775914968
-0.5250151736 -0.4417802244 -0.4245971083 -0.5032909766 -0.3764350743 -0.4699392383 -0.2775523772 -0.5027602243 -0.4428866264 -0.4332542865 0.3868387649 -0.4535201388 -0.5149783684 -0.5120832311
-0.5597744662 -0.4825140843 -0.4661169582 -0.5393376239 -0.4228820528 -0.5089057697 -0.3302989204 -0.5388498174 -0.4854127217 -0.4763931610 0.4326723084 -0.4934021175 -0.5501571940 -0.5474841109
