0.0982450525 0.3897688865 -0.3116443309 0.0072877494 0.4931475431 0.2083852486 -0.2727478238 0.0126385332 0.1020615469 -0.3937199233 0.2630504714 0.2813938711 0.0256255892 0.0102328013
0.0899435323 0.3695115157 -0.3288757286 0.0056447308 0.4804510963 0.1908953696 -0.2805597287 0.0110579189 0.0941087506 -0.3963113594 0.2674952361 0.2613644409 0.0244139380 0.0091197816
0.0817715686 0.3490959597 -0.3459505418 0.0042817753 0.4672790480 0.1732341872 -0.2886485768 0.0097565367 0.0856950376 -0.3991180326 0.2722351993 0.2412342057 0.0234833447 0.0082951245
0.0737269546 0.3285313167 -0.3628662168 0.0031922170 0.4536446711 0.1554107104 -0.2970049588 0.0087277128 0.0768328327 -0.4021328529 0.2772614580 0.2210110762 0.0228269861 0.0077518646
0.0658074835 0.3078266854 -0.3796201997 0.0023693902 0.4395612388 0.1374339479 -0.3056194653 0.0079647730 0.0675345608 -0.4053487303 0.2825651093 0.2007029631 0.0224380389 0.0074830364
0.0580109487 0.2869911643 -0.3962099368 0.0018066291 0.4250420241 0.1193129088 -0.3144826868 0.0074610436 0.0578126465 -0.4087585748 0.2881372500 0.1803177771 0.0223096801 0.0074816745
0.0503351433 0.2660338517 -0.4126328744 0.0014972678 0.4101003000 0.1010566019 -0.3235852141 0.0072098505 0.0476795146 -0.4123552965 0.2939689772 0.1598634289 0.0224350865 0.0077408134
0.0427778607 0.2449638463 -0.4288864585 0.0014346404 0.3947493397 0.0826740360 -0.3329176378 0.0072045198 0.0371475900 -0.4161318052 0.3000513878 0.1393478291 0.0228074349 0.0082534876
0.0353368940 0.2237902464 -0.4449681355 0.0016120813 0.3790024160 0.0641742200 -0.3424705484 0.0074383776 0.0262292973 -0.4200810110 0.3063755790 0.1187788884 0.0234199021 0.0090127317
0.0280100367 0.2025221505 -0.4608753516 0.0020229246 0.3628728022 0.0455661629 -0.3522345365 0.0079047500 0.0149370613 -0.4241958238 0.3129326476 0.0981645176 0.0242656649 0.0100115802
0.0207950819 0.1811686572 -0.4766055530 0.0026605044 0.3463737712 0.0268588735 -0.3622001929 0.0085969630 0.0032833068 -0.4284691537 0.3197136907 0.0775126273 0.0253379002 0.0112430676
0.0136898228 0.1597388649 -0.4921561859 0.0035181550 0.3295185962 0.0080613607 -0.3723581081 0.0095083426 -0.0087195415 -0.4328939107 0.3267098052 0.0568311281 0.0266297848 0.0127002285
0.0066920529 0.1382418721 -0.5075246966 0.0045892104 0.3123205501 -0.0108173666 -0.3826988728 0.0106322150 -0.0210590587 -0.4374630047 0.3339120882 0.0361279309 0.0281344956 0.0143760974
-0.0002004348 0.1166867773 -0.5227085313 0.0058670050 0.2947929060 -0.0297682996 -0.3932130775 0.0119619062 -0.0337228202 -0.4421693457 0.3413116366 0.0154109461 0.0298452093 0.0162637088
-0.0069898468 0.0950826790 -0.5377051361 0.0073448729 0.2769489369 -0.0487824293 -0.4038913129 0.0134907423 -0.0466984011 -0.4470058438 0.3488995475 -0.0053119154 0.0317551028 0.0183560974
