0.8962392845 0.9799935726 0.9955608003 0.9176046144 0.9920892592 0.9564858668 0.9894640477 0.9184174156 0.9802018547 0.9813305595 -0.9966807440 0.9720419431 0.9075802139 0.9078332715
0.8909332244 0.9775711969 0.9944437184 0.9133022973 0.9907578365 0.9532932640 0.9909713440 0.9141400158 0.9821475799 0.9831603100 -0.9959134354 0.9691780821 0.9031118813 0.9033686942
0.8855071764 0.9750133986 0.9932033922 0.9088957089 0.9893214988 0.9499898692 0.9923622212 0.9097584231 0.9839996991 0.9849033019 -0.9950633404 0.9661792362 0.8985433125 0.8988037765
0.8799620473 0.9723206467 0.9918403275 0.9043852366 0.9877799247 0.9465759037 0.9936367556 0.9052730173 0.9857570110 0.9865582348 -0.9941296176 0.9630460367 0.8938748705 0.8941388819
0.8742987439 0.9694934098 0.9903550296 0.8997712678 0.9861327926 0.9430515883 0.9947950233 0.9006841782 0.9874183144 0.9881238083 -0.9931114252 0.9597791150 0.8891069181 0.8893743742
0.8685181728 0.9665321569 0.9887480043 0.8950541898 0.9843797810 0.9394171440 0.9958371004 0.8959922854 0.9889824080 0.9895987219 -0.9920079217 0.9563791025 0.8842398183 0.8845106171
0.8626212408 0.9634373568 0.9870197569 0.8902343902 0.9825205683 0.9356727919 0.9967630633 0.8911977188 0.9904480906 0.9909816752 -0.9908182655 0.9528466305 0.8792739338 0.8795479740
0.8566088546 0.9602094783 0.9851707931 0.8853122562 0.9805548332 0.9318187530 0.9975729879 0.8863008580 0.9918141610 0.9922713679 -0.9895416150 0.9491823305 0.8742096277 0.8744868088
0.8504819210 0.9568489904 0.9832016185 0.8802881753 0.9784822539 0.9278552483 0.9982669506 0.8813020828 0.9930794179 0.9934664995 -0.9881771287 0.9453868338 0.8690472628 0.8693274851
0.8442413468 0.9533563618 0.9811127385 0.8751625350 0.9763025091 0.9237824987 0.9988450274 0.8762017728 0.9942426601 0.9945657697 -0.9867239648 0.9414607718 0.8637872020 0.8640703664
0.8378880386 0.9497320613 0.9789046587 0.8699357226 0.9740152771 0.9196007252 0.9993072946 0.8710003079 0.9953026863 0.9955678779 -0.9851812818 0.9374047759 0.8584298082 0.8587158165
0.8314229032 0.9459765579 0.9765778846 0.8646081256 0.9716202365 0.9153101490 0.9996538283 0.8656980678 0.9962582954 0.9964715239 -0.9835482382 0.9332194774 0.8529754444 0.8532641991
0.8248468473 0.9420903204 0.9741329219 0.8591801312 0.9691170658 0.9109109909 0.9998847047 0.8602954322 0.9971082860 0.9972754071 -0.9818239923 0.9289055078 0.8474244733 0.8477158776
0.8181607777 0.9380738175 0.9715702760 0.8536521271 0.9665054434 0.9064034719 1.0000000000 0.8547927807 0.9978514569 0.9979782273 -0.9800077025 0.9244634984 0.8417772579 0.8420712160
0.8113656011 0.9339275182 0.9688904525 0.8480245005 0.9637850478 0.9017878131 0.9999997903 0.8491904933 0.9984866069 0.9985786839 -0.9780985272 0.9198940805 0.8360341612 0.8363305776
