-0.1446808298 -0.0402868567 0.0203688456 -0.1932980969 0.0503304118 -0.1020659850 0.1285201976 -0.1931432238 0.3644101859 -0.0192677285 -0.0158797495 -0.0157438348 -0.2382163042 -0.2368573070
-0.1186162808 -0.0160992492 0.0436807883 -0.1664955439 0.0716203312 -0.0773268558 0.1494801197 -0.1663206344 0.3783258253 -0.0132602871 -0.0361016857 0.0078468286 -0.2105806044 -0.2091832817
-0.0918876950 0.0086619765 0.0675013424 -0.1389789465 0.0934789978 -0.0519281444 0.1708786312 -0.1387854592 0.3926384246 -0.0067664975 -0.0570201363 0.0319988877 -0.1821934379 -0.1807626089
-0.0644888651 0.0340021015 0.0918350589 -0.1107415442 0.1159120210 -0.0258635223 0.1927196872 -0.1105309593 0.4073523482 0.0002199334 -0.0786425231 0.0567175445 -0.1530476682 -0.1515882204
-0.0364135835 0.0599264069 0.1166864887 -0.0817765766 0.1389250103 0.0008733393 0.2150072430 -0.0815503962 0.4224719607 0.0077052986 -0.1009762679 0.0820080015 -0.1231361591 -0.1216530482
-0.0076556426 0.0864401738 0.1420601829 -0.0520772831 0.1625235752 0.0282887690 0.2377452534 -0.0518370311 0.4380016267 0.0156958910 -0.1240287926 0.1078754608 -0.0924517743 -0.0909500239
0.0217911649 0.1135486833 0.1679606924 -0.0216369034 0.1867133251 0.0563890953 0.2609376737 -0.0213841253 0.4539457107 0.0241980038 -0.1478075189 0.1343251250 -0.0609873777 -0.0594720794
0.0519330467 0.1412572166 0.1943925681 0.0095513231 0.2114998697 0.0851806471 0.2845884588 0.0098150600 0.4703085773 0.0332179300 -0.1723198687 0.1613621961 -0.0287358328 -0.0272121466
0.0827762102 0.1695710546 0.2213603611 0.0414941569 0.2368888183 0.1146697529 0.3087015640 0.0417672634 0.4870945910 0.0427619626 -0.1975732637 0.1889918766 0.0043099965 0.0058368428
0.1143268630 0.1984954786 0.2488686223 0.0741983583 0.2628857805 0.1448627414 0.3332809443 0.0744792237 0.5043081164 0.0528363946 -0.2235751258 0.2172193687 0.0381572465 0.0396819568
0.1465912125 0.2280357696 0.2769219027 0.1076706879 0.2894963657 0.1757659412 0.3583305547 0.1079576796 0.5219535180 0.0634475191 -0.2503328767 0.2460498748 0.0728130536 0.0743302638
0.1795754663 0.2581972087 0.3055247532 0.1419179061 0.3167261835 0.2073856810 0.3838543503 0.1422093698 0.5400351605 0.0746016291 -0.2778539384 0.2754885971 0.1082845539 0.1097888318
0.2132858319 0.2889850771 0.3346817250 0.1769467734 0.3445808434 0.2397282895 0.4098562863 0.1772410330 0.5585574084 0.0863050176 -0.3061457325 0.3055407380 0.1445788837 0.1460647290
0.2477285167 0.3204046558 0.3643973688 0.2127640503 0.3730659548 0.2728000952 0.4363403178 0.2130594079 0.5775246261 0.0985639776 -0.3352156809 0.3362114997 0.1817031794 0.1831650236
0.2829097283 0.3524612260 0.3946762357 0.2493764971 0.4021871273 0.3066074269 0.4633103997 0.2496712333 0.5969411784 0.1113848023 -0.3650712055 0.3675060845 0.2196645771 0.2210967838
