0.8343660367 0.9227274212 0.9062674270 0.7654094991 0.9806417327 0.9481035803 0.9834812068 0.7660189751 0.7300695058 0.7203051731 -0.9232013109 0.9200486494 0.7506107038 0.7429684600
0.8195828030 0.9131274249 0.8957416228 0.7475682950 0.9757638426 0.9404006514 0.9791965875 0.7481938671 0.7365861535 0.7303716203 -0.9130157751 0.9102255505 0.7320732763 0.7241121351
0.8041098851 0.9029264064 0.8846140394 0.7290059646 0.9703164350 0.9321332352 0.9743997533 0.7296471368 0.7428048172 0.7403031481 -0.9021518807 0.8997935544 0.7128014294 0.7045175685
0.7879404592 0.8921181436 0.8728786013 0.7097156573 0.9642929312 0.9232953913 0.9690850245 0.7103719231 0.7487209258 0.7500974109 -0.8906021684 0.8887463451 0.6927882050 0.6841777897
0.7710677016 0.8806964145 0.8605292331 0.6896905222 0.9576867519 0.9138811794 0.9632467214 0.6903613647 0.7543299086 0.7597520626 -0.8783591788 0.8770776070 0.6720266451 0.6630858278
0.7534847886 0.8686549973 0.8475598592 0.6689237087 0.9504913182 0.9038846592 0.9568791642 0.6696086003 0.7596271944 0.7692647576 -0.8654154523 0.8647810244 0.6505097916 0.6412347122
0.7351848965 0.8559876699 0.8339644043 0.6474083660 0.9427000511 0.8932998902 0.9499766731 0.6481067687 0.7646082123 0.7786331498 -0.8517635297 0.8518502814 0.6282306866 0.6186174723
0.7161612015 0.8426882105 0.8197367928 0.6251376432 0.9343063715 0.8821209323 0.9425335683 0.6258490086 0.7692683914 0.7878548934 -0.8373959515 0.8382790624 0.6051823720 0.5952271373
0.6964068800 0.8287503972 0.8048709494 0.6021046898 0.9253037005 0.8703418450 0.9345441701 0.6028284589 0.7736031608 0.7969276427 -0.8223052582 0.8240610516 0.5813578897 0.5710567366
0.6759151083 0.8141680078 0.7893607986 0.5783026549 0.9156854590 0.8579566879 0.9260027987 0.5790382583 0.7776079494 0.8058490517 -0.8064839906 0.8091899333 0.5567502818 0.5460992994
0.6546790627 0.7989348207 0.7732002649 0.5537246878 0.9054450681 0.8449595209 0.9169037744 0.5544715456 0.7812781864 0.8146167745 -0.7899246891 0.7936593916 0.5313525902 0.5203478551
0.6326919193 0.7830446136 0.7563832729 0.5283639377 0.8945759486 0.8313444035 0.9072414174 0.5291214594 0.7846093007 0.8232284653 -0.7726198944 0.7774631109 0.5051578569 0.4937954330
0.6099468547 0.7664911649 0.7389037471 0.5022135539 0.8830715216 0.8171053955 0.8970100479 0.5029811387 0.7875967215 0.8316817783 -0.7545621471 0.7605947753 0.4781591237 0.4664350624
0.5864370449 0.7492682524 0.7207556121 0.4752666856 0.8709252081 0.8022365564 0.8862039861 0.4760437220 0.7902358777 0.8399743676 -0.7357439877 0.7430480693 0.4503494328 0.4382597727
0.5621556664 0.7313696543 0.7019327924 0.4475164821 0.8581304291 0.7867319459 0.8748175524 0.4483023483 0.7925221984 0.8481038873 -0.7161579568 0.7248166769 0.4217218261 0.4092625931
