-0.7491641923 -0.8030271102 -0.7702478620 -0.7014490797 -0.9492253687 -0.8552877667 -0.9758260007 -0.6996455506 -0.6018417673 -0.9894536823 0.9856854512 -0.8271550905 -0.6742317448 -0.6709481392
-0.7434604362 -0.7986342104 -0.7656013682 -0.6957844341 -0.9551278385 -0.8517543622 -0.9743968668 -0.6939467152 -0.6264517967 -0.9905772524 0.9873265269 -0.8230858955 -0.6681250962 -0.6647813604
-0.7378027784 -0.7942789514 -0.7610214664 -0.6902258891 -0.9606488085 -0.8482323533 -0.9729238859 -0.6883546880 -0.6501892092 -0.9916391169 0.9888669151 -0.8190390260 -0.6621384624 -0.6587359776
-0.7321904102 -0.7899604608 -0.7565069511 -0.6847718722 -0.9657916856 -0.8447210875 -0.9714068295 -0.6828678920 -0.6730625200 -0.9926389855 0.9903067772 -0.8150137610 -0.6562701529 -0.6528102903
-0.7266225232 -0.7856778659 -0.7520566168 -0.6794208110 -0.9705598765 -0.8412199119 -0.9698454692 -0.6774847504 -0.6950802445 -0.9935765676 0.9916462746 -0.8110093794 -0.6505184768 -0.6470025981
-0.7210983087 -0.7814302943 -0.7476692579 -0.6741711330 -0.9749567880 -0.8377281739 -0.9682395764 -0.6722036862 -0.7162508977 -0.9944515729 0.9928855688 -0.8070251600 -0.6448817433 -0.6413112008
-0.7156169580 -0.7772168734 -0.7433436687 -0.6690212659 -0.9789858268 -0.8342452207 -0.9665889228 -0.6670231225 -0.7365829952 -0.9952637110 0.9940248211 -0.8030603819 -0.6393582618 -0.6357343979
-0.7101776627 -0.7730367306 -0.7390786438 -0.6639696372 -0.9826503998 -0.8307703997 -0.9648932798 -0.6619414824 -0.7560850520 -0.9960126912 0.9950641930 -0.7991143240 -0.6339463414 -0.6302704890
-0.7047796142 -0.7688889935 -0.7348729775 -0.6590146745 -0.9859539137 -0.8273030581 -0.9631524190 -0.6569571889 -0.7747655834 -0.9966982234 0.9960038459 -0.7951862652 -0.6286442915 -0.6249177738
-0.6994220037 -0.7647727895 -0.7307254644 -0.6541548053 -0.9888997754 -0.8238425433 -0.9613661120 -0.6520686652 -0.7926331047 -0.9973200169 0.9968439412 -0.7912754844 -0.6234504212 -0.6196745519
-0.6941040228 -0.7606872461 -0.7266348988 -0.6493884573 -0.9914913915 -0.8203882025 -0.9595341303 -0.6472743344 -0.8096961313 -0.9978777814 0.9975846403 -0.7873812605 -0.6183630399 -0.6145391229
-0.6888248628 -0.7566314907 -0.7226000753 -0.6447140580 -0.9937321689 -0.8169393830 -0.9576562454 -0.6425726195 -0.8259631782 -0.9983712265 0.9982261047 -0.7835028726 -0.6133804568 -0.6095097865
-0.6835837152 -0.7526046508 -0.7186197881 -0.6401300351 -0.9956255144 -0.8134954321 -0.9557322288 -0.6379619437 -0.8414427609 -0.9988000616 0.9987684957 -0.7796395995 -0.6085009810 -0.6045848422
-0.6783797713 -0.7486058539 -0.7146928318 -0.6356348160 -0.9971748347 -0.8100556971 -0.9537618522 -0.6334407299 -0.8561433945 -0.9991639964 0.9992119747 -0.7757907201 -0.6037229220 -0.5997625898
-0.6732122226 -0.7446342274 -0.7108180008 -0.6312268284 -0.9983835366 -0.8066195253 -0.9517448869 -0.6290074014 -0.8700735943 -0.9994627404 0.9995567033 -0.7719555134 -0.5990445888 -0.5950413288
