-0.4567258473 -0.7282528088 -0.7900277538 -0.0240276306 0.0660697224 -0.1309335670 -0.8254051188 -0.0207618318 0.2973743403 0.4767403307 -0.6369223788 -0.7745851555 0.0626672882 0.0604215641
-0.4308890920 -0.7027579818 -0.7647096744 -0.0064900642 0.0774366515 -0.1134066202 -0.8041609749 -0.0033121246 0.2987252885 0.4755795916 -0.6385084277 -0.7474826363 0.0790695176 0.0768541709
-0.4053183093 -0.6774740610 -0.7395962324 0.0108808580 0.0887504304 -0.0960260462 -0.7830455139 0.0139722532 0.3001760301 0.4745414596 -0.6401471871 -0.7206167541 0.0953130845 0.0931278894
-0.3800125925 -0.6524005775 -0.7146869223 0.0280855235 0.1000107378 -0.0787916241 -0.7620586598 0.0310916813 0.3017253638 0.4736246344 -0.6418378154 -0.6939868772 0.1113983516 0.1092430834
-0.3549710350 -0.6275370624 -0.6899812384 0.0451243196 0.1112172520 -0.0617031329 -0.7412003364 0.0480465394 0.3033720884 0.4728278155 -0.6435794710 -0.6675923745 0.1273256820 0.1252001164
-0.3301927299 -0.6028830470 -0.6654786752 0.0619976338 0.1223696516 -0.0447603516 -0.7204704675 0.0648372073 0.3051150026 0.4721497025 -0.6453713122 -0.6414326145 0.1430954385 0.1409993521
-0.3056767705 -0.5784380623 -0.6411787273 0.0787058536 0.1334676150 -0.0279630591 -0.6998689769 0.0814640648 0.3069529052 0.4715889950 -0.6472124976 -0.6155069657 0.1587079840 0.1566411542
-0.2814222502 -0.5542016396 -0.6170808889 0.0952493662 0.1445108208 -0.0113110345 -0.6793957885 0.0979274915 0.3088845949 0.4711443927 -0.6491021855 -0.5898147970 0.1741636814 0.1721258862
-0.2574282621 -0.5301733100 -0.5931846547 0.1116285591 0.1554989473 0.0051959432 -0.6590508260 0.1142278671 0.3109088706 0.4708145950 -0.6510395342 -0.5643554768 0.1894628936 0.1874539119
-0.2336938995 -0.5063526046 -0.5694895190 0.1278438197 0.1664316731 0.0215580951 -0.6388340133 0.1303655715 0.3130245309 0.4705983016 -0.6530237023 -0.5391283738 0.2046059835 0.2026255949
-0.2102182558 -0.4827390546 -0.5459949763 0.1438955354 0.1773086767 0.0377756421 -0.6187452743 0.1463409843 0.3152303747 0.4704942121 -0.6550538481 -0.5141328566 0.2195933141 0.2176412989
-0.1870004240 -0.4593321912 -0.5227005210 0.1597840937 0.1881296365 0.0538488052 -0.5987845327 0.1621544853 0.3175252006 0.4705010261 -0.6571291300 -0.4893682938 0.2344252481 0.2325013875
-0.1640394976 -0.4361315456 -0.4996056477 0.1755098819 0.1988942310 0.0697778055 -0.5789517124 0.1778064541 0.3199078076 0.4706174432 -0.6592487065 -0.4648340541 0.2491021485 0.2472062243
-0.1413345697 -0.4131366488 -0.4767098507 0.1910732874 0.2096021387 0.0855628638 -0.5592467372 0.1932972706 0.3223769942 0.4708421629 -0.6614117358 -0.4405295061 0.2636243781 0.2617561731
-0.1188847336 -0.3903470320 -0.4540126245 0.2064746977 0.2202530381 0.1012042014 -0.5396695309 0.2086273145 0.3249315593 0.4711738848 -0.6636173765 -0.4164540184 0.2779923000 0.2761515974
