-0.9049884188 -0.9300577106 -0.8972268372 -0.8964785811 -0.9922180779 -0.9347167455 -0.9382879588 -0.8970661124 -0.9984390316 -0.7131321236 0.9956561243 -0.9313513823 -0.8824853999 -0.8876366026
-0.8962479515 -0.9223389273 -0.8893410562 -0.8875805079 -0.9890671798 -0.9271864381 -0.9318155833 -0.8881850380 -0.9995335586 -0.7086883960 0.9977132232 -0.9236807602 -0.8731702918 -0.8784634583
-0.8870767511 -0.9141702204 -0.8810209266 -0.8782644626 -0.9853623971 -0.9192004547 -0.9248712737 -0.8788854778 -1.0000000000 -0.7038109072 0.9991310174 -0.9155585435 -0.8634479373 -0.8688789225
-0.8774692561 -0.9055450637 -0.8722600712 -0.8685246821 -0.9810946562 -0.9107521894 -0.9174476904 -0.8691616582 -0.9998268951 -0.6984922343 0.9998973340 -0.9069781925 -0.8533129093 -0.8588774685
-0.8674199048 -0.8964569308 -0.8630521128 -0.8583554034 -0.9762548838 -0.9018350363 -0.9095374944 -0.8590078056 -0.9990027832 -0.6927249545 1.0000000000 -0.8979331677 -0.8427597808 -0.8484535696
-0.8569231355 -0.8868992953 -0.8533906743 -0.8477508635 -0.9708340066 -0.8924423895 -0.9011333461 -0.8484181462 -0.9975162035 -0.6865016450 0.9994268426 -0.8884169295 -0.8317831247 -0.8376016991
-0.8459733868 -0.8768656309 -0.8432693785 -0.8367052992 -0.9648229509 -0.8825676431 -0.8922279064 -0.8373869065 -0.9953556954 -0.6798148830 0.9981656888 -0.8784229381 -0.8203775141 -0.8263163303
-0.8345650968 -0.8663494113 -0.8326818481 -0.8252129477 -0.9582126435 -0.8722041912 -0.8828138358 -0.8259083128 -0.9925097982 -0.6726572456 0.9962043657 -0.8679446540 -0.8085375220 -0.8145919366
-0.8226927040 -0.8553441101 -0.8216217060 -0.8132680457 -0.9509940110 -0.8613454279 -0.8728837951 -0.8139765915 -0.9889670511 -0.6650213100 0.9935307005 -0.8569755375 -0.7962577213 -0.8024229912
-0.8103506467 -0.8438432010 -0.8100825750 -0.8008648303 -0.9431579798 -0.8499847473 -0.8624304449 -0.8015859688 -0.9847159934 -0.6568996535 0.9901325202 -0.8455090489 -0.7835326851 -0.7898039675
-0.7975333633 -0.8318401577 -0.7980580780 -0.7879975384 -0.9346954766 -0.8381155435 -0.8514464460 -0.7887306712 -0.9797451645 -0.6482848532 0.9859976520 -0.8335386488 -0.7703569863 -0.7767293388
-0.7842352922 -0.8193284538 -0.7855418377 -0.7746604070 -0.9255974280 -0.8257312106 -0.8399244589 -0.7754049251 -0.9740431035 -0.6391694863 0.9811139229 -0.8210577973 -0.7567251980 -0.7631935783
-0.7704508716 -0.8063015629 -0.7725274770 -0.7608476730 -0.9158547606 -0.8128251427 -0.8278571445 -0.7616029567 -0.9675983498 -0.6295461299 0.9754691601 -0.8080599550 -0.7426318930 -0.7491911595
-0.7561745400 -0.7927529588 -0.7590086187 -0.7465535734 -0.9054584008 -0.7993907338 -0.8152371633 -0.7473189924 -0.9603994427 -0.6194073614 0.9690511906 -0.7945385820 -0.7280716445 -0.7347165556
-0.7414007358 -0.7786761151 -0.7449788855 -0.7317723452 -0.8943992754 -0.7854213782 -0.8020571760 -0.7325472587 -0.9524349215 -0.6087457578 0.9618478415 -0.7804871389 -0.7130390254 -0.7197642400
