-0.6263501918 -0.5464023140 -0.2682339798 0.2789166494 0.0583484879 -0.6800234599 -0.6299193318 0.2893878054 0.1458617486 -0.8743313637 -0.2818943044 -0.6526792849 0.2226022260 0.2388729179
-0.6397562944 -0.5627998782 -0.2921639482 0.2518512634 0.0552553598 -0.6963503509 -0.6443053744 0.2622516991 0.1445657752 -0.8821485606 -0.2734371282 -0.6676320752 0.1960809355 0.2121459804
-0.6528766416 -0.5789350517 -0.3159315489 0.2246092201 0.0523206372 -0.7123232763 -0.6583967399 0.2349294553 0.1434184580 -0.8897855859 -0.2650016791 -0.6822667585 0.1694313144 0.1852769526
-0.6657134234 -0.5948055203 -0.3395232192 0.1972099464 0.0495365926 -0.7279359623 -0.6721940051 0.2074408172 0.1424110188 -0.8972347754 -0.2565857244 -0.6965825859 0.1426709671 0.1582840304
-0.6782688294 -0.6104089697 -0.3629253961 0.1696728696 0.0468954986 -0.7431821355 -0.6856977468 0.1798055279 0.1415346795 -0.9044884649 -0.2481870315 -0.7105788082 0.1158174981 0.1311854093
-0.6905450493 -0.6257430856 -0.3861245169 0.1420174166 0.0443896276 -0.7580555224 -0.6989085419 0.1520433305 0.1407806619 -0.9115389901 -0.2398033676 -0.7242546765 0.0888885121 0.1039992850
-0.7025442731 -0.6408055537 -0.4091070185 0.1142630145 0.0420112521 -0.7725498493 -0.7118269673 0.1241739680 0.1401401879 -0.9183786868 -0.2314325000 -0.7376094416 0.0619016134 0.0767438533
-0.7142686903 -0.6555940597 -0.4318593383 0.0864290904 0.0397526448 -0.7866588427 -0.7244535997 0.0962171836 0.1396044793 -0.9249998908 -0.2230721961 -0.7506423546 0.0348744066 0.0494373097
-0.7257204909 -0.6701062895 -0.4543679133 0.0585350713 0.0376060780 -0.8003762292 -0.7367890161 0.0681927203 0.1391647580 -0.9313949378 -0.2147202232 -0.7633526664 0.0078244963 0.0220978501
-0.7369018645 -0.6843399286 -0.4766191807 0.0306003844 0.0355638243 -0.8136957350 -0.7488337933 0.0401203212 0.1388122458 -0.9375561636 -0.2063743485 -0.7757396279 -0.0192305130 -0.0052563300
-0.7478150010 -0.6982926628 -0.4985995776 0.0026444566 0.0336181563 -0.8266110868 -0.7605885081 0.0120197295 0.1385381647 -0.9434759040 -0.1980323395 -0.7878024901 -0.0462730168 -0.0326070348
-0.7584620901 -0.7119621778 -0.5202955411 -0.0253132849 0.0317613464 -0.8391160109 -0.7720537375 -0.0160893119 0.1383337365 -0.9491464948 -0.1896919633 -0.7995405039 -0.0732854105 -0.0599360686
-0.7688453216 -0.7253461593 -0.5416935084 -0.0532534131 0.0299856671 -0.8512042338 -0.7832300581 -0.0441870598 0.1381901830 -0.9545602716 -0.1813509874 -0.8109529204 -0.1002500897 -0.0872252359
-0.7789668852 -0.7384422931 -0.5627799166 -0.0811565009 0.0282833911 -0.8628694819 -0.7941180469 -0.0722537711 0.1380987261 -0.9597095704 -0.1730071790 -0.8220389904 -0.1271494498 -0.1144563408
-0.7888289707 -0.7512482648 -0.5835412029 -0.1090031213 0.0266467907 -0.8741054818 -0.8047182808 -0.1002697028 0.1380505876 -0.9645867268 -0.1646583054 -0.8327979648 -0.1539658862 -0.1416111877
