-0.8978431781 -0.8282774497 -0.8091848718 -0.8827722434 -0.8708516937 -0.8259760075 -0.8123110813 -0.8838186528 -0.8381690239 -0.8010362683 0.7994631023 -0.8380700138 -0.8938090609 -0.8901382562
-0.8932990002 -0.8212975913 -0.8017119450 -0.8780517358 -0.8650136307 -0.8188438052 -0.8047606030 -0.8790985284 -0.8309031399 -0.7940854095 0.7917455708 -0.8313355355 -0.8894562854 -0.8856840172
-0.8886747769 -0.8141936612 -0.7941110587 -0.8732615097 -0.8590596769 -0.8115822330 -0.7970679230 -0.8743073784 -0.8234845620 -0.7870097647 0.7838896592 -0.8244783167 -0.8850397519 -0.8811651982
-0.8839717477 -0.8069665483 -0.7863831064 -0.8684029856 -0.8529906960 -0.8041921193 -0.7892334298 -0.8694466033 -0.8159137316 -0.7798090633 0.7758957761 -0.8174992349 -0.8805609238 -0.8765832632
-0.8791911524 -0.7996171415 -0.7785289816 -0.8634775844 -0.8468075516 -0.7966742923 -0.7812575116 -0.8645176041 -0.8081910902 -0.7724830348 0.7677643296 -0.8103991672 -0.8760212641 -0.8719396762
-0.8743342305 -0.7921463297 -0.7705495778 -0.8584867266 -0.8405111075 -0.7890295802 -0.7731405569 -0.8595217812 -0.8003170791 -0.7650314089 0.7594957282 -0.8031789910 -0.8714222360 -0.8672359012
-0.8694022217 -0.7845550019 -0.7624457887 -0.8534318330 -0.8341022273 -0.7812588115 -0.7648829540 -0.8544605356 -0.7922921398 -0.7574539149 0.7510903801 -0.7958395836 -0.8667653027 -0.8624734022
-0.8643963655 -0.7768440470 -0.7542185076 -0.8483143242 -0.8275817746 -0.7733628143 -0.7564850912 -0.8493352679 -0.7841167137 -0.7497502825 0.7425486936 -0.7883818222 -0.8620519273 -0.8576536431
-0.8593179017 -0.7690143541 -0.7458686282 -0.8431356210 -0.8209506132 -0.7653424170 -0.7479473569 -0.8441473788 -0.7757912423 -0.7419202411 0.7338710772 -0.7808065842 -0.8572835730 -0.8527780880
-0.8541680699 -0.7610668119 -0.7373970439 -0.8378971440 -0.8142096068 -0.7571984478 -0.7392701395 -0.8388982690 -0.7673161670 -0.7339635203 0.7250579390 -0.7731147468 -0.8524617030 -0.8478482008
-0.8489481096 -0.7530023094 -0.7288046484 -0.8326003139 -0.8073596190 -0.7489317350 -0.7304538273 -0.8335893393 -0.7586919293 -0.7258798496 0.7161096875 -0.7653071874 -0.8475877804 -0.8428654456
-0.8436592605 -0.7448217357 -0.7200923351 -0.8272465513 -0.8004015136 -0.7405431069 -0.7214988086 -0.8282219904 -0.7499189705 -0.7176689586 0.7070267309 -0.7573847832 -0.8426632685 -0.8378312864
-0.8383027622 -0.7365259796 -0.7112609976 -0.8218372770 -0.7933361542 -0.7320333919 -0.7124054719 -0.8227976229 -0.7409977321 -0.7093305767 0.6978094776 -0.7493484115 -0.8376896303 -0.8327471871
-0.8328798545 -0.7281159300 -0.7023115294 -0.8163739117 -0.7861644045 -0.7234034181 -0.7031742055 -0.8173176377 -0.7319286555 -0.7008644334 0.6884583359 -0.7411989497 -0.8326683291 -0.8276146117
-0.8273917768 -0.7195924760 -0.6932448241 -0.8108578759 -0.7788871281 -0.7146540138 -0.6938053977 -0.8117834354 -0.7227121821 -0.6922702584 0.6789737141 -0.7329372750 -0.8276008280 -0.8224350243
