0.0363289712 0.0426224597 0.0626974516 0.0475399082 -0.0655322433 -0.0020951299 0.1415340798 0.0490316354 -0.1916213834 -0.0701125619 0.0721538918 0.0445789882 0.0403078135 0.0425966473
0.0255331936 0.0329841066 0.0538205117 0.0364056301 -0.0751016565 -0.0119734238 0.1352523884 0.0378804867 -0.1993348106 -0.0759004066 0.0825870280 0.0348887955 0.0291474027 0.0313983322
0.0143653103 0.0229299489 0.0444875263 0.0249026126 -0.0850111954 -0.0222271498 0.1285419845 0.0263600935 -0.2073602104 -0.0820718455 0.0933262911 0.0247831410 0.0176243532 0.0198370098
0.0028215363 0.0124555709 0.0346935333 0.0130271475 -0.0952644194 -0.0328602353 0.1213980151 0.0144667436 -0.2157010318 -0.0886313209 0.1043747542 0.0142576185 0.0057350293 0.0079090446
-0.0091019138 0.0015565567 0.0244335709 0.0007755264 -0.1058648880 -0.0438766078 0.1138156271 0.0021967247 -0.2243607233 -0.0955832752 0.1157354903 0.0033078223 -0.0065242047 -0.0043891990
-0.0214088253 -0.0097715094 0.0137026773 -0.0118559592 -0.1168161605 -0.0552801949 0.1057899675 -0.0104536753 -0.2333427340 -0.1029321505 0.1274115723 -0.0080706539 -0.0191569847 -0.0170613566
-0.0341029833 -0.0215330433 0.0024958905 -0.0248710175 -0.1281217965 -0.0670749240 0.0973161830 -0.0234881686 -0.2426505126 -0.1106823892 0.1394060734 -0.0198822160 -0.0321669462 -0.0301110640
-0.0471881732 -0.0337324609 -0.0091917514 -0.0382733570 -0.1397853552 -0.0792647227 0.0883894208 -0.0369104675 -0.2522875078 -0.1188384336 0.1517220664 -0.0321312700 -0.0455577250 -0.0435419566
-0.0606681803 -0.0463741779 -0.0213652102 -0.0520666859 -0.1518103961 -0.0918535185 0.0790048277 -0.0507242842 -0.2622571686 -0.1274047260 0.1643626244 -0.0448222219 -0.0593329569 -0.0573576702
-0.0745467898 -0.0594626101 -0.0340294478 -0.0662547127 -0.1642004787 -0.1048452388 0.0691575506 -0.0649333308 -0.2725629437 -0.1363857087 0.1773308204 -0.0579594778 -0.0734962776 -0.0715618404
-0.0888277869 -0.0730021734 -0.0471894261 -0.0808411456 -0.1769591623 -0.1182438113 0.0588427365 -0.0795413197 -0.2832082819 -0.1457858241 0.1906297275 -0.0715474436 -0.0880513227 -0.0861581027
-0.1035149570 -0.0869972836 -0.0608501069 -0.0958296932 -0.1900900064 -0.1320531633 0.0480555324 -0.0945519630 -0.2941966320 -0.1556095143 0.2042624186 -0.0855905254 -0.1030017280 -0.1011500928
-0.1186120852 -0.1014523565 -0.0750164523 -0.1112240636 -0.2035965703 -0.1462772224 0.0367910851 -0.1099689729 -0.3055314429 -0.1658612218 0.2182319668 -0.1000931292 -0.1183511293 -0.1165414464
-0.1341229570 -0.1163718079 -0.0896934240 -0.1270279654 -0.2174824136 -0.1609199162 0.0250445415 -0.1257960617 -0.3172161633 -0.1765453887 0.2325414450 -0.1150596611 -0.1341031623 -0.1323357991
-0.1500513575 -0.1317600537 -0.1048859839 -0.1432451068 -0.2317510955 -0.1759851721 0.0128110486 -0.1420369415 -0.3292542421 -0.1876664575 0.2471939263 -0.1304945269 -0.1502614626 -0.1485367864
