0.2578229515 -0.0995253970 -0.0458176680 0.8922603005 -0.2674399245 0.0037701182 -0.3130764623 0.8897444388 -0.4426392195 -0.3131686603 -0.0284595053 -0.0792871200 0.8967639876 0.8888589191
0.2538147175 -0.1024913816 -0.0495557350 0.8792304074 -0.2700019754 0.0000307973 -0.3150785969 0.8765455066 -0.4446443397 -0.3169052509 -0.0207936240 -0.0822036096 0.8839177723 0.8754839792
0.2494997792 -0.1056442014 -0.0535050399 0.8655890518 -0.2726954264 -0.0039349072 -0.3171923939 0.8627345109 -0.4467216144 -0.3207714760 -0.0128530745 -0.0853125967 0.8704434338 0.8614795823
0.2448911520 -0.1089730612 -0.0576539978 0.8513577774 -0.2755104625 -0.0081152087 -0.3194086381 0.8483331268 -0.4488623511 -0.3247568351 -0.0046526543 -0.0886032412 0.8563616817 0.8468668704
0.2400018514 -0.1124671663 -0.0619910238 0.8365581280 -0.2784372685 -0.0124983205 -0.3217181144 0.8333630291 -0.4510578573 -0.3288508276 0.0037928393 -0.0920647027 0.8416932254 0.8316669853
0.2348448927 -0.1161157217 -0.0665045331 0.8212116473 -0.2814660293 -0.0170724558 -0.3241116075 0.8178458928 -0.4532994407 -0.3330429531 0.0124686088 -0.0956861412 0.8264587744 0.8159010690
0.2294332915 -0.1199079325 -0.0711829409 0.8053398790 -0.2845869298 -0.0218258279 -0.3265799023 0.8018033928 -0.4555784089 -0.3373227110 0.0213598566 -0.0994567162 0.8106790382 0.7995902634
0.2237800630 -0.1238330037 -0.0760146621 0.7889643669 -0.2877901548 -0.0267466502 -0.3291137837 0.7852572040 -0.4578860694 -0.3416796008 0.0304517854 -0.1033655877 0.7943747262 0.7827557104
0.2178982227 -0.1278801406 -0.0809881121 0.7721066547 -0.2910658893 -0.0318231359 -0.3317040365 0.7682290013 -0.4602137298 -0.3461031219 0.0397295977 -0.1074019154 0.7775665480 0.7654185519
0.2118007860 -0.1320385481 -0.0860917060 0.7547882862 -0.2944043181 -0.0370434984 -0.3343414455 0.7507404596 -0.4625526978 -0.3505827739 0.0491784960 -0.1115548591 0.7602752130 0.7475999299
0.2055007684 -0.1362974314 -0.0913138588 0.7370308050 -0.2977956260 -0.0423959508 -0.3370167956 0.7328132539 -0.4648942808 -0.3551080563 0.0587836828 -0.1158135786 0.7425214306 0.7293209862
0.1990111852 -0.1406459955 -0.0966429857 0.7188557550 -0.3012299979 -0.0478687066 -0.3397208716 0.7144690591 -0.4672297866 -0.3596684685 0.0685303608 -0.1201672336 0.7243259104 0.7106028629
0.1923450518 -0.1450734456 -0.1020675019 0.7002846799 -0.3046976188 -0.0534499790 -0.3424444584 0.6957295501 -0.4695505226 -0.3642535100 0.0784037323 -0.1246049839 0.7057093619 0.6914667017
0.1855153838 -0.1495689867 -0.1075758225 0.6813391234 -0.3081886734 -0.0591279812 -0.3451783408 0.6766164019 -0.4718477965 -0.3688526803 0.0883890001 -0.1291159894 0.6866924944 0.6719336447
0.1785351964 -0.1541218239 -0.1131563627 0.6620406292 -0.3116933467 -0.0648909267 -0.3479133036 0.6571512892 -0.4741129159 -0.3734554788 0.0984713666 -0.1336894097 0.6672960175 0.6520248337
