0.7593948643 0.9734840485 0.9985850951 0.8216754759 0.2659918539 0.7350023383 0.9826526231 0.8224865699 0.1143379075 0.5655077540 -0.0611474357 0.9856419522 0.8194048208 0.8218201032
0.7528075057 0.9667288222 0.9995871785 0.8122298525 0.2470982781 0.7253985598 0.9772109956 0.8131261958 0.0913025823 0.5490576229 -0.0385163070 0.9806813516 0.8088612321 0.8119374998
0.7454638231 0.9591726612 1.0000000000 0.8019446298 0.2272607438 0.7149707212 0.9709971908 0.8029280980 0.0672742147 0.5316558907 -0.0149831915 0.9749595646 0.7974520745 0.8012047289
0.7373535703 0.9508048931 0.9998150878 0.7908087985 0.2064676773 0.7037080015 0.9640007689 0.7918812828 0.0422409991 0.5132907339 0.0094624848 0.9684662457 0.7851661150 0.7896106892
0.7284665013 0.9416148451 0.9990239701 0.7788113493 0.1847075046 0.6915995797 0.9562112901 0.7799747566 0.0161911296 0.4939503288 0.0348312961 0.9611910490 0.7719921205 0.7771442799
0.7187923700 0.9315918449 0.9976181751 0.7659412729 0.1619686521 0.6786346350 0.9476183146 0.7671975259 -0.0108871995 0.4736228516 0.0611338167 0.9531236290 0.7579188577 0.7637943998
0.7083209303 0.9207252197 0.9955892312 0.7521875598 0.1382395459 0.6648023464 0.9382114024 0.7535385971 -0.0390057939 0.4522964788 0.0883806208 0.9442536400 0.7429350937 0.7495499478
0.6970419362 0.9090042971 0.9929286665 0.7375392007 0.1135086123 0.6500918929 0.9279801137 0.7389869766 -0.0681764596 0.4299593867 0.1165822825 0.9345707362 0.7270295953 0.7343998229
0.6849451416 0.8964184044 0.9896280093 0.7219851863 0.0877642774 0.6344924537 0.9169140087 0.7235316708 -0.0984110021 0.4065997516 0.1457493761 0.9240645721 0.7101911293 0.7183329241
0.6720203004 0.8829568691 0.9856787878 0.7055145073 0.0609949674 0.6179932077 0.9050026476 0.7071616862 -0.1297212274 0.3822057499 0.1758924757 0.9127248020 0.6924084626 0.7013381502
0.6582571666 0.8686090187 0.9810725303 0.6881161543 0.0331891086 0.6005833340 0.8922355904 0.6898660291 -0.1621189412 0.3567655580 0.2070221555 0.9005410802 0.6736703621 0.6834044001
0.6436454940 0.8533641806 0.9758007649 0.6697791180 0.0043351271 0.5822520117 0.8786023974 0.6716337060 -0.1956159493 0.3302673521 0.2391489898 0.8875030610 0.6539655947 0.6645205729
0.6281750366 0.8372116821 0.9698550199 0.6504923889 -0.0255785509 0.5629884198 0.8640926288 0.6524537234 -0.2302240574 0.3026993086 0.2722835527 0.8736003988 0.6332829272 0.6446755675
0.6118355483 0.8201408508 0.9632268236 0.6302449578 -0.0565634991 0.5427817375 0.8486958445 0.6323150875 -0.2659550713 0.2740496039 0.3064364184 0.8588227479 0.6116111266 0.6238582827
0.5946167830 0.8021410141 0.9559077041 0.6090258154 -0.0886312914 0.5216211437 0.8324016049 0.6112068050 -0.3028207969 0.2443064143 0.3416181612 0.8431597626 0.5889389596 0.6020576175
