0.9477714820 0.8668683935 0.1629569699 0.2368318955 0.9973832643 0.4191938041 0.4489995923 0.2447220028 0.9893856648 -0.3624270993 -0.9976000836 0.7836710090 0.2918892943 0.2631709663
0.9466683053 0.8738562456 0.1749578847 0.2371677207 0.9983589467 0.4240403861 0.4543023014 0.2450668775 0.9912298023 -0.3603311745 -0.9984265849 0.7925425064 0.2909388299 0.2627208769
0.9454977150 0.8806615859 0.1869321541 0.2375293166 0.9991069091 0.4288047782 0.4595212595 0.2454366024 0.9928912184 -0.3582346687 -0.9990797944 0.8012472783 0.2900015840 0.2622897788
0.9442582577 0.8872839168 0.1988782796 0.2379141877 0.9996287039 0.4334882742 0.4646576323 0.2458286852 0.9943722071 -0.3561359941 -0.9995597449 0.8097840599 0.2890755321 0.2618754583
0.9429484801 0.8937227408 0.2107947627 0.2383198385 0.9999258834 0.4380921678 0.4697125858 0.2462406336 0.9956750623 -0.3540335630 -0.9998664691 0.8181515865 0.2881586499 0.2614757020
0.9415669288 0.8999775602 0.2226801049 0.2387437734 1.0000000000 0.4426177528 0.4746872858 0.2466699553 0.9968020780 -0.3519257876 -1.0000000000 0.8263485934 0.2872489128 0.2610882965
0.9401121506 0.9060478776 0.2345328077 0.2391834967 0.9998526059 0.4470663231 0.4795828982 0.2471141580 0.9977555480 -0.3498110800 -0.9999603702 0.8343738158 0.2863442966 0.2607110282
0.9385826920 0.9119331954 0.2463513726 0.2396365130 0.9994852535 0.4514391725 0.4844005889 0.2475707493 0.9985377662 -0.3476878524 -0.9997476126 0.8422259889 0.2854427767 0.2603416836
0.9369770998 0.9176330159 0.2581343011 0.2401003267 0.9988994951 0.4557375948 0.4891415237 0.2480372370 0.9991510266 -0.3455545170 -0.9993617600 0.8499038479 0.2845423287 0.2599780492
0.9352939206 0.9231468418 0.2698800947 0.2405724423 0.9980968830 0.4599628837 0.4938068686 0.2485111287 0.9995976231 -0.3434094860 -0.9988028451 0.8574061282 0.2836409282 0.2596179117
0.9335317011 0.9284741753 0.2815872550 0.2410503641 0.9970789695 0.4641163332 0.4983977893 0.2489899322 0.9998798496 -0.3412511717 -0.9980709008 0.8647315650 0.2827365509 0.2592590574
0.9316889879 0.9336145189 0.2932542835 0.2415315966 0.9958473070 0.4681992369 0.5029154518 0.2494711552 1.0000000000 -0.3390779861 -0.9971659598 0.8718788934 0.2818271722 0.2588992728
0.9297643277 0.9385673751 0.3048796816 0.2420136443 0.9944034477 0.4722128887 0.5073610220 0.2499523053 0.9999603682 -0.3368883415 -0.9960880550 0.8788468488 0.2809107677 0.2585363446
0.9277562672 0.9433322463 0.3164619508 0.2424940115 0.9927489441 0.4761585824 0.5117356656 0.2504308901 0.9997632482 -0.3346806501 -0.9948372191 0.8856341664 0.2799853130 0.2581680591
0.9256633530 0.9479086350 0.3279995927 0.2429702028 0.9908853483 0.4800376119 0.5160405487 0.2509044175 0.9994109338 -0.3324533241 -0.9934134849 0.8922395814 0.2790487837 0.2577922029
