-0.8787252541 -0.2512474130 -0.2721714816 -0.9031619568 -0.6615462425 -0.1984984250 -0.0789913303 -0.8990636949 -0.4648293933 0.0775663456 -0.0073159085 -0.2232630985 -0.9616202868 -0.9625850973
-0.8717794825 -0.2328709903 -0.2529999885 -0.8959564331 -0.6555097324 -0.1797644613 -0.0612938776 -0.8916805618 -0.4589031580 0.0934911399 -0.0242336013 -0.2043300600 -0.9572751100 -0.9582816905
-0.8646250227 -0.2142398139 -0.2335390679 -0.8884734707 -0.6494252383 -0.1607815212 -0.0434032322 -0.8840174455 -0.4529687476 0.1095503917 -0.0413062456 -0.1851356832 -0.9526850905 -0.9537322420
-0.8572606722 -0.1953527846 -0.2137872475 -0.8807111671 -0.6432929042 -0.1415485396 -0.0253187240 -0.8760724288 -0.4470266204 0.1257444695 -0.0585341796 -0.1656788296 -0.9478484677 -0.9489349741
-0.8496852287 -0.1762088031 -0.1937430549 -0.8726676201 -0.6371128738 -0.1220644513 -0.0070396828 -0.8678435944 -0.4410772348 0.1420737421 -0.0759177416 -0.1459583612 -0.9427634812 -0.9438881089
-0.8418974897 -0.1568067703 -0.1734050177 -0.8643409273 -0.6308852912 -0.1023281912 0.0114345618 -0.8593290250 -0.4351210493 0.1585385779 -0.0934572697 -0.1259731395 -0.9374283704 -0.9385898685
-0.8338962527 -0.1371455869 -0.1527716637 -0.8557291864 -0.6246103001 -0.0823386941 0.0301046800 -0.8505268033 -0.4291585222 0.1751393457 -0.1111531021 -0.1057220264 -0.9318413747 -0.9330384753
-0.8256803153 -0.1172241537 -0.1318415206 -0.8468304950 -0.6182880446 -0.0620948949 0.0489713420 -0.8414350122 -0.4231901118 0.1918764141 -0.1290055770 -0.0852038835 -0.9260007338 -0.9272321513
-0.8172484752 -0.0970413714 -0.1106131158 -0.8376429508 -0.6119186684 -0.0415957284 0.0680352179 -0.8320517342 -0.4172162766 0.2087501515 -0.1470150327 -0.0644175726 -0.9199046871 -0.9211691188
-0.8085995298 -0.0765961409 -0.0890849772 -0.8281646515 -0.6055023155 -0.0208401295 0.0872969781 -0.8223750522 -0.4112374750 0.2257609267 -0.1651818073 -0.0433619554 -0.9135514741 -0.9148475999
-0.7997322768 -0.0558873629 -0.0672556324 -0.8183936946 -0.5990391299 0.0001729669 0.1067572928 -0.8124030489 -0.4052541653 0.2429091083 -0.1835062390 -0.0220358937 -0.9069393342 -0.9082658169
-0.7906455137 -0.0349139382 -0.0451236090 -0.8083281779 -0.5925292553 0.0214446261 0.1264168322 -0.8021338070 -0.3992668059 0.2601950649 -0.2019886660 -0.0004382491 -0.9000665071 -0.9014219919
-0.7813380381 -0.0136747676 -0.0226874347 -0.7979661990 -0.5859728357 0.0429759131 0.1462762665 -0.7915654092 -0.3932758552 0.2776191650 -0.2206294266 0.0214321167 -0.8929312320 -0.8943143471
-0.7718086475 0.0078312482 0.0000543628 -0.7873058556 -0.5793700150 0.0647678932 0.1663362660 -0.7806959383 -0.3872817716 0.2951817774 -0.2394288589 0.0435763417 -0.8855317487 -0.8869411047
-0.7620561395 0.0296052084 0.0231032559 -0.7763452453 -0.5727209370 0.0868216314 0.1865975009 -0.7695234770 -0.3812850134 0.3128832706 -0.2583873011 0.0659955645 -0.8778662964 -0.8793004869
