-0.9728254110 -0.9797039427 -0.9702644782 -0.8725119400 -0.9897741741 -0.9841358153 -0.9994852622 -0.8710083682 -0.5228030124 -0.9824543900 0.9998892808 -0.9826188375 -0.8743658992 -0.8703752703
-0.9751258828 -0.9818023804 -0.9725767573 -0.8770545204 -0.9880032359 -0.9859749717 -0.9997237816 -0.8755748594 -0.5133302622 -0.9818779466 0.9997662396 -0.9845565704 -0.8788481900 -0.8749145008
-0.9773191406 -0.9837828368 -0.9747924366 -0.8815081468 -0.9860971098 -0.9876978310 -0.9998888857 -0.8800525705 -0.5038009646 -0.9812846842 0.9995981208 -0.9863763718 -0.8832419893 -0.8793658181
-0.9794059526 -0.9856459317 -0.9769119050 -0.8858731774 -0.9840571165 -0.9893050035 -0.9999808625 -0.8844418542 -0.4942162684 -0.9806743900 0.9993849569 -0.9880789102 -0.8875476840 -0.8837295983
-0.9813870866 -0.9873922848 -0.9789355515 -0.8901499708 -0.9818845769 -0.9907970993 -1.0000000000 -0.8887430635 -0.4845773225 -0.9800468514 0.9991267803 -0.9896648541 -0.8917656610 -0.8880062177
-0.9832633105 -0.9890225158 -0.9808637649 -0.8943388853 -0.9795808117 -0.9921747286 -0.9999465864 -0.8929565512 -0.4748852757 -0.9794018557 0.9988236235 -0.9911348719 -0.8958963071 -0.8921960524
-0.9850353923 -0.9905372446 -0.9826969343 -0.8984402794 -0.9771471418 -0.9934385017 -0.9998209097 -0.8970826702 -0.4651412769 -0.9787391904 0.9984755191 -0.9924896322 -0.8999400092 -0.8962994787
-0.9867040999 -0.9919370909 -0.9844354484 -0.9024545115 -0.9745848880 -0.9945890286 -0.9996232580 -0.9011217734 -0.4553464749 -0.9780586427 0.9980824996 -0.9937298035 -0.9038971543 -0.9003168727
-0.9882702013 -0.9932226744 -0.9860796963 -0.9063819400 -0.9718953710 -0.9956269196 -0.9993539193 -0.9050742136 -0.4455020187 -0.9773599999 0.9976445974 -0.9948560542 -0.9077681292 -0.9042486106
-0.9897344643 -0.9943946149 -0.9876300669 -0.9102229234 -0.9690799117 -0.9965527848 -0.9990131819 -0.9089403438 -0.4356090570 -0.9766430496 0.9971618452 -0.9958690528 -0.9115533208 -0.9080950686
-0.9910976569 -0.9954535321 -0.9890869490 -0.9139778200 -0.9661398309 -0.9973672344 -0.9986013336 -0.9127205167 -0.4256687388 -0.9759075789 0.9966342753 -0.9967694679 -0.9152531160 -0.9118566230
-0.9923605470 -0.9964000459 -0.9904507317 -0.9176469884 -0.9630764494 -0.9980708786 -0.9981186627 -0.9164150853 -0.4156822128 -0.9751533753 0.9960619202 -0.9975579679 -0.9188679016 -0.9155336498
-0.9935239026 -0.9972347759 -0.9917218038 -0.9212307868 -0.9598910879 -0.9986643276 -0.9975654572 -0.9200244024 -0.4056506279 -0.9743802261 0.9954448126 -0.9982352214 -0.9223980646 -0.9191265254
-0.9945884915 -0.9979583418 -0.9929005543 -0.9247295738 -0.9565850673 -0.9991481915 -0.9969420051 -0.9235488210 -0.3955751330 -0.9735879186 0.9947829849 -0.9988018968 -0.9258439917 -0.9226356258
-0.9955550817 -0.9985713636 -0.9939873720 -0.9281437078 -0.9531597085 -0.9995230805 -0.9962485946 -0.9269886938 -0.3854568770 -0.9727762403 0.9940764696 -0.9992586626 -0.9292060700 -0.9260613273
