0.4543221433 0.7993020560 0.9390963802 0.6306044487 -0.0693552658 0.8304057762 0.8321993663 0.6332988071 -0.2601443814 0.9625981057 -0.6039652586 0.7628459185 0.5662230314 0.6020022853
0.4320670617 0.7872883792 0.9331359155 0.6141810014 -0.1010817339 0.8193723749 0.8208754240 0.6169069069 -0.2855755916 0.9661798091 -0.5844324701 0.7495370953 0.5480796214 0.5849086574
0.4093078136 0.7748919891 0.9268801402 0.5973582969 -0.1333928239 0.8079598129 0.8091483885 0.6001144909 -0.3114541298 0.9695912377 -0.5643725787 0.7358279779 0.5295183962 0.5674122782
0.3860410590 0.7621101484 0.9203268373 0.5801337548 -0.1662924164 0.7961653095 0.7970152070 0.5829189625 -0.3377829824 0.9728307424 -0.5437817356 0.7217157288 0.5105366921 0.5495105766
0.3622634582 0.7489401197 0.9134737900 0.5625047949 -0.1997843917 0.7839860837 0.7844728267 0.5653177249 -0.3645651355 0.9758966742 -0.5226560921 0.7071975100 0.4911318456 0.5312009812
0.3379716713 0.7353791656 0.9063187814 0.5444688367 -0.2338726300 0.7714193546 0.7715181949 0.5473081813 -0.3918035752 0.9787873838 -0.5009917994 0.6922704839 0.4713011929 0.5124809210
0.3131623584 0.7214245487 0.8988595947 0.5260232997 -0.2685610117 0.7584623413 0.7581482589 0.5288877351 -0.4195012877 0.9815012223 -0.4787850089 0.6769318128 0.4510420704 0.4933478246
0.2878321798 0.7070735317 0.8910940129 0.5071656037 -0.3038534172 0.7451122628 0.7443599658 0.5100537893 -0.4476612593 0.9840365405 -0.4560318717 0.6611786589 0.4303518145 0.4737991208
0.2619777955 0.6923233771 0.8830198191 0.4878931682 -0.3397537268 0.7313663383 0.7301502630 0.4908037473 -0.4762864759 0.9863916894 -0.4327285391 0.6450081846 0.4092277616 0.4538322383
0.2355958657 0.6771713476 0.8746347964 0.4682034128 -0.3762658209 0.7172217868 0.7155160976 0.4711350124 -0.5053799240 0.9885650199 -0.4088711624 0.6284175519 0.3876672479 0.4334446061
0.2086830506 0.6616147057 0.8659367280 0.4480937572 -0.4133935798 0.7026758275 0.7004544169 0.4510449876 -0.5349445895 0.9905548829 -0.3844558928 0.6114039234 0.3656676099 0.4126336528
0.1812360102 0.6456507142 0.8569233970 0.4275616209 -0.4511408838 0.6877256795 0.6849621681 0.4305310764 -0.5649834587 0.9923596292 -0.3594788816 0.5939644611 0.3432261839 0.3913968072
0.1532514049 0.6292766356 0.8475925864 0.4066044236 -0.4895116133 0.6723685617 0.6690362985 0.4095906820 -0.5954995177 0.9939776099 -0.3339362800 0.5760963275 0.3203403063 0.3697314980
0.1247258947 0.6124897325 0.8379420794 0.3852195849 -0.5285096486 0.6566016933 0.6526737553 0.3882212075 -0.6264957527 0.9954071758 -0.3078242394 0.5577966847 0.2970073134 0.3476351541
0.0956561397 0.5952872675 0.8279696592 0.3634045244 -0.5681388701 0.6404222935 0.6358714858 0.3664200562 -0.6579751500 0.9966466778 -0.2811389108 0.5390626951 0.2732245415 0.3251052042
