-0.2953412073 -0.9215711930 -1.0000000000 0.2056054228 -0.8315488136 -0.9441822506 -0.9778039636 0.2128578310 -0.8978274534 -0.7073467297 0.8033457407 -0.9390609383 0.2480486910 0.2496785001
-0.2999279626 -0.9304499924 -0.9997677634 0.2072823275 -0.8450294390 -0.9514475917 -0.9818965318 0.2145179626 -0.9076297930 -0.7076013316 0.8066256290 -0.9465894744 0.2498365633 0.2517300509
-0.3045418397 -0.9388409849 -0.9991976241 0.2087660222 -0.8580432793 -0.9582446054 -0.9855979773 0.2159834767 -0.9170108910 -0.7075677801 0.8095686025 -0.9536571569 0.2514210482 0.2535754164
-0.3091850454 -0.9467350719 -0.9982870283 0.2100498412 -0.8705770614 -0.9645642829 -0.9888988908 0.2172476994 -0.9259583227 -0.7072389852 0.8121657579 -0.9602560753 0.2527953226 0.2552076312
-0.3138597866 -0.9541231550 -0.9970334224 0.2111271186 -0.8826175124 -0.9703976152 -0.9917898628 0.2183039568 -0.9344596632 -0.7066078568 0.8144081925 -0.9663783187 0.2539525631 0.2566197298
-0.3185682698 -0.9609961358 -0.9954342524 0.2119911886 -0.8941513592 -0.9757355935 -0.9942614841 0.2191455750 -0.9425024879 -0.7056673049 0.8162870030 -0.9720159767 0.2548859468 0.2578047467
-0.3233127019 -0.9673449156 -0.9934869647 0.2126353854 -0.9051653287 -0.9805692088 -0.9963043451 0.2197658800 -0.9500743720 -0.7044102395 0.8177932866 -0.9771611384 0.2555886503 0.2587557164
-0.3280952896 -0.9731603961 -0.9911890055 0.2130530431 -0.9156461478 -0.9848894523 -0.9979090366 0.2201581979 -0.9571628907 -0.7028295707 0.8189181403 -0.9818058931 0.2560538506 0.2594656736
-0.3329182396 -0.9784334788 -0.9885378209 0.2132374960 -0.9255805436 -0.9886873152 -0.9990661492 0.2203158547 -0.9637556192 -0.7009182083 0.8196526610 -0.9859423303 0.2562747244 0.2599276526
-0.3377837586 -0.9831550652 -0.9855308572 0.2131820782 -0.9349552429 -0.9919537884 -0.9997662734 0.2202321766 -0.9698401328 -0.6986690625 0.8199879457 -0.9895625391 0.2562444486 0.2601346882
-0.3426940535 -0.9873160567 -0.9821655607 0.2128801239 -0.9437569728 -0.9946798632 -1.0000000000 0.2199004895 -0.9754040067 -0.6960750431 0.8199150914 -0.9926586090 0.2559562000 0.2600798148
-0.3476513308 -0.9909073549 -0.9784393775 0.2123249673 -0.9519724601 -0.9968565306 -0.9997579195 0.2193141195 -0.9804348162 -0.6931290602 0.8194251951 -0.9952226293 0.2554031554 0.2597560669
-0.3526577975 -0.9939198614 -0.9743497539 0.2115099426 -0.9595884319 -0.9984747818 -0.9990306225 0.2184663928 -0.9849201364 -0.6898240238 0.8185093538 -0.9972466892 0.2545784917 0.2591564791
-0.3577156602 -0.9963444777 -0.9698941360 0.2104283839 -0.9665916150 -0.9995256079 -0.9978086997 0.2173506352 -0.9888475427 -0.6861528439 0.8171586645 -0.9987228780 0.2534753857 0.2582740859
-0.3628271256 -0.9981721052 -0.9650699702 0.2090736255 -0.9729687364 -1.0000000000 -0.9960827417 0.2159601731 -0.9922046102 -0.6821084304 0.8153642242 -0.9996432852 0.2520870142 0.2571019218
