0.9385157475 0.4245443158 0.3750285149 0.9945412493 0.8098217803 0.3969641159 0.2779510426 0.9941349949 0.7411301935 -0.1205280766 -0.4599368356 0.4300385284 0.9989255486 0.9988831679
0.9294865006 0.4157300880 0.3669478633 0.9917958952 0.7963075996 0.3878653321 0.2683029416 0.9912923209 0.7262999883 -0.1287752771 -0.4486327651 0.4206675091 0.9975934362 0.9975295860
0.9198985790 0.4064979704 0.3584442942 0.9885168508 0.7824176949 0.3783668306 0.2583139929 0.9879148837 0.7111546975 -0.1372562371 -0.4369738348 0.4108934831 0.9957427148 0.9956572290
0.9097631688 0.3968574772 0.3495273196 0.9847134042 0.7681610134 0.3684779000 0.2479927136 0.9840120240 0.6957025648 -0.1459641094 -0.4249689243 0.4007258119 0.9933818711 0.9932745985
0.8990914564 0.3868181227 0.3402064515 0.9803948435 0.7535465024 0.3582078288 0.2373476211 0.9795930823 0.6799518342 -0.1548920469 -0.4126269135 0.3901738571 0.9905193918 0.9903901962
0.8878946282 0.3763894211 0.3304912019 0.9755704568 0.7385831093 0.3475659054 0.2263872326 0.9746673991 0.6639107496 -0.1640332025 -0.3999566822 0.3792469802 0.9871637635 0.9870125236
0.8761838705 0.3655808866 0.3203910829 0.9702495322 0.7232797812 0.3365614184 0.2151200655 0.9692443150 0.6475875549 -0.1733807290 -0.3869671102 0.3679545426 0.9833234728 0.9831500824
0.8639703696 0.3544020334 0.3099156064 0.9644413578 0.7076454656 0.3252036561 0.2035546371 0.9633331706 0.6309904940 -0.1829277792 -0.3736670772 0.3563059059 0.9790070064 0.9788113741
0.8512653119 0.3428623758 0.2990742845 0.9581552218 0.6916891097 0.3135019072 0.1916994646 0.9569433063 0.6141278107 -0.1926675060 -0.3600654631 0.3443104315 0.9742228510 0.9740049004
0.8380798837 0.3309714280 0.2878766291 0.9514004122 0.6754196608 0.3014654601 0.1795630653 0.9500840628 0.5970077491 -0.2025930622 -0.3461711476 0.3319774810 0.9689794931 0.9687391630
0.8244252712 0.3187387042 0.2763321522 0.9441862172 0.6588460662 0.2891036033 0.1671539565 0.9427647805 0.5796385529 -0.2126976007 -0.3319930107 0.3193164159 0.9632854196 0.9630226633
0.8103126609 0.3061737186 0.2644503660 0.9365219248 0.6419772732 0.2764256252 0.1544806555 0.9349948000 0.5620284662 -0.2229742744 -0.3175399319 0.3063365977 0.9571491169 0.9568639030
0.7957532391 0.2932859855 0.2522407823 0.9284168233 0.6248222290 0.2634408144 0.1415516797 0.9267834618 0.5441857328 -0.2334162360 -0.3028207912 0.2930473879 0.9505790717 0.9502713838
0.7807581922 0.2800850190 0.2397129131 0.9198802006 0.6073898811 0.2501584594 0.1283755461 0.9181401066 0.5261185965 -0.2440166385 -0.2878444683 0.2794581480 0.9435837708 0.9432536072
0.7653387063 0.2665803335 0.2268762706 0.9109213449 0.5896891766 0.2365878487 0.1149607723 0.9090740748 0.5078353013 -0.2547686347 -0.2726198431 0.2655782395 0.9361717007 0.9358190748
