0.5104507583 0.5371953877 0.5493989470 0.4821278003 0.4993793131 0.5083744756 0.5574017390 0.4819101276 0.4959550492 0.4937353582 -0.4547099115 0.5372591008 0.4726008460 0.4729343311
0.4809366221 0.5077091280 0.5198815555 0.4525522649 0.4699245086 0.4788633476 0.5279617390 0.4523349648 0.4665465151 0.4642279553 -0.4252829510 0.5077614384 0.4430278656 0.4433621513
0.4504048914 0.4771573651 0.4892765624 0.4220087112 0.4394703311 0.4483381736 0.4974185095 0.4217921438 0.4361437033 0.4337316560 -0.3949308934 0.4771982793 0.4125028680 0.4128373787
0.4188432129 0.4455269649 0.4575707836 0.3904859347 0.4080044546 0.4167866447 0.4657583168 0.3902704657 0.4047341703 0.4022345641 -0.3636428117 0.4455565493 0.3810149529 0.3813490982
0.3862392337 0.4128047932 0.4247510354 0.3579727311 0.3755145533 0.3841964523 0.4329674269 0.3577587316 0.3723054723 0.3697247831 -0.3314077786 0.4128231743 0.3485532202 0.3488863950
0.3525806004 0.3789777157 0.3908041338 0.3244578962 0.3419883012 0.3505552875 0.3990321060 0.3242457427 0.3388451659 0.3361904168 -0.2982148668 0.3789850803 0.3151067696 0.3154383538
0.3178549602 0.3440325984 0.3557168951 0.2899302254 0.3074133725 0.3158508416 0.3639386203 0.2897202999 0.3043408075 0.3016195687 -0.2640531491 0.3440291931 0.2806647011 0.2809940598
0.2820499597 0.3079563070 0.3194761353 0.2543785145 0.2717774411 0.2800708058 0.3276732358 0.2541712046 0.2687799534 0.2660003426 -0.2289116983 0.3079424386 0.2452161143 0.2455425978
0.2451532459 0.2707357074 0.2820686706 0.2177915592 0.2350681811 0.2432028712 0.2902222188 0.2175872578 0.2321501600 0.2293208420 -0.1927795871 0.2707117428 0.2087501092 0.2090730528
0.2071524657 0.2323576654 0.2434813171 0.1801581551 0.1972732668 0.2052347292 0.2515718353 0.1799572605 0.1944389838 0.1915691707 -0.1556458883 0.2323240315 0.1712557856 0.1715745098
0.1680352659 0.1928090469 0.2037008910 0.1414670978 0.1583803720 0.1661540709 0.2117083515 0.1412700141 0.1556339812 0.1527334323 -0.1174996747 0.1927662307 0.1327222432 0.1330360538
0.1277892934 0.1520767176 0.1627142083 0.1017071830 0.1183771710 0.1259485876 0.1706180336 0.1015143194 0.1157227086 0.1128017304 -0.0783300191 0.1520252663 0.0931385819 0.0934467697
0.0864021951 0.1101475434 0.1205080853 0.0608672064 0.0772513378 0.0846059704 0.1282871476 0.0606789778 0.0746927223 0.0717621687 -0.0381259941 0.1100880642 0.0524939015 0.0527957425
0.0438616179 0.0670083901 0.0770693381 0.0189359637 0.0349905465 0.0421139106 0.0847019598 0.0187527903 0.0325315788 0.0296028508 0.0031233274 0.0669415503 0.0107773018 0.0110720572
0.0001552086 0.0226461235 0.0323847828 -0.0240977496 -0.0084175289 -0.0015399006 0.0398487362 -0.0242754420 -0.0107731656 -0.0136881195 0.0454288727 0.0225726505 -0.0320221174 -0.0317352012
