-0.7727828249 -0.5102421594 -0.5105104481 -0.8463009688 -0.5209749044 -0.5087502139 -0.4157472615 -0.8462378359 -0.4484216421 -0.2878864614 0.3742875618 -0.5260899714 -0.7662637815 -0.7458858170
-0.7660713075 -0.4995631570 -0.4994345591 -0.8467303107 -0.5121613042 -0.4976883046 -0.4036506803 -0.8465149484 -0.4389126778 -0.2733770905 0.3688296204 -0.5156110444 -0.7713004926 -0.7499523803
-0.7593602684 -0.4889342171 -0.4883909371 -0.8471277404 -0.5034709940 -0.4866606628 -0.3916135531 -0.8467619171 -0.4295495618 -0.2589155950 0.3635151392 -0.5051786109 -0.7762704367 -0.7539679979
-0.7526546465 -0.4783618483 -0.4773858426 -0.8474957925 -0.4949114620 -0.4756735818 -0.3796427826 -0.8469813520 -0.4203402855 -0.2445090593 0.3583508575 -0.4947990835 -0.7811740933 -0.7579336842
-0.7459593812 -0.4678525591 -0.4664255362 -0.8478370017 -0.4864901965 -0.4647333552 -0.3677452714 -0.8471758633 -0.4112928408 -0.2301645677 0.3533435145 -0.4844788751 -0.7860119417 -0.7618504538
-0.7392794114 -0.4574128580 -0.4555162783 -0.8481539028 -0.4782146857 -0.4538462764 -0.3559279220 -0.8473480609 -0.4024152192 -0.2158892048 0.3484998495 -0.4742243984 -0.7907844614 -0.7657193212
-0.7326196764 -0.4470492534 -0.4446643297 -0.8484490304 -0.4700924179 -0.4430186389 -0.3441976370 -0.8475005550 -0.3937154124 -0.2016900548 0.3438266020 -0.4640420662 -0.7954921319 -0.7695413009
-0.7259851153 -0.4367682539 -0.4338759507 -0.8487249193 -0.4621308814 -0.4322567362 -0.3325613191 -0.8476359555 -0.3852014121 -0.1875742022 0.3393305110 -0.4539382912 -0.8001354326 -0.7733174076
-0.7193806672 -0.4265763678 -0.4231574020 -0.8489841042 -0.4543375645 -0.4215668616 -0.3210258708 -0.8477568725 -0.3768812099 -0.1735487313 0.3350183161 -0.4439194862 -0.8047148429 -0.7770486556
-0.7128112713 -0.4164801039 -0.4125149441 -0.8492291197 -0.4467199554 -0.4109553087 -0.3095981947 -0.8478659161 -0.3687627975 -0.1596207265 0.3308967564 -0.4339920639 -0.8092308423 -0.7807360596
-0.7062818667 -0.4064859704 -0.4019548375 -0.8494625006 -0.4392855424 -0.4004283709 -0.2982851935 -0.8479656964 -0.3608541666 -0.1457972722 0.3269725712 -0.4241624371 -0.8136839102 -0.7843806340
-0.6997973926 -0.3966004759 -0.3914833428 -0.8496867817 -0.4320418139 -0.3899923416 -0.2870937696 -0.8480588233 -0.3531633089 -0.1320854528 0.3232524999 -0.4144370185 -0.8180745260 -0.7879833935
-0.6933627880 -0.3868301289 -0.3811067206 -0.8499044975 -0.4249962579 -0.3796535144 -0.2760308258 -0.8481479070 -0.3456982159 -0.1184923527 0.3197432818 -0.4048222210 -0.8224031692 -0.7915453525
-0.6869829922 -0.3771814379 -0.3708312314 -0.8501181828 -0.4181563629 -0.3694181827 -0.2651032645 -0.8482355575 -0.3384668793 -0.1050250563 0.3164516561 -0.3953244571 -0.8266703193 -0.7950675255
-0.6806629442 -0.3676609114 -0.3606631357 -0.8503303723 -0.4115296171 -0.3592926399 -0.2543179885 -0.8483243848 -0.3314772909 -0.0916906479 0.3133843622 -0.3859501398 -0.8308764556 -0.7985509272
