-0.9094199160 -0.9999086986 -0.9989043314 -0.1945732096 -0.9995539785 -0.7696632979 -0.9995013615 -0.2057906574 -0.9976222184 -0.7517842037 0.6687375895 -0.9999696912 0.1929735431 0.2399371533
-0.9138690264 -1.0000000000 -0.9995170446 -0.2010786372 -0.9989851502 -0.7711903207 -0.9988557969 -0.2122144704 -0.9964259148 -0.7519568375 0.6696060756 -0.9996926817 0.1864820568 0.2332983893
-0.9181450732 -0.9998473224 -0.9998816438 -0.2075211602 -0.9981908798 -0.7725426974 -0.9979499336 -0.2185733070 -0.9949967427 -0.7519478029 0.6703088691 -0.9991721468 0.1800016040 0.2266633370
-0.9222502918 -0.9994536372 -1.0000000000 -0.2139015048 -0.9971749947 -0.7737234521 -0.9967866703 -0.2248679331 -0.9933386393 -0.7517605446 0.6708490904 -0.9984112622 0.1735319088 0.2200318235
-0.9261869177 -0.9988219157 -0.9998739839 -0.2202203972 -0.9959413222 -0.7747356089 -0.9953689056 -0.2310991148 -0.9914555420 -0.7513985071 0.6712298597 -0.9974132033 0.1670726950 0.2134036759
-0.9299571863 -0.9979551294 -0.9995054664 -0.2264785637 -0.9944936897 -0.7755821918 -0.9936995381 -0.2372676181 -0.9893513882 -0.7508651352 0.6714542975 -0.9961811457 0.1606236867 0.2067787211
-0.9335633329 -0.9968562496 -0.9988963182 -0.2326767306 -0.9928359244 -0.7762662248 -0.9917814665 -0.2433742089 -0.9870301152 -0.7501638735 0.6715255240 -0.9947182649 0.1541846077 0.2001567862
-0.9370075929 -0.9955282477 -0.9980484102 -0.2388156240 -0.9909718536 -0.7767907321 -0.9896175895 -0.2494196533 -0.9844956604 -0.7492981666 0.6714466595 -0.9930277363 0.1477551821 0.1935376984
-0.9402922017 -0.9939740951 -0.9969636131 -0.2448959702 -0.9889053046 -0.7771587377 -0.9872108058 -0.2554047173 -0.9817519610 -0.7482714592 0.6712208246 -0.9911127356 0.1413351337 0.1869212847
-0.9434193949 -0.9921967631 -0.9956437979 -0.2509184955 -0.9866401048 -0.7773732657 -0.9845640138 -0.2613301669 -0.9788029545 -0.7470871959 0.6708511393 -0.9889764382 0.1349241866 0.1803073722
-0.9463914076 -0.9901992233 -0.9940908353 -0.2568839260 -0.9841800815 -0.7774373401 -0.9816801124 -0.2671967681 -0.9756525781 -0.7457488213 0.6703407242 -0.9866220197 0.1285220646 0.1736957879
-0.9492104754 -0.9879844468 -0.9923065961 -0.2627929881 -0.9815290620 -0.7773539851 -0.9785620002 -0.2730052869 -0.9723047693 -0.7442597801 0.6696926995 -0.9840526556 0.1221284918 0.1670863589
-0.9518788337 -0.9855554052 -0.9902929511 -0.2686464079 -0.9786908735 -0.7771262246 -0.9752125758 -0.2787564893 -0.9687634654 -0.7426235169 0.6689101856 -0.9812715213 0.1157431920 0.1604789123
-0.9543987178 -0.9829150698 -0.9880517712 -0.2744449117 -0.9756693434 -0.7767570827 -0.9716347379 -0.2844511413 -0.9650326036 -0.7408434764 0.6679963028 -0.9782817924 0.1093658892 0.1538732751
-0.9567723632 -0.9800664120 -0.9855849271 -0.2801892257 -0.9724682990 -0.7762495836 -0.9678313851 -0.2900900090 -0.9611161215 -0.7389231031 0.6669541714 -0.9750866445 0.1029963074 0.1472692745
