0.9667459302 0.6854917536 0.6165031299 0.7995577936 0.9992886309 0.6467644810 0.4021925379 0.7997045589 0.1202724342 -0.1404697992 -0.3328656693 0.6807570728 0.8156094548 0.8039258821
0.9649693994 0.6870619347 0.6183449492 0.7984385495 0.9987722219 0.6488871797 0.4067573078 0.7985864914 0.1274721867 -0.1310571667 -0.3374722472 0.6825510144 0.8142420036 0.8025886177
0.9631683293 0.6886556902 0.6202240598 0.7973552545 0.9981157116 0.6510348935 0.4113725771 0.7975043164 0.1343424421 -0.1215285598 -0.3421467259 0.6843662622 0.8129102048 0.8012895762
0.9613444976 0.6902747237 0.6221422739 0.7963103890 0.9973188248 0.6532092163 0.4160396934 0.7964605133 0.1408757970 -0.1118829347 -0.3468906605 0.6862044399 0.8116165924 0.8000313168
0.9594996820 0.6919207389 0.6241014037 0.7953064333 0.9963812866 0.6554117419 0.4207600038 0.7954575614 0.1470648477 -0.1021192476 -0.3517056058 0.6880671710 0.8103637006 0.7988163987
0.9576356605 0.6935954396 0.6261032614 0.7943458677 0.9953028219 0.6576440644 0.4255348559 0.7944979401 0.1529021907 -0.0922364546 -0.3565931169 0.6899560792 0.8091540633 0.7976473810
0.9557542106 0.6953005295 0.6281496592 0.7934311727 0.9940831558 0.6599077774 0.4303655968 0.7935841287 0.1583804224 -0.0822335119 -0.3615547490 0.6918727880 0.8079902146 0.7965268230
0.9538571102 0.6970377122 0.6302424093 0.7925648285 0.9927220132 0.6622044751 0.4352535740 0.7927186066 0.1634921394 -0.0721093757 -0.3665920569 0.6938189211 0.8068746885 0.7954572837
0.9519461371 0.6988086915 0.6323833239 0.7917493155 0.9912191191 0.6645357512 0.4402001349 0.7919038532 0.1682299380 -0.0618630021 -0.3717065958 0.6957961022 0.8058100191 0.7944413224
0.9500230689 0.7006151710 0.6345742152 0.7909871139 0.9895741984 0.6669031997 0.4452066266 0.7911423478 0.1725864147 -0.0514933474 -0.3768999206 0.6978059547 0.8047987405 0.7934814982
0.9480896835 0.7024588545 0.6368168954 0.7902807043 0.9877869761 0.6693084144 0.4502743967 0.7904365699 0.1765541660 -0.0409993676 -0.3821735863 0.6998501024 0.8038433866 0.7925803702
0.9461477587 0.7043414456 0.6391131767 0.7896325668 0.9858571773 0.6717529892 0.4554047925 0.7897889986 0.1801257882 -0.0303800191 -0.3875291481 0.7019301688 0.8029464915 0.7917404977
0.9441990721 0.7062646481 0.6414648713 0.7890451819 0.9837845268 0.6742385182 0.4605991613 0.7892021135 0.1832938780 -0.0196342578 -0.3929681609 0.7040477776 0.8021105893 0.7909644399
0.9422454017 0.7082301657 0.6438737914 0.7885210299 0.9815687497 0.6767665950 0.4658588504 0.7886783938 0.1860510316 -0.0087610401 -0.3984921798 0.7062045524 0.8013382140 0.7902547558
0.9402885250 0.7102397021 0.6463417491 0.7880625911 0.9792095709 0.6793388138 0.4711852073 0.7882203190 0.1883898456 0.0022406780 -0.4041027597 0.7084021168 0.8006318996 0.7896140047
