0.9446718197 0.9488665470 0.9433280041 0.9378918984 0.9767384317 0.9487951116 0.9594345731 0.9378617658 0.6571791532 0.9972208192 -0.9706071299 0.9474673418 0.9370880307 0.9371051779
0.8902900585 0.8985373835 0.8876411858 0.8769702534 0.9535379359 0.8984007313 0.9193451031 0.8769111712 0.6815322322 0.9939609389 -0.9414756736 0.8957842950 0.8753931458 0.8754266709
0.8368478774 0.8490072389 0.8329324948 0.8172256760 0.9303999932 0.8488114315 0.8797297829 0.8171388124 0.7048956831 0.9902272362 -0.9126047043 0.8449451238 0.8149056032 0.8149547490
0.7843384373 0.8002708430 0.7791948807 0.7586487776 0.9073260844 0.8000217845 0.8405868056 0.7585352859 0.7272800069 0.9860265882 -0.8839932952 0.7949440921 0.7556156607 0.7556796825
0.7327548992 0.7523229252 0.7264212928 0.7012301693 0.8843176901 0.7520263625 0.8019143643 0.7010911880 0.7486957046 0.9813658721 -0.8556405197 0.7457754640 0.6975135762 0.6975917416
0.6820904241 0.7051582151 0.6746046810 0.6449604624 0.8613762910 0.7048197380 0.7637106520 0.6447971148 0.7691532771 0.9762519650 -0.8275454511 0.6974335037 0.6405896074 0.6406811966
0.6323381730 0.6587714424 0.6237379945 0.5898302679 0.8385033678 0.6583964831 0.7259738619 0.5896436628 0.7886632255 0.9706917439 -0.7997071626 0.6499124751 0.5848340123 0.5849383176
0.5834913068 0.6131573366 0.5738141831 0.5358301972 0.8157004012 0.6127511703 0.6887021869 0.5356214282 0.8072360506 0.9646920861 -0.7721247276 0.6032066424 0.5302370485 0.5303533749
0.5355429865 0.5683106273 0.5248261963 0.4829508615 0.7929688718 0.5678783718 0.6518938201 0.4827210073 0.8248822534 0.9582598687 -0.7447972192 0.5573102695 0.4767889740 0.4769166386
0.4884863731 0.5242260440 0.4767669836 0.4311828718 0.7703102604 0.5237726599 0.6155469547 0.4309329965 0.8416123350 0.9514019688 -0.7177237109 0.5122176206 0.4244800465 0.4246183791
0.4423146275 0.4808983165 0.4296294946 0.3805168395 0.7477260476 0.4804286069 0.5796597835 0.3802479920 0.8574367963 0.9441252635 -0.6909032758 0.4679229597 0.3733005240 0.3734488664
0.3970209108 0.4383221742 0.3834066788 0.3309433757 0.7252177142 0.4378407852 0.5442304998 0.3306565901 0.8723661383 0.9364366300 -0.6643349873 0.4244205509 0.3232406642 0.3233983709
0.3525983839 0.3964923468 0.3380914859 0.2824530916 0.7027867407 0.3960037670 0.5092572966 0.2821493872 0.8864108619 0.9283429454 -0.6380179186 0.3817046582 0.2742907249 0.2744571627
0.3090402077 0.3554035638 0.2936768652 0.2350365985 0.6804346079 0.3549121247 0.4747383668 0.2347169795 0.8995814682 0.9198510868 -0.6119511431 0.3397695458 0.2264409640 0.2266155120
0.2663395433 0.3150505548 0.2501557665 0.1886845075 0.6581627965 0.3145604305 0.4406719037 0.1883499634 0.9118884580 0.9109679313 -0.5861337340 0.2986094776 0.1796816393 0.1798636892
