-0.9547271552 -0.4823837614 -0.5110070076 -0.9759735317 -0.7409384844 -0.4352278816 -0.3068457715 -0.9741029962 -0.5466816039 -0.1314691610 0.2134512741 -0.4615225379 -0.9977301579 -0.9979939920
-0.9505767634 -0.4674584715 -0.4957329038 -0.9724524045 -0.7355888591 -0.4198677464 -0.2917826414 -0.9704383142 -0.5409179507 -0.1173880673 0.1986673914 -0.4461287184 -0.9966279262 -0.9969484983
-0.9462345174 -0.4522938170 -0.4801899853 -0.9686804714 -0.7301892353 -0.4042735470 -0.2765357018 -0.9665204909 -0.5351397050 -0.1031776767 0.1837332921 -0.4304894963 -0.9953054989 -0.9956818523
-0.9416992148 -0.4368886989 -0.4643767797 -0.9646558300 -0.7247397568 -0.3884442181 -0.2611042826 -0.9623476088 -0.5293473252 -0.0888376205 0.1686486378 -0.4146037334 -0.9937611154 -0.9941922762
-0.9369696531 -0.4212420177 -0.4482918147 -0.9603765779 -0.7192405676 -0.3723786946 -0.2454877136 -0.9579177508 -0.5235412697 -0.0743675302 0.1534130904 -0.3984702913 -0.9919930153 -0.9924779921
-0.9320446300 -0.4053526743 -0.4319336179 -0.9558408129 -0.7136918116 -0.3560759114 -0.2296853245 -0.9532289996 -0.5177219968 -0.0597670371 0.1380263117 -0.3820880318 -0.9899994380 -0.9905372223
-0.9269229429 -0.3892195696 -0.4153007170 -0.9510466325 -0.7080936326 -0.3395348033 -0.2136964450 -0.9482794380 -0.5118899649 -0.0450357727 0.1224879635 -0.3654558166 -0.9877786231 -0.9883681890
-0.9216033896 -0.3728416041 -0.3983916397 -0.9459921345 -0.7024461746 -0.3227543052 -0.1975204050 -0.9430671485 -0.5060456325 -0.0301733682 0.1067977076 -0.3485725075 -0.9853288100 -0.9859691143
-0.9160847674 -0.3562176788 -0.3812049136 -0.9406754164 -0.6967495814 -0.3057333519 -0.1811565343 -0.9375902141 -0.5001894579 -0.0151794552 0.0909552058 -0.3314369662 -0.9826482382 -0.9833382205
-0.9103658740 -0.3393466944 -0.3637390664 -0.9350945761 -0.6910039970 -0.2884708783 -0.1646041625 -0.9318467173 -0.4943218994 -0.0000536650 0.0749601199 -0.3140480544 -0.9797351472 -0.9804737296
-0.9044455070 -0.3222275517 -0.3459926257 -0.9292477110 -0.6852095652 -0.2709658192 -0.1478626195 -0.9258347411 -0.4884434155 0.0152043711 0.0588121116 -0.2964046338 -0.9765877766 -0.9773738640
-0.8983224640 -0.3048591514 -0.3279641192 -0.9231329189 -0.6793664300 -0.2532171095 -0.1309312349 -0.9195523679 -0.4825544646 0.0305950215 0.0425108429 -0.2785055662 -0.9732043657 -0.9740368458
-0.8919955424 -0.2872403944 -0.3096520746 -0.9167482974 -0.6734747352 -0.2352236840 -0.1138093387 -0.9129976807 -0.4766555050 0.0461186551 0.0260559754 -0.2603497133 -0.9695831541 -0.9704608971
-0.8854635400 -0.2693701813 -0.2910550195 -0.9100919441 -0.6675346248 -0.2169844776 -0.0964962606 -0.9061687621 -0.4707469951 0.0617756402 0.0094471710 -0.2419359368 -0.9657223813 -0.9666442402
-0.8787252541 -0.2512474130 -0.2721714816 -0.9031619568 -0.6615462425 -0.1984984250 -0.0789913303 -0.8990636949 -0.4648293933 0.0775663456 -0.0073159085 -0.2232630985 -0.9616202868 -0.9625850973
