-0.5367727421 -0.7697039162 -0.7829476196 -0.3641485776 -0.9892001270 -0.7929393968 -0.9667884527 -0.3634096266 -0.6444015601 -0.8218446692 0.9955851132 -0.7876990459 -0.3508875400 -0.3526876862
-0.5619275589 -0.7848263589 -0.7961224019 -0.3939665072 -0.9921776112 -0.8068727361 -0.9712180296 -0.3932245953 -0.6311711942 -0.8162974280 0.9933885199 -0.8019754144 -0.3806069502 -0.3824182834
-0.5862985444 -0.7993891687 -0.8088482218 -0.4229730951 -0.9946675395 -0.8202789359 -0.9753187814 -0.4222293303 -0.6178564612 -0.8107587214 0.9907660459 -0.8157116269 -0.4095340557 -0.4113539751
-0.6098925929 -0.8133971753 -0.8211285849 -0.4511751902 -0.9966755163 -0.8331625006 -0.9790935533 -0.4504306624 -0.6044596885 -0.8052281905 0.9877233252 -0.8289123343 -0.4376755651 -0.4395015000
-0.6327165991 -0.8268552085 -0.8329669970 -0.4785796411 -0.9982071463 -0.8455279345 -0.9825451904 -0.4778354227 -0.5909832031 -0.7997054766 0.9842659918 -0.8415821877 -0.4650381872 -0.4668675966
-0.6547774572 -0.8397680981 -0.8443669635 -0.5051932968 -0.9992680338 -0.8573797419 -0.9856765377 -0.5044504420 -0.5774293321 -0.7941902209 0.9803996797 -0.8537258379 -0.4916286307 -0.4934590036
-0.6760820618 -0.8521406740 -0.8553319902 -0.5310230062 -0.9998637836 -0.8687224272 -0.9884904405 -0.5302825513 -0.5638004028 -0.7886820644 0.9761300229 -0.8653479359 -0.5174536043 -0.5192824597
-0.6966373074 -0.8639777660 -0.8658655826 -0.5560756180 -1.0000000000 -0.8795604946 -0.9909897437 -0.5553385816 -0.5500987422 -0.7831806484 0.9714626553 -0.8764531327 -0.5425198166 -0.5443447035
-0.7164500883 -0.8752842038 -0.8759712465 -0.5803579811 -0.9996822877 -0.8898984484 -0.9931772925 -0.5796253638 -0.5363266775 -0.7776856141 0.9664032110 -0.8870460793 -0.5668339765 -0.5686524736
-0.7355272991 -0.8860648174 -0.8856524873 -0.6038769443 -0.9989162511 -0.8997407931 -0.9950559320 -0.6031497289 -0.5224865359 -0.7721966027 0.9609573240 -0.8971314266 -0.5904027925 -0.5922125087
-0.7538758341 -0.8963244365 -0.8949128108 -0.6266393565 -0.9977074948 -0.9090920329 -0.9966285074 -0.6259185077 -0.5085806444 -0.7667132553 0.9551306281 -0.9067138256 -0.6132329733 -0.6150315475
-0.7715025880 -0.9060678909 -0.9037557225 -0.6486520665 -0.9960616234 -0.9179566722 -0.9978978636 -0.6479385313 -0.4946113303 -0.7612352132 0.9489287575 -0.9157979272 -0.6353312278 -0.6371163285
-0.7884144550 -0.9153000105 -0.9121847282 -0.6699219231 -0.9939842413 -0.9263392152 -0.9988668459 -0.6692166306 -0.4805809206 -0.7557621174 0.9423573461 -0.9243883824 -0.6567042645 -0.6584735905
-0.8046183297 -0.9240256251 -0.9202033334 -0.6904557752 -0.9914809531 -0.9342441663 -0.9995382993 -0.6897596365 -0.4664917426 -0.7502936093 0.9354220279 -0.9324898422 -0.6773587923 -0.6791100720
-0.8201211065 -0.9322495644 -0.9278150437 -0.7102604716 -0.9885573634 -0.9416760299 -0.9999150690 -0.7095743800 -0.4523461234 -0.7448293299 0.9281284369 -0.9401069576 -0.6973015197 -0.6990325118
