0.8341769135 -0.3874184421 -0.3756148111 0.8822384193 -0.9200895792 -0.6869230590 -0.9149521158 0.8829427407 -0.8414562903 -0.8850365353 0.8484736061 -0.3809999175 0.8814641099 0.8868463502
0.8175467461 -0.4020744689 -0.3842320815 0.8703503449 -0.9106243633 -0.6999389267 -0.9052159288 0.8711293954 -0.8242655392 -0.8728250972 0.8321013531 -0.3905933157 0.8694380060 0.8753841832
0.8012648253 -0.4162190664 -0.3924436805 0.8586940714 -0.9010480025 -0.7124383710 -0.8954256645 0.8595471514 -0.8071596156 -0.8607234026 0.8158210365 -0.3997634127 0.8576337271 0.8641371252
0.7853282391 -0.4298566964 -0.4002534041 0.8472675512 -0.8913621634 -0.7244259502 -0.8855821976 0.8481939628 -0.7901384609 -0.8487307117 0.7996324202 -0.4085141170 0.8460493408 0.8531032716
0.7697340753 -0.4429918207 -0.4076650484 0.8360687366 -0.8815685127 -0.7359062226 -0.8756864028 0.8370677836 -0.7732020161 -0.8368462847 0.7835352681 -0.4168493369 0.8346829149 0.8422807180
0.7544794220 -0.4556289009 -0.4146824095 0.8250955799 -0.8716687171 -0.7468837464 -0.8657391547 0.8261665677 -0.7563502224 -0.8250693819 0.7675293438 -0.4247729809 0.8235325170 0.8316675598
0.7395613671 -0.4677723988 -0.4213092833 0.8143460334 -0.8616644432 -0.7573630798 -0.8557413279 0.8154882691 -0.7395830210 -0.8133992634 0.7516144112 -0.4322889573 0.8125962148 0.8212618924
0.7249769986 -0.4794267762 -0.4275494659 0.8038180495 -0.8515573577 -0.7673487810 -0.8456937973 0.8050308419 -0.7229003530 -0.8018351896 0.7357902340 -0.4394011745 0.8018720760 0.8110618115
0.7107234045 -0.4905964949 -0.4334067535 0.7935095804 -0.8413491272 -0.7768454083 -0.8355974374 0.7947922401 -0.7063021596 -0.7903764205 0.7200565762 -0.4461135408 0.7913581682 0.8010654124
0.6967976727 -0.5012860164 -0.4388849419 0.7834185785 -0.8310414185 -0.7858575198 -0.8254531230 0.7847704176 -0.6897883820 -0.7790222164 0.7044132014 -0.4524299648 0.7810525593 0.7912707908
0.6831968912 -0.5114998027 -0.4439878273 0.7735429961 -0.8206358981 -0.7943896739 -0.8152617286 0.7749633285 -0.6733589614 -0.7677718376 0.6888598734 -0.4583543547 0.7709533167 0.7816760419
0.6699181480 -0.5212423154 -0.4487192058 0.7638807854 -0.8101342329 -0.8024464287 -0.8050241290 0.7653689267 -0.6570138389 -0.7566245443 0.6733963561 -0.4638906189 0.7610585084 0.7722792614
0.6569585310 -0.5305180163 -0.4530828733 0.7544298989 -0.7995380893 -0.8100323425 -0.7947411989 0.7559851663 -0.6407529557 -0.7455795966 0.6580224133 -0.4690426660 0.7513662018 0.7630785448
0.6443151282 -0.5393313671 -0.4570826259 0.7451882889 -0.7888491342 -0.8171519735 -0.7844138129 0.7468100012 -0.6245762529 -0.7346362547 0.6427378087 -0.4738144041 0.7418744647 0.7540719875
0.6319850276 -0.5476868296 -0.4607222596 0.7361539075 -0.7780690341 -0.8238098800 -0.7740428457 0.7378413854 -0.6084836717 -0.7237937790 0.6275423062 -0.4782097418 0.7325813649 0.7452576849
