-0.2996285598 -0.0455531099 0.1368950788 -0.1385386633 -0.4090685910 -0.0116211582 0.1442280527 -0.1368108741 -0.1050691902 0.8631838829 -0.1644094556 -0.0517927389 -0.1646160727 -0.1592765883
-0.2944346759 -0.0392971418 0.1433205769 -0.1331173895 -0.4106151927 -0.0053166929 0.1498208459 -0.1313757288 -0.1111529945 0.8720790178 -0.1665108085 -0.0457182318 -0.1590762627 -0.1538014707
-0.2893560074 -0.0331887938 0.1495636731 -0.1278430921 -0.4123810483 0.0008339179 0.1552105607 -0.1260876132 -0.1174800461 0.8807137340 -0.1683258971 -0.0397942879 -0.1536747128 -0.1484673771
-0.2843951268 -0.0272310442 0.1556210160 -0.1227186947 -0.4143693737 0.0068276278 0.1603936773 -0.1209494522 -0.1240532483 0.8890838136 -0.1698505344 -0.0340239061 -0.1484142613 -0.1432771713
-0.2795546066 -0.0214268712 0.1614892542 -0.1177471205 -0.4165833852 0.0126613903 0.1653666757 -0.1159641704 -0.1308755046 0.8971850383 -0.1710805338 -0.0284100850 -0.1432977462 -0.1382337170
-0.2748370193 -0.0157792529 0.1671650361 -0.1129312932 -0.4190262988 0.0183321588 0.1701260361 -0.1111346929 -0.1379497184 0.9050131901 -0.1720117083 -0.0229558236 -0.1383280057 -0.1333398778
-0.2702449373 -0.0102911676 0.1726450103 -0.1082741362 -0.4217013308 0.0238368871 0.1746682385 -0.1064639444 -0.1452787931 0.9125640511 -0.1726398711 -0.0176641205 -0.1335078780 -0.1285985173
-0.2657809332 -0.0049655934 0.1779258253 -0.1037785729 -0.4246116971 0.0291725285 0.1789897630 -0.1019548497 -0.1528656322 0.9198334030 -0.1729608355 -0.0125379745 -0.1288402013 -0.1240124993
-0.2614475795 0.0001944914 0.1830041296 -0.0994475268 -0.4277606141 0.0343360365 0.1830870897 -0.0976103337 -0.1607131390 0.9268170279 -0.1729704145 -0.0075803845 -0.1243278137 -0.1195846873
-0.2572474487 0.0051861085 0.1878765717 -0.0952839215 -0.4311512977 0.0393243648 0.1869566987 -0.0934333212 -0.1688242169 0.9335107076 -0.1726644213 -0.0027943492 -0.1199735534 -0.1153179451
-0.2531831133 0.0100062799 0.1925398002 -0.0912906802 -0.4347869642 0.0441344669 0.1905950701 -0.0894267370 -0.1772017695 0.9399102242 -0.1720386692 0.0018171326 -0.1157802586 -0.1112151363
-0.2492571458 0.0146520273 0.1969904636 -0.0874707266 -0.4386708297 0.0487632962 0.1939986839 -0.0855935060 -0.1858487000 0.9460113595 -0.1710889712 0.0062510621 -0.1117507674 -0.1072791245
-0.2454721187 0.0191203725 0.2012252105 -0.0838269841 -0.4428061103 0.0532078063 0.1971640202 -0.0819365530 -0.1947679120 0.9518098954 -0.1698111406 0.0105044405 -0.1078879179 -0.1035127735
-0.2418306044 0.0234083372 0.2052406892 -0.0803623761 -0.4471960221 0.0574649507 0.2000875592 -0.0784588028 -0.2039623088 0.9573016140 -0.1682009906 0.0145742691 -0.1041945484 -0.0999189469
-0.2383351756 0.0275129434 0.2090335485 -0.0770798262 -0.4518437814 0.0615316830 0.2027657809 -0.0751631802 -0.2134347939 0.9624822970 -0.1662543343 0.0184575491 -0.1006734971 -0.0965005082
