-0.4250707803 -0.3104094308 0.0514599589 0.6058515338 0.1164900570 -0.4384174580 -0.4158226910 0.6162355811 0.1802311647 -0.7597994165 -0.3948306350 -0.4296860981 0.5476908461 0.5651138616
-0.4423909709 -0.3300074735 0.0266534321 0.5828505563 0.1106344567 -0.4587750108 -0.4340920297 0.5933158817 0.1762038508 -0.7692613988 -0.3858878317 -0.4487061151 0.5244398670 0.5418899039
-0.4593969391 -0.3493732112 0.0018329556 0.5594203696 0.1050377191 -0.4788601541 -0.4520591924 0.5699533848 0.1724393088 -0.7786428445 -0.3769957805 -0.4674177627 0.5008316984 0.5182873121
-0.4760908748 -0.3685043297 -0.0229879075 0.5355804008 0.0996921167 -0.4986666141 -0.4697247556 0.5461678335 0.1689287606 -0.7879360893 -0.3681522487 -0.4858202920 0.4768839447 0.4943242819
-0.4924749677 -0.3873985147 -0.0477955946 0.5113500769 0.0945899222 -0.5181881175 -0.4870892964 0.5219789709 0.1656634281 -0.7971334692 -0.3593550036 -0.5039129539 0.4526142105 0.4700190090
-0.5085514077 -0.4060534518 -0.0725765426 0.4867488250 0.0897234080 -0.5374183905 -0.5041533916 0.4974065399 0.1626345332 -0.8062273198 -0.3506018124 -0.5216949993 0.4280401002 0.4453896890
-0.5243223844 -0.4244668269 -0.0973171888 0.4617960721 0.0850848467 -0.5563511598 -0.5209176180 0.4724702838 0.1598332977 -0.8152099769 -0.3418904426 -0.5391656792 0.4031792185 0.4204545177
-0.5397900877 -0.4426363256 -0.1220039703 0.4365112454 0.0806665106 -0.5749801517 -0.5373825524 0.4471899456 0.1572509434 -0.8240737763 -0.3332186614 -0.5563242446 0.3780491699 0.3952316907
-0.5549567073 -0.4605596336 -0.1466233242 0.4109137719 0.0764606725 -0.5932990927 -0.5535487717 0.4215852684 0.1548786923 -0.8328110538 -0.3245842361 -0.5731699464 0.3526675588 0.3697394037
-0.5698244329 -0.4782344367 -0.1711616876 0.3850230786 0.0724596047 -0.6113017092 -0.5694168528 0.3956759953 0.1527077661 -0.8414141451 -0.3159849340 -0.5897020356 0.3270519899 0.3439958524
-0.5843954544 -0.4956584206 -0.1956054978 0.3588585926 0.0686555799 -0.6289817277 -0.5849873725 0.3694818694 0.1507293868 -0.8498753859 -0.3074185225 -0.6059197631 0.3012200676 0.3180192325
-0.5986719616 -0.5128292710 -0.2199411918 0.3324397411 0.0650408704 -0.6463328747 -0.6002609077 0.3430226337 0.1489347762 -0.8581871121 -0.2988827689 -0.6218223798 0.2751893965 0.2918277397
-0.6126561441 -0.5297446735 -0.2441552067 0.3057859510 0.0616077489 -0.6633488766 -0.6152380352 0.3163180313 0.1473151562 -0.8663416594 -0.2903754404 -0.6374091368 0.2489775811 0.2654395696
-0.6263501918 -0.5464023140 -0.2682339798 0.2789166494 0.0583484879 -0.6800234599 -0.6299193318 0.2893878054 0.1458617486 -0.8743313637 -0.2818943044 -0.6526792849 0.2226022260 0.2388729179
-0.6397562944 -0.5627998782 -0.2921639482 0.2518512634 0.0552553598 -0.6963503509 -0.6443053744 0.2622516991 0.1445657752 -0.8821485606 -0.2734371282 -0.6676320752 0.1960809355 0.2121459804
