-0.5805256772 -0.4256161796 -0.0977799657 -0.1810468389 -0.9299840478 -0.6338312332 -0.4436302101 -0.1828366820 -0.5863753411 -0.9937136273 0.8559821519 -0.4366099926 -0.2049911294 -0.1857263868
-0.5553654170 -0.3952505878 -0.0619737725 -0.1443441840 -0.9354141116 -0.6113798223 -0.4149774116 -0.1461787044 -0.6023768950 -0.9923489380 0.8628170054 -0.4066050552 -0.1689597016 -0.1490538529
-0.5293811889 -0.3639957627 -0.0253512246 -0.1067150480 -0.9406430531 -0.5881809421 -0.3855077986 -0.1085945603 -0.6184832208 -0.9908474212 0.8695847750 -0.3757156416 -0.1320096987 -0.1114512976
-0.5025655882 -0.3318440044 0.0120941592 -0.0681519660 -0.9456685029 -0.5642279936 -0.3552145351 -0.0700767838 -0.6346946496 -0.9892083269 0.8762847180 -0.3439340767 -0.0941336910 -0.0729112010
-0.4749112100 -0.2987876129 0.0503688596 -0.0286474726 -0.9504880915 -0.5395143777 -0.3240907850 -0.0306179091 -0.6510115126 -0.9874309051 0.8829160914 -0.3112526850 -0.0553242488 -0.0334260438
-0.4464106493 -0.2648188885 0.0894793576 0.0118058973 -0.9550994493 -0.5140334952 -0.2921297124 0.0097895297 -0.6674341410 -0.9855144059 0.8894781524 -0.2776637912 -0.0155739425 0.0070116938
-0.4170565013 -0.2299301311 0.1294321342 0.0532156088 -0.9595002069 -0.4877787471 -0.2593244813 0.0511529984 -0.6839628660 -0.9834580793 0.8959701583 -0.2431597200 0.0251246576 0.0484095312
-0.3868413612 -0.1941136409 0.1702336702 0.0955891272 -0.9636879949 -0.4607435342 -0.2256682558 0.0934799629 -0.7005980188 -0.9812611753 0.9023913661 -0.2077327960 0.0667789813 0.0907749883
-0.3557578240 -0.1573617180 0.2118904466 0.1389339176 -0.9676604437 -0.4329212575 -0.1911541998 0.1367778890 -0.7173399307 -0.9789229440 0.9087410331 -0.1713753438 0.1093964582 0.1341155845
-0.3237984849 -0.1196666625 0.2544089443 0.1832574452 -0.9714151838 -0.4043053178 -0.1557754773 0.1810542427 -0.7341889327 -0.9764426353 0.9150184164 -0.1340796881 0.1529845181 0.1784388394
-0.2909559390 -0.0810207745 0.2977956443 0.2285671751 -0.9749498459 -0.3748891161 -0.1195252524 0.2263164897 -0.7511453561 -0.9738194994 0.9212227732 -0.0958381536 0.1975505906 0.2237522727
-0.2572227815 -0.0414163540 0.3420570275 0.2748705726 -0.9782620603 -0.3446660532 -0.0823966891 0.2725720959 -0.7682095321 -0.9710527862 0.9273533606 -0.0566430649 0.2431021053 0.2700634039
-0.2225916074 -0.0008457013 0.3871995748 0.3221751028 -0.9813494576 -0.3136295301 -0.0443829514 0.3198285271 -0.7853817919 -0.9681417458 0.9334094359 -0.0164867467 0.2896464921 0.3173797528
-0.1870550119 0.0406988837 0.4332297671 0.3704882309 -0.9842096683 -0.2817729476 -0.0054772033 0.3680932492 -0.8026624667 -0.9650856282 0.9393902562 0.0246384764 0.3371911806 0.3657088388
-0.1506055901 0.0832251007 0.4801540853 0.4198174220 -0.9868403230 -0.2490897067 0.0343273911 0.4173737282 -0.8200518876 -0.9618836834 0.9452950786 0.0667402797 0.3857436005 0.4150581815
