-0.1349460837 0.4318297261 0.4083602324 0.9283944660 -0.5603871471 0.3653139715 0.3264720757 0.9335380573 -0.6180354815 0.3382253904 -0.4173303545 0.3881161838 0.5452410445 0.5536923927
-0.1392270184 0.4431532178 0.4198840078 0.9283167658 -0.5679848065 0.3779973333 0.3405822628 0.9330860574 -0.6236599125 0.3521278443 -0.4301775363 0.4003277094 0.5372033342 0.5465611016
-0.1433885942 0.4545768881 0.4315236560 0.9282780170 -0.5757083088 0.3907917103 0.3547832307 0.9326613594 -0.6294345397 0.3661177385 -0.4430759935 0.4126467756 0.5291032564 0.5393875492
-0.1474292117 0.4661012883 0.4432798630 0.9282789934 -0.5835587133 0.4036976601 0.3690752179 0.9322646490 -0.6353607934 0.3801952980 -0.4560256337 0.4250739407 0.5209410251 0.5321720893
-0.1513472720 0.4777269698 0.4551533147 0.9283204691 -0.5915370792 0.4167157403 0.3834584628 0.9318966120 -0.6414401037 0.3943607483 -0.4690263647 0.4376097627 0.5127168547 0.5249150754
-0.1551411757 0.4894544839 0.4671446971 0.9284032180 -0.5996444657 0.4298465083 0.3979332039 0.9315579341 -0.6476739011 0.4086143143 -0.4820780939 0.4502547997 0.5044309591 0.5176168614
-0.1588093237 0.5012843821 0.4792546961 0.9285280142 -0.6078819323 0.4430905219 0.4124996798 0.9312493010 -0.6540636158 0.4229562214 -0.4951807292 0.4630096099 0.4960835526 0.5102778007
-0.1623501170 0.5132172158 0.4914839977 0.9286956316 -0.6162505381 0.4564483384 0.4271581288 0.9309713986 -0.6606106781 0.4373866949 -0.5083341781 0.4758747513 0.4876748493 0.5028982472
-0.1657619563 0.5252535363 0.5038332878 0.9289068442 -0.6247513424 0.4699205155 0.4419087896 0.9307249125 -0.6673165181 0.4519059598 -0.5215383483 0.4888507822 0.4792050633 0.4954785544
-0.1690432424 0.5373938950 0.5163032524 0.9291624261 -0.6333854045 0.4835076108 0.4567519005 0.9305105285 -0.6741825662 0.4665142415 -0.5347931475 0.5019382606 0.4706744088 0.4880190761
-0.1721923763 0.5496388433 0.5288945774 0.9294631511 -0.6421537837 0.4972101817 0.4716877001 0.9303289323 -0.6812102527 0.4812117651 -0.5480984833 0.5151377446 0.4620831001 0.4805201659
-0.1752077588 0.5619889326 0.5416079487 0.9298097933 -0.6510575392 0.5110287858 0.4867164268 0.9301808096 -0.6884010078 0.4959987560 -0.5614542635 0.5284497924 0.4534313511 0.4729821775
-0.1780877907 0.5744447143 0.5544440525 0.9302031266 -0.6600977303 0.5249639807 0.5018383192 0.9300668463 -0.6957562618 0.5108754392 -0.5748603955 0.5418749621 0.4447193761 0.4654054646
-0.1808308728 0.5870067398 0.5674035744 0.9306439251 -0.6692754163 0.5390163239 0.5170536157 0.9299877280 -0.7032774449 0.5258420400 -0.5883167872 0.5554138117 0.4359473892 0.4577903808
-0.1834354060 0.5996755604 0.5804872006 0.9311329628 -0.6785916564 0.5531863730 0.5323625548 0.9299441405 -0.7109659875 0.5408987837 -0.6018233462 0.5690668995 0.4271156046 0.4501372798
