-0.2105895669 -0.3846620836 -0.4837649324 -0.4237837813 -0.1428902725 -0.2047764706 -0.4082662884 -0.4147780767 -0.1026270387 -0.0691390127 0.0143668184 -0.3974836006 -0.4103591934 -0.4074297725
-0.2431386323 -0.4059983502 -0.5019477764 -0.4553063285 -0.1622253980 -0.2309962485 -0.4249892239 -0.4465613084 -0.1165797692 -0.0859710222 0.0324197300 -0.4189765060 -0.4449889614 -0.4412851237
-0.2749182363 -0.4269469524 -0.5198034641 -0.4858319826 -0.1814246211 -0.2567546803 -0.4415123199 -0.4773463421 -0.1306165143 -0.1028002104 0.0504533113 -0.4400629400 -0.4784396683 -0.4740196854
-0.3059336803 -0.4475084945 -0.5373320610 -0.5153701027 -0.2004847408 -0.2820528765 -0.4578337542 -0.5071425158 -0.1447313154 -0.1196216078 0.0684626974 -0.4607437963 -0.5107233277 -0.5056445730
-0.3361902660 -0.4676835806 -0.5545336327 -0.5439300483 -0.2194025559 -0.3068919478 -0.4739517047 -0.5359591675 -0.1589182137 -0.1364302450 0.0864430237 -0.4810199687 -0.5418519534 -0.5361709021
-0.3656932950 -0.4874728150 -0.5714082447 -0.5715211786 -0.2381748652 -0.3312730048 -0.4898643492 -0.5638056355 -0.1731712506 -0.1532211526 0.1043894255 -0.5008923507 -0.5718375589 -0.5656097885
-0.3944480688 -0.5068768020 -0.5879559625 -0.5981528530 -0.2567984677 -0.3551971580 -0.5055698657 -0.5906912577 -0.1874844673 -0.1699893612 0.1222970378 -0.5203618361 -0.6006921581 -0.5939723475
-0.4224598890 -0.5258961456 -0.6041768516 -0.6238344307 -0.2752701624 -0.3786655181 -0.5210664320 -0.6166253722 -0.2018519051 -0.1867299014 0.1401609962 -0.5394293186 -0.6284277645 -0.6212696949
-0.4497340572 -0.5445314502 -0.6200709777 -0.6485752711 -0.2935867479 -0.4016791957 -0.5363522259 -0.6416173170 -0.2162676053 -0.2034378037 0.1579764357 -0.5580956918 -0.6550563918 -0.6475129462
-0.4762758750 -0.5627833199 -0.6356384061 -0.6723847335 -0.3117450233 -0.4242393013 -0.5514254253 -0.6656764303 -0.2307256093 -0.2201080988 0.1757384916 -0.5763618494 -0.6805900538 -0.6727132170
-0.5020906439 -0.5806523590 -0.6508792025 -0.6952721771 -0.3297417875 -0.4463469455 -0.5662842081 -0.6888120502 -0.2452199582 -0.2367358172 0.1934422993 -0.5942286851 -0.7050407640 -0.6968816228
-0.5271836656 -0.5981391717 -0.6657934323 -0.7172469614 -0.3475738393 -0.4680032390 -0.5809267522 -0.7110335146 -0.2597446934 -0.2533159895 0.2110829939 -0.6116970926 -0.7284205363 -0.7200292794
-0.5515602416 -0.6152443622 -0.6803811612 -0.7383184455 -0.3652379776 -0.4892092924 -0.5953512354 -0.7323501617 -0.2742938562 -0.2698436464 0.2286557107 -0.6287679655 -0.7507413842 -0.7421673022
-0.5752256735 -0.6319685346 -0.6946424546 -0.7584959889 -0.3827310013 -0.5099662162 -0.6095558355 -0.7527713296 -0.2888614879 -0.2863138183 0.2461555851 -0.6454421976 -0.7720153214 -0.7633068068
-0.5981852629 -0.6483122933 -0.7085773781 -0.7777889508 -0.4000497093 -0.5302751210 -0.6235387305 -0.7723063563 -0.3034416298 -0.3027215359 0.2635777521 -0.6617206824 -0.7922543617 -0.7834589089
